# # Wavelength(Angstrom)  Transmission
1.340000e+03 0.000000e+00
1.341000e+03 1.154000e+00
1.342000e+03 2.308000e+00
1.343000e+03 3.462000e+00
1.344000e+03 4.616000e+00
1.345000e+03 5.770000e+00
1.346000e+03 6.924000e+00
1.347000e+03 8.078000e+00
1.348000e+03 9.232000e+00
1.349000e+03 1.038600e+01
1.350000e+03 1.154000e+01
1.351000e+03 1.184560e+01
1.352000e+03 1.215120e+01
1.353000e+03 1.245680e+01
1.354000e+03 1.276240e+01
1.355000e+03 1.306800e+01
1.356000e+03 1.337360e+01
1.357000e+03 1.367920e+01
1.358000e+03 1.398480e+01
1.359000e+03 1.429040e+01
1.360000e+03 1.459600e+01
1.361000e+03 1.490160e+01
1.362000e+03 1.520720e+01
1.363000e+03 1.551280e+01
1.364000e+03 1.581840e+01
1.365000e+03 1.612400e+01
1.366000e+03 1.642960e+01
1.367000e+03 1.673520e+01
1.368000e+03 1.704080e+01
1.369000e+03 1.734640e+01
1.370000e+03 1.765200e+01
1.371000e+03 1.766420e+01
1.372000e+03 1.767640e+01
1.373000e+03 1.768860e+01
1.374000e+03 1.770080e+01
1.375000e+03 1.771300e+01
1.376000e+03 1.772520e+01
1.377000e+03 1.773740e+01
1.378000e+03 1.774960e+01
1.379000e+03 1.776180e+01
1.380000e+03 1.777400e+01
1.381000e+03 1.749280e+01
1.382000e+03 1.721160e+01
1.383000e+03 1.693040e+01
1.384000e+03 1.664920e+01
1.385000e+03 1.636800e+01
1.386000e+03 1.608680e+01
1.387000e+03 1.580560e+01
1.388000e+03 1.552440e+01
1.389000e+03 1.524320e+01
1.390000e+03 1.496200e+01
1.391000e+03 1.468080e+01
1.392000e+03 1.439960e+01
1.393000e+03 1.411840e+01
1.394000e+03 1.383720e+01
1.395000e+03 1.355600e+01
1.396000e+03 1.327480e+01
1.397000e+03 1.299360e+01
1.398000e+03 1.271240e+01
1.399000e+03 1.243120e+01
1.400000e+03 1.215000e+01
1.401000e+03 1.267440e+01
1.402000e+03 1.319880e+01
1.403000e+03 1.372320e+01
1.404000e+03 1.424760e+01
1.405000e+03 1.477200e+01
1.406000e+03 1.529640e+01
1.407000e+03 1.582080e+01
1.408000e+03 1.634520e+01
1.409000e+03 1.686960e+01
1.410000e+03 1.739400e+01
1.411000e+03 1.791840e+01
1.412000e+03 1.844280e+01
1.413000e+03 1.896720e+01
1.414000e+03 1.949160e+01
1.415000e+03 2.001600e+01
1.416000e+03 2.054040e+01
1.417000e+03 2.106480e+01
1.418000e+03 2.158920e+01
1.419000e+03 2.211360e+01
1.420000e+03 2.263800e+01
1.421000e+03 2.307840e+01
1.422000e+03 2.351880e+01
1.423000e+03 2.395920e+01
1.424000e+03 2.439960e+01
1.425000e+03 2.484000e+01
1.426000e+03 2.528040e+01
1.427000e+03 2.572080e+01
1.428000e+03 2.616120e+01
1.429000e+03 2.660160e+01
1.430000e+03 2.704200e+01
1.431000e+03 2.739840e+01
1.432000e+03 2.775480e+01
1.433000e+03 2.811120e+01
1.434000e+03 2.846760e+01
1.435000e+03 2.882400e+01
1.436000e+03 2.918040e+01
1.437000e+03 2.953680e+01
1.438000e+03 2.989320e+01
1.439000e+03 3.024960e+01
1.440000e+03 3.060600e+01
1.441000e+03 3.099370e+01
1.442000e+03 3.131880e+01
1.443000e+03 3.167520e+01
1.444000e+03 3.203160e+01
1.445000e+03 3.238800e+01
1.446000e+03 3.274440e+01
1.447000e+03 3.310080e+01
1.448000e+03 3.345720e+01
1.449000e+03 3.381360e+01
1.450000e+03 3.417000e+01
1.451000e+03 3.429440e+01
1.452000e+03 3.441880e+01
1.453000e+03 3.454320e+01
1.454000e+03 3.466760e+01
1.455000e+03 3.479200e+01
1.456000e+03 3.491640e+01
1.457000e+03 3.504080e+01
1.458000e+03 3.516520e+01
1.459000e+03 3.528960e+01
1.460000e+03 3.541400e+01
1.461000e+03 3.553840e+01
1.462000e+03 3.566280e+01
1.463000e+03 3.578720e+01
1.464000e+03 3.591160e+01
1.465000e+03 3.603600e+01
1.466000e+03 3.616040e+01
1.467000e+03 3.628480e+01
1.468000e+03 3.640920e+01
1.469000e+03 3.653360e+01
1.470000e+03 3.665800e+01
1.471000e+03 3.667280e+01
1.472000e+03 3.668760e+01
1.473000e+03 3.670240e+01
1.474000e+03 3.671720e+01
1.475000e+03 3.673200e+01
1.476000e+03 3.674680e+01
1.477000e+03 3.676160e+01
1.478000e+03 3.677640e+01
1.479000e+03 3.679120e+01
1.480000e+03 3.680600e+01
1.481000e+03 3.671120e+01
1.482000e+03 3.661640e+01
1.483000e+03 3.652160e+01
1.484000e+03 3.642680e+01
1.485000e+03 3.633200e+01
1.486000e+03 3.623720e+01
1.487000e+03 3.614240e+01
1.488000e+03 3.604760e+01
1.489000e+03 3.595280e+01
1.490000e+03 3.585800e+01
1.491000e+03 3.576320e+01
1.492000e+03 3.566840e+01
1.493000e+03 3.557360e+01
1.494000e+03 3.547880e+01
1.495000e+03 3.538400e+01
1.496000e+03 3.528920e+01
1.497000e+03 3.519440e+01
1.498000e+03 3.509960e+01
1.499000e+03 3.500480e+01
1.500000e+03 3.491000e+01
1.501000e+03 3.489880e+01
1.502000e+03 3.488760e+01
1.503000e+03 3.487640e+01
1.504000e+03 3.486520e+01
1.505000e+03 3.485400e+01
1.506000e+03 3.484280e+01
1.507000e+03 3.483160e+01
1.508000e+03 3.482040e+01
1.509000e+03 3.480920e+01
1.510000e+03 3.479800e+01
1.511000e+03 3.478680e+01
1.512000e+03 3.477560e+01
1.513000e+03 3.476440e+01
1.514000e+03 3.475320e+01
1.515000e+03 3.474200e+01
1.516000e+03 3.473080e+01
1.517000e+03 3.471960e+01
1.518000e+03 3.470840e+01
1.519000e+03 3.469720e+01
1.520000e+03 3.468600e+01
1.521000e+03 3.451160e+01
1.522000e+03 3.433720e+01
1.523000e+03 3.416280e+01
1.524000e+03 3.398840e+01
1.525000e+03 3.381400e+01
1.526000e+03 3.363960e+01
1.527000e+03 3.346520e+01
1.528000e+03 3.329080e+01
1.529000e+03 3.311640e+01
1.530000e+03 3.294200e+01
1.531000e+03 3.260440e+01
1.532000e+03 3.226680e+01
1.533000e+03 3.192920e+01
1.534000e+03 3.159160e+01
1.535000e+03 3.125400e+01
1.536000e+03 3.091640e+01
1.537000e+03 3.057880e+01
1.538000e+03 3.024120e+01
1.539000e+03 2.990360e+01
1.540000e+03 2.956600e+01
1.541000e+03 2.922840e+01
1.542000e+03 2.889080e+01
1.543000e+03 2.855320e+01
1.544000e+03 2.821560e+01
1.545000e+03 2.787800e+01
1.546000e+03 2.754040e+01
1.547000e+03 2.720280e+01
1.548000e+03 2.686520e+01
1.549000e+03 2.652760e+01
1.550000e+03 2.619000e+01
1.551000e+03 2.617970e+01
1.552000e+03 2.616930e+01
1.553000e+03 2.615900e+01
1.554000e+03 2.614870e+01
1.555000e+03 2.613830e+01
1.556000e+03 2.612800e+01
1.557000e+03 2.611770e+01
1.558000e+03 2.610740e+01
1.559000e+03 2.609700e+01
1.560000e+03 2.608670e+01
1.561000e+03 2.607640e+01
1.562000e+03 2.606600e+01
1.563000e+03 2.605570e+01
1.564000e+03 2.604530e+01
1.565000e+03 2.603500e+01
1.566000e+03 2.602470e+01
1.567000e+03 2.601430e+01
1.568000e+03 2.600400e+01
1.569000e+03 2.599360e+01
1.570000e+03 2.598330e+01
1.571000e+03 2.597300e+01
1.572000e+03 2.596260e+01
1.573000e+03 2.595230e+01
1.574000e+03 2.594200e+01
1.575000e+03 2.593160e+01
1.576000e+03 2.592130e+01
1.577000e+03 2.591100e+01
1.578000e+03 2.590070e+01
1.579000e+03 2.589030e+01
1.580000e+03 2.588000e+01
1.581000e+03 2.586970e+01
1.582000e+03 2.585930e+01
1.583000e+03 2.584900e+01
1.584000e+03 2.583870e+01
1.585000e+03 2.582840e+01
1.586000e+03 2.581800e+01
1.587000e+03 2.580770e+01
1.588000e+03 2.579740e+01
1.589000e+03 2.578700e+01
1.590000e+03 2.577670e+01
1.591000e+03 2.576640e+01
1.592000e+03 2.575600e+01
1.593000e+03 2.574570e+01
1.594000e+03 2.573530e+01
1.595000e+03 2.572500e+01
1.596000e+03 2.571470e+01
1.597000e+03 2.570430e+01
1.598000e+03 2.569400e+01
1.599000e+03 2.568360e+01
1.600000e+03 2.567330e+01
1.601000e+03 2.566300e+01
1.602000e+03 2.565260e+01
1.603000e+03 2.564230e+01
1.604000e+03 2.563200e+01
1.605000e+03 2.562170e+01
1.606000e+03 2.561130e+01
1.607000e+03 2.560100e+01
1.608000e+03 2.559070e+01
1.609000e+03 2.558030e+01
1.610000e+03 2.557000e+01
1.611000e+03 2.532900e+01
1.612000e+03 2.508800e+01
1.613000e+03 2.484700e+01
1.614000e+03 2.460600e+01
1.615000e+03 2.436500e+01
1.616000e+03 2.412400e+01
1.617000e+03 2.388300e+01
1.618000e+03 2.364200e+01
1.619000e+03 2.340100e+01
1.620000e+03 2.316000e+01
1.621000e+03 2.291900e+01
1.622000e+03 2.267800e+01
1.623000e+03 2.243700e+01
1.624000e+03 2.219600e+01
1.625000e+03 2.195500e+01
1.626000e+03 2.171400e+01
1.627000e+03 2.147300e+01
1.628000e+03 2.123200e+01
1.629000e+03 2.099100e+01
1.630000e+03 2.075000e+01
1.631000e+03 2.050900e+01
1.632000e+03 2.026800e+01
1.633000e+03 2.002700e+01
1.634000e+03 1.978600e+01
1.635000e+03 1.954500e+01
1.636000e+03 1.930400e+01
1.637000e+03 1.906300e+01
1.638000e+03 1.882200e+01
1.639000e+03 1.858100e+01
1.640000e+03 1.834000e+01
1.641000e+03 1.809900e+01
1.642000e+03 1.785800e+01
1.643000e+03 1.761700e+01
1.644000e+03 1.737600e+01
1.645000e+03 1.713500e+01
1.646000e+03 1.689400e+01
1.647000e+03 1.665300e+01
1.648000e+03 1.641200e+01
1.649000e+03 1.617100e+01
1.650000e+03 1.593000e+01
1.651000e+03 1.585540e+01
1.652000e+03 1.578080e+01
1.653000e+03 1.570620e+01
1.654000e+03 1.563160e+01
1.655000e+03 1.555700e+01
1.656000e+03 1.548240e+01
1.657000e+03 1.540780e+01
1.658000e+03 1.533320e+01
1.659000e+03 1.525860e+01
1.660000e+03 1.518400e+01
1.661000e+03 1.510940e+01
1.662000e+03 1.503480e+01
1.663000e+03 1.496020e+01
1.664000e+03 1.488560e+01
1.665000e+03 1.481100e+01
1.666000e+03 1.473640e+01
1.667000e+03 1.466180e+01
1.668000e+03 1.458720e+01
1.669000e+03 1.451260e+01
1.670000e+03 1.443800e+01
1.671000e+03 1.436340e+01
1.672000e+03 1.428880e+01
1.673000e+03 1.421420e+01
1.674000e+03 1.413960e+01
1.675000e+03 1.406500e+01
1.676000e+03 1.399040e+01
1.677000e+03 1.391580e+01
1.678000e+03 1.384120e+01
1.679000e+03 1.376660e+01
1.680000e+03 1.369200e+01
1.681000e+03 1.361740e+01
1.682000e+03 1.354280e+01
1.683000e+03 1.346820e+01
1.684000e+03 1.339360e+01
1.685000e+03 1.331900e+01
1.686000e+03 1.324440e+01
1.687000e+03 1.316980e+01
1.688000e+03 1.309520e+01
1.689000e+03 1.302060e+01
1.690000e+03 1.294600e+01
1.691000e+03 1.287140e+01
1.692000e+03 1.279680e+01
1.693000e+03 1.272220e+01
1.694000e+03 1.264760e+01
1.695000e+03 1.257300e+01
1.696000e+03 1.249840e+01
1.697000e+03 1.242380e+01
1.698000e+03 1.234920e+01
1.699000e+03 1.227460e+01
1.700000e+03 1.220000e+01
1.701000e+03 1.216700e+01
1.702000e+03 1.213400e+01
1.703000e+03 1.210100e+01
1.704000e+03 1.206800e+01
1.705000e+03 1.203500e+01
1.706000e+03 1.200200e+01
1.707000e+03 1.196900e+01
1.708000e+03 1.193600e+01
1.709000e+03 1.190300e+01
1.710000e+03 1.187000e+01
1.711000e+03 1.183700e+01
1.712000e+03 1.180400e+01
1.713000e+03 1.177100e+01
1.714000e+03 1.173800e+01
1.715000e+03 1.170500e+01
1.716000e+03 1.167200e+01
1.717000e+03 1.163900e+01
1.718000e+03 1.160600e+01
1.719000e+03 1.157300e+01
1.720000e+03 1.154000e+01
1.721000e+03 1.150700e+01
1.722000e+03 1.147400e+01
1.723000e+03 1.144100e+01
1.724000e+03 1.140800e+01
1.725000e+03 1.137500e+01
1.726000e+03 1.134200e+01
1.727000e+03 1.130900e+01
1.728000e+03 1.127600e+01
1.729000e+03 1.124300e+01
1.730000e+03 1.121000e+01
1.731000e+03 1.117700e+01
1.732000e+03 1.114400e+01
1.733000e+03 1.111100e+01
1.734000e+03 1.107800e+01
1.735000e+03 1.104500e+01
1.736000e+03 1.101200e+01
1.737000e+03 1.097900e+01
1.738000e+03 1.094600e+01
1.739000e+03 1.091300e+01
1.740000e+03 1.088000e+01
1.741000e+03 1.084700e+01
1.742000e+03 1.081400e+01
1.743000e+03 1.078100e+01
1.744000e+03 1.074800e+01
1.745000e+03 1.071500e+01
1.746000e+03 1.068200e+01
1.747000e+03 1.064900e+01
1.748000e+03 1.061600e+01
1.749000e+03 1.058300e+01
1.750000e+03 1.055000e+01
1.751000e+03 1.035960e+01
1.752000e+03 1.016920e+01
1.753000e+03 9.978800e+00
1.754000e+03 9.788400e+00
1.755000e+03 9.598000e+00
1.756000e+03 9.407600e+00
1.757000e+03 9.217200e+00
1.758000e+03 9.026800e+00
1.759000e+03 8.836400e+00
1.760000e+03 8.646000e+00
1.761000e+03 8.455600e+00
1.762000e+03 8.265200e+00
1.763000e+03 8.074800e+00
1.764000e+03 7.884400e+00
1.765000e+03 7.694000e+00
1.766000e+03 7.503600e+00
1.767000e+03 7.313200e+00
1.768000e+03 7.122800e+00
1.769000e+03 6.932400e+00
1.770000e+03 6.742000e+00
1.771000e+03 6.551600e+00
1.772000e+03 6.361200e+00
1.773000e+03 6.170800e+00
1.774000e+03 5.980400e+00
1.775000e+03 5.790000e+00
1.776000e+03 5.599600e+00
1.777000e+03 5.409200e+00
1.778000e+03 5.218800e+00
1.779000e+03 5.028400e+00
1.780000e+03 4.838000e+00
1.781000e+03 4.647600e+00
1.782000e+03 4.457200e+00
1.783000e+03 4.266800e+00
1.784000e+03 4.076400e+00
1.785000e+03 3.886000e+00
1.786000e+03 3.695600e+00
1.787000e+03 3.505200e+00
1.788000e+03 3.314800e+00
1.789000e+03 3.124400e+00
1.790000e+03 2.934000e+00
1.791000e+03 2.743600e+00
1.792000e+03 2.553200e+00
1.793000e+03 2.362800e+00
1.794000e+03 2.172400e+00
1.795000e+03 1.982000e+00
1.796000e+03 1.791600e+00
1.797000e+03 1.601200e+00
1.798000e+03 1.410800e+00
1.799000e+03 1.220400e+00
1.800000e+03 1.030000e+00
1.801000e+03 9.270000e-01
1.802000e+03 8.240000e-01
1.803000e+03 7.210000e-01
1.804000e+03 6.180000e-01
1.805000e+03 5.150000e-01
1.806000e+03 4.120000e-01
1.807000e+03 3.090000e-01
1.808000e+03 2.060000e-01
1.809000e+03 1.030000e-01
1.810000e+03 0.000000e+00
