# # Wavelength(Angstrom)  Transmission
1.064000e+04 1.170860e-04
1.065000e+04 1.290660e-04
1.066000e+04 1.410510e-04
1.067000e+04 1.530420e-04
1.067292e+04 1.565480e-04
1.067792e+04 1.457600e-04
1.068000e+04 1.573930e-04
1.068293e+04 1.738310e-04
1.068793e+04 1.751840e-04
1.069000e+04 1.849700e-04
1.069293e+04 1.987520e-04
1.069793e+04 1.834610e-04
1.070000e+04 1.911010e-04
1.070293e+04 2.019190e-04
1.070793e+04 1.776940e-04
1.071000e+04 1.529410e-04
1.071293e+04 1.178110e-04
1.071793e+04 2.171290e-04
1.072000e+04 3.127850e-04
1.072294e+04 4.488000e-04
1.072794e+04 5.651770e-04
1.073000e+04 5.350460e-04
1.073294e+04 4.920780e-04
1.073794e+04 4.502330e-04
1.074000e+04 4.822150e-04
1.074294e+04 5.279330e-04
1.074794e+04 5.540950e-04
1.075000e+04 5.870830e-04
1.075295e+04 6.343310e-04
1.075795e+04 6.707070e-04
1.076000e+04 7.227320e-04
1.076295e+04 7.974270e-04
1.076795e+04 8.339130e-04
1.077000e+04 8.768140e-04
1.077295e+04 9.385380e-04
1.077795e+04 9.476690e-04
1.078000e+04 9.785500e-04
1.078295e+04 1.023090e-03
1.078795e+04 1.402080e-03
1.079000e+04 1.467670e-03
1.079296e+04 1.562460e-03
1.079796e+04 1.901900e-03
1.080000e+04 1.976050e-03
1.080296e+04 2.083470e-03
1.080796e+04 2.179760e-03
1.081000e+04 2.297990e-03
1.081296e+04 2.469620e-03
1.081796e+04 2.804140e-03
1.082000e+04 2.950940e-03
1.082296e+04 3.164450e-03
1.082796e+04 3.583040e-03
1.083000e+04 3.789650e-03
1.083297e+04 4.090900e-03
1.083797e+04 4.643220e-03
1.084000e+04 4.903290e-03
1.084297e+04 5.283280e-03
1.084797e+04 5.961970e-03
1.085000e+04 6.257270e-03
1.085297e+04 6.689780e-03
1.085797e+04 7.930270e-03
1.086000e+04 8.379960e-03
1.086297e+04 9.042200e-03
1.086798e+04 1.056440e-02
1.087000e+04 1.120970e-02
1.087298e+04 1.215580e-02
1.087798e+04 1.383570e-02
1.088000e+04 1.469130e-02
1.088298e+04 1.595280e-02
1.088798e+04 1.847020e-02
1.089000e+04 1.961100e-02
1.089298e+04 2.129730e-02
1.089798e+04 2.464180e-02
1.090000e+04 2.624370e-02
1.090299e+04 2.861750e-02
1.090799e+04 3.320360e-02
1.091000e+04 3.531060e-02
1.091299e+04 3.843950e-02
1.091799e+04 4.449140e-02
1.092000e+04 4.731220e-02
1.092299e+04 5.151130e-02
1.092799e+04 5.975630e-02
1.093000e+04 6.348630e-02
1.093299e+04 6.904970e-02
1.093800e+04 7.965260e-02
1.094000e+04 8.429770e-02
1.094300e+04 9.124060e-02
1.094800e+04 1.044880e-01
1.095000e+04 1.103810e-01
1.095300e+04 1.192090e-01
1.095800e+04 1.352020e-01
1.096000e+04 1.421130e-01
1.096300e+04 1.524900e-01
1.096800e+04 1.702520e-01
1.097000e+04 1.780920e-01
1.097300e+04 1.899400e-01
1.097801e+04 2.108340e-01
1.098000e+04 2.192850e-01
1.098301e+04 2.319740e-01
1.098801e+04 2.534950e-01
1.099000e+04 2.619360e-01
1.099301e+04 2.746810e-01
1.099801e+04 2.961800e-01
1.100000e+04 3.044430e-01
1.100301e+04 3.169690e-01
1.100801e+04 3.368160e-01
1.101000e+04 3.442820e-01
1.101301e+04 3.556140e-01
1.101802e+04 3.727960e-01
1.102000e+04 3.791580e-01
1.102302e+04 3.888390e-01
1.102802e+04 4.031660e-01
1.103000e+04 4.082220e-01
1.103302e+04 4.159320e-01
1.103802e+04 4.269590e-01
1.104000e+04 4.307570e-01
1.104302e+04 4.365680e-01
1.104803e+04 4.447980e-01
1.105000e+04 4.474900e-01
1.105303e+04 4.516170e-01
1.105803e+04 4.574050e-01
1.106000e+04 4.592850e-01
1.106303e+04 4.622950e-01
1.106803e+04 4.664480e-01
1.107000e+04 4.678620e-01
1.107303e+04 4.699170e-01
1.107803e+04 4.725060e-01
1.108000e+04 4.733630e-01
1.108303e+04 4.746850e-01
1.108804e+04 4.764580e-01
1.109000e+04 4.770680e-01
1.109304e+04 4.780120e-01
1.109804e+04 4.792720e-01
1.110000e+04 4.797160e-01
1.110304e+04 4.804040e-01
1.110804e+04 4.813300e-01
1.111000e+04 4.816530e-01
1.111304e+04 4.821560e-01
1.111804e+04 4.829720e-01
1.112000e+04 4.832680e-01
1.112304e+04 4.837280e-01
1.112805e+04 4.843510e-01
1.113000e+04 4.845790e-01
1.113305e+04 4.849360e-01
1.113805e+04 4.855360e-01
1.114000e+04 4.857230e-01
1.114305e+04 4.861430e-01
1.114805e+04 4.867520e-01
1.115000e+04 4.869880e-01
1.115305e+04 4.872310e-01
1.115805e+04 4.875840e-01
1.116000e+04 4.876830e-01
1.116306e+04 4.878390e-01
1.116806e+04 4.880240e-01
1.117000e+04 4.880450e-01
1.117306e+04 4.880790e-01
1.117806e+04 4.882410e-01
1.118000e+04 4.882980e-01
1.118306e+04 4.883890e-01
1.118806e+04 4.885380e-01
1.119000e+04 4.885930e-01
1.119306e+04 4.886820e-01
1.119807e+04 4.887890e-01
1.120000e+04 4.888480e-01
1.120307e+04 4.890770e-01
1.120807e+04 4.894720e-01
1.121000e+04 4.896330e-01
1.121307e+04 4.897590e-01
1.121807e+04 4.900380e-01
1.122000e+04 4.901660e-01
1.122307e+04 4.903690e-01
1.122807e+04 4.905600e-01
1.123000e+04 4.906200e-01
1.123308e+04 4.907160e-01
1.123808e+04 4.909360e-01
1.124000e+04 4.910090e-01
1.124308e+04 4.911250e-01
1.124808e+04 4.912790e-01
1.125000e+04 4.913210e-01
1.125308e+04 4.913880e-01
1.125808e+04 4.914190e-01
1.126000e+04 4.913880e-01
1.126308e+04 4.913390e-01
1.126808e+04 4.913010e-01
1.127000e+04 4.913180e-01
1.127309e+04 4.914740e-01
1.127809e+04 4.916110e-01
1.128000e+04 4.916200e-01
1.128309e+04 4.915050e-01
1.128809e+04 4.913440e-01
1.129000e+04 4.912610e-01
1.129309e+04 4.911260e-01
1.129809e+04 4.908420e-01
1.130000e+04 4.907240e-01
1.130309e+04 4.905330e-01
1.130809e+04 4.900850e-01
1.131000e+04 4.899440e-01
1.131310e+04 4.897130e-01
1.131810e+04 4.892820e-01
1.132000e+04 4.891260e-01
1.132310e+04 4.888700e-01
1.132810e+04 4.884770e-01
1.133000e+04 4.883260e-01
1.133310e+04 4.882070e-01
1.133810e+04 4.880260e-01
1.134000e+04 4.879780e-01
1.134311e+04 4.877690e-01
1.134811e+04 4.875200e-01
1.135000e+04 4.874900e-01
1.135311e+04 4.874410e-01
1.135811e+04 4.874180e-01
1.136000e+04 4.874120e-01
1.136311e+04 4.874010e-01
1.136811e+04 4.873730e-01
1.137000e+04 4.873150e-01
1.137311e+04 4.872210e-01
1.137811e+04 4.873140e-01
1.138000e+04 4.874120e-01
1.138312e+04 4.877030e-01
1.138812e+04 4.882740e-01
1.139000e+04 4.884990e-01
1.139312e+04 4.887430e-01
1.139812e+04 4.892060e-01
1.140000e+04 4.893850e-01
1.140312e+04 4.896940e-01
1.140812e+04 4.901600e-01
1.141000e+04 4.903740e-01
1.141312e+04 4.907310e-01
1.141812e+04 4.912320e-01
1.142000e+04 4.914330e-01
1.142313e+04 4.917680e-01
1.142813e+04 4.921990e-01
1.143000e+04 4.923650e-01
1.143313e+04 4.926420e-01
1.143813e+04 4.930390e-01
1.144000e+04 4.931320e-01
1.144313e+04 4.934210e-01
1.144813e+04 4.938070e-01
1.145000e+04 4.939330e-01
1.145313e+04 4.940130e-01
1.145814e+04 4.940330e-01
1.146000e+04 4.940250e-01
1.146314e+04 4.940100e-01
1.146814e+04 4.939610e-01
1.147000e+04 4.939610e-01
1.147314e+04 4.939600e-01
1.147814e+04 4.936950e-01
1.148000e+04 4.935830e-01
1.148314e+04 4.933940e-01
1.148814e+04 4.930480e-01
1.149000e+04 4.929310e-01
1.149315e+04 4.928640e-01
1.149815e+04 4.927710e-01
1.150000e+04 4.927500e-01
1.150315e+04 4.925740e-01
1.150815e+04 4.922330e-01
1.151000e+04 4.921290e-01
1.151315e+04 4.919530e-01
1.151815e+04 4.918170e-01
1.152000e+04 4.917590e-01
1.152315e+04 4.916610e-01
1.152816e+04 4.916290e-01
1.153000e+04 4.915840e-01
1.153316e+04 4.915070e-01
1.153816e+04 4.917600e-01
1.154000e+04 4.919090e-01
1.154316e+04 4.922970e-01
1.154816e+04 4.930480e-01
1.155000e+04 4.933780e-01
1.155316e+04 4.938130e-01
1.155816e+04 4.946130e-01
1.156000e+04 4.949450e-01
1.156317e+04 4.955170e-01
1.156817e+04 4.965360e-01
1.157000e+04 4.969410e-01
1.157317e+04 4.976400e-01
1.157817e+04 4.989420e-01
1.158000e+04 4.994170e-01
1.158317e+04 5.002370e-01
1.158817e+04 5.015290e-01
1.159000e+04 5.019700e-01
1.159317e+04 5.028700e-01
1.159817e+04 5.043560e-01
1.160000e+04 5.048720e-01
1.160317e+04 5.056340e-01
1.160818e+04 5.067770e-01
1.161000e+04 5.071770e-01
1.161318e+04 5.078720e-01
1.161818e+04 5.088720e-01
1.162000e+04 5.091640e-01
1.162318e+04 5.096740e-01
1.162818e+04 5.104850e-01
1.163000e+04 5.106780e-01
1.163318e+04 5.111540e-01
1.163818e+04 5.118430e-01
1.164000e+04 5.120300e-01
1.164319e+04 5.122210e-01
1.164819e+04 5.123800e-01
1.165000e+04 5.123560e-01
1.165319e+04 5.123120e-01
1.165819e+04 5.121100e-01
1.166000e+04 5.119790e-01
1.166319e+04 5.117480e-01
1.166819e+04 5.112140e-01
1.167000e+04 5.110370e-01
1.167319e+04 5.107250e-01
1.167820e+04 5.101270e-01
1.168000e+04 5.099000e-01
1.168320e+04 5.096370e-01
1.168820e+04 5.091730e-01
1.169000e+04 5.089830e-01
1.169320e+04 5.085060e-01
1.169820e+04 5.078620e-01
1.170000e+04 5.076260e-01
1.170320e+04 5.072040e-01
1.170820e+04 5.066540e-01
1.171000e+04 5.064620e-01
1.171321e+04 5.061180e-01
1.171821e+04 5.055580e-01
1.172000e+04 5.054120e-01
1.172321e+04 5.052890e-01
1.172821e+04 5.051700e-01
1.173000e+04 5.052020e-01
1.173321e+04 5.051230e-01
1.173821e+04 5.049560e-01
1.174000e+04 5.049830e-01
1.174321e+04 5.050310e-01
1.174821e+04 5.051550e-01
1.175000e+04 5.052230e-01
1.175322e+04 5.053440e-01
1.175822e+04 5.055860e-01
1.176000e+04 5.057420e-01
1.176322e+04 5.060250e-01
1.176822e+04 5.064430e-01
1.177000e+04 5.066050e-01
1.177322e+04 5.070360e-01
1.177822e+04 5.077520e-01
1.178000e+04 5.080050e-01
1.178322e+04 5.083250e-01
1.178823e+04 5.088690e-01
1.179000e+04 5.090540e-01
1.179323e+04 5.093910e-01
1.179823e+04 5.097960e-01
1.180000e+04 5.099260e-01
1.180323e+04 5.101400e-01
1.180823e+04 5.104360e-01
1.181000e+04 5.105380e-01
1.181323e+04 5.108650e-01
1.181823e+04 5.112820e-01
1.182000e+04 5.113720e-01
1.182324e+04 5.113970e-01
1.182824e+04 5.114010e-01
1.183000e+04 5.113750e-01
1.183324e+04 5.113250e-01
1.183824e+04 5.111170e-01
1.184000e+04 5.110530e-01
1.184324e+04 5.109350e-01
1.184824e+04 5.106570e-01
1.185000e+04 5.105140e-01
1.185324e+04 5.103890e-01
1.185825e+04 5.102470e-01
1.186000e+04 5.101710e-01
1.186325e+04 5.098900e-01
1.186825e+04 5.094970e-01
1.187000e+04 5.093300e-01
1.187325e+04 5.090200e-01
1.187825e+04 5.085390e-01
1.188000e+04 5.083970e-01
1.188325e+04 5.081320e-01
1.188825e+04 5.077920e-01
1.189000e+04 5.076880e-01
1.189325e+04 5.076350e-01
1.189826e+04 5.075440e-01
1.190000e+04 5.076240e-01
1.190326e+04 5.076330e-01
1.190826e+04 5.076450e-01
1.191000e+04 5.076600e-01
1.191326e+04 5.076880e-01
1.191826e+04 5.077050e-01
1.192000e+04 5.077390e-01
1.192326e+04 5.078010e-01
1.192826e+04 5.080270e-01
1.193000e+04 5.081290e-01
1.193326e+04 5.083210e-01
1.193827e+04 5.086530e-01
1.194000e+04 5.087550e-01
1.194327e+04 5.090880e-01
1.194827e+04 5.094940e-01
1.195000e+04 5.097570e-01
1.195327e+04 5.101130e-01
1.195827e+04 5.106840e-01
1.196000e+04 5.108810e-01
1.196327e+04 5.112550e-01
1.196828e+04 5.117930e-01
1.197000e+04 5.120100e-01
1.197328e+04 5.124210e-01
1.197828e+04 5.131520e-01
1.198000e+04 5.133220e-01
1.198328e+04 5.137880e-01
1.198828e+04 5.144120e-01
1.199000e+04 5.146060e-01
1.199328e+04 5.148340e-01
1.199828e+04 5.150750e-01
1.200000e+04 5.151540e-01
1.200328e+04 5.153260e-01
1.200829e+04 5.155750e-01
1.201000e+04 5.156730e-01
1.201329e+04 5.158630e-01
1.201829e+04 5.161280e-01
1.202000e+04 5.162210e-01
1.202329e+04 5.165420e-01
1.202829e+04 5.168920e-01
1.203000e+04 5.169800e-01
1.203329e+04 5.170070e-01
1.203829e+04 5.169700e-01
1.204000e+04 5.169500e-01
1.204329e+04 5.169120e-01
1.204830e+04 5.166830e-01
1.205000e+04 5.166420e-01
1.205330e+04 5.165630e-01
1.205830e+04 5.164790e-01
1.206000e+04 5.164860e-01
1.206330e+04 5.166430e-01
1.206830e+04 5.168040e-01
1.207000e+04 5.168710e-01
1.207330e+04 5.168570e-01
1.207830e+04 5.169270e-01
1.208000e+04 5.169910e-01
1.208331e+04 5.171150e-01
1.208831e+04 5.173260e-01
1.209000e+04 5.174110e-01
1.209331e+04 5.175760e-01
1.209831e+04 5.177690e-01
1.210000e+04 5.178580e-01
1.210331e+04 5.181780e-01
1.210831e+04 5.186720e-01
1.211000e+04 5.188340e-01
1.211331e+04 5.190080e-01
1.211832e+04 5.193590e-01
1.212000e+04 5.194730e-01
1.212332e+04 5.196970e-01
1.212832e+04 5.199980e-01
1.213000e+04 5.201180e-01
1.213332e+04 5.203560e-01
1.213832e+04 5.206400e-01
1.214000e+04 5.207440e-01
1.214332e+04 5.210970e-01
1.214832e+04 5.216130e-01
1.215000e+04 5.217460e-01
1.215333e+04 5.218630e-01
1.215833e+04 5.220150e-01
1.216000e+04 5.219640e-01
1.216333e+04 5.218630e-01
1.216833e+04 5.219480e-01
1.217000e+04 5.219300e-01
1.217333e+04 5.218930e-01
1.217833e+04 5.217860e-01
1.218000e+04 5.217580e-01
1.218333e+04 5.218500e-01
1.218833e+04 5.219240e-01
1.219000e+04 5.219140e-01
1.219334e+04 5.217470e-01
1.219834e+04 5.215370e-01
1.220000e+04 5.214570e-01
1.220334e+04 5.212810e-01
1.220834e+04 5.208600e-01
1.221000e+04 5.207060e-01
1.221334e+04 5.205420e-01
1.221834e+04 5.202820e-01
1.222000e+04 5.201930e-01
1.222334e+04 5.198680e-01
1.222834e+04 5.193570e-01
1.223000e+04 5.191460e-01
1.223335e+04 5.187190e-01
1.223835e+04 5.182520e-01
1.224000e+04 5.181360e-01
1.224335e+04 5.179010e-01
1.224835e+04 5.175730e-01
1.225000e+04 5.174910e-01
1.225335e+04 5.174690e-01
1.225835e+04 5.176210e-01
1.226000e+04 5.176800e-01
1.226336e+04 5.176570e-01
1.226836e+04 5.179040e-01
1.227000e+04 5.179220e-01
1.227336e+04 5.179610e-01
1.227836e+04 5.181880e-01
1.228000e+04 5.182950e-01
1.228336e+04 5.185120e-01
1.228836e+04 5.188330e-01
1.229000e+04 5.189840e-01
1.229336e+04 5.194410e-01
1.229836e+04 5.202020e-01
1.230000e+04 5.204650e-01
1.230337e+04 5.208600e-01
1.230837e+04 5.215110e-01
1.231000e+04 5.217450e-01
1.231337e+04 5.222280e-01
1.231837e+04 5.229910e-01
1.232000e+04 5.232380e-01
1.232337e+04 5.237480e-01
1.232837e+04 5.244890e-01
1.233000e+04 5.247380e-01
1.233337e+04 5.254030e-01
1.233838e+04 5.263810e-01
1.234000e+04 5.266800e-01
1.234338e+04 5.271520e-01
1.234838e+04 5.278300e-01
1.235000e+04 5.280340e-01
1.235338e+04 5.284590e-01
1.235838e+04 5.289780e-01
1.236000e+04 5.291300e-01
1.236338e+04 5.294460e-01
1.236838e+04 5.298360e-01
1.237000e+04 5.299350e-01
1.237338e+04 5.302940e-01
1.237839e+04 5.307040e-01
1.238000e+04 5.308360e-01
1.238339e+04 5.309620e-01
1.238839e+04 5.309870e-01
1.239000e+04 5.309900e-01
1.239339e+04 5.309950e-01
1.239839e+04 5.309500e-01
1.240000e+04 5.308850e-01
1.240339e+04 5.307680e-01
1.240839e+04 5.306190e-01
1.241000e+04 5.305500e-01
1.241339e+04 5.305550e-01
1.241840e+04 5.305180e-01
1.242000e+04 5.305030e-01
1.242340e+04 5.303210e-01
1.242840e+04 5.300190e-01
1.243000e+04 5.298840e-01
1.243340e+04 5.295970e-01
1.243840e+04 5.292160e-01
1.244000e+04 5.291420e-01
1.244340e+04 5.289860e-01
1.244841e+04 5.288280e-01
1.245000e+04 5.287850e-01
1.245341e+04 5.288430e-01
1.245841e+04 5.290440e-01
1.246000e+04 5.291210e-01
1.246341e+04 5.291350e-01
1.246841e+04 5.291960e-01
1.247000e+04 5.292740e-01
1.247341e+04 5.294390e-01
1.247841e+04 5.297830e-01
1.248000e+04 5.298730e-01
1.248341e+04 5.300660e-01
1.248842e+04 5.303330e-01
1.249000e+04 5.304380e-01
1.249342e+04 5.308180e-01
1.249842e+04 5.314290e-01
1.250000e+04 5.316320e-01
1.250342e+04 5.318780e-01
1.250842e+04 5.322430e-01
1.251000e+04 5.323480e-01
1.251342e+04 5.325750e-01
1.251842e+04 5.329540e-01
1.252000e+04 5.330810e-01
1.252342e+04 5.333580e-01
1.252843e+04 5.336610e-01
1.253000e+04 5.337490e-01
1.253343e+04 5.340940e-01
1.253843e+04 5.345910e-01
1.254000e+04 5.347020e-01
1.254343e+04 5.347930e-01
1.254843e+04 5.348760e-01
1.255000e+04 5.348930e-01
1.255343e+04 5.349280e-01
1.255843e+04 5.348190e-01
1.256000e+04 5.347770e-01
1.256344e+04 5.348380e-01
1.256844e+04 5.348140e-01
1.257000e+04 5.347800e-01
1.257344e+04 5.345530e-01
1.257844e+04 5.340770e-01
1.258000e+04 5.339170e-01
1.258344e+04 5.335640e-01
1.258844e+04 5.329930e-01
1.259000e+04 5.327960e-01
1.259344e+04 5.323600e-01
1.259845e+04 5.316420e-01
1.260000e+04 5.314030e-01
1.260345e+04 5.310170e-01
1.260845e+04 5.304560e-01
1.261000e+04 5.302790e-01
1.261345e+04 5.297340e-01
1.261845e+04 5.289610e-01
1.262000e+04 5.287000e-01
1.262345e+04 5.281190e-01
1.262845e+04 5.272770e-01
1.263000e+04 5.270500e-01
1.263346e+04 5.265410e-01
1.263846e+04 5.258820e-01
1.264000e+04 5.256440e-01
1.264346e+04 5.252600e-01
1.264846e+04 5.248640e-01
1.265000e+04 5.248120e-01
1.265346e+04 5.245440e-01
1.265846e+04 5.241240e-01
1.266000e+04 5.240450e-01
1.266346e+04 5.238670e-01
1.266846e+04 5.237960e-01
1.267000e+04 5.237970e-01
1.267347e+04 5.238000e-01
1.267847e+04 5.240580e-01
1.268000e+04 5.241350e-01
1.268347e+04 5.244600e-01
1.268847e+04 5.249320e-01
1.269000e+04 5.251120e-01
1.269347e+04 5.253700e-01
1.269847e+04 5.257970e-01
1.270000e+04 5.259220e-01
1.270347e+04 5.262080e-01
1.270848e+04 5.266680e-01
1.271000e+04 5.268730e-01
1.271348e+04 5.273390e-01
1.271848e+04 5.281680e-01
1.272000e+04 5.284050e-01
1.272348e+04 5.291000e-01
1.272848e+04 5.301760e-01
1.273000e+04 5.305620e-01
1.273348e+04 5.312920e-01
1.273848e+04 5.322760e-01
1.274000e+04 5.325570e-01
1.274349e+04 5.332010e-01
1.274849e+04 5.340760e-01
1.275000e+04 5.343080e-01
1.275349e+04 5.348420e-01
1.275849e+04 5.356180e-01
1.276000e+04 5.358510e-01
1.276349e+04 5.363900e-01
1.276849e+04 5.369490e-01
1.277000e+04 5.371450e-01
1.277349e+04 5.377570e-01
1.277850e+04 5.386850e-01
1.278000e+04 5.389120e-01
1.278350e+04 5.392820e-01
1.278850e+04 5.398330e-01
1.279000e+04 5.400050e-01
1.279350e+04 5.404040e-01
1.279850e+04 5.407900e-01
1.280000e+04 5.409190e-01
1.280350e+04 5.411890e-01
1.280850e+04 5.417600e-01
1.281000e+04 5.418170e-01
1.281350e+04 5.421060e-01
1.281850e+04 5.424370e-01
1.282000e+04 5.425490e-01
1.282351e+04 5.426550e-01
1.282851e+04 5.427050e-01
1.283000e+04 5.426930e-01
1.283351e+04 5.426630e-01
1.283851e+04 5.426580e-01
1.284000e+04 5.426400e-01
1.284351e+04 5.425990e-01
1.284851e+04 5.424760e-01
1.285000e+04 5.424380e-01
1.285351e+04 5.425080e-01
1.285852e+04 5.425190e-01
1.286000e+04 5.425270e-01
1.286352e+04 5.423880e-01
1.286852e+04 5.421850e-01
1.287000e+04 5.421020e-01
1.287352e+04 5.419070e-01
1.287852e+04 5.415720e-01
1.288000e+04 5.414770e-01
1.288352e+04 5.412510e-01
1.288852e+04 5.407550e-01
1.289000e+04 5.406280e-01
1.289353e+04 5.404820e-01
1.289853e+04 5.402180e-01
1.290000e+04 5.400970e-01
1.290353e+04 5.396500e-01
1.290853e+04 5.388140e-01
1.291000e+04 5.386280e-01
1.291353e+04 5.381810e-01
1.291853e+04 5.373570e-01
1.292000e+04 5.371380e-01
1.292353e+04 5.366100e-01
1.292854e+04 5.358690e-01
1.293000e+04 5.355780e-01
1.293354e+04 5.350330e-01
1.293854e+04 5.343050e-01
1.294000e+04 5.340990e-01
1.294354e+04 5.334430e-01
1.294854e+04 5.324190e-01
1.295000e+04 5.320960e-01
1.295354e+04 5.313120e-01
1.295854e+04 5.301590e-01
1.296000e+04 5.298340e-01
1.296354e+04 5.290450e-01
1.296855e+04 5.279610e-01
1.297000e+04 5.276530e-01
1.297355e+04 5.269000e-01
1.297855e+04 5.259050e-01
1.298000e+04 5.255950e-01
1.298355e+04 5.249900e-01
1.298855e+04 5.240840e-01
1.299000e+04 5.238490e-01
1.299355e+04 5.231190e-01
1.299855e+04 5.222410e-01
1.300000e+04 5.219610e-01
1.300356e+04 5.213350e-01
1.300856e+04 5.205620e-01
1.301000e+04 5.203680e-01
1.301356e+04 5.198900e-01
1.301856e+04 5.193600e-01
1.302000e+04 5.192060e-01
1.302356e+04 5.189770e-01
1.302856e+04 5.189570e-01
1.303000e+04 5.189550e-01
1.303356e+04 5.187980e-01
1.303857e+04 5.186500e-01
1.304000e+04 5.186870e-01
1.304357e+04 5.187790e-01
1.304857e+04 5.189200e-01
1.305000e+04 5.190110e-01
1.305357e+04 5.192380e-01
1.305857e+04 5.196780e-01
1.306000e+04 5.198270e-01
1.306357e+04 5.202000e-01
1.306857e+04 5.209280e-01
1.307000e+04 5.211530e-01
1.307358e+04 5.218700e-01
1.307858e+04 5.229740e-01
1.308000e+04 5.233240e-01
1.308358e+04 5.240470e-01
1.308858e+04 5.251200e-01
1.309000e+04 5.254410e-01
1.309358e+04 5.262520e-01
1.309858e+04 5.275050e-01
1.310000e+04 5.278780e-01
1.310358e+04 5.288210e-01
1.310858e+04 5.301770e-01
1.311000e+04 5.305700e-01
1.311359e+04 5.315640e-01
1.311859e+04 5.328770e-01
1.312000e+04 5.332640e-01
1.312359e+04 5.344040e-01
1.312859e+04 5.359360e-01
1.313000e+04 5.363480e-01
1.313359e+04 5.372400e-01
1.313859e+04 5.385100e-01
1.314000e+04 5.388420e-01
1.314359e+04 5.396890e-01
1.314859e+04 5.408060e-01
1.315000e+04 5.410770e-01
1.315360e+04 5.417710e-01
1.315860e+04 5.427730e-01
1.316000e+04 5.430330e-01
1.316360e+04 5.438600e-01
1.316860e+04 5.449930e-01
1.317000e+04 5.452880e-01
1.317360e+04 5.458870e-01
1.317860e+04 5.466190e-01
1.318000e+04 5.467930e-01
1.318361e+04 5.472420e-01
1.318861e+04 5.479280e-01
1.319000e+04 5.480870e-01
1.319361e+04 5.485000e-01
1.319861e+04 5.489200e-01
1.320000e+04 5.490230e-01
1.320361e+04 5.492490e-01
1.320861e+04 5.494400e-01
1.321000e+04 5.494600e-01
1.321361e+04 5.496750e-01
1.321861e+04 5.500290e-01
1.322000e+04 5.500630e-01
1.322362e+04 5.499900e-01
1.322862e+04 5.500260e-01
1.323000e+04 5.500280e-01
1.323362e+04 5.500360e-01
1.323862e+04 5.500210e-01
1.324000e+04 5.500380e-01
1.324362e+04 5.500800e-01
1.324862e+04 5.501750e-01
1.325000e+04 5.502010e-01
1.325362e+04 5.502710e-01
1.325862e+04 5.501940e-01
1.326000e+04 5.501750e-01
1.326363e+04 5.501250e-01
1.326863e+04 5.499790e-01
1.327000e+04 5.499340e-01
1.327363e+04 5.499770e-01
1.327863e+04 5.498860e-01
1.328000e+04 5.498630e-01
1.328363e+04 5.496360e-01
1.328863e+04 5.494260e-01
1.329000e+04 5.493430e-01
1.329363e+04 5.491210e-01
1.329864e+04 5.488730e-01
1.330000e+04 5.487880e-01
1.330364e+04 5.485610e-01
1.330864e+04 5.483410e-01
1.331000e+04 5.482180e-01
1.331364e+04 5.478890e-01
1.331864e+04 5.472830e-01
1.332000e+04 5.471210e-01
1.332364e+04 5.468520e-01
1.332864e+04 5.464260e-01
1.333000e+04 5.462430e-01
1.333364e+04 5.455880e-01
1.333865e+04 5.447780e-01
1.334000e+04 5.445130e-01
1.334365e+04 5.437990e-01
1.334865e+04 5.426130e-01
1.335000e+04 5.423260e-01
1.335365e+04 5.415510e-01
1.335865e+04 5.404200e-01
1.336000e+04 5.401050e-01
1.336365e+04 5.392490e-01
1.336866e+04 5.380850e-01
1.337000e+04 5.377500e-01
1.337366e+04 5.368390e-01
1.337866e+04 5.356580e-01
1.338000e+04 5.353230e-01
1.338366e+04 5.345720e-01
1.338866e+04 5.335620e-01
1.339000e+04 5.333110e-01
1.339366e+04 5.324620e-01
1.339866e+04 5.314280e-01
1.340000e+04 5.311460e-01
1.340366e+04 5.302650e-01
1.340867e+04 5.289860e-01
1.341000e+04 5.286640e-01
1.341367e+04 5.277800e-01
1.341867e+04 5.266500e-01
1.342000e+04 5.263630e-01
1.342367e+04 5.255740e-01
1.342867e+04 5.244780e-01
1.343000e+04 5.242360e-01
1.343367e+04 5.235680e-01
1.343867e+04 5.228370e-01
1.344000e+04 5.227180e-01
1.344367e+04 5.225450e-01
1.344868e+04 5.223650e-01
1.345000e+04 5.223280e-01
1.345368e+04 5.220650e-01
1.345868e+04 5.217080e-01
1.346000e+04 5.216050e-01
1.346368e+04 5.213170e-01
1.346868e+04 5.212640e-01
1.347000e+04 5.213060e-01
1.347368e+04 5.214210e-01
1.347868e+04 5.217860e-01
1.348000e+04 5.218300e-01
1.348369e+04 5.219520e-01
1.348869e+04 5.221330e-01
1.349000e+04 5.222170e-01
1.349369e+04 5.224540e-01
1.349869e+04 5.230260e-01
1.350000e+04 5.231810e-01
1.350369e+04 5.237490e-01
1.350869e+04 5.244740e-01
1.351000e+04 5.247140e-01
1.351369e+04 5.252310e-01
1.351870e+04 5.258720e-01
1.352000e+04 5.260090e-01
1.352370e+04 5.264000e-01
1.352870e+04 5.270300e-01
1.353000e+04 5.272340e-01
1.353370e+04 5.278150e-01
1.353870e+04 5.287930e-01
1.354000e+04 5.289600e-01
1.354370e+04 5.294380e-01
1.354870e+04 5.298740e-01
1.355000e+04 5.300920e-01
1.355371e+04 5.307170e-01
1.355871e+04 5.314160e-01
1.356000e+04 5.316410e-01
1.356371e+04 5.322850e-01
1.356871e+04 5.327880e-01
1.357000e+04 5.329400e-01
1.357371e+04 5.335390e-01
1.357871e+04 5.344380e-01
1.358000e+04 5.346090e-01
1.358371e+04 5.349400e-01
1.358871e+04 5.356190e-01
1.359000e+04 5.357690e-01
1.359372e+04 5.362030e-01
1.359872e+04 5.366270e-01
1.360000e+04 5.367950e-01
1.360372e+04 5.369070e-01
1.360872e+04 5.369910e-01
1.361000e+04 5.369680e-01
1.361372e+04 5.369010e-01
1.361872e+04 5.366870e-01
1.362000e+04 5.366680e-01
1.362372e+04 5.366120e-01
1.362872e+04 5.365950e-01
1.363000e+04 5.365780e-01
1.363373e+04 5.365290e-01
1.363873e+04 5.365030e-01
1.364000e+04 5.364790e-01
1.364373e+04 5.364110e-01
1.364873e+04 5.361590e-01
1.365000e+04 5.361360e-01
1.365373e+04 5.362320e-01
1.365873e+04 5.362490e-01
1.366000e+04 5.362960e-01
1.366374e+04 5.362690e-01
1.366874e+04 5.360140e-01
1.367000e+04 5.359550e-01
1.367374e+04 5.357820e-01
1.367874e+04 5.354160e-01
1.368000e+04 5.353230e-01
1.368374e+04 5.350450e-01
1.368874e+04 5.348160e-01
1.369000e+04 5.347450e-01
1.369374e+04 5.345340e-01
1.369875e+04 5.341340e-01
1.370000e+04 5.340130e-01
1.370375e+04 5.336520e-01
1.370875e+04 5.330470e-01
1.371000e+04 5.329020e-01
1.371375e+04 5.324670e-01
1.371875e+04 5.319970e-01
1.372000e+04 5.318880e-01
1.372375e+04 5.315620e-01
1.372875e+04 5.309640e-01
1.373000e+04 5.308030e-01
1.373375e+04 5.303190e-01
1.373875e+04 5.296190e-01
1.374000e+04 5.294270e-01
1.374376e+04 5.290130e-01
1.374876e+04 5.283490e-01
1.375000e+04 5.281740e-01
1.375376e+04 5.274820e-01
1.375876e+04 5.264570e-01
1.376000e+04 5.262000e-01
1.376376e+04 5.254200e-01
1.376876e+04 5.246060e-01
1.377000e+04 5.242700e-01
1.377376e+04 5.232470e-01
1.377877e+04 5.221860e-01
1.378000e+04 5.218440e-01
1.378377e+04 5.208020e-01
1.378877e+04 5.194630e-01
1.379000e+04 5.190920e-01
1.379377e+04 5.179600e-01
1.379877e+04 5.162060e-01
1.380000e+04 5.157450e-01
1.380377e+04 5.144430e-01
1.380877e+04 5.124660e-01
1.381000e+04 5.119950e-01
1.381378e+04 5.105440e-01
1.381878e+04 5.084250e-01
1.382000e+04 5.079090e-01
1.382378e+04 5.063150e-01
1.382878e+04 5.041630e-01
1.383000e+04 5.036490e-01
1.383378e+04 5.028140e-01
1.383878e+04 5.017070e-01
1.384000e+04 5.014280e-01
1.384378e+04 5.005570e-01
1.384879e+04 4.993150e-01
1.385000e+04 4.990660e-01
1.385379e+04 4.984450e-01
1.385879e+04 4.979250e-01
1.386000e+04 4.978660e-01
1.386379e+04 4.975260e-01
1.386879e+04 4.974090e-01
1.387000e+04 4.974160e-01
1.387379e+04 4.974350e-01
1.387879e+04 4.975300e-01
1.388000e+04 4.977260e-01
1.388379e+04 4.983400e-01
1.388880e+04 4.994120e-01
1.389000e+04 4.997570e-01
1.389380e+04 5.008480e-01
1.389880e+04 5.026820e-01
1.390000e+04 5.031450e-01
1.390380e+04 5.046120e-01
1.390880e+04 5.066110e-01
1.391000e+04 5.070170e-01
1.391380e+04 5.083070e-01
1.391880e+04 5.097080e-01
1.392000e+04 5.098410e-01
1.392381e+04 5.102660e-01
1.392881e+04 5.096210e-01
1.393000e+04 5.090720e-01
1.393381e+04 5.073180e-01
1.393881e+04 5.028670e-01
1.394000e+04 5.013270e-01
1.394381e+04 4.963930e-01
1.394881e+04 4.875800e-01
1.395000e+04 4.849850e-01
1.395381e+04 4.766480e-01
1.395882e+04 4.628280e-01
1.396000e+04 4.589610e-01
1.396382e+04 4.464870e-01
1.396882e+04 4.276310e-01
1.397000e+04 4.225470e-01
1.397382e+04 4.061010e-01
1.397882e+04 3.832050e-01
1.398000e+04 3.768720e-01
1.398382e+04 3.563160e-01
1.398882e+04 3.286640e-01
1.399000e+04 3.219520e-01
1.399383e+04 3.001140e-01
1.399883e+04 2.722690e-01
1.400000e+04 2.659890e-01
1.400383e+04 2.454020e-01
1.400883e+04 2.180490e-01
1.401000e+04 2.119730e-01
1.401383e+04 1.920880e-01
1.401883e+04 1.671680e-01
1.402000e+04 1.617990e-01
1.402383e+04 1.441860e-01
1.402883e+04 1.241290e-01
1.403000e+04 1.199540e-01
1.403384e+04 1.062130e-01
1.403884e+04 9.118070e-02
1.404000e+04 8.819650e-02
1.404384e+04 7.834450e-02
1.404884e+04 6.757930e-02
1.405000e+04 6.540020e-02
1.405384e+04 5.818270e-02
1.405884e+04 5.011420e-02
1.406000e+04 4.849050e-02
1.406384e+04 4.309960e-02
1.406884e+04 3.688450e-02
1.407000e+04 3.566230e-02
1.407385e+04 3.160160e-02
1.407885e+04 2.695310e-02
1.408000e+04 2.606240e-02
1.408385e+04 2.307770e-02
1.408885e+04 2.019760e-02
1.409000e+04 1.953580e-02
1.409385e+04 1.731730e-02
1.409885e+04 1.514340e-02
1.410000e+04 1.471810e-02
1.410386e+04 1.328840e-02
1.410886e+04 1.186980e-02
1.411000e+04 1.148890e-02
1.411386e+04 1.020320e-02
1.411886e+04 9.015170e-03
1.412000e+04 8.783740e-03
1.412386e+04 8.000130e-03
1.412886e+04 7.081100e-03
1.413000e+04 6.897340e-03
1.413386e+04 6.273570e-03
1.413886e+04 5.550460e-03
1.414000e+04 5.404420e-03
1.414387e+04 4.907160e-03
1.414887e+04 4.251170e-03
1.415000e+04 4.163840e-03
1.415387e+04 3.865490e-03
1.415887e+04 3.598070e-03
1.416000e+04 3.547450e-03
1.416387e+04 3.373920e-03
1.416887e+04 2.876910e-03
1.417000e+04 2.796530e-03
1.417387e+04 2.520290e-03
1.417888e+04 2.263440e-03
1.418000e+04 2.212020e-03
1.418388e+04 2.034780e-03
1.418888e+04 1.828500e-03
1.419000e+04 1.787810e-03
1.419388e+04 1.646550e-03
1.419888e+04 1.475610e-03
1.420000e+04 1.432810e-03
1.420388e+04 1.284460e-03
1.420888e+04 1.044210e-03
1.421000e+04 1.000730e-03
1.421388e+04 8.495570e-04
1.421889e+04 9.929600e-04
1.422000e+04 9.875390e-04
1.422389e+04 9.686290e-04
1.422889e+04 9.628280e-04
1.423000e+04 9.541680e-04
1.423389e+04 9.238560e-04
1.423889e+04 6.643740e-04
1.424000e+04 6.475190e-04
1.424389e+04 5.883750e-04
1.424889e+04 5.457400e-04
1.425000e+04 5.336420e-04
1.425389e+04 4.910590e-04
1.425890e+04 4.420550e-04
1.426000e+04 4.340760e-04
1.426390e+04 4.058630e-04
1.426890e+04 3.767520e-04
1.427000e+04 3.694160e-04
1.427390e+04 3.434090e-04
1.428000e+04 3.312220e-04
1.429000e+04 3.112360e-04
1.430000e+04 2.912470e-04
1.431000e+04 2.712550e-04
1.432000e+04 2.512600e-04
1.433000e+04 2.312630e-04
1.434000e+04 2.112630e-04
1.435000e+04 1.912590e-04
1.436000e+04 1.712530e-04
1.437000e+04 1.512440e-04
1.438000e+04 1.312330e-04
1.438393e+04 1.233660e-04
1.439000e+04 1.128080e-04
