# # Wavelength(Angstrom)  Transmission
7.835500e+03 1.312590e-04
7.845500e+03 2.266880e-04
7.855500e+03 4.398030e-04
7.865500e+03 9.525150e-04
7.875500e+03 2.154150e-03
7.885500e+03 5.055230e-03
7.895500e+03 1.182500e-02
7.905500e+03 2.476800e-02
7.915500e+03 4.611230e-02
7.925500e+03 7.530930e-02
7.935500e+03 1.108330e-01
7.945500e+03 1.460660e-01
7.955500e+03 1.777120e-01
7.965500e+03 2.042260e-01
7.975500e+03 2.237960e-01
7.985500e+03 2.377070e-01
7.995500e+03 2.465470e-01
8.005500e+03 2.527260e-01
8.015500e+03 2.557580e-01
8.025500e+03 2.570100e-01
8.035500e+03 2.581220e-01
8.045500e+03 2.594590e-01
8.055500e+03 2.599230e-01
8.065500e+03 2.582330e-01
8.075500e+03 2.541730e-01
8.085500e+03 2.493740e-01
8.095500e+03 2.461420e-01
8.105500e+03 2.455680e-01
8.115500e+03 2.472920e-01
8.125500e+03 2.503290e-01
8.135500e+03 2.523730e-01
8.145500e+03 2.546260e-01
8.155500e+03 2.540130e-01
8.165500e+03 2.538250e-01
8.175500e+03 2.554880e-01
8.185500e+03 2.597210e-01
8.195500e+03 2.640550e-01
8.205500e+03 2.698050e-01
8.215500e+03 2.740400e-01
8.225500e+03 2.760390e-01
8.235500e+03 2.766850e-01
8.245500e+03 2.759100e-01
8.255500e+03 2.728100e-01
8.265500e+03 2.698150e-01
8.275500e+03 2.682910e-01
8.285500e+03 2.680860e-01
8.295500e+03 2.689020e-01
8.305500e+03 2.696860e-01
8.315500e+03 2.704370e-01
8.325500e+03 2.699250e-01
8.335500e+03 2.682660e-01
8.345500e+03 2.663740e-01
8.355500e+03 2.666130e-01
8.365500e+03 2.675180e-01
8.375500e+03 2.694430e-01
8.385500e+03 2.718700e-01
8.395500e+03 2.737540e-01
8.405500e+03 2.755180e-01
8.415500e+03 2.772350e-01
8.425500e+03 2.788500e-01
8.435500e+03 2.799010e-01
8.445500e+03 2.808810e-01
8.455500e+03 2.811020e-01
8.465500e+03 2.814290e-01
8.475500e+03 2.800880e-01
8.485500e+03 2.796630e-01
8.495500e+03 2.809460e-01
8.505500e+03 2.820780e-01
8.515500e+03 2.837330e-01
8.525500e+03 2.832340e-01
8.535500e+03 2.827630e-01
8.545500e+03 2.823020e-01
8.555500e+03 2.805350e-01
8.565500e+03 2.805030e-01
8.575500e+03 2.806460e-01
8.585500e+03 2.813730e-01
8.595500e+03 2.808250e-01
8.605500e+03 2.821070e-01
8.615500e+03 2.822710e-01
8.625500e+03 2.809770e-01
8.635500e+03 2.804840e-01
8.645500e+03 2.819720e-01
8.655500e+03 2.830180e-01
8.665500e+03 2.868570e-01
8.675500e+03 2.877090e-01
8.685500e+03 2.881090e-01
8.695500e+03 2.897670e-01
8.705500e+03 2.921540e-01
8.715500e+03 2.911440e-01
8.725500e+03 2.935990e-01
8.735500e+03 2.937840e-01
8.745500e+03 2.939880e-01
8.755500e+03 2.909230e-01
8.765500e+03 2.904050e-01
8.775500e+03 2.926190e-01
8.785500e+03 2.913020e-01
8.795500e+03 2.880080e-01
8.805500e+03 2.906780e-01
8.815500e+03 2.885660e-01
8.825500e+03 2.888300e-01
8.835500e+03 2.879500e-01
8.845500e+03 2.887050e-01
8.855500e+03 2.829870e-01
8.865500e+03 2.795560e-01
8.875500e+03 2.840770e-01
8.885500e+03 2.898800e-01
8.895500e+03 2.876490e-01
8.905500e+03 2.885480e-01
8.915500e+03 2.950680e-01
8.925500e+03 2.973650e-01
8.935500e+03 2.983510e-01
8.945500e+03 2.994330e-01
8.955500e+03 2.997750e-01
8.965500e+03 2.984010e-01
8.975500e+03 2.976330e-01
8.985500e+03 2.966240e-01
8.995500e+03 2.954600e-01
9.005500e+03 2.942050e-01
9.015500e+03 2.921910e-01
9.025500e+03 2.912470e-01
9.035500e+03 2.888910e-01
9.045500e+03 2.872570e-01
9.055500e+03 2.879020e-01
9.065500e+03 2.865450e-01
9.075500e+03 2.853330e-01
9.085500e+03 2.869540e-01
9.095500e+03 2.879750e-01
9.105500e+03 2.902720e-01
9.115500e+03 2.921040e-01
9.125500e+03 2.945230e-01
9.135500e+03 2.980880e-01
9.145500e+03 3.002790e-01
9.155500e+03 3.030970e-01
9.165500e+03 3.073580e-01
9.175500e+03 3.085250e-01
9.185500e+03 3.112160e-01
9.195500e+03 3.118940e-01
9.205500e+03 3.116350e-01
9.215500e+03 3.123110e-01
9.225500e+03 3.113820e-01
9.235500e+03 3.103560e-01
9.245500e+03 3.074290e-01
9.255500e+03 3.064210e-01
9.265500e+03 3.047450e-01
9.275500e+03 3.030420e-01
9.285500e+03 3.019920e-01
9.295500e+03 3.021410e-01
9.305500e+03 3.017520e-01
9.315500e+03 3.021230e-01
9.325500e+03 3.020900e-01
9.335500e+03 3.015720e-01
9.345500e+03 3.016570e-01
9.355500e+03 3.013420e-01
9.365500e+03 3.010380e-01
9.375500e+03 3.010590e-01
9.385500e+03 3.005730e-01
9.395500e+03 3.014650e-01
9.405500e+03 3.033080e-01
9.415500e+03 3.044460e-01
9.425500e+03 3.063870e-01
9.435500e+03 3.075370e-01
9.445500e+03 3.094680e-01
9.455500e+03 3.101740e-01
9.465500e+03 3.109290e-01
9.475500e+03 3.100700e-01
9.485500e+03 3.094850e-01
9.495500e+03 3.093940e-01
9.505500e+03 3.086160e-01
9.515500e+03 3.092690e-01
9.525500e+03 3.067610e-01
9.535500e+03 3.061550e-01
9.545500e+03 3.046270e-01
9.555500e+03 3.042080e-01
9.565500e+03 3.034340e-01
9.575500e+03 3.026850e-01
9.585500e+03 3.037490e-01
9.595500e+03 3.037680e-01
9.605500e+03 3.039780e-01
9.615500e+03 3.050370e-01
9.625500e+03 3.068900e-01
9.635500e+03 3.088200e-01
9.645500e+03 3.110150e-01
9.655500e+03 3.122060e-01
9.665500e+03 3.130290e-01
9.675500e+03 3.140760e-01
9.685500e+03 3.149740e-01
9.695500e+03 3.161990e-01
9.705500e+03 3.154110e-01
9.715500e+03 3.153880e-01
9.725500e+03 3.151170e-01
9.735500e+03 3.147110e-01
9.745500e+03 3.127090e-01
9.755500e+03 3.135750e-01
9.765500e+03 3.111880e-01
9.775500e+03 3.099080e-01
9.785500e+03 3.082910e-01
9.795500e+03 3.067100e-01
9.805500e+03 3.047120e-01
9.815500e+03 3.056970e-01
9.825500e+03 3.061840e-01
9.835500e+03 3.075960e-01
9.845500e+03 3.095690e-01
9.855500e+03 3.127240e-01
9.865500e+03 3.141610e-01
9.875500e+03 3.164560e-01
9.885500e+03 3.176660e-01
9.895500e+03 3.185560e-01
9.905500e+03 3.186410e-01
9.915500e+03 3.178310e-01
9.925500e+03 3.176360e-01
9.935500e+03 3.160880e-01
9.945500e+03 3.146170e-01
9.955500e+03 3.150250e-01
9.965500e+03 3.139870e-01
9.975500e+03 3.130610e-01
9.985500e+03 3.102330e-01
9.995500e+03 3.053430e-01
1.000550e+04 2.943820e-01
1.001550e+04 2.762220e-01
1.002550e+04 2.483470e-01
1.003550e+04 2.122990e-01
1.004550e+04 1.763260e-01
1.005550e+04 1.428780e-01
1.006550e+04 1.176250e-01
1.007550e+04 9.478230e-02
1.008550e+04 7.861920e-02
1.009550e+04 6.398450e-02
1.010550e+04 5.451750e-02
1.011550e+04 4.570110e-02
1.012550e+04 3.982710e-02
1.013550e+04 3.379320e-02
1.014550e+04 2.980470e-02
1.015550e+04 2.543820e-02
1.016550e+04 2.244670e-02
1.017550e+04 1.901960e-02
1.018550e+04 1.598490e-02
1.019550e+04 1.285470e-02
1.020550e+04 9.944050e-03
1.021550e+04 7.430940e-03
1.022550e+04 5.358740e-03
1.023550e+04 3.977760e-03
1.024550e+04 2.795770e-03
1.025550e+04 1.987200e-03
1.026550e+04 1.393120e-03
1.027550e+04 1.001520e-03
1.028550e+04 7.282440e-04
1.029550e+04 5.202800e-04
1.030550e+04 4.002520e-04
1.031550e+04 2.960100e-04
1.032550e+04 2.244760e-04
1.033550e+04 1.700450e-04
1.034550e+04 1.318810e-04
1.035550e+04 1.010630e-04
