# # Wavelength(Angstrom)  Transmission
1.000851e+06 4.470000e-04
1.002105e+06 4.740000e-04
1.003363e+06 3.670000e-04
1.004623e+06 4.070000e-04
1.005887e+06 4.720000e-04
1.007154e+06 4.940000e-04
1.008424e+06 5.390000e-04
1.009697e+06 5.890000e-04
1.010974e+06 5.530000e-04
1.012253e+06 5.480000e-04
1.013536e+06 6.800000e-04
1.014822e+06 7.000000e-04
1.016112e+06 5.960000e-04
1.017405e+06 5.570000e-04
1.018701e+06 6.410000e-04
1.020000e+06 7.240000e-04
1.021303e+06 6.770000e-04
1.022609e+06 7.150000e-04
1.023918e+06 7.660000e-04
1.025231e+06 6.650000e-04
1.026547e+06 7.250000e-04
1.027866e+06 7.150000e-04
1.029189e+06 7.190000e-04
1.030516e+06 7.990000e-04
1.031845e+06 7.490000e-04
1.033178e+06 7.520000e-04
1.034515e+06 7.890000e-04
1.035855e+06 8.220000e-04
1.037199e+06 8.460000e-04
1.038546e+06 8.190000e-04
1.039896e+06 7.860000e-04
1.041250e+06 7.970000e-04
1.042608e+06 9.000000e-04
1.043969e+06 9.660000e-04
1.045334e+06 9.520000e-04
1.046702e+06 8.080000e-04
1.048074e+06 7.380000e-04
1.049449e+06 8.190000e-04
1.050828e+06 9.270000e-04
1.052211e+06 9.320000e-04
1.053597e+06 8.310000e-04
1.054987e+06 7.920000e-04
1.056381e+06 7.960000e-04
1.057778e+06 8.190000e-04
1.059179e+06 8.700000e-04
1.060584e+06 9.040000e-04
1.061992e+06 9.240000e-04
1.063404e+06 8.890000e-04
1.064820e+06 9.010000e-04
1.066240e+06 9.430000e-04
1.067664e+06 8.810000e-04
1.069091e+06 7.960000e-04
1.070522e+06 8.660000e-04
1.071957e+06 9.430000e-04
1.073396e+06 9.320000e-04
1.074839e+06 1.009000e-03
1.076286e+06 9.360000e-04
1.077736e+06 8.030000e-04
1.079190e+06 9.970000e-04
1.080649e+06 1.114000e-03
1.082111e+06 1.061000e-03
1.083577e+06 1.021000e-03
1.085048e+06 9.810000e-04
1.086522e+06 9.170000e-04
1.088000e+06 9.330000e-04
1.089482e+06 9.370000e-04
1.090969e+06 8.760000e-04
1.092459e+06 8.640000e-04
1.093954e+06 8.830000e-04
1.095452e+06 1.011000e-03
1.096955e+06 1.149000e-03
1.098462e+06 1.216000e-03
1.099973e+06 1.242000e-03
1.101488e+06 1.255000e-03
1.103007e+06 1.211000e-03
1.104531e+06 1.216000e-03
1.106058e+06 1.288000e-03
1.107590e+06 1.282000e-03
1.109126e+06 1.384000e-03
1.110667e+06 1.455000e-03
1.112212e+06 1.513000e-03
1.113761e+06 1.442000e-03
1.115314e+06 1.455000e-03
1.116872e+06 1.539000e-03
1.118434e+06 1.477000e-03
1.120000e+06 1.562000e-03
1.121571e+06 1.587000e-03
1.123146e+06 1.518000e-03
1.124726e+06 1.472000e-03
1.126310e+06 1.510000e-03
1.127899e+06 1.489000e-03
1.129492e+06 1.518000e-03
1.131089e+06 1.668000e-03
1.132691e+06 1.809000e-03
1.134298e+06 1.797000e-03
1.135909e+06 1.851000e-03
1.137525e+06 1.818000e-03
1.139145e+06 2.091000e-03
1.140771e+06 2.203000e-03
1.142400e+06 2.179000e-03
1.144035e+06 2.222000e-03
1.145674e+06 2.193000e-03
1.147317e+06 2.368000e-03
1.148966e+06 2.635000e-03
1.150619e+06 2.708000e-03
1.152277e+06 2.766000e-03
1.153940e+06 3.203000e-03
1.155607e+06 3.520000e-03
1.157279e+06 3.654000e-03
1.158957e+06 3.983000e-03
1.160639e+06 4.197000e-03
1.162326e+06 4.252000e-03
1.164018e+06 4.276000e-03
1.165714e+06 4.526000e-03
1.167416e+06 4.801000e-03
1.169123e+06 5.002000e-03
1.170835e+06 5.536000e-03
1.172552e+06 5.423000e-03
1.174273e+06 5.623000e-03
1.176000e+06 5.942000e-03
1.177732e+06 6.242000e-03
1.179469e+06 6.348000e-03
1.181211e+06 6.335000e-03
1.182959e+06 6.441000e-03
1.184711e+06 6.615000e-03
1.186469e+06 7.240000e-03
1.188232e+06 7.551000e-03
1.190000e+06 8.008000e-03
1.191774e+06 8.284000e-03
1.193552e+06 8.640000e-03
1.195337e+06 8.983000e-03
1.197126e+06 9.191000e-03
1.198921e+06 9.407000e-03
1.200721e+06 9.608000e-03
1.202527e+06 9.991000e-03
1.204338e+06 1.015200e-02
1.206154e+06 1.058700e-02
1.207976e+06 1.131900e-02
1.209804e+06 1.181800e-02
1.211637e+06 1.209100e-02
1.213475e+06 1.236400e-02
1.215319e+06 1.293600e-02
1.217169e+06 1.342200e-02
1.219025e+06 1.412100e-02
1.220886e+06 1.481300e-02
1.222752e+06 1.522900e-02
1.224625e+06 1.650400e-02
1.226503e+06 1.740500e-02
1.228387e+06 1.794600e-02
1.230277e+06 1.860500e-02
1.232173e+06 1.946400e-02
1.234074e+06 2.066300e-02
1.235982e+06 2.182800e-02
1.237895e+06 2.267400e-02
1.239814e+06 2.372700e-02
1.241739e+06 2.597900e-02
1.243670e+06 2.794200e-02
1.245608e+06 2.928300e-02
1.247551e+06 3.068100e-02
1.249500e+06 3.254100e-02
1.251456e+06 3.429300e-02
1.253417e+06 3.626100e-02
1.255385e+06 3.815700e-02
1.257359e+06 4.034900e-02
1.259339e+06 4.331500e-02
1.261325e+06 4.632600e-02
1.263318e+06 4.911500e-02
1.265317e+06 5.169600e-02
1.267322e+06 5.463300e-02
1.269334e+06 5.783700e-02
1.271352e+06 6.086300e-02
1.273376e+06 6.360700e-02
1.275407e+06 6.696000e-02
1.277444e+06 7.123200e-02
1.279488e+06 7.660500e-02
1.281539e+06 8.096100e-02
1.283596e+06 8.556600e-02
1.285659e+06 8.964600e-02
1.287730e+06 9.434200e-02
1.289807e+06 9.970300e-02
1.291890e+06 1.044910e-01
1.293981e+06 1.094020e-01
1.296078e+06 1.149450e-01
1.298182e+06 1.204420e-01
1.300293e+06 1.275140e-01
1.302411e+06 1.345960e-01
1.304535e+06 1.388640e-01
1.306667e+06 1.461230e-01
1.308805e+06 1.503310e-01
1.310951e+06 1.575030e-01
1.313104e+06 1.620070e-01
1.315263e+06 1.700090e-01
1.317430e+06 1.743700e-01
1.319604e+06 1.820980e-01
1.321785e+06 1.878040e-01
1.323974e+06 1.957490e-01
1.326169e+06 2.005130e-01
1.328372e+06 2.087060e-01
1.330583e+06 2.133230e-01
1.332800e+06 2.223230e-01
1.335025e+06 2.269490e-01
1.337258e+06 2.312590e-01
1.339498e+06 2.392670e-01
1.341745e+06 2.419750e-01
1.344000e+06 2.499690e-01
1.346263e+06 2.594550e-01
1.348533e+06 2.685230e-01
1.350811e+06 2.773110e-01
1.353097e+06 2.852250e-01
1.355390e+06 2.936490e-01
1.357691e+06 3.021120e-01
1.360000e+06 3.108230e-01
1.362317e+06 3.188010e-01
1.364642e+06 3.228650e-01
1.366975e+06 3.341760e-01
1.369315e+06 3.486800e-01
1.371664e+06 3.561990e-01
1.374021e+06 3.708310e-01
1.376386e+06 3.857310e-01
1.378759e+06 4.004230e-01
1.381140e+06 4.145830e-01
1.383530e+06 4.298780e-01
1.385927e+06 4.450000e-01
1.388334e+06 4.579520e-01
1.390748e+06 4.659730e-01
1.393171e+06 4.802370e-01
1.395602e+06 4.954820e-01
1.398042e+06 5.098540e-01
1.400491e+06 5.322260e-01
1.402948e+06 5.477510e-01
1.405413e+06 5.623690e-01
1.407888e+06 5.849990e-01
1.410371e+06 6.080220e-01
1.412862e+06 6.292900e-01
1.415363e+06 6.451160e-01
1.417873e+06 6.584100e-01
1.420391e+06 6.715910e-01
1.422918e+06 6.757740e-01
1.425455e+06 6.884790e-01
1.428000e+06 7.002920e-01
1.430555e+06 7.024980e-01
1.433119e+06 7.158880e-01
1.435691e+06 7.282600e-01
1.438274e+06 7.404540e-01
1.440865e+06 7.419690e-01
1.443466e+06 7.545910e-01
1.446076e+06 7.571510e-01
1.448696e+06 7.687150e-01
1.451325e+06 7.705940e-01
1.453964e+06 7.843530e-01
1.456612e+06 7.869920e-01
1.459270e+06 7.985930e-01
1.461938e+06 8.043200e-01
1.464616e+06 8.123170e-01
1.467303e+06 8.132380e-01
1.470000e+06 8.236840e-01
1.472707e+06 8.346490e-01
1.475425e+06 8.476350e-01
1.478152e+06 8.590120e-01
1.480889e+06 8.689080e-01
1.483637e+06 8.799650e-01
1.486394e+06 8.910540e-01
1.489162e+06 8.985510e-01
1.491941e+06 9.008320e-01
1.494729e+06 9.120810e-01
1.497528e+06 9.234890e-01
1.500338e+06 9.332710e-01
1.503158e+06 9.422130e-01
1.505989e+06 9.518610e-01
1.508830e+06 9.617710e-01
1.511683e+06 9.720940e-01
1.514546e+06 9.813950e-01
1.517420e+06 9.944760e-01
1.520304e+06 9.997490e-01
1.523200e+06 9.991510e-01
1.526107e+06 9.975480e-01
1.529025e+06 9.957000e-01
1.531954e+06 9.950620e-01
1.534895e+06 9.936760e-01
1.537846e+06 1.000000e+00
1.540809e+06 9.983530e-01
1.543784e+06 9.975020e-01
1.546770e+06 9.950630e-01
1.549768e+06 9.932750e-01
1.552777e+06 9.929450e-01
1.555798e+06 9.807010e-01
1.558831e+06 9.777390e-01
1.561875e+06 9.757560e-01
1.564932e+06 9.655440e-01
1.568000e+06 9.636340e-01
1.571081e+06 9.607700e-01
1.574173e+06 9.542580e-01
1.577278e+06 9.577570e-01
1.580396e+06 9.553370e-01
1.583525e+06 9.526070e-01
1.586667e+06 9.507780e-01
1.589821e+06 9.597100e-01
1.592988e+06 9.570480e-01
1.596168e+06 9.540590e-01
1.599360e+06 9.508790e-01
1.602565e+06 9.493850e-01
1.605783e+06 9.473780e-01
1.609014e+06 9.466680e-01
1.612258e+06 9.469530e-01
1.615515e+06 9.478910e-01
1.618786e+06 9.557650e-01
1.622069e+06 9.535000e-01
1.625366e+06 9.541590e-01
1.628676e+06 9.560260e-01
1.632000e+06 9.560260e-01
1.635338e+06 9.649620e-01
1.638689e+06 9.654610e-01
1.642054e+06 9.650310e-01
1.645432e+06 9.637970e-01
1.648825e+06 9.534180e-01
1.652232e+06 9.518260e-01
1.655652e+06 9.490670e-01
1.659087e+06 9.449640e-01
1.662537e+06 9.312340e-01
1.666000e+06 9.265870e-01
1.669478e+06 9.208680e-01
1.672971e+06 9.135800e-01
1.676478e+06 8.985480e-01
1.680000e+06 8.805140e-01
1.683537e+06 8.615040e-01
1.687089e+06 8.526930e-01
1.690656e+06 8.339050e-01
1.694238e+06 8.204300e-01
1.697835e+06 7.975710e-01
1.701447e+06 7.844590e-01
1.705075e+06 7.598770e-01
1.708718e+06 7.406170e-01
1.712377e+06 7.113540e-01
1.716052e+06 6.847080e-01
1.719742e+06 6.572760e-01
1.723449e+06 6.298940e-01
1.727171e+06 6.106680e-01
1.730909e+06 5.833450e-01
1.734664e+06 5.551740e-01
1.738435e+06 5.276460e-01
1.742223e+06 4.969000e-01
1.746026e+06 4.714990e-01
1.749847e+06 4.459060e-01
1.753684e+06 4.193620e-01
1.757539e+06 3.933000e-01
1.761410e+06 3.688250e-01
1.765298e+06 3.447540e-01
1.769204e+06 3.259550e-01
1.773127e+06 3.036000e-01
1.777067e+06 2.825850e-01
1.781025e+06 2.652380e-01
1.785000e+06 2.501960e-01
1.788994e+06 2.341940e-01
1.793005e+06 2.192110e-01
1.797034e+06 2.032290e-01
1.801081e+06 1.899030e-01
1.805147e+06 1.773660e-01
1.809231e+06 1.660200e-01
1.813334e+06 1.531600e-01
1.817455e+06 1.430910e-01
1.821595e+06 1.337210e-01
1.825754e+06 1.254810e-01
1.829932e+06 1.168890e-01
1.834129e+06 1.090560e-01
1.838345e+06 1.022760e-01
1.842581e+06 9.579900e-02
1.846836e+06 8.874700e-02
1.851111e+06 8.355600e-02
1.855406e+06 7.820600e-02
1.859721e+06 7.298600e-02
1.864056e+06 6.856700e-02
1.868412e+06 6.425200e-02
1.872787e+06 5.930400e-02
1.877183e+06 5.495600e-02
1.881600e+06 5.170500e-02
1.886038e+06 4.774300e-02
1.890497e+06 4.466200e-02
1.894977e+06 4.115900e-02
1.899478e+06 3.858500e-02
1.904000e+06 3.567700e-02
1.908544e+06 3.304400e-02
1.913110e+06 3.063400e-02
1.917698e+06 2.874600e-02
1.922308e+06 2.674200e-02
1.926940e+06 2.463000e-02
1.931595e+06 2.282900e-02
1.936271e+06 2.089600e-02
1.940971e+06 1.940600e-02
1.945694e+06 1.819900e-02
1.950439e+06 1.690100e-02
1.955208e+06 1.600100e-02
1.960000e+06 1.493500e-02
1.964816e+06 1.388100e-02
1.969655e+06 1.306100e-02
1.974519e+06 1.206500e-02
1.979406e+06 1.121000e-02
1.984318e+06 1.045000e-02
1.989254e+06 9.667000e-03
1.994215e+06 9.083000e-03
1.999200e+06 8.501000e-03
