# # Wavelength(Angstrom)  Transmission
3.081060e+04 4.900000e-04
3.082890e+04 5.860000e-04
3.084730e+04 4.530000e-04
3.086560e+04 4.580000e-04
3.088400e+04 4.390000e-04
3.090240e+04 5.310000e-04
3.092080e+04 6.410000e-04
3.093930e+04 4.420000e-04
3.095780e+04 5.350000e-04
3.097620e+04 6.550000e-04
3.099480e+04 5.250000e-04
3.101330e+04 6.310000e-04
3.103190e+04 6.180000e-04
3.105040e+04 4.960000e-04
3.106900e+04 7.000000e-04
3.108770e+04 8.950000e-04
3.110630e+04 8.730000e-04
3.112500e+04 1.045000e-03
3.114370e+04 1.294000e-03
3.116240e+04 1.390000e-03
3.118110e+04 1.683000e-03
3.119990e+04 2.132000e-03
3.121870e+04 2.413000e-03
3.123750e+04 2.782000e-03
3.125630e+04 3.343000e-03
3.127520e+04 3.846000e-03
3.129400e+04 4.596000e-03
3.131290e+04 5.760000e-03
3.133190e+04 6.889000e-03
3.135080e+04 8.313000e-03
3.136980e+04 1.017000e-02
3.138880e+04 1.218000e-02
3.140780e+04 1.482000e-02
3.142680e+04 1.816000e-02
3.144590e+04 2.181000e-02
3.146490e+04 2.646000e-02
3.148410e+04 3.197000e-02
3.150320e+04 3.857000e-02
3.152230e+04 4.650000e-02
3.154150e+04 5.522000e-02
3.156070e+04 6.533000e-02
3.157990e+04 7.740000e-02
3.159920e+04 9.147000e-02
3.161840e+04 1.061000e-01
3.163770e+04 1.220000e-01
3.165700e+04 1.406000e-01
3.167640e+04 1.589000e-01
3.169570e+04 1.788000e-01
3.171510e+04 2.002000e-01
3.173450e+04 2.205000e-01
3.175400e+04 2.412000e-01
3.177340e+04 2.618000e-01
3.179290e+04 2.822000e-01
3.181240e+04 2.986000e-01
3.183190e+04 3.140000e-01
3.185150e+04 3.304000e-01
3.187110e+04 3.431000e-01
3.189070e+04 3.529000e-01
3.191030e+04 3.606000e-01
3.192990e+04 3.685000e-01
3.194960e+04 3.723000e-01
3.196930e+04 3.737000e-01
3.198900e+04 3.750000e-01
3.200880e+04 3.744000e-01
3.202860e+04 3.718000e-01
3.204840e+04 3.703000e-01
3.206820e+04 3.686000e-01
3.208800e+04 3.653000e-01
3.210790e+04 3.619000e-01
3.212780e+04 3.580000e-01
3.214770e+04 3.541000e-01
3.216760e+04 3.513000e-01
3.218760e+04 3.495000e-01
3.220760e+04 3.484000e-01
3.222760e+04 3.452000e-01
3.224770e+04 3.437000e-01
3.226770e+04 3.446000e-01
3.228780e+04 3.436000e-01
3.230790e+04 3.436000e-01
3.232810e+04 3.443000e-01
3.234820e+04 3.448000e-01
3.236840e+04 3.474000e-01
3.238870e+04 3.496000e-01
3.240890e+04 3.512000e-01
3.242920e+04 3.541000e-01
3.244950e+04 3.578000e-01
3.246980e+04 3.623000e-01
3.249010e+04 3.661000e-01
3.251050e+04 3.698000e-01
3.253090e+04 3.748000e-01
3.255130e+04 3.795000e-01
3.257180e+04 3.841000e-01
3.259220e+04 3.895000e-01
3.261270e+04 3.936000e-01
3.263320e+04 3.974000e-01
3.265380e+04 4.007000e-01
3.267440e+04 4.034000e-01
3.269500e+04 4.065000e-01
3.271560e+04 4.104000e-01
3.273630e+04 4.125000e-01
3.275690e+04 4.137000e-01
3.277760e+04 4.158000e-01
3.279840e+04 4.158000e-01
3.281910e+04 4.163000e-01
3.283990e+04 4.165000e-01
3.286070e+04 4.153000e-01
3.288160e+04 4.145000e-01
3.290240e+04 4.143000e-01
3.292330e+04 4.145000e-01
3.294420e+04 4.134000e-01
3.296520e+04 4.125000e-01
3.298620e+04 4.117000e-01
3.300710e+04 4.091000e-01
3.302820e+04 4.086000e-01
3.304920e+04 4.091000e-01
3.307030e+04 4.069000e-01
3.309140e+04 4.060000e-01
3.311250e+04 4.056000e-01
3.313370e+04 4.050000e-01
3.315490e+04 4.055000e-01
3.317610e+04 4.044000e-01
3.319730e+04 4.024000e-01
3.321860e+04 4.027000e-01
3.323990e+04 4.036000e-01
3.326120e+04 4.042000e-01
3.328260e+04 4.047000e-01
3.330390e+04 4.043000e-01
3.332530e+04 4.047000e-01
3.334680e+04 4.066000e-01
3.336820e+04 4.068000e-01
3.338970e+04 4.066000e-01
3.341120e+04 4.070000e-01
3.343280e+04 4.067000e-01
3.345430e+04 4.065000e-01
3.347590e+04 4.067000e-01
3.349760e+04 4.072000e-01
3.351920e+04 4.070000e-01
3.354090e+04 4.066000e-01
3.356260e+04 4.063000e-01
3.358430e+04 4.051000e-01
3.360610e+04 4.051000e-01
3.362790e+04 4.049000e-01
3.364970e+04 4.039000e-01
3.367160e+04 4.048000e-01
3.369350e+04 4.041000e-01
3.371540e+04 4.016000e-01
3.373730e+04 4.033000e-01
3.375930e+04 4.056000e-01
3.378130e+04 4.056000e-01
3.380330e+04 4.063000e-01
3.382530e+04 4.071000e-01
3.384740e+04 4.080000e-01
3.386950e+04 4.109000e-01
3.389170e+04 4.135000e-01
3.391380e+04 4.160000e-01
3.393600e+04 4.187000e-01
3.395820e+04 4.208000e-01
3.398050e+04 4.245000e-01
3.400280e+04 4.273000e-01
3.402510e+04 4.291000e-01
3.404740e+04 4.321000e-01
3.406980e+04 4.333000e-01
3.409220e+04 4.335000e-01
3.411460e+04 4.353000e-01
3.413710e+04 4.367000e-01
3.415960e+04 4.354000e-01
3.418210e+04 4.344000e-01
3.420460e+04 4.356000e-01
3.422720e+04 4.351000e-01
3.424980e+04 4.343000e-01
3.427250e+04 4.340000e-01
3.429510e+04 4.303000e-01
3.431780e+04 4.265000e-01
3.434060e+04 4.254000e-01
3.436330e+04 4.243000e-01
3.438610e+04 4.221000e-01
3.440890e+04 4.202000e-01
3.443180e+04 4.179000e-01
3.445460e+04 4.163000e-01
3.447750e+04 4.157000e-01
3.450050e+04 4.143000e-01
3.452350e+04 4.139000e-01
3.454650e+04 4.140000e-01
3.456950e+04 4.131000e-01
3.459260e+04 4.134000e-01
3.461560e+04 4.145000e-01
3.463880e+04 4.158000e-01
3.466190e+04 4.176000e-01
3.468510e+04 4.186000e-01
3.470830e+04 4.194000e-01
3.473160e+04 4.218000e-01
3.475480e+04 4.248000e-01
3.477820e+04 4.271000e-01
3.480150e+04 4.305000e-01
3.482490e+04 4.343000e-01
3.484830e+04 4.369000e-01
3.487170e+04 4.402000e-01
3.489520e+04 4.434000e-01
3.491870e+04 4.451000e-01
3.494220e+04 4.477000e-01
3.496580e+04 4.506000e-01
3.498940e+04 4.529000e-01
3.501300e+04 4.557000e-01
3.503660e+04 4.572000e-01
3.506030e+04 4.564000e-01
3.508410e+04 4.564000e-01
3.510780e+04 4.583000e-01
3.513160e+04 4.599000e-01
3.515540e+04 4.605000e-01
3.517930e+04 4.614000e-01
3.520310e+04 4.615000e-01
3.522710e+04 4.615000e-01
3.525100e+04 4.616000e-01
3.527500e+04 4.615000e-01
3.529900e+04 4.621000e-01
3.532300e+04 4.629000e-01
3.534710e+04 4.620000e-01
3.537120e+04 4.596000e-01
3.539540e+04 4.580000e-01
3.541960e+04 4.582000e-01
3.544380e+04 4.571000e-01
3.546800e+04 4.555000e-01
3.549230e+04 4.555000e-01
3.551660e+04 4.547000e-01
3.554090e+04 4.537000e-01
3.556530e+04 4.528000e-01
3.558970e+04 4.518000e-01
3.561420e+04 4.521000e-01
3.563860e+04 4.526000e-01
3.566320e+04 4.526000e-01
3.568770e+04 4.515000e-01
3.571230e+04 4.505000e-01
3.573690e+04 4.503000e-01
3.576150e+04 4.508000e-01
3.578620e+04 4.522000e-01
3.581090e+04 4.528000e-01
3.583570e+04 4.528000e-01
3.586050e+04 4.544000e-01
3.588530e+04 4.562000e-01
3.591010e+04 4.574000e-01
3.593500e+04 4.586000e-01
3.595990e+04 4.595000e-01
3.598490e+04 4.602000e-01
3.600990e+04 4.602000e-01
3.603490e+04 4.596000e-01
3.606000e+04 4.595000e-01
3.608510e+04 4.588000e-01
3.611020e+04 4.591000e-01
3.613540e+04 4.597000e-01
3.616060e+04 4.584000e-01
3.618580e+04 4.576000e-01
3.621110e+04 4.568000e-01
3.623640e+04 4.558000e-01
3.626170e+04 4.553000e-01
3.628710e+04 4.536000e-01
3.631250e+04 4.509000e-01
3.633790e+04 4.487000e-01
3.636340e+04 4.469000e-01
3.638890e+04 4.456000e-01
3.641450e+04 4.448000e-01
3.644010e+04 4.425000e-01
3.646570e+04 4.406000e-01
3.649140e+04 4.401000e-01
3.651710e+04 4.381000e-01
3.654280e+04 4.369000e-01
3.656860e+04 4.376000e-01
3.659440e+04 4.364000e-01
3.662020e+04 4.352000e-01
3.664610e+04 4.355000e-01
3.667200e+04 4.357000e-01
3.669800e+04 4.367000e-01
3.672400e+04 4.382000e-01
3.675000e+04 4.389000e-01
3.677610e+04 4.390000e-01
3.680220e+04 4.405000e-01
3.682830e+04 4.441000e-01
3.685450e+04 4.460000e-01
3.688070e+04 4.468000e-01
3.690690e+04 4.495000e-01
3.693320e+04 4.525000e-01
3.695950e+04 4.551000e-01
3.698590e+04 4.572000e-01
3.701230e+04 4.590000e-01
3.703870e+04 4.602000e-01
3.706520e+04 4.623000e-01
3.709170e+04 4.658000e-01
3.711830e+04 4.688000e-01
3.714490e+04 4.702000e-01
3.717150e+04 4.705000e-01
3.719820e+04 4.705000e-01
3.722490e+04 4.710000e-01
3.725160e+04 4.721000e-01
3.727840e+04 4.732000e-01
3.730520e+04 4.734000e-01
3.733210e+04 4.727000e-01
3.735900e+04 4.730000e-01
3.738590e+04 4.728000e-01
3.741290e+04 4.728000e-01
3.743990e+04 4.732000e-01
3.746690e+04 4.723000e-01
3.749400e+04 4.710000e-01
3.752120e+04 4.697000e-01
3.754830e+04 4.694000e-01
3.757550e+04 4.697000e-01
3.760280e+04 4.675000e-01
3.763010e+04 4.647000e-01
3.765740e+04 4.637000e-01
3.768480e+04 4.635000e-01
3.771220e+04 4.622000e-01
3.773960e+04 4.604000e-01
3.776710e+04 4.601000e-01
3.779460e+04 4.596000e-01
3.782220e+04 4.584000e-01
3.784980e+04 4.567000e-01
3.787750e+04 4.568000e-01
3.790510e+04 4.575000e-01
3.793290e+04 4.568000e-01
3.796060e+04 4.571000e-01
3.798840e+04 4.571000e-01
3.801630e+04 4.556000e-01
3.804420e+04 4.564000e-01
3.807210e+04 4.569000e-01
3.810010e+04 4.541000e-01
3.812810e+04 4.530000e-01
3.815620e+04 4.529000e-01
3.818430e+04 4.511000e-01
3.821240e+04 4.495000e-01
3.824060e+04 4.470000e-01
3.826880e+04 4.443000e-01
3.829710e+04 4.430000e-01
3.832540e+04 4.413000e-01
3.835370e+04 4.385000e-01
3.838210e+04 4.374000e-01
3.841050e+04 4.352000e-01
3.843900e+04 4.317000e-01
3.846750e+04 4.302000e-01
3.849610e+04 4.294000e-01
3.852470e+04 4.280000e-01
3.855330e+04 4.280000e-01
3.858200e+04 4.280000e-01
3.861070e+04 4.282000e-01
3.863950e+04 4.301000e-01
3.866830e+04 4.330000e-01
3.869720e+04 4.364000e-01
3.872610e+04 4.396000e-01
3.875500e+04 4.423000e-01
3.878400e+04 4.445000e-01
3.881300e+04 4.461000e-01
3.884210e+04 4.471000e-01
3.887120e+04 4.483000e-01
3.890040e+04 4.473000e-01
3.892960e+04 4.437000e-01
3.895890e+04 4.347000e-01
3.898810e+04 4.211000e-01
3.901750e+04 4.050000e-01
3.904690e+04 3.835000e-01
3.907630e+04 3.559000e-01
3.910580e+04 3.286000e-01
3.913530e+04 2.937000e-01
3.916480e+04 2.563000e-01
3.919440e+04 2.215000e-01
3.922410e+04 1.869000e-01
3.925380e+04 1.522000e-01
3.928350e+04 1.237000e-01
3.931330e+04 9.890000e-02
3.934310e+04 7.750000e-02
3.937300e+04 5.869000e-02
3.940290e+04 4.485000e-02
3.943290e+04 3.373000e-02
3.946290e+04 2.515000e-02
3.949290e+04 1.877000e-02
3.952300e+04 1.376000e-02
3.955320e+04 9.610000e-03
3.958340e+04 6.888000e-03
3.961360e+04 4.779000e-03
3.964390e+04 2.983000e-03
3.967420e+04 2.031000e-03
3.970460e+04 1.633000e-03
3.973500e+04 1.354000e-03
3.976550e+04 1.214000e-03
3.979600e+04 1.186000e-03
3.982660e+04 1.077000e-03
3.985720e+04 1.128000e-03
3.988790e+04 1.287000e-03
3.991860e+04 1.269000e-03
3.994930e+04 1.177000e-03
3.998010e+04 1.125000e-03
4.001100e+04 1.074000e-03
4.004190e+04 9.360000e-04
4.007280e+04 7.510000e-04
4.010380e+04 5.900000e-04
