# # Wavelength(Angstrom)  Transmission
1.449000e+04 4.100000e-03
1.449500e+04 4.200000e-03
1.450000e+04 3.500000e-03
1.450500e+04 2.200000e-03
1.451000e+04 2.800000e-03
1.451500e+04 4.900000e-03
1.452000e+04 4.500000e-03
1.452500e+04 5.300000e-03
1.453000e+04 4.300000e-03
1.453500e+04 6.000000e-03
1.454000e+04 6.300000e-03
1.454500e+04 6.100000e-03
1.455000e+04 6.200000e-03
1.455500e+04 5.000000e-03
1.456000e+04 7.200000e-03
1.456500e+04 7.700000e-03
1.457000e+04 7.500000e-03
1.457500e+04 7.700000e-03
1.458000e+04 8.400000e-03
1.458500e+04 9.100000e-03
1.459000e+04 9.600000e-03
1.459500e+04 1.000000e-02
1.460000e+04 9.900000e-03
1.460500e+04 8.200000e-03
1.461000e+04 1.090000e-02
1.461500e+04 1.060000e-02
1.462000e+04 1.230000e-02
1.462500e+04 1.270000e-02
1.463000e+04 1.030000e-02
1.463500e+04 1.220000e-02
1.464000e+04 1.410000e-02
1.464500e+04 1.570000e-02
1.465000e+04 1.320000e-02
1.465500e+04 1.380000e-02
1.466000e+04 1.370000e-02
1.466500e+04 1.370000e-02
1.467000e+04 1.320000e-02
1.467500e+04 1.880000e-02
1.468000e+04 1.810000e-02
1.468500e+04 2.140000e-02
1.469000e+04 2.210000e-02
1.469500e+04 1.600000e-02
1.470000e+04 2.350000e-02
1.470500e+04 1.860000e-02
1.471000e+04 1.640000e-02
1.471500e+04 2.640000e-02
1.472000e+04 2.760000e-02
1.472500e+04 1.760000e-02
1.473000e+04 3.030000e-02
1.473500e+04 3.110000e-02
1.474000e+04 3.220000e-02
1.474500e+04 3.750000e-02
1.475000e+04 3.950000e-02
1.475500e+04 3.830000e-02
1.476000e+04 3.200000e-02
1.476500e+04 4.380000e-02
1.477000e+04 3.510000e-02
1.477500e+04 4.630000e-02
1.478000e+04 3.420000e-02
1.478500e+04 5.250000e-02
1.479000e+04 5.150000e-02
1.479500e+04 4.190000e-02
1.480000e+04 5.470000e-02
1.480500e+04 4.210000e-02
1.481000e+04 6.360000e-02
1.481500e+04 5.940000e-02
1.482000e+04 5.570000e-02
1.482500e+04 7.130000e-02
1.483000e+04 7.290000e-02
1.483500e+04 7.730000e-02
1.484000e+04 8.030000e-02
1.484500e+04 6.780000e-02
1.485000e+04 8.670000e-02
1.485500e+04 8.390000e-02
1.486000e+04 8.990000e-02
1.486500e+04 8.070000e-02
1.487000e+04 9.250000e-02
1.487500e+04 9.750000e-02
1.488000e+04 9.270000e-02
1.488500e+04 1.085000e-01
1.489000e+04 1.138000e-01
1.489500e+04 1.090000e-01
1.490000e+04 1.213000e-01
1.490500e+04 1.275000e-01
1.491000e+04 1.303000e-01
1.491500e+04 1.059000e-01
1.492000e+04 1.325000e-01
1.492500e+04 1.379000e-01
1.493000e+04 1.398000e-01
1.493500e+04 1.481000e-01
1.494000e+04 1.476000e-01
1.494500e+04 1.535000e-01
1.495000e+04 1.473000e-01
1.495500e+04 1.585000e-01
1.496000e+04 1.619000e-01
1.496500e+04 1.504000e-01
1.497000e+04 1.730000e-01
1.497500e+04 1.734000e-01
1.498000e+04 1.689000e-01
1.498500e+04 1.798000e-01
1.499000e+04 1.819000e-01
1.499500e+04 1.853000e-01
1.500000e+04 1.897000e-01
1.500500e+04 1.932000e-01
1.501000e+04 1.959000e-01
1.501500e+04 1.981000e-01
1.502000e+04 1.960000e-01
1.502500e+04 2.011000e-01
1.503000e+04 2.011000e-01
1.503500e+04 2.015000e-01
1.504000e+04 1.925000e-01
1.504500e+04 2.035000e-01
1.505000e+04 2.092000e-01
1.505500e+04 2.143000e-01
1.506000e+04 2.155000e-01
1.506500e+04 2.183000e-01
1.507000e+04 2.189000e-01
1.507500e+04 2.198000e-01
1.508000e+04 2.217000e-01
1.508500e+04 2.151000e-01
1.509000e+04 2.137000e-01
1.509500e+04 2.258000e-01
1.510000e+04 2.262000e-01
1.510500e+04 2.269000e-01
1.511000e+04 2.265000e-01
1.511500e+04 2.290000e-01
1.512000e+04 2.305000e-01
1.512500e+04 2.279000e-01
1.513000e+04 2.291000e-01
1.513500e+04 2.306000e-01
1.514000e+04 2.299000e-01
1.514500e+04 2.334000e-01
1.515000e+04 2.327000e-01
1.515500e+04 2.344000e-01
1.516000e+04 2.347000e-01
1.516500e+04 2.339000e-01
1.517000e+04 2.346000e-01
1.517500e+04 2.331000e-01
1.518000e+04 2.367000e-01
1.518500e+04 2.361000e-01
1.519000e+04 2.346000e-01
1.519500e+04 2.367000e-01
1.520000e+04 2.377000e-01
1.520500e+04 2.369000e-01
1.521000e+04 2.388000e-01
1.521500e+04 2.388000e-01
1.522000e+04 2.382000e-01
1.522500e+04 2.395000e-01
1.523000e+04 2.397000e-01
1.523500e+04 2.392000e-01
1.524000e+04 2.401000e-01
1.524500e+04 2.385000e-01
1.525000e+04 2.398000e-01
1.525500e+04 2.400000e-01
1.526000e+04 2.400000e-01
1.526500e+04 2.400000e-01
1.527000e+04 2.405000e-01
1.527500e+04 2.400000e-01
1.528000e+04 2.411000e-01
1.528500e+04 2.412000e-01
1.529000e+04 2.415000e-01
1.529500e+04 2.413000e-01
1.530000e+04 2.415000e-01
1.530500e+04 2.417000e-01
1.531000e+04 2.420000e-01
1.531500e+04 2.413000e-01
1.532000e+04 2.421000e-01
1.532500e+04 2.420000e-01
1.533000e+04 2.419000e-01
1.533500e+04 2.417000e-01
1.534000e+04 2.414000e-01
1.534500e+04 2.416000e-01
1.535000e+04 2.412000e-01
1.535500e+04 2.418000e-01
1.536000e+04 2.422000e-01
1.536500e+04 2.427000e-01
1.537000e+04 2.433000e-01
1.537500e+04 2.441000e-01
1.538000e+04 2.443000e-01
1.538500e+04 2.440000e-01
1.539000e+04 2.439000e-01
1.539500e+04 2.439000e-01
1.540000e+04 2.437000e-01
1.540500e+04 2.440000e-01
1.541000e+04 2.446000e-01
1.541500e+04 2.447000e-01
1.542000e+04 2.447000e-01
1.542500e+04 2.452000e-01
1.543000e+04 2.456000e-01
1.543500e+04 2.462000e-01
1.544000e+04 2.466000e-01
1.544500e+04 2.466000e-01
1.545000e+04 2.470000e-01
1.545500e+04 2.473000e-01
1.546000e+04 2.475000e-01
1.546500e+04 2.478000e-01
1.547000e+04 2.481000e-01
1.547500e+04 2.483000e-01
1.548000e+04 2.485000e-01
1.548500e+04 2.487000e-01
1.549000e+04 2.489000e-01
1.549500e+04 2.491000e-01
1.550000e+04 2.494000e-01
1.550500e+04 2.496000e-01
1.551000e+04 2.497000e-01
1.551500e+04 2.500000e-01
1.552000e+04 2.499000e-01
1.552500e+04 2.504000e-01
1.553000e+04 2.506000e-01
1.553500e+04 2.508000e-01
1.554000e+04 2.510000e-01
1.554500e+04 2.512000e-01
1.555000e+04 2.514000e-01
1.555500e+04 2.516000e-01
1.556000e+04 2.518000e-01
1.556500e+04 2.520000e-01
1.557000e+04 2.522000e-01
1.557500e+04 2.524000e-01
1.558000e+04 2.526000e-01
1.558500e+04 2.528000e-01
1.559000e+04 2.530000e-01
1.559500e+04 2.532000e-01
1.560000e+04 2.534000e-01
1.560500e+04 2.536000e-01
1.561000e+04 2.537000e-01
1.561500e+04 2.539000e-01
1.562000e+04 2.541000e-01
1.562500e+04 2.542000e-01
1.563000e+04 2.545000e-01
1.563500e+04 2.546000e-01
1.564000e+04 2.548000e-01
1.564500e+04 2.549000e-01
1.565000e+04 2.552000e-01
1.565500e+04 2.553000e-01
1.566000e+04 2.554000e-01
1.566500e+04 2.556000e-01
1.567000e+04 2.556000e-01
1.567500e+04 2.556000e-01
1.568000e+04 2.552000e-01
1.568500e+04 2.545000e-01
1.569000e+04 2.531000e-01
1.569500e+04 2.511000e-01
1.570000e+04 2.486000e-01
1.570500e+04 2.460000e-01
1.571000e+04 2.439000e-01
1.571500e+04 2.418000e-01
1.572000e+04 2.405000e-01
1.572500e+04 2.421000e-01
1.573000e+04 2.411000e-01
1.573500e+04 2.439000e-01
1.574000e+04 2.448000e-01
1.574500e+04 2.493000e-01
1.575000e+04 2.545000e-01
1.575500e+04 2.565000e-01
1.576000e+04 2.521000e-01
1.576500e+04 2.481000e-01
1.577000e+04 2.461000e-01
1.577500e+04 2.476000e-01
1.578000e+04 2.490000e-01
1.578500e+04 2.501000e-01
1.579000e+04 2.486000e-01
1.579500e+04 2.476000e-01
1.580000e+04 2.472000e-01
1.580500e+04 2.495000e-01
1.581000e+04 2.507000e-01
1.581500e+04 2.511000e-01
1.582000e+04 2.533000e-01
1.582500e+04 2.546000e-01
1.583000e+04 2.549000e-01
1.583500e+04 2.564000e-01
1.584000e+04 2.572000e-01
1.584500e+04 2.577000e-01
1.585000e+04 2.585000e-01
1.585500e+04 2.589000e-01
1.586000e+04 2.593000e-01
1.586500e+04 2.593000e-01
1.587000e+04 2.593000e-01
1.587500e+04 2.595000e-01
1.588000e+04 2.595000e-01
1.588500e+04 2.596000e-01
1.589000e+04 2.597000e-01
1.589500e+04 2.598000e-01
1.590000e+04 2.598000e-01
1.590500e+04 2.599000e-01
1.591000e+04 2.599000e-01
1.591500e+04 2.599000e-01
1.592000e+04 2.600000e-01
1.592500e+04 2.599000e-01
1.593000e+04 2.601000e-01
1.593500e+04 2.601000e-01
1.594000e+04 2.602000e-01
1.594500e+04 2.601000e-01
1.595000e+04 2.602000e-01
1.595500e+04 2.603000e-01
1.596000e+04 2.603000e-01
1.596500e+04 2.603000e-01
1.597000e+04 2.603000e-01
1.597500e+04 2.601000e-01
1.598000e+04 2.598000e-01
1.598500e+04 2.591000e-01
1.599000e+04 2.578000e-01
1.599500e+04 2.559000e-01
1.600000e+04 2.537000e-01
1.600500e+04 2.512000e-01
1.601000e+04 2.486000e-01
1.601500e+04 2.468000e-01
1.602000e+04 2.458000e-01
1.602500e+04 2.434000e-01
1.603000e+04 2.452000e-01
1.603500e+04 2.457000e-01
1.604000e+04 2.468000e-01
1.604500e+04 2.518000e-01
1.605000e+04 2.549000e-01
1.605500e+04 2.589000e-01
1.606000e+04 2.580000e-01
1.606500e+04 2.541000e-01
1.607000e+04 2.523000e-01
1.607500e+04 2.523000e-01
1.608000e+04 2.525000e-01
1.608500e+04 2.528000e-01
1.609000e+04 2.511000e-01
1.609500e+04 2.497000e-01
1.610000e+04 2.490000e-01
1.610500e+04 2.511000e-01
1.611000e+04 2.522000e-01
1.611500e+04 2.524000e-01
1.612000e+04 2.552000e-01
1.612500e+04 2.564000e-01
1.613000e+04 2.575000e-01
1.613500e+04 2.595000e-01
1.614000e+04 2.607000e-01
1.614500e+04 2.619000e-01
1.615000e+04 2.625000e-01
1.615500e+04 2.628000e-01
1.616000e+04 2.630000e-01
1.616500e+04 2.629000e-01
1.617000e+04 2.631000e-01
1.617500e+04 2.634000e-01
1.618000e+04 2.636000e-01
1.618500e+04 2.640000e-01
1.619000e+04 2.640000e-01
1.619500e+04 2.643000e-01
1.620000e+04 2.645000e-01
1.620500e+04 2.646000e-01
1.621000e+04 2.648000e-01
1.621500e+04 2.648000e-01
1.622000e+04 2.650000e-01
1.622500e+04 2.651000e-01
1.623000e+04 2.652000e-01
1.623500e+04 2.653000e-01
1.624000e+04 2.651000e-01
1.624500e+04 2.656000e-01
1.625000e+04 2.657000e-01
1.625500e+04 2.656000e-01
1.626000e+04 2.652000e-01
1.626500e+04 2.657000e-01
1.627000e+04 2.657000e-01
1.627500e+04 2.657000e-01
1.628000e+04 2.654000e-01
1.628500e+04 2.655000e-01
1.629000e+04 2.659000e-01
1.629500e+04 2.658000e-01
1.630000e+04 2.660000e-01
1.630500e+04 2.638000e-01
1.631000e+04 2.658000e-01
1.631500e+04 2.656000e-01
1.632000e+04 2.656000e-01
1.632500e+04 2.654000e-01
1.633000e+04 2.635000e-01
1.633500e+04 2.651000e-01
1.634000e+04 2.656000e-01
1.634500e+04 2.653000e-01
1.635000e+04 2.652000e-01
1.635500e+04 2.602000e-01
1.636000e+04 2.649000e-01
1.636500e+04 2.648000e-01
1.637000e+04 2.650000e-01
1.637500e+04 2.615000e-01
1.638000e+04 2.626000e-01
1.638500e+04 2.641000e-01
1.639000e+04 2.635000e-01
1.639500e+04 2.630000e-01
1.640000e+04 2.623000e-01
1.640500e+04 2.558000e-01
1.641000e+04 2.622000e-01
1.641500e+04 2.615000e-01
1.642000e+04 2.611000e-01
1.642500e+04 2.609000e-01
1.643000e+04 2.480000e-01
1.643500e+04 2.603000e-01
1.644000e+04 2.605000e-01
1.644500e+04 2.609000e-01
1.645000e+04 2.610000e-01
1.645500e+04 2.428000e-01
1.646000e+04 2.606000e-01
1.646500e+04 2.603000e-01
1.647000e+04 2.595000e-01
1.647500e+04 2.583000e-01
1.648000e+04 2.536000e-01
1.648500e+04 2.541000e-01
1.649000e+04 2.572000e-01
1.649500e+04 2.569000e-01
1.650000e+04 2.574000e-01
1.650500e+04 2.566000e-01
1.651000e+04 2.411000e-01
1.651500e+04 2.558000e-01
1.652000e+04 2.556000e-01
1.652500e+04 2.562000e-01
1.653000e+04 2.560000e-01
1.653500e+04 2.516000e-01
1.654000e+04 2.530000e-01
1.654500e+04 2.553000e-01
1.655000e+04 2.541000e-01
1.655500e+04 2.540000e-01
1.656000e+04 2.538000e-01
1.656500e+04 2.468000e-01
1.657000e+04 2.533000e-01
1.657500e+04 2.534000e-01
1.658000e+04 2.531000e-01
1.658500e+04 2.527000e-01
1.659000e+04 2.524000e-01
1.659500e+04 2.493000e-01
1.660000e+04 2.516000e-01
1.660500e+04 2.518000e-01
1.661000e+04 2.514000e-01
1.661500e+04 2.507000e-01
1.662000e+04 2.504000e-01
1.662500e+04 2.485000e-01
1.663000e+04 2.502000e-01
1.663500e+04 2.496000e-01
1.664000e+04 2.497000e-01
1.664500e+04 2.495000e-01
1.665000e+04 2.486000e-01
1.665500e+04 2.221000e-01
1.666000e+04 2.300000e-01
1.666500e+04 2.401000e-01
1.667000e+04 2.444000e-01
1.667500e+04 2.472000e-01
1.668000e+04 2.474000e-01
1.668500e+04 2.473000e-01
1.669000e+04 2.478000e-01
1.669500e+04 2.475000e-01
1.670000e+04 2.476000e-01
1.670500e+04 2.470000e-01
1.671000e+04 2.471000e-01
1.671500e+04 2.459000e-01
1.672000e+04 2.472000e-01
1.672500e+04 2.471000e-01
1.673000e+04 2.471000e-01
1.673500e+04 2.470000e-01
1.674000e+04 2.469000e-01
1.674500e+04 2.397000e-01
1.675000e+04 2.469000e-01
1.675500e+04 2.466000e-01
1.676000e+04 2.470000e-01
1.676500e+04 2.470000e-01
1.677000e+04 2.468000e-01
1.677500e+04 2.396000e-01
1.678000e+04 2.469000e-01
1.678500e+04 2.468000e-01
1.679000e+04 2.473000e-01
1.679500e+04 2.472000e-01
1.680000e+04 2.472000e-01
1.680500e+04 2.468000e-01
1.681000e+04 2.447000e-01
1.681500e+04 2.471000e-01
1.682000e+04 2.476000e-01
1.682500e+04 2.477000e-01
1.683000e+04 2.478000e-01
1.683500e+04 2.480000e-01
1.684000e+04 2.376000e-01
1.684500e+04 2.481000e-01
1.685000e+04 2.481000e-01
1.685500e+04 2.483000e-01
1.686000e+04 2.486000e-01
1.686500e+04 2.486000e-01
1.687000e+04 2.479000e-01
1.687500e+04 2.458000e-01
1.688000e+04 2.489000e-01
1.688500e+04 2.494000e-01
1.689000e+04 2.489000e-01
1.689500e+04 2.493000e-01
1.690000e+04 2.496000e-01
1.690500e+04 2.449000e-01
1.691000e+04 2.490000e-01
1.691500e+04 2.488000e-01
1.692000e+04 2.495000e-01
1.692500e+04 2.495000e-01
1.693000e+04 2.505000e-01
1.693500e+04 2.505000e-01
1.694000e+04 2.458000e-01
1.694500e+04 2.503000e-01
1.695000e+04 2.501000e-01
1.695500e+04 2.509000e-01
1.696000e+04 2.511000e-01
1.696500e+04 2.505000e-01
1.697000e+04 2.497000e-01
1.697500e+04 2.479000e-01
1.698000e+04 2.508000e-01
1.698500e+04 2.511000e-01
1.699000e+04 2.511000e-01
1.699500e+04 2.503000e-01
1.700000e+04 2.494000e-01
1.700500e+04 2.508000e-01
1.701000e+04 2.478000e-01
1.701500e+04 2.511000e-01
1.702000e+04 2.506000e-01
1.702500e+04 2.496000e-01
1.703000e+04 2.500000e-01
1.703500e+04 2.489000e-01
1.704000e+04 2.503000e-01
1.704500e+04 2.498000e-01
1.705000e+04 2.498000e-01
1.705500e+04 2.478000e-01
1.706000e+04 2.496000e-01
1.706500e+04 2.486000e-01
1.707000e+04 2.483000e-01
1.707500e+04 2.477000e-01
1.708000e+04 2.471000e-01
1.708500e+04 2.444000e-01
1.709000e+04 2.470000e-01
1.709500e+04 2.478000e-01
1.710000e+04 2.485000e-01
1.710500e+04 2.459000e-01
1.711000e+04 2.483000e-01
1.711500e+04 2.483000e-01
1.712000e+04 2.480000e-01
1.712500e+04 2.474000e-01
1.713000e+04 2.476000e-01
1.713500e+04 2.468000e-01
1.714000e+04 2.446000e-01
1.714500e+04 2.425000e-01
1.715000e+04 2.467000e-01
1.715500e+04 2.459000e-01
1.716000e+04 2.426000e-01
1.716500e+04 2.457000e-01
1.717000e+04 2.449000e-01
1.717500e+04 2.450000e-01
1.718000e+04 2.450000e-01
1.718500e+04 2.446000e-01
1.719000e+04 2.441000e-01
1.719500e+04 2.440000e-01
1.720000e+04 2.432000e-01
1.720500e+04 2.422000e-01
1.721000e+04 2.405000e-01
1.721500e+04 2.337000e-01
1.722000e+04 2.416000e-01
1.722500e+04 2.409000e-01
1.723000e+04 2.407000e-01
1.723500e+04 2.330000e-01
1.724000e+04 2.400000e-01
1.724500e+04 2.347000e-01
1.725000e+04 2.376000e-01
1.725500e+04 2.392000e-01
1.726000e+04 2.373000e-01
1.726500e+04 2.388000e-01
1.727000e+04 2.370000e-01
1.727500e+04 2.380000e-01
1.728000e+04 2.382000e-01
1.728500e+04 2.345000e-01
1.729000e+04 2.344000e-01
1.729500e+04 2.377000e-01
1.730000e+04 2.378000e-01
1.730500e+04 2.363000e-01
1.731000e+04 2.357000e-01
1.731500e+04 2.368000e-01
1.732000e+04 2.243000e-01
1.732500e+04 2.239000e-01
1.733000e+04 2.362000e-01
1.733500e+04 2.363000e-01
1.734000e+04 2.359000e-01
1.734500e+04 2.356000e-01
1.735000e+04 2.345000e-01
1.735500e+04 2.312000e-01
1.736000e+04 2.293000e-01
1.736500e+04 2.321000e-01
1.737000e+04 2.313000e-01
1.737500e+04 2.350000e-01
1.738000e+04 2.337000e-01
1.738500e+04 2.338000e-01
1.739000e+04 2.343000e-01
1.739500e+04 2.329000e-01
1.740000e+04 2.291000e-01
1.740500e+04 2.334000e-01
1.741000e+04 2.294000e-01
1.741500e+04 2.236000e-01
1.742000e+04 2.320000e-01
1.742500e+04 2.335000e-01
1.743000e+04 2.330000e-01
1.743500e+04 2.331000e-01
1.744000e+04 2.327000e-01
1.744500e+04 2.176000e-01
1.745000e+04 2.324000e-01
1.745500e+04 2.325000e-01
1.746000e+04 2.315000e-01
1.746500e+04 2.248000e-01
1.747000e+04 2.088000e-01
1.747500e+04 2.216000e-01
1.748000e+04 2.314000e-01
1.748500e+04 2.314000e-01
1.749000e+04 2.306000e-01
1.749500e+04 2.305000e-01
1.750000e+04 2.301000e-01
1.750500e+04 2.300000e-01
1.751000e+04 2.296000e-01
1.751500e+04 2.041000e-01
1.752000e+04 2.287000e-01
1.752500e+04 2.287000e-01
1.753000e+04 2.281000e-01
1.753500e+04 2.282000e-01
1.754000e+04 2.274000e-01
1.754500e+04 2.269000e-01
1.755000e+04 2.106000e-01
1.755500e+04 2.235000e-01
1.756000e+04 2.256000e-01
1.756500e+04 2.226000e-01
1.757000e+04 2.150000e-01
1.757500e+04 2.008000e-01
1.758000e+04 2.229000e-01
1.758500e+04 2.224000e-01
1.759000e+04 2.218000e-01
1.759500e+04 2.211000e-01
1.760000e+04 2.199000e-01
1.760500e+04 2.190000e-01
1.761000e+04 2.018000e-01
1.761500e+04 2.173000e-01
1.762000e+04 2.162000e-01
1.762500e+04 2.041000e-01
1.763000e+04 1.997000e-01
1.763500e+04 2.125000e-01
1.764000e+04 2.119000e-01
1.764500e+04 2.105000e-01
1.765000e+04 2.092000e-01
1.765500e+04 1.943000e-01
1.766000e+04 1.297000e-01
1.766500e+04 2.039000e-01
1.767000e+04 2.036000e-01
1.767500e+04 2.030000e-01
1.768000e+04 2.003000e-01
1.768500e+04 1.991000e-01
1.769000e+04 1.970000e-01
1.769500e+04 1.939000e-01
1.770000e+04 1.914000e-01
1.770500e+04 1.866000e-01
1.771000e+04 1.874000e-01
1.771500e+04 1.905000e-01
1.772000e+04 1.877000e-01
1.772500e+04 1.858000e-01
1.773000e+04 1.843000e-01
1.773500e+04 1.829000e-01
1.774000e+04 1.598000e-01
1.774500e+04 1.680000e-01
1.775000e+04 1.743000e-01
1.775500e+04 1.733000e-01
1.776000e+04 1.592000e-01
1.776500e+04 1.637000e-01
1.777000e+04 1.680000e-01
1.777500e+04 1.675000e-01
1.778000e+04 1.633000e-01
1.778500e+04 1.490000e-01
1.779000e+04 1.347000e-01
1.779500e+04 1.590000e-01
1.780000e+04 1.571000e-01
1.780500e+04 1.552000e-01
1.781000e+04 1.410000e-01
1.781500e+04 1.336000e-01
1.782000e+04 1.481000e-01
1.782500e+04 1.463000e-01
1.783000e+04 1.454000e-01
1.783500e+04 1.414000e-01
1.784000e+04 1.344000e-01
1.784500e+04 1.224000e-01
1.785000e+04 1.025000e-01
1.785500e+04 1.322000e-01
1.786000e+04 1.113000e-01
1.786500e+04 1.269000e-01
1.787000e+04 1.103000e-01
1.787500e+04 1.218000e-01
1.788000e+04 1.247000e-01
1.788500e+04 1.221000e-01
1.789000e+04 1.141000e-01
1.789500e+04 1.191000e-01
1.790000e+04 1.156000e-01
1.790500e+04 1.005000e-01
1.791000e+04 9.750000e-02
1.791500e+04 9.980000e-02
1.792000e+04 9.970000e-02
1.792500e+04 9.670000e-02
1.793000e+04 1.010000e-01
1.793500e+04 7.490000e-02
1.794000e+04 7.450000e-02
1.794500e+04 9.590000e-02
1.795000e+04 9.100000e-02
1.795500e+04 8.730000e-02
1.796000e+04 8.010000e-02
1.796500e+04 8.640000e-02
1.797000e+04 6.030000e-02
1.797500e+04 8.730000e-02
1.798000e+04 7.050000e-02
1.798500e+04 8.290000e-02
1.799000e+04 8.290000e-02
1.799500e+04 7.520000e-02
1.800000e+04 5.390000e-02
1.800500e+04 4.060000e-02
1.801000e+04 3.900000e-02
1.801500e+04 5.220000e-02
1.802000e+04 5.870000e-02
1.802500e+04 5.300000e-02
1.803000e+04 6.040000e-02
1.803500e+04 4.890000e-02
1.804000e+04 5.100000e-02
1.804500e+04 5.820000e-02
1.805000e+04 6.350000e-02
1.805500e+04 5.130000e-02
1.806000e+04 3.650000e-02
1.806500e+04 2.220000e-02
1.807000e+04 5.260000e-02
1.807500e+04 3.190000e-02
1.808000e+04 5.160000e-02
1.808500e+04 4.890000e-02
1.809000e+04 3.430000e-02
1.809500e+04 4.550000e-02
1.810000e+04 4.670000e-02
1.810500e+04 2.170000e-02
1.811000e+04 1.630000e-02
1.811500e+04 3.790000e-02
1.812000e+04 2.670000e-02
1.812500e+04 3.180000e-02
1.813000e+04 1.180000e-02
1.813500e+04 3.120000e-02
1.814000e+04 3.920000e-02
1.814500e+04 3.860000e-02
1.815000e+04 2.250000e-02
1.815500e+04 1.070000e-02
1.816000e+04 2.290000e-02
1.816500e+04 2.420000e-02
1.817000e+04 1.910000e-02
1.817500e+04 3.050000e-02
1.818000e+04 3.080000e-02
1.818500e+04 8.600000e-03
1.819000e+04 2.360000e-02
1.819500e+04 2.570000e-02
1.820000e+04 1.340000e-02
