# # Wavelength(Angstrom)  Transmission
1.148000e+04 4.400000e-03
1.148500e+04 4.600000e-03
1.149000e+04 4.400000e-03
1.149500e+04 4.900000e-03
1.150000e+04 4.600000e-03
1.150500e+04 6.200000e-03
1.151000e+04 6.200000e-03
1.151500e+04 6.900000e-03
1.152000e+04 6.400000e-03
1.152500e+04 7.000000e-03
1.153000e+04 8.700000e-03
1.153500e+04 9.500000e-03
1.154000e+04 9.100000e-03
1.154500e+04 1.040000e-02
1.155000e+04 1.170000e-02
1.155500e+04 1.280000e-02
1.156000e+04 1.380000e-02
1.156500e+04 1.490000e-02
1.157000e+04 1.720000e-02
1.157500e+04 1.820000e-02
1.158000e+04 1.870000e-02
1.158500e+04 2.160000e-02
1.159000e+04 2.110000e-02
1.159500e+04 2.550000e-02
1.160000e+04 2.770000e-02
1.160500e+04 2.830000e-02
1.161000e+04 3.320000e-02
1.161500e+04 3.520000e-02
1.162000e+04 3.920000e-02
1.162500e+04 4.100000e-02
1.163000e+04 4.660000e-02
1.163500e+04 4.960000e-02
1.164000e+04 5.350000e-02
1.164500e+04 5.860000e-02
1.165000e+04 6.170000e-02
1.165500e+04 6.700000e-02
1.166000e+04 7.080000e-02
1.166500e+04 7.750000e-02
1.167000e+04 8.240000e-02
1.167500e+04 8.930000e-02
1.168000e+04 9.470000e-02
1.168500e+04 9.890000e-02
1.169000e+04 1.063000e-01
1.169500e+04 1.103000e-01
1.170000e+04 1.175000e-01
1.170500e+04 1.212000e-01
1.171000e+04 1.261000e-01
1.171500e+04 1.332000e-01
1.172000e+04 1.368000e-01
1.172500e+04 1.399000e-01
1.173000e+04 1.445000e-01
1.173500e+04 1.485000e-01
1.174000e+04 1.445000e-01
1.174500e+04 1.552000e-01
1.175000e+04 1.591000e-01
1.175500e+04 1.572000e-01
1.176000e+04 1.640000e-01
1.176500e+04 1.656000e-01
1.177000e+04 1.673000e-01
1.177500e+04 1.613000e-01
1.178000e+04 1.672000e-01
1.178500e+04 1.671000e-01
1.179000e+04 1.718000e-01
1.179500e+04 1.660000e-01
1.180000e+04 1.716000e-01
1.180500e+04 1.734000e-01
1.181000e+04 1.729000e-01
1.181500e+04 1.713000e-01
1.182000e+04 1.607000e-01
1.182500e+04 1.729000e-01
1.183000e+04 1.748000e-01
1.183500e+04 1.751000e-01
1.184000e+04 1.747000e-01
1.184500e+04 1.708000e-01
1.185000e+04 1.688000e-01
1.185500e+04 1.762000e-01
1.186000e+04 1.758000e-01
1.186500e+04 1.751000e-01
1.187000e+04 1.755000e-01
1.187500e+04 1.719000e-01
1.188000e+04 1.724000e-01
1.188500e+04 1.718000e-01
1.189000e+04 1.764000e-01
1.189500e+04 1.772000e-01
1.190000e+04 1.777000e-01
1.190500e+04 1.769000e-01
1.191000e+04 1.761000e-01
1.191500e+04 1.783000e-01
1.192000e+04 1.768000e-01
1.192500e+04 1.784000e-01
1.193000e+04 1.785000e-01
1.193500e+04 1.724000e-01
1.194000e+04 1.786000e-01
1.194500e+04 1.772000e-01
1.195000e+04 1.767000e-01
1.195500e+04 1.764000e-01
1.196000e+04 1.777000e-01
1.196500e+04 1.768000e-01
1.197000e+04 1.777000e-01
1.197500e+04 1.737000e-01
1.198000e+04 1.779000e-01
1.198500e+04 1.759000e-01
1.199000e+04 1.727000e-01
1.199500e+04 1.768000e-01
1.200000e+04 1.764000e-01
1.200500e+04 1.763000e-01
1.201000e+04 1.755000e-01
1.201500e+04 1.758000e-01
1.202000e+04 1.736000e-01
1.202500e+04 1.768000e-01
1.203000e+04 1.767000e-01
1.203500e+04 1.729000e-01
1.204000e+04 1.683000e-01
1.204500e+04 1.755000e-01
1.205000e+04 1.707000e-01
1.205500e+04 1.777000e-01
1.206000e+04 1.781000e-01
1.206500e+04 1.757000e-01
1.207000e+04 1.765000e-01
1.207500e+04 1.765000e-01
1.208000e+04 1.774000e-01
1.208500e+04 1.791000e-01
1.209000e+04 1.778000e-01
1.209500e+04 1.808000e-01
1.210000e+04 1.787000e-01
1.210500e+04 1.827000e-01
1.211000e+04 1.829000e-01
1.211500e+04 1.805000e-01
1.212000e+04 1.837000e-01
1.212500e+04 1.836000e-01
1.213000e+04 1.859000e-01
1.213500e+04 1.872000e-01
1.214000e+04 1.859000e-01
1.214500e+04 1.872000e-01
1.215000e+04 1.873000e-01
1.215500e+04 1.882000e-01
1.216000e+04 1.908000e-01
1.216500e+04 1.908000e-01
1.217000e+04 1.906000e-01
1.217500e+04 1.928000e-01
1.218000e+04 1.916000e-01
1.218500e+04 1.921000e-01
1.219000e+04 1.915000e-01
1.219500e+04 1.927000e-01
1.220000e+04 1.939000e-01
1.220500e+04 1.945000e-01
1.221000e+04 1.954000e-01
1.221500e+04 1.938000e-01
1.222000e+04 1.946000e-01
1.222500e+04 1.941000e-01
1.223000e+04 1.952000e-01
1.223500e+04 1.947000e-01
1.224000e+04 1.953000e-01
1.224500e+04 1.951000e-01
1.225000e+04 1.954000e-01
1.225500e+04 1.947000e-01
1.226000e+04 1.949000e-01
1.226500e+04 1.949000e-01
1.227000e+04 1.929000e-01
1.227500e+04 1.941000e-01
1.228000e+04 1.940000e-01
1.228500e+04 1.939000e-01
1.229000e+04 1.932000e-01
1.229500e+04 1.925000e-01
1.230000e+04 1.926000e-01
1.230500e+04 1.925000e-01
1.231000e+04 1.922000e-01
1.231500e+04 1.919000e-01
1.232000e+04 1.916000e-01
1.232500e+04 1.913000e-01
1.233000e+04 1.909000e-01
1.233500e+04 1.906000e-01
1.234000e+04 1.909000e-01
1.234500e+04 1.907000e-01
1.235000e+04 1.906000e-01
1.235500e+04 1.906000e-01
1.236000e+04 1.907000e-01
1.236500e+04 1.907000e-01
1.237000e+04 1.908000e-01
1.237500e+04 1.910000e-01
1.238000e+04 1.912000e-01
1.238500e+04 1.915000e-01
1.239000e+04 1.918000e-01
1.239500e+04 1.921000e-01
1.240000e+04 1.925000e-01
1.240500e+04 1.928000e-01
1.241000e+04 1.933000e-01
1.241500e+04 1.938000e-01
1.242000e+04 1.943000e-01
1.242500e+04 1.949000e-01
1.243000e+04 1.954000e-01
1.243500e+04 1.960000e-01
1.244000e+04 1.966000e-01
1.244500e+04 1.972000e-01
1.245000e+04 1.978000e-01
1.245500e+04 1.984000e-01
1.246000e+04 1.990000e-01
1.246500e+04 1.995000e-01
1.247000e+04 2.002000e-01
1.247500e+04 2.008000e-01
1.248000e+04 2.010000e-01
1.248500e+04 2.018000e-01
1.249000e+04 2.023000e-01
1.249500e+04 2.021000e-01
1.250000e+04 2.032000e-01
1.250500e+04 2.036000e-01
1.251000e+04 2.026000e-01
1.251500e+04 2.042000e-01
1.252000e+04 2.045000e-01
1.252500e+04 2.029000e-01
1.253000e+04 2.048000e-01
1.253500e+04 2.050000e-01
1.254000e+04 2.035000e-01
1.254500e+04 2.047000e-01
1.255000e+04 2.051000e-01
1.255500e+04 2.044000e-01
1.256000e+04 2.027000e-01
1.256500e+04 2.049000e-01
1.257000e+04 2.047000e-01
1.257500e+04 1.968000e-01
1.258000e+04 2.043000e-01
1.258500e+04 2.038000e-01
1.259000e+04 1.958000e-01
1.259500e+04 2.026000e-01
1.260000e+04 2.018000e-01
1.260500e+04 1.990000e-01
1.261000e+04 1.949000e-01
1.261500e+04 1.975000e-01
1.262000e+04 1.961000e-01
1.262500e+04 1.844000e-01
1.263000e+04 1.946000e-01
1.263500e+04 1.907000e-01
1.264000e+04 1.889000e-01
1.264500e+04 1.883000e-01
1.265000e+04 1.881000e-01
1.265500e+04 1.948000e-01
1.266000e+04 1.765000e-01
1.266500e+04 1.895000e-01
1.267000e+04 1.918000e-01
1.267500e+04 1.916000e-01
1.268000e+04 1.989000e-01
1.268500e+04 1.504000e-01
1.269000e+04 1.478000e-01
1.269500e+04 1.806000e-01
1.270000e+04 1.927000e-01
1.270500e+04 1.973000e-01
1.271000e+04 1.947000e-01
1.271500e+04 1.994000e-01
1.272000e+04 1.942000e-01
1.272500e+04 1.995000e-01
1.273000e+04 1.948000e-01
1.273500e+04 2.037000e-01
1.274000e+04 1.962000e-01
1.274500e+04 2.017000e-01
1.275000e+04 1.982000e-01
1.275500e+04 2.065000e-01
1.276000e+04 2.008000e-01
1.276500e+04 2.021000e-01
1.277000e+04 2.052000e-01
1.277500e+04 2.054000e-01
1.278000e+04 2.091000e-01
1.278500e+04 2.032000e-01
1.279000e+04 2.104000e-01
1.279500e+04 2.090000e-01
1.280000e+04 2.108000e-01
1.280500e+04 2.080000e-01
1.281000e+04 2.111000e-01
1.281500e+04 2.124000e-01
1.282000e+04 2.123000e-01
1.282500e+04 2.101000e-01
1.283000e+04 2.132000e-01
1.283500e+04 2.132000e-01
1.284000e+04 2.134000e-01
1.284500e+04 2.113000e-01
1.285000e+04 2.136000e-01
1.285500e+04 2.137000e-01
1.286000e+04 2.136000e-01
1.286500e+04 2.128000e-01
1.287000e+04 2.132000e-01
1.287500e+04 2.132000e-01
1.288000e+04 2.129000e-01
1.288500e+04 2.125000e-01
1.289000e+04 2.113000e-01
1.289500e+04 2.119000e-01
1.290000e+04 2.115000e-01
1.290500e+04 2.113000e-01
1.291000e+04 2.105000e-01
1.291500e+04 2.100000e-01
1.292000e+04 2.092000e-01
1.292500e+04 2.094000e-01
1.293000e+04 2.090000e-01
1.293500e+04 2.087000e-01
1.294000e+04 2.078000e-01
1.294500e+04 2.077000e-01
1.295000e+04 2.070000e-01
1.295500e+04 2.058000e-01
1.296000e+04 2.059000e-01
1.296500e+04 2.057000e-01
1.297000e+04 2.050000e-01
1.297500e+04 2.034000e-01
1.298000e+04 2.043000e-01
1.298500e+04 2.045000e-01
1.299000e+04 2.044000e-01
1.299500e+04 2.017000e-01
1.300000e+04 2.032000e-01
1.300500e+04 2.008000e-01
1.301000e+04 2.007000e-01
1.301500e+04 2.034000e-01
1.302000e+04 2.034000e-01
1.302500e+04 2.028000e-01
1.303000e+04 2.018000e-01
1.303500e+04 1.973000e-01
1.304000e+04 2.001000e-01
1.304500e+04 1.994000e-01
1.305000e+04 2.038000e-01
1.305500e+04 2.023000e-01
1.306000e+04 2.043000e-01
1.306500e+04 1.988000e-01
1.307000e+04 2.024000e-01
1.307500e+04 2.050000e-01
1.308000e+04 1.978000e-01
1.308500e+04 2.057000e-01
1.309000e+04 2.057000e-01
1.309500e+04 2.012000e-01
1.310000e+04 2.012000e-01
1.310500e+04 1.978000e-01
1.311000e+04 2.059000e-01
1.311500e+04 2.075000e-01
1.312000e+04 2.060000e-01
1.312500e+04 2.041000e-01
1.313000e+04 2.006000e-01
1.313500e+04 1.980000e-01
1.314000e+04 2.023000e-01
1.314500e+04 2.024000e-01
1.315000e+04 2.007000e-01
1.315500e+04 1.986000e-01
1.316000e+04 2.024000e-01
1.316500e+04 2.021000e-01
1.317000e+04 1.862000e-01
1.317500e+04 1.989000e-01
1.318000e+04 1.956000e-01
1.318500e+04 1.881000e-01
1.319000e+04 1.876000e-01
1.319500e+04 1.830000e-01
1.320000e+04 1.716000e-01
1.320500e+04 1.757000e-01
1.321000e+04 1.770000e-01
1.321500e+04 1.648000e-01
1.322000e+04 1.687000e-01
1.322500e+04 1.628000e-01
1.323000e+04 1.516000e-01
1.323500e+04 1.553000e-01
1.324000e+04 1.440000e-01
1.324500e+04 1.449000e-01
1.325000e+04 1.422000e-01
1.325500e+04 1.298000e-01
1.326000e+04 1.305000e-01
1.326500e+04 1.247000e-01
1.327000e+04 1.139000e-01
1.327500e+04 1.143000e-01
1.328000e+04 1.075000e-01
1.328500e+04 9.620000e-02
1.329000e+04 9.290000e-02
1.329500e+04 9.360000e-02
1.330000e+04 8.680000e-02
1.330500e+04 8.470000e-02
1.331000e+04 7.640000e-02
1.331500e+04 6.950000e-02
1.332000e+04 6.580000e-02
1.332500e+04 5.520000e-02
1.333000e+04 6.410000e-02
1.333500e+04 5.880000e-02
1.334000e+04 5.220000e-02
1.334500e+04 5.540000e-02
1.335000e+04 4.880000e-02
1.335500e+04 4.950000e-02
1.336000e+04 3.700000e-02
1.336500e+04 4.440000e-02
1.337000e+04 3.890000e-02
1.337500e+04 3.420000e-02
1.338000e+04 3.280000e-02
1.338500e+04 3.530000e-02
1.339000e+04 3.230000e-02
1.339500e+04 3.060000e-02
1.340000e+04 2.820000e-02
1.340500e+04 2.330000e-02
1.341000e+04 2.650000e-02
1.341500e+04 2.220000e-02
1.342000e+04 2.380000e-02
1.342500e+04 2.200000e-02
1.343000e+04 2.090000e-02
1.343500e+04 2.000000e-02
1.344000e+04 1.440000e-02
1.344500e+04 1.380000e-02
1.345000e+04 1.620000e-02
1.345500e+04 1.390000e-02
1.346000e+04 1.360000e-02
1.346500e+04 1.060000e-02
1.347000e+04 1.330000e-02
1.347500e+04 1.090000e-02
1.348000e+04 7.000000e-03
1.348500e+04 6.300000e-03
1.349000e+04 8.100000e-03
1.349500e+04 1.000000e-02
1.350000e+04 7.500000e-03
1.350500e+04 4.200000e-03
1.351000e+04 7.300000e-03
1.351500e+04 5.100000e-03
1.352000e+04 5.500000e-03
