# # Wavelength(Angstrom)  Transmission
1.905000e+05 5.464800e-05
1.906000e+05 1.026400e-04
1.907000e+05 3.427200e-04
1.908000e+05 8.040700e-04
1.909000e+05 1.497800e-03
1.910000e+05 2.062900e-03
1.911000e+05 2.507700e-03
1.912000e+05 2.643300e-03
1.913000e+05 2.698000e-03
1.914000e+05 2.590600e-03
1.915000e+05 2.425500e-03
1.916000e+05 2.140900e-03
1.917000e+05 1.758700e-03
1.918000e+05 1.296400e-03
1.919000e+05 7.053000e-04
1.920000e+05 3.082800e-04
1.921000e+05 1.763900e-04
1.922000e+05 6.785700e-05
1.923000e+05 1.643800e-04
1.924000e+05 1.802300e-04
1.925000e+05 1.636900e-04
1.926000e+05 3.008500e-04
1.927000e+05 4.270500e-04
1.928000e+05 5.461700e-04
1.929000e+05 6.549000e-04
1.930000e+05 1.509500e-04
1.931000e+05 7.455000e-04
1.932000e+05 8.156900e-04
1.933000e+05 9.226800e-04
1.934000e+05 1.053000e-03
1.935000e+05 1.226500e-03
1.936000e+05 1.402900e-03
1.937000e+05 1.776200e-03
1.938000e+05 2.209000e-03
1.939000e+05 2.964200e-03
1.940000e+05 3.867200e-03
1.941000e+05 4.791200e-03
1.942000e+05 5.634400e-03
1.943000e+05 6.339300e-03
1.944000e+05 6.851200e-03
1.945000e+05 7.315200e-03
1.946000e+05 7.649300e-03
1.947000e+05 7.977600e-03
1.948000e+05 8.233500e-03
1.949000e+05 8.486700e-03
1.950000e+05 8.855400e-03
1.951000e+05 9.306600e-03
1.952000e+05 9.992300e-03
1.953000e+05 1.091600e-02
1.954000e+05 1.208100e-02
1.955000e+05 1.364900e-02
1.956000e+05 1.541400e-02
1.957000e+05 1.788700e-02
1.958000e+05 2.050000e-02
1.959000e+05 2.404400e-02
1.960000e+05 2.777700e-02
1.961000e+05 3.249400e-02
1.962000e+05 3.736900e-02
1.963000e+05 4.286000e-02
1.964000e+05 4.896900e-02
1.965000e+05 5.600200e-02
1.966000e+05 6.365400e-02
1.967000e+05 7.192700e-02
1.968000e+05 8.143400e-02
1.969000e+05 9.156400e-02
1.970000e+05 1.041300e-01
1.971000e+05 1.170100e-01
1.972000e+05 1.326100e-01
1.973000e+05 1.488700e-01
1.974000e+05 1.678500e-01
1.975000e+05 1.871300e-01
1.976000e+05 2.085800e-01
1.977000e+05 2.313200e-01
1.978000e+05 2.555800e-01
1.979000e+05 2.820300e-01
1.980000e+05 3.092800e-01
1.981000e+05 3.433700e-01
1.982000e+05 3.771900e-01
1.983000e+05 4.144400e-01
1.984000e+05 4.514200e-01
1.985000e+05 4.887400e-01
1.986000e+05 5.261000e-01
1.987000e+05 5.573100e-01
1.988000e+05 5.885500e-01
1.989000e+05 6.170400e-01
1.990000e+05 6.424500e-01
1.991000e+05 6.647900e-01
1.992000e+05 6.871500e-01
1.993000e+05 7.061200e-01
1.994000e+05 7.254100e-01
1.995000e+05 7.413100e-01
1.996000e+05 7.544300e-01
1.997000e+05 7.610300e-01
1.998000e+05 7.679400e-01
1.999000e+05 7.683300e-01
2.000000e+05 7.690200e-01
2.001000e+05 7.662900e-01
2.002000e+05 7.666700e-01
2.003000e+05 7.673700e-01
2.004000e+05 7.677500e-01
2.005000e+05 7.712600e-01
2.006000e+05 7.750800e-01
2.007000e+05 7.785900e-01
2.008000e+05 7.821100e-01
2.009000e+05 7.856200e-01
2.010000e+05 7.860100e-01
2.011000e+05 7.867200e-01
2.012000e+05 7.902400e-01
2.013000e+05 7.969100e-01
2.014000e+05 8.067100e-01
2.015000e+05 8.165300e-01
2.016000e+05 8.294900e-01
2.017000e+05 8.393300e-01
2.018000e+05 8.488600e-01
2.019000e+05 8.555600e-01
2.020000e+05 8.559900e-01
2.021000e+05 8.595600e-01
2.022000e+05 8.568400e-01
2.023000e+05 8.572600e-01
2.024000e+05 8.545300e-01
2.025000e+05 8.518000e-01
2.026000e+05 8.493800e-01
2.027000e+05 8.498000e-01
2.028000e+05 8.439000e-01
2.029000e+05 8.380000e-01
2.030000e+05 8.320900e-01
2.031000e+05 8.261700e-01
2.032000e+05 8.202500e-01
2.033000e+05 8.174900e-01
2.034000e+05 8.178900e-01
2.035000e+05 8.182900e-01
2.036000e+05 8.247200e-01
2.037000e+05 8.314700e-01
2.038000e+05 8.414000e-01
2.039000e+05 8.481600e-01
2.040000e+05 8.549300e-01
2.041000e+05 8.585300e-01
2.042000e+05 8.621300e-01
2.043000e+05 8.657300e-01
2.044000e+05 8.693400e-01
2.045000e+05 8.761400e-01
2.046000e+05 8.829400e-01
2.047000e+05 8.929300e-01
2.048000e+05 8.997500e-01
2.049000e+05 9.097600e-01
2.050000e+05 9.102000e-01
2.051000e+05 9.138400e-01
2.052000e+05 9.110900e-01
2.053000e+05 9.083400e-01
2.054000e+05 9.023800e-01
2.055000e+05 8.996200e-01
2.056000e+05 8.968600e-01
2.057000e+05 8.940900e-01
2.058000e+05 8.945300e-01
2.059000e+05 8.949600e-01
2.060000e+05 8.921900e-01
2.061000e+05 8.894100e-01
2.062000e+05 8.866300e-01
2.063000e+05 8.806400e-01
2.064000e+05 8.778500e-01
2.065000e+05 8.718400e-01
2.066000e+05 8.722600e-01
2.067000e+05 8.759000e-01
2.068000e+05 8.827700e-01
2.069000e+05 8.928600e-01
2.070000e+05 8.997400e-01
2.071000e+05 9.066300e-01
2.072000e+05 9.102900e-01
2.073000e+05 9.107300e-01
2.074000e+05 9.079400e-01
2.075000e+05 9.019200e-01
2.076000e+05 8.958800e-01
2.077000e+05 8.898500e-01
2.078000e+05 8.838000e-01
2.079000e+05 8.842300e-01
2.080000e+05 8.846500e-01
2.081000e+05 8.883200e-01
2.082000e+05 8.887500e-01
2.083000e+05 8.924200e-01
2.084000e+05 8.960900e-01
2.085000e+05 8.965200e-01
2.086000e+05 8.937000e-01
2.087000e+05 8.941300e-01
2.088000e+05 8.945600e-01
2.089000e+05 8.949900e-01
2.090000e+05 8.986700e-01
2.091000e+05 8.991000e-01
2.092000e+05 9.027900e-01
2.093000e+05 9.032200e-01
2.094000e+05 9.036500e-01
2.095000e+05 8.975600e-01
2.096000e+05 8.914600e-01
2.097000e+05 8.853500e-01
2.098000e+05 8.759700e-01
2.099000e+05 8.665800e-01
2.100000e+05 8.637300e-01
2.101000e+05 8.575900e-01
2.102000e+05 8.612700e-01
2.103000e+05 8.616800e-01
2.104000e+05 8.686500e-01
2.105000e+05 8.756200e-01
2.106000e+05 8.793100e-01
2.107000e+05 8.862900e-01
2.108000e+05 8.932800e-01
2.109000e+05 8.969900e-01
2.110000e+05 9.039800e-01
2.111000e+05 9.109900e-01
2.112000e+05 9.180000e-01
2.113000e+05 9.283000e-01
2.114000e+05 9.386200e-01
2.115000e+05 9.486200e-01
2.116000e+05 9.589500e-01
2.117000e+05 9.660000e-01
2.118000e+05 9.730500e-01
2.119000e+05 9.735100e-01
2.120000e+05 9.739700e-01
2.121000e+05 9.744300e-01
2.122000e+05 9.748900e-01
2.123000e+05 9.786500e-01
2.124000e+05 9.791200e-01
2.125000e+05 9.828900e-01
2.126000e+05 9.899700e-01
2.127000e+05 9.937500e-01
2.128000e+05 9.942200e-01
2.129000e+05 9.946800e-01
2.130000e+05 9.885200e-01
2.131000e+05 9.823400e-01
2.132000e+05 9.728400e-01
2.133000e+05 9.600100e-01
2.134000e+05 9.538100e-01
2.135000e+05 9.442900e-01
2.136000e+05 9.380800e-01
2.137000e+05 9.351900e-01
2.138000e+05 9.323000e-01
2.139000e+05 9.294000e-01
2.140000e+05 9.265000e-01
2.141000e+05 9.236000e-01
2.142000e+05 9.207000e-01
2.143000e+05 9.144500e-01
2.144000e+05 9.115400e-01
2.145000e+05 9.086200e-01
2.146000e+05 9.090500e-01
2.147000e+05 9.161600e-01
2.148000e+05 9.232800e-01
2.149000e+05 9.337500e-01
2.150000e+05 9.475700e-01
2.151000e+05 9.614100e-01
2.152000e+05 9.719100e-01
2.153000e+05 9.824300e-01
2.154000e+05 9.895900e-01
2.155000e+05 9.934100e-01
2.156000e+05 9.972200e-01
2.157000e+05 9.976900e-01
2.158000e+05 9.981500e-01
2.159000e+05 9.986100e-01
2.160000e+05 9.990700e-01
2.161000e+05 9.995400e-01
2.162000e+05 1.000000e+00
2.163000e+05 9.937300e-01
2.164000e+05 9.908100e-01
2.165000e+05 9.811600e-01
2.166000e+05 9.681200e-01
2.167000e+05 9.550700e-01
2.168000e+05 9.386200e-01
2.169000e+05 9.221700e-01
2.170000e+05 9.090800e-01
2.171000e+05 8.993500e-01
2.172000e+05 8.930000e-01
2.173000e+05 8.866400e-01
2.174000e+05 8.870500e-01
2.175000e+05 8.874600e-01
2.176000e+05 8.878700e-01
2.177000e+05 8.916700e-01
2.178000e+05 8.920800e-01
2.179000e+05 8.924800e-01
2.180000e+05 8.928900e-01
2.181000e+05 8.967000e-01
2.182000e+05 9.039100e-01
2.183000e+05 9.111200e-01
2.184000e+05 9.251400e-01
2.185000e+05 9.357800e-01
2.186000e+05 9.528900e-01
2.187000e+05 9.703500e-01
2.188000e+05 9.810200e-01
2.189000e+05 9.916900e-01
2.190000e+05 9.989700e-01
2.191000e+05 9.960100e-01
2.192000e+05 9.930500e-01
2.193000e+05 9.866700e-01
2.194000e+05 9.768700e-01
2.195000e+05 9.704800e-01
2.196000e+05 9.640800e-01
2.197000e+05 9.576800e-01
2.198000e+05 9.546900e-01
2.199000e+05 9.517000e-01
2.200000e+05 9.487100e-01
2.201000e+05 9.491400e-01
2.202000e+05 9.461400e-01
2.203000e+05 9.431400e-01
2.204000e+05 9.367100e-01
2.205000e+05 9.337000e-01
2.206000e+05 9.272500e-01
2.207000e+05 9.207900e-01
2.208000e+05 9.181200e-01
2.209000e+05 9.150900e-01
2.210000e+05 9.120700e-01
2.211000e+05 9.124800e-01
2.212000e+05 9.094500e-01
2.213000e+05 9.098600e-01
2.214000e+05 9.068200e-01
2.215000e+05 9.003300e-01
2.216000e+05 8.972900e-01
2.217000e+05 8.907900e-01
2.218000e+05 8.842800e-01
2.219000e+05 8.812200e-01
2.220000e+05 8.747000e-01
2.221000e+05 8.716400e-01
2.222000e+05 8.720300e-01
2.223000e+05 8.724200e-01
2.224000e+05 8.728200e-01
2.225000e+05 8.732100e-01
2.226000e+05 8.701400e-01
2.227000e+05 8.670600e-01
2.228000e+05 8.639800e-01
2.229000e+05 8.574200e-01
2.230000e+05 8.508600e-01
2.231000e+05 8.442900e-01
2.232000e+05 8.342400e-01
2.233000e+05 8.311400e-01
2.234000e+05 8.245500e-01
2.235000e+05 8.214400e-01
2.236000e+05 8.218100e-01
2.237000e+05 8.186900e-01
2.238000e+05 8.155700e-01
2.239000e+05 8.124500e-01
2.240000e+05 8.058400e-01
2.241000e+05 7.992200e-01
2.242000e+05 7.891000e-01
2.243000e+05 7.754800e-01
2.244000e+05 7.618500e-01
2.245000e+05 7.482000e-01
2.246000e+05 7.345400e-01
2.247000e+05 7.243700e-01
2.248000e+05 7.176900e-01
2.249000e+05 7.110100e-01
2.250000e+05 7.078200e-01
2.251000e+05 7.081300e-01
2.252000e+05 7.049400e-01
2.253000e+05 7.017400e-01
2.254000e+05 6.985500e-01
2.255000e+05 6.953400e-01
2.256000e+05 6.886300e-01
2.257000e+05 6.854200e-01
2.258000e+05 6.822000e-01
2.259000e+05 6.789900e-01
2.260000e+05 6.792900e-01
2.261000e+05 6.795900e-01
2.262000e+05 6.869300e-01
2.263000e+05 6.907600e-01
2.264000e+05 6.981200e-01
2.265000e+05 7.019500e-01
2.266000e+05 7.093200e-01
2.267000e+05 7.096400e-01
2.268000e+05 7.099500e-01
2.269000e+05 7.102600e-01
2.270000e+05 7.070400e-01
2.271000e+05 7.038100e-01
2.272000e+05 7.041200e-01
2.273000e+05 7.044300e-01
2.274000e+05 7.047400e-01
2.275000e+05 7.086000e-01
2.276000e+05 7.124500e-01
2.277000e+05 7.163100e-01
2.278000e+05 7.201700e-01
2.279000e+05 7.204900e-01
2.280000e+05 7.172600e-01
2.281000e+05 7.175700e-01
2.282000e+05 7.107800e-01
2.283000e+05 7.039800e-01
2.284000e+05 6.936200e-01
2.285000e+05 6.868000e-01
2.286000e+05 6.799800e-01
2.287000e+05 6.767200e-01
2.288000e+05 6.734500e-01
2.289000e+05 6.737400e-01
2.290000e+05 6.740400e-01
2.291000e+05 6.779000e-01
2.292000e+05 6.782000e-01
2.293000e+05 6.820600e-01
2.294000e+05 6.859300e-01
2.295000e+05 6.858800e-01
2.296000e+05 6.861700e-01
2.297000e+05 6.864700e-01
2.298000e+05 6.903500e-01
2.299000e+05 6.906500e-01
2.300000e+05 6.981200e-01
2.301000e+05 7.020000e-01
2.302000e+05 7.094800e-01
2.303000e+05 7.169600e-01
2.304000e+05 7.244500e-01
2.305000e+05 7.283500e-01
2.306000e+05 7.322600e-01
2.307000e+05 7.325800e-01
2.308000e+05 7.293000e-01
2.309000e+05 7.296200e-01
2.310000e+05 7.263300e-01
2.311000e+05 7.194500e-01
2.312000e+05 7.161600e-01
2.313000e+05 7.128700e-01
2.314000e+05 7.099300e-01
2.315000e+05 7.066300e-01
2.316000e+05 7.069400e-01
2.317000e+05 7.036400e-01
2.318000e+05 6.967200e-01
2.319000e+05 6.934100e-01
2.320000e+05 6.864800e-01
2.321000e+05 6.759300e-01
2.322000e+05 6.689900e-01
2.323000e+05 6.548100e-01
2.324000e+05 6.406200e-01
2.325000e+05 6.300300e-01
2.326000e+05 6.158100e-01
2.327000e+05 6.052000e-01
2.328000e+05 5.945900e-01
2.329000e+05 5.875900e-01
2.330000e+05 5.805800e-01
2.331000e+05 5.772000e-01
2.332000e+05 5.701900e-01
2.333000e+05 5.631600e-01
2.334000e+05 5.597700e-01
2.335000e+05 5.527400e-01
2.336000e+05 5.457000e-01
2.337000e+05 5.386500e-01
2.338000e+05 5.316000e-01
2.339000e+05 5.245400e-01
2.340000e+05 5.174800e-01
2.341000e+05 5.140500e-01
2.342000e+05 5.106300e-01
2.343000e+05 5.071900e-01
2.344000e+05 5.037600e-01
2.345000e+05 5.039800e-01
2.346000e+05 5.005400e-01
2.347000e+05 4.971000e-01
2.348000e+05 4.936500e-01
2.349000e+05 4.865400e-01
2.350000e+05 4.794300e-01
2.351000e+05 4.723100e-01
2.352000e+05 4.651900e-01
2.353000e+05 4.543900e-01
2.354000e+05 4.472500e-01
2.355000e+05 4.437800e-01
2.356000e+05 4.366300e-01
2.357000e+05 4.331400e-01
2.358000e+05 4.333200e-01
2.359000e+05 4.298300e-01
2.360000e+05 4.300200e-01
2.361000e+05 4.338800e-01
2.362000e+05 4.340600e-01
2.363000e+05 4.342400e-01
2.364000e+05 4.344300e-01
2.365000e+05 4.346100e-01
2.366000e+05 4.348000e-01
2.367000e+05 4.349800e-01
2.368000e+05 4.351600e-01
2.369000e+05 4.353500e-01
2.370000e+05 4.392200e-01
2.371000e+05 4.394100e-01
2.372000e+05 4.432900e-01
2.373000e+05 4.471700e-01
2.374000e+05 4.510500e-01
2.375000e+05 4.512400e-01
2.376000e+05 4.514300e-01
2.377000e+05 4.516200e-01
2.378000e+05 4.518100e-01
2.379000e+05 4.483000e-01
2.380000e+05 4.484900e-01
2.381000e+05 4.449700e-01
2.382000e+05 4.451500e-01
2.383000e+05 4.416300e-01
2.384000e+05 4.418200e-01
2.385000e+05 4.457200e-01
2.386000e+05 4.459000e-01
2.387000e+05 4.498100e-01
2.388000e+05 4.574300e-01
2.389000e+05 4.613400e-01
2.390000e+05 4.689800e-01
2.391000e+05 4.729000e-01
2.392000e+05 4.768200e-01
2.393000e+05 4.807500e-01
2.394000e+05 4.846800e-01
2.395000e+05 4.886100e-01
2.396000e+05 4.925500e-01
2.397000e+05 4.927500e-01
2.398000e+05 4.966900e-01
2.399000e+05 5.006400e-01
2.400000e+05 5.045800e-01
2.401000e+05 5.085300e-01
2.402000e+05 5.162300e-01
2.403000e+05 5.201800e-01
2.404000e+05 5.278900e-01
2.405000e+05 5.356000e-01
2.406000e+05 5.395700e-01
2.407000e+05 5.435400e-01
2.408000e+05 5.437700e-01
2.409000e+05 5.477400e-01
2.410000e+05 5.479700e-01
2.411000e+05 5.482000e-01
2.412000e+05 5.484300e-01
2.413000e+05 5.486500e-01
2.414000e+05 5.488800e-01
2.415000e+05 5.491100e-01
2.416000e+05 5.531000e-01
2.417000e+05 5.570900e-01
2.418000e+05 5.610900e-01
2.419000e+05 5.650900e-01
2.420000e+05 5.690900e-01
2.421000e+05 5.693200e-01
2.422000e+05 5.695600e-01
2.423000e+05 5.697900e-01
2.424000e+05 5.662500e-01
2.425000e+05 5.664900e-01
2.426000e+05 5.629400e-01
2.427000e+05 5.594000e-01
2.428000e+05 5.558500e-01
2.429000e+05 5.560700e-01
2.430000e+05 5.525200e-01
2.431000e+05 5.527500e-01
2.432000e+05 5.567600e-01
2.433000e+05 5.607800e-01
2.434000e+05 5.610100e-01
2.435000e+05 5.650300e-01
2.436000e+05 5.652600e-01
2.437000e+05 5.692900e-01
2.438000e+05 5.695300e-01
2.439000e+05 5.697600e-01
2.440000e+05 5.699900e-01
2.441000e+05 5.664200e-01
2.442000e+05 5.666600e-01
2.443000e+05 5.630800e-01
2.444000e+05 5.633100e-01
2.445000e+05 5.635400e-01
2.446000e+05 5.599700e-01
2.447000e+05 5.601900e-01
2.448000e+05 5.604200e-01
2.449000e+05 5.568400e-01
2.450000e+05 5.570700e-01
2.451000e+05 5.534800e-01
2.452000e+05 5.498800e-01
2.453000e+05 5.428500e-01
2.454000e+05 5.392500e-01
2.455000e+05 5.318200e-01
2.456000e+05 5.243900e-01
2.457000e+05 5.169500e-01
2.458000e+05 5.095000e-01
2.459000e+05 5.020500e-01
2.460000e+05 4.945900e-01
2.461000e+05 4.909600e-01
2.462000e+05 4.873300e-01
2.463000e+05 4.836900e-01
2.464000e+05 4.838900e-01
2.465000e+05 4.840800e-01
2.466000e+05 4.804400e-01
2.467000e+05 4.806300e-01
2.468000e+05 4.808300e-01
2.469000e+05 4.771800e-01
2.470000e+05 4.735200e-01
2.471000e+05 4.737200e-01
2.472000e+05 4.700600e-01
2.473000e+05 4.625500e-01
2.474000e+05 4.588800e-01
2.475000e+05 4.552100e-01
2.476000e+05 4.515400e-01
2.477000e+05 4.517200e-01
2.478000e+05 4.480400e-01
2.479000e+05 4.482300e-01
2.480000e+05 4.484100e-01
2.481000e+05 4.485900e-01
2.482000e+05 4.487700e-01
2.483000e+05 4.450800e-01
2.484000e+05 4.452600e-01
2.485000e+05 4.415700e-01
2.486000e+05 4.378800e-01
2.487000e+05 4.341800e-01
2.488000e+05 4.266000e-01
2.489000e+05 4.229000e-01
2.490000e+05 4.191900e-01
2.491000e+05 4.154800e-01
2.492000e+05 4.117700e-01
2.493000e+05 4.080500e-01
2.494000e+05 4.082100e-01
2.495000e+05 4.044900e-01
2.496000e+05 4.007700e-01
2.497000e+05 4.009300e-01
2.498000e+05 3.972000e-01
2.499000e+05 3.934600e-01
2.500000e+05 3.893400e-01
2.501000e+05 3.852900e-01
2.502000e+05 3.792100e-01
2.503000e+05 3.727700e-01
2.504000e+05 3.662900e-01
2.505000e+05 3.594500e-01
2.506000e+05 3.526100e-01
2.507000e+05 3.457200e-01
2.508000e+05 3.400400e-01
2.509000e+05 3.351400e-01
2.510000e+05 3.302300e-01
2.511000e+05 3.264500e-01
2.512000e+05 3.234500e-01
2.513000e+05 3.204500e-01
2.514000e+05 3.178000e-01
2.515000e+05 3.155300e-01
2.516000e+05 3.132700e-01
2.517000e+05 3.110000e-01
2.518000e+05 3.091600e-01
2.519000e+05 3.069300e-01
2.520000e+05 3.050900e-01
2.521000e+05 3.032900e-01
2.522000e+05 3.018800e-01
2.523000e+05 3.004700e-01
2.524000e+05 2.998400e-01
2.525000e+05 2.992100e-01
2.526000e+05 2.989700e-01
2.527000e+05 2.994900e-01
2.528000e+05 3.000000e-01
2.529000e+05 3.001200e-01
2.530000e+05 3.002400e-01
2.531000e+05 3.003600e-01
2.532000e+05 3.000800e-01
2.533000e+05 2.982300e-01
2.534000e+05 2.967300e-01
2.535000e+05 2.944700e-01
2.536000e+05 2.914300e-01
2.537000e+05 2.883400e-01
2.538000e+05 2.853000e-01
2.539000e+05 2.822500e-01
2.540000e+05 2.791500e-01
2.541000e+05 2.764900e-01
2.542000e+05 2.742300e-01
2.543000e+05 2.719600e-01
2.544000e+05 2.696900e-01
2.545000e+05 2.674200e-01
2.546000e+05 2.643900e-01
2.547000e+05 2.617200e-01
2.548000e+05 2.574900e-01
2.549000e+05 2.524700e-01
2.550000e+05 2.478100e-01
2.551000e+05 2.419800e-01
2.552000e+05 2.353600e-01
2.553000e+05 2.291300e-01
2.554000e+05 2.229000e-01
2.555000e+05 2.174500e-01
2.556000e+05 2.120100e-01
2.557000e+05 2.073100e-01
2.558000e+05 2.042500e-01
2.559000e+05 2.015400e-01
2.560000e+05 1.988600e-01
2.561000e+05 1.969500e-01
2.562000e+05 1.950300e-01
2.563000e+05 1.931500e-01
2.564000e+05 1.900300e-01
2.565000e+05 1.861500e-01
2.566000e+05 1.826700e-01
2.567000e+05 1.775800e-01
2.568000e+05 1.717300e-01
2.569000e+05 1.654800e-01
2.570000e+05 1.591800e-01
2.571000e+05 1.524700e-01
2.572000e+05 1.458000e-01
2.573000e+05 1.394900e-01
2.574000e+05 1.347300e-01
2.575000e+05 1.295700e-01
2.576000e+05 1.252100e-01
2.577000e+05 1.233300e-01
2.578000e+05 1.214100e-01
2.579000e+05 1.195300e-01
2.580000e+05 1.196600e-01
2.581000e+05 1.198200e-01
2.582000e+05 1.203500e-01
2.583000e+05 1.212800e-01
2.584000e+05 1.225800e-01
2.585000e+05 1.243200e-01
2.586000e+05 1.256100e-01
2.587000e+05 1.276300e-01
2.588000e+05 1.293000e-01
2.589000e+05 1.313200e-01
2.590000e+05 1.333100e-01
2.591000e+05 1.353000e-01
2.592000e+05 1.373300e-01
2.593000e+05 1.385500e-01
2.594000e+05 1.401800e-01
2.595000e+05 1.414500e-01
2.596000e+05 1.419100e-01
2.597000e+05 1.423200e-01
2.598000e+05 1.424200e-01
2.599000e+05 1.420700e-01
2.600000e+05 1.409500e-01
2.601000e+05 1.394200e-01
2.602000e+05 1.379400e-01
2.603000e+05 1.356000e-01
2.604000e+05 1.333000e-01
2.605000e+05 1.310000e-01
2.606000e+05 1.283300e-01
2.607000e+05 1.256200e-01
2.608000e+05 1.229400e-01
2.609000e+05 1.206800e-01
2.610000e+05 1.184000e-01
2.611000e+05 1.161700e-01
2.612000e+05 1.139400e-01
2.613000e+05 1.117400e-01
2.614000e+05 1.098700e-01
2.615000e+05 1.076000e-01
2.616000e+05 1.053100e-01
2.617000e+05 1.029900e-01
2.618000e+05 1.003400e-01
2.619000e+05 9.719600e-02
2.620000e+05 9.396900e-02
2.621000e+05 9.082100e-02
2.622000e+05 8.758900e-02
2.623000e+05 8.468100e-02
2.624000e+05 8.177100e-02
2.625000e+05 7.922700e-02
2.626000e+05 7.786600e-02
2.627000e+05 7.683200e-02
2.628000e+05 7.547000e-02
2.629000e+05 7.615400e-02
2.630000e+05 7.651000e-02
2.631000e+05 7.723600e-02
2.632000e+05 7.808500e-02
2.633000e+05 7.897600e-02
2.634000e+05 7.986700e-02
2.635000e+05 8.034900e-02
2.636000e+05 8.079000e-02
2.637000e+05 8.086200e-02
2.638000e+05 8.093400e-02
2.639000e+05 8.096400e-02
2.640000e+05 8.062500e-02
2.641000e+05 8.024400e-02
2.642000e+05 8.031600e-02
2.643000e+05 8.034600e-02
2.644000e+05 8.037700e-02
2.645000e+05 8.044800e-02
2.646000e+05 8.056100e-02
2.647000e+05 8.067400e-02
2.648000e+05 8.074600e-02
2.649000e+05 7.966200e-02
2.650000e+05 7.861900e-02
2.651000e+05 7.753400e-02
2.652000e+05 7.574600e-02
2.653000e+05 7.308900e-02
2.654000e+05 7.043000e-02
2.655000e+05 6.781000e-02
2.656000e+05 6.510600e-02
2.657000e+05 6.202700e-02
2.658000e+05 5.927700e-02
2.659000e+05 5.615200e-02
2.660000e+05 5.364600e-02
2.661000e+05 5.084800e-02
2.662000e+05 4.809000e-02
2.663000e+05 4.528800e-02
2.664000e+05 4.252500e-02
2.665000e+05 3.971900e-02
2.666000e+05 3.704300e-02
2.667000e+05 3.437000e-02
2.668000e+05 3.162000e-02
2.669000e+05 2.959100e-02
2.670000e+05 2.929800e-02
2.671000e+05 2.867300e-02
2.672000e+05 2.757200e-02
2.673000e+05 9.978300e-02
2.674000e+05 1.111100e-01
2.675000e+05 1.109000e-01
2.676000e+05 1.121100e-01
2.677000e+05 1.084400e-01
2.678000e+05 1.047700e-01
2.679000e+05 1.014700e-01
2.680000e+05 9.816600e-02
2.681000e+05 9.486200e-02
2.682000e+05 9.164000e-02
2.683000e+05 8.795500e-02
2.684000e+05 8.410000e-02
2.685000e+05 8.041000e-02
2.686000e+05 7.688500e-02
2.687000e+05 7.348200e-02
2.688000e+05 7.032800e-02
2.689000e+05 6.725500e-02
2.690000e+05 6.430600e-02
2.691000e+05 6.156400e-02
2.692000e+05 5.890300e-02
2.693000e+05 5.636700e-02
2.694000e+05 5.395400e-02
2.695000e+05 5.154000e-02
2.696000e+05 4.925000e-02
2.697000e+05 4.708400e-02
2.698000e+05 4.495900e-02
2.699000e+05 4.287400e-02
2.700000e+05 4.035400e-02
2.701000e+05 3.744600e-02
2.702000e+05 3.455600e-02
2.703000e+05 3.029600e-02
2.704000e+05 1.852500e-02
2.705000e+05 1.985800e-02
2.706000e+05 2.139100e-02
2.707000e+05 2.319900e-02
2.708000e+05 2.452800e-02
2.709000e+05 2.587900e-02
2.710000e+05 2.724700e-02
2.711000e+05 2.818600e-02
2.712000e+05 2.868200e-02
2.713000e+05 2.908600e-02
2.714000e+05 2.951500e-02
2.715000e+05 2.938200e-02
2.716000e+05 2.926600e-02
2.717000e+05 2.912900e-02
2.718000e+05 2.884700e-02
2.719000e+05 2.848100e-02
2.720000e+05 2.816100e-02
2.721000e+05 2.786200e-02
2.722000e+05 2.727900e-02
2.723000e+05 2.655100e-02
2.724000e+05 2.590300e-02
2.725000e+05 2.501300e-02
2.726000e+05 2.324800e-02
2.727000e+05 2.149400e-02
2.728000e+05 1.984500e-02
2.729000e+05 1.746800e-02
2.730000e+05 1.485900e-02
2.731000e+05 1.249600e-02
2.732000e+05 1.018600e-02
2.733000e+05 6.077900e-03
2.734000e+05 3.613600e-03
2.735000e+05 2.190600e-03
2.736000e+05 1.694600e-03
2.737000e+05 2.669600e-04
2.738000e+05 4.443100e-04
2.739000e+05 3.745200e-04
2.740000e+05 3.148300e-04
2.741000e+05 2.660700e-04
2.742000e+05 2.235500e-04
2.743000e+05 1.887700e-04
2.744000e+05 1.594800e-04
2.745000e+05 1.338900e-04
2.746000e+05 1.126000e-04
2.747000e+05 9.471600e-05
2.748000e+05 7.964400e-05
2.749000e+05 6.687200e-05
2.750000e+05 5.631800e-05
2.751000e+05 4.734100e-05
2.752000e+05 3.976400e-05
2.753000e+05 3.342000e-05
2.754000e+05 3.035300e-05
2.755000e+05 2.842500e-05
2.756000e+05 2.657700e-05
2.757000e+05 2.488600e-05
2.758000e+05 2.319800e-05
2.759000e+05 2.174200e-05
2.760000e+05 2.036100e-05
2.761000e+05 1.905700e-05
2.762000e+05 1.783400e-05
2.763000e+05 1.668700e-05
2.764000e+05 1.561700e-05
2.765000e+05 1.454600e-05
2.766000e+05 1.360800e-05
2.767000e+05 1.272500e-05
2.768000e+05 1.191100e-05
2.769000e+05 1.111300e-05
2.770000e+05 1.037100e-05
2.771000e+05 9.705400e-06
2.772000e+05 2.060900e-05
2.773000e+05 3.102900e-05
2.774000e+05 7.473800e-05
2.775000e+05 3.783600e-04
2.776000e+05 3.471500e-03
2.777000e+05 4.623200e-03
2.778000e+05 6.061200e-03
2.779000e+05 7.785900e-03
2.780000e+05 9.113500e-03
2.781000e+05 9.463200e-03
2.782000e+05 9.717900e-03
2.783000e+05 1.006800e-02
2.784000e+05 1.017600e-02
2.785000e+05 1.020100e-02
2.786000e+05 1.023500e-02
2.787000e+05 1.028200e-02
2.788000e+05 1.022500e-02
2.789000e+05 1.021600e-02
2.790000e+05 1.021500e-02
2.791000e+05 1.005800e-02
2.792000e+05 9.257200e-03
2.793000e+05 8.568900e-03
2.794000e+05 7.901900e-03
2.795000e+05 6.607600e-03
2.796000e+05 4.846400e-03
2.797000e+05 3.524400e-03
2.798000e+05 2.578300e-03
2.799000e+05 5.714700e-04
2.800000e+05 1.596000e-04
2.805000e+05 3.842900e-05
