# # Wavelength(Angstrom)  Transmission
1.900000e+04 0.000000e+00
1.915000e+04 0.000000e+00
1.927000e+04 0.000000e+00
1.934000e+04 2.000000e-04
1.939000e+04 5.000000e-04
1.948000e+04 5.400000e-03
1.957000e+04 1.190000e-02
1.962000e+04 1.970000e-02
1.969000e+04 4.220000e-02
1.976000e+04 8.730000e-02
1.981000e+04 1.528000e-01
1.989000e+04 2.482000e-01
1.990000e+04 1.902000e-01
1.998000e+04 2.339000e-01
2.008000e+04 2.946000e-01
2.014000e+04 3.982000e-01
2.019000e+04 3.366000e-01
2.028000e+04 6.207000e-01
2.037000e+04 7.650000e-01
2.045000e+04 7.464000e-01
2.061000e+04 6.251000e-01
2.072000e+04 7.255000e-01
2.075000e+04 6.895000e-01
2.082000e+04 7.879000e-01
2.089000e+04 8.181000e-01
2.099000e+04 8.228000e-01
2.106000e+04 8.633000e-01
2.113000e+04 8.778000e-01
2.120000e+04 8.549000e-01
2.124000e+04 8.953000e-01
2.138000e+04 9.189000e-01
2.145000e+04 9.268000e-01
2.155000e+04 9.267000e-01
2.169000e+04 9.009000e-01
2.176000e+04 9.228000e-01
2.185000e+04 8.428000e-01
2.197000e+04 9.459000e-01
2.208000e+04 9.804000e-01
2.213000e+04 9.879000e-01
2.218000e+04 9.848000e-01
2.232000e+04 9.647000e-01
2.237000e+04 9.816000e-01
2.248000e+04 9.834000e-01
2.256000e+04 9.613000e-01
2.260000e+04 9.792000e-01
2.263000e+04 1.000000e+00
2.265000e+04 9.632000e-01
2.270000e+04 9.812000e-01
2.272000e+04 9.681000e-01
2.276000e+04 9.109000e-01
2.277000e+04 9.821000e-01
2.281000e+04 8.896000e-01
2.284000e+04 8.918000e-01
2.286000e+04 9.424000e-01
2.291000e+04 8.404000e-01
2.293000e+04 8.042000e-01
2.295000e+04 7.077000e-01
2.297000e+04 6.576000e-01
2.299000e+04 5.607000e-01
2.306000e+04 4.437000e-01
2.311000e+04 3.482000e-01
2.316000e+04 2.302000e-01
2.320000e+04 1.626000e-01
2.325000e+04 1.360000e-01
2.328000e+04 9.210000e-02
2.335000e+04 6.240000e-02
2.339000e+04 4.310000e-02
2.344000e+04 3.400000e-02
2.346000e+04 3.100000e-02
2.352000e+04 1.180000e-02
2.361000e+04 6.800000e-03
2.363000e+04 7.000000e-04
2.370000e+04 3.000000e-03
2.375000e+04 2.100000e-03
2.384000e+04 4.000000e-04
2.399000e+04 0.000000e+00
