# # Wavelength(Angstrom)  Transmission
5.380000e+03 0.000000e+00
5.405000e+03 1.400000e-03
5.430000e+03 9.900000e-03
5.455000e+03 2.590000e-02
5.480000e+03 4.970000e-02
5.505000e+03 8.070000e-02
5.530000e+03 1.186000e-01
5.555000e+03 1.625000e-01
5.580000e+03 2.093000e-01
5.605000e+03 2.555000e-01
5.630000e+03 2.975000e-01
5.655000e+03 3.326000e-01
5.680000e+03 3.609000e-01
5.705000e+03 3.834000e-01
5.730000e+03 4.010000e-01
5.755000e+03 4.147000e-01
5.780000e+03 4.253000e-01
5.805000e+03 4.333000e-01
5.830000e+03 4.395000e-01
5.855000e+03 4.446000e-01
5.880000e+03 4.489000e-01
5.905000e+03 4.527000e-01
5.930000e+03 4.563000e-01
5.955000e+03 4.599000e-01
5.980000e+03 4.634000e-01
6.005000e+03 4.665000e-01
6.030000e+03 4.689000e-01
6.055000e+03 4.703000e-01
6.080000e+03 4.711000e-01
6.105000e+03 4.717000e-01
6.130000e+03 4.727000e-01
6.155000e+03 4.744000e-01
6.180000e+03 4.767000e-01
6.205000e+03 4.792000e-01
6.230000e+03 4.819000e-01
6.255000e+03 4.844000e-01
6.280000e+03 4.867000e-01
6.305000e+03 4.887000e-01
6.330000e+03 4.902000e-01
6.355000e+03 4.909000e-01
6.380000e+03 4.912000e-01
6.405000e+03 4.912000e-01
6.430000e+03 4.912000e-01
6.455000e+03 4.914000e-01
6.480000e+03 4.915000e-01
6.505000e+03 4.912000e-01
6.530000e+03 4.901000e-01
6.555000e+03 4.878000e-01
6.580000e+03 4.852000e-01
6.605000e+03 4.818000e-01
6.630000e+03 4.697000e-01
6.655000e+03 4.421000e-01
6.680000e+03 4.009000e-01
6.705000e+03 3.499000e-01
6.730000e+03 2.924000e-01
6.755000e+03 2.318000e-01
6.780000e+03 1.715000e-01
6.805000e+03 1.152000e-01
6.830000e+03 6.870000e-02
6.855000e+03 3.800000e-02
6.880000e+03 2.120000e-02
6.905000e+03 1.340000e-02
6.930000e+03 9.900000e-03
6.955000e+03 7.600000e-03
6.980000e+03 5.500000e-03
7.005000e+03 3.900000e-03
7.030000e+03 2.700000e-03
7.055000e+03 2.000000e-03
7.080000e+03 1.500000e-03
7.105000e+03 1.200000e-03
7.130000e+03 1.000000e-03
7.155000e+03 7.000000e-04
7.180000e+03 4.000000e-04
7.205000e+03 2.000000e-04
7.230000e+03 0.000000e+00
