# Temple, Hewett & Banerji (2021) empirical quasar extinction curve (qsogen pl_ext_comp_03)
# E(lambda-V)/E(B-V) vs wavelength; log-resampled to 1200 points (max dev 0.0024 mag/mag vs source)
# columns: wavelength[Angstrom]  E(lambda-V)/E(B-V)
5.000000e+02 2.606230e+01
5.020004e+02 2.596660e+01
5.040089e+02 2.587051e+01
5.060254e+02 2.577495e+01
5.080499e+02 2.567988e+01
5.100826e+02 2.558450e+01
5.121234e+02 2.549046e+01
5.141723e+02 2.539604e+01
5.162294e+02 2.530228e+01
5.182948e+02 2.520884e+01
5.203685e+02 2.511533e+01
5.224504e+02 2.502285e+01
5.245407e+02 2.493000e+01
5.266393e+02 2.483809e+01
5.287463e+02 2.474619e+01
5.308618e+02 2.465458e+01
5.329857e+02 2.456359e+01
5.351181e+02 2.447233e+01
5.372590e+02 2.438219e+01
5.394086e+02 2.429170e+01
5.415667e+02 2.420200e+01
5.437334e+02 2.411239e+01
5.459088e+02 2.402307e+01
5.480929e+02 2.393430e+01
5.502858e+02 2.384538e+01
5.524874e+02 2.375740e+01
5.546979e+02 2.366907e+01
5.569172e+02 2.358173e+01
5.591453e+02 2.349425e+01
5.613824e+02 2.340731e+01
5.636284e+02 2.332057e+01
5.658834e+02 2.323406e+01
5.681475e+02 2.314812e+01
5.704206e+02 2.306210e+01
5.727028e+02 2.297688e+01
5.749941e+02 2.289132e+01
5.772946e+02 2.280684e+01
5.796042e+02 2.272203e+01
5.819232e+02 2.263800e+01
5.842514e+02 2.255385e+01
5.865889e+02 2.247033e+01
5.889358e+02 2.238692e+01
5.912921e+02 2.230390e+01
5.936577e+02 2.222115e+01
5.960329e+02 2.213863e+01
5.984176e+02 2.205650e+01
6.008118e+02 2.197450e+01
6.032155e+02 2.189306e+01
6.056289e+02 2.181162e+01
6.080520e+02 2.173079e+01
6.104847e+02 2.164988e+01
6.129272e+02 2.156967e+01
6.153795e+02 2.148933e+01
6.178415e+02 2.140970e+01
6.203134e+02 2.132992e+01
6.227952e+02 2.125090e+01
6.252870e+02 2.117169e+01
6.277887e+02 2.109319e+01
6.303004e+02 2.101452e+01
6.328222e+02 2.093660e+01
6.353540e+02 2.085852e+01
6.378960e+02 2.078115e+01
6.404481e+02 2.070366e+01
6.430105e+02 2.062685e+01
6.455831e+02 2.054996e+01
6.481660e+02 2.047361e+01
6.507592e+02 2.039729e+01
6.533629e+02 2.032147e+01
6.559769e+02 2.024576e+01
6.586014e+02 2.017044e+01
6.612364e+02 2.009531e+01
6.638819e+02 2.002044e+01
6.665380e+02 1.994592e+01
6.692048e+02 1.987157e+01
6.718822e+02 1.979764e+01
6.745703e+02 1.972372e+01
6.772692e+02 1.965036e+01
6.799789e+02 1.957687e+01
6.826994e+02 1.950412e+01
6.854308e+02 1.943124e+01
6.881731e+02 1.935896e+01
6.909264e+02 1.928669e+01
6.936907e+02 1.921477e+01
6.964661e+02 1.914308e+01
6.992526e+02 1.907158e+01
7.020502e+02 1.900053e+01
7.048590e+02 1.892947e+01
7.076791e+02 1.885898e+01
7.105104e+02 1.878842e+01
7.133531e+02 1.871838e+01
7.162072e+02 1.864844e+01
7.190726e+02 1.857875e+01
7.219495e+02 1.850945e+01
7.248380e+02 1.844019e+01
7.277380e+02 1.837141e+01
7.306496e+02 1.830261e+01
7.335728e+02 1.823427e+01
7.365078e+02 1.816613e+01
7.394544e+02 1.809818e+01
7.424129e+02 1.803059e+01
7.453832e+02 1.796299e+01
7.483654e+02 1.789595e+01
7.513595e+02 1.782899e+01
7.543656e+02 1.776220e+01
7.573838e+02 1.769585e+01
7.604140e+02 1.762952e+01
7.634563e+02 1.756357e+01
7.665108e+02 1.749780e+01
7.695775e+02 1.743223e+01
7.726565e+02 1.736704e+01
7.757478e+02 1.730189e+01
7.788515e+02 1.723708e+01
7.819676e+02 1.717253e+01
7.850962e+02 1.710804e+01
7.882373e+02 1.704409e+01
7.913909e+02 1.698019e+01
7.945572e+02 1.691642e+01
7.977361e+02 1.685311e+01
8.009278e+02 1.678986e+01
8.041322e+02 1.672686e+01
8.073494e+02 1.666417e+01
8.105795e+02 1.660157e+01
8.138226e+02 1.653931e+01
8.170786e+02 1.647725e+01
8.203476e+02 1.641528e+01
8.236297e+02 1.635371e+01
8.269250e+02 1.629231e+01
8.302334e+02 1.623102e+01
8.335551e+02 1.617010e+01
8.368900e+02 1.610935e+01
8.402384e+02 1.604873e+01
8.436000e+02 1.598849e+01
8.469752e+02 1.592840e+01
8.503638e+02 1.586843e+01
8.537661e+02 1.580882e+01
8.571819e+02 1.574937e+01
8.606114e+02 1.569003e+01
8.640546e+02 1.563109e+01
8.675116e+02 1.557230e+01
8.709824e+02 1.551364e+01
8.744671e+02 1.545523e+01
8.779657e+02 1.539707e+01
8.814784e+02 1.533905e+01
8.850051e+02 1.528122e+01
8.885459e+02 1.522372e+01
8.921008e+02 1.516636e+01
8.956700e+02 1.510915e+01
8.992535e+02 1.505217e+01
9.028513e+02 1.499548e+01
9.064635e+02 1.493893e+01
9.100902e+02 1.488251e+01
9.137313e+02 1.482644e+01
9.173871e+02 1.477052e+01
9.210574e+02 1.471475e+01
9.247425e+02 1.465918e+01
9.284423e+02 1.460394e+01
9.321569e+02 1.454882e+01
9.358863e+02 1.449382e+01
9.396307e+02 1.443901e+01
9.433900e+02 1.438451e+01
9.471644e+02 1.433016e+01
9.509539e+02 1.427597e+01
9.547586e+02 1.422202e+01
9.585785e+02 1.416829e+01
9.624136e+02 1.411470e+01
9.662641e+02 1.406128e+01
9.701301e+02 1.400803e+01
9.740114e+02 1.395508e+01
9.779083e+02 1.390234e+01
9.818208e+02 1.384974e+01
9.857490e+02 1.379727e+01
9.896929e+02 1.374497e+01
9.936525e+02 1.369298e+01
9.976280e+02 1.364114e+01
1.001619e+03 1.358944e+01
1.005627e+03 1.353790e+01
1.009650e+03 1.348656e+01
1.013690e+03 1.343546e+01
1.017745e+03 1.338453e+01
1.021817e+03 1.333377e+01
1.025905e+03 1.328316e+01
1.030010e+03 1.323268e+01
1.034131e+03 1.318249e+01
1.038268e+03 1.313248e+01
1.042422e+03 1.308263e+01
1.046593e+03 1.303294e+01
1.050780e+03 1.298344e+01
1.054984e+03 1.293408e+01
1.059205e+03 1.288495e+01
1.063443e+03 1.283597e+01
1.067698e+03 1.278719e+01
1.071969e+03 1.273857e+01
1.076258e+03 1.269008e+01
1.080564e+03 1.264182e+01
1.084887e+03 1.259365e+01
1.089228e+03 1.254581e+01
1.093586e+03 1.249807e+01
1.097961e+03 1.245050e+01
1.102354e+03 1.240307e+01
1.106764e+03 1.235583e+01
1.111192e+03 1.230879e+01
1.115638e+03 1.226181e+01
1.120102e+03 1.221505e+01
1.124583e+03 1.216853e+01
1.129082e+03 1.212215e+01
1.133600e+03 1.207591e+01
1.138135e+03 1.202987e+01
1.142689e+03 1.198395e+01
1.147260e+03 1.193819e+01
1.151850e+03 1.189262e+01
1.156459e+03 1.184720e+01
1.161086e+03 1.180195e+01
1.165731e+03 1.175685e+01
1.170395e+03 1.171192e+01
1.175078e+03 1.166716e+01
1.179779e+03 1.162250e+01
1.184499e+03 1.157811e+01
1.189238e+03 1.153381e+01
1.193996e+03 1.148969e+01
1.198773e+03 1.144576e+01
1.203569e+03 1.140195e+01
1.208385e+03 1.135830e+01
1.213219e+03 1.131479e+01
1.218073e+03 1.127145e+01
1.222947e+03 1.122825e+01
1.227840e+03 1.118523e+01
1.232752e+03 1.114236e+01
1.237684e+03 1.109961e+01
1.242636e+03 1.105704e+01
1.247608e+03 1.101464e+01
1.252599e+03 1.097236e+01
1.257611e+03 1.093027e+01
1.262642e+03 1.088832e+01
1.267694e+03 1.084650e+01
1.272766e+03 1.080488e+01
1.277858e+03 1.076334e+01
1.282971e+03 1.072196e+01
1.288104e+03 1.068077e+01
1.293257e+03 1.063967e+01
1.298431e+03 1.059876e+01
1.303626e+03 1.055797e+01
1.308842e+03 1.051739e+01
1.314078e+03 1.047692e+01
1.319336e+03 1.043650e+01
1.324614e+03 1.039633e+01
1.329914e+03 1.035625e+01
1.335235e+03 1.031635e+01
1.340577e+03 1.027663e+01
1.345940e+03 1.023700e+01
1.351325e+03 1.019755e+01
1.356732e+03 1.015826e+01
1.362160e+03 1.011905e+01
1.367610e+03 1.007997e+01
1.373082e+03 1.004108e+01
1.378575e+03 1.000230e+01
1.384091e+03 9.963650e+00
1.389628e+03 9.925152e+00
1.395188e+03 9.886792e+00
1.400770e+03 9.848582e+00
1.406374e+03 9.810510e+00
1.412001e+03 9.772569e+00
1.417650e+03 9.734763e+00
1.423322e+03 9.697085e+00
1.429017e+03 9.659541e+00
1.434734e+03 9.622129e+00
1.440474e+03 9.584862e+00
1.446237e+03 9.547739e+00
1.452024e+03 9.510738e+00
1.457833e+03 9.473869e+00
1.463666e+03 9.437125e+00
1.469522e+03 9.400517e+00
1.475401e+03 9.364039e+00
1.481304e+03 9.327705e+00
1.487230e+03 9.291500e+00
1.493181e+03 9.255414e+00
1.499155e+03 9.219449e+00
1.505153e+03 9.183615e+00
1.511175e+03 9.147935e+00
1.517221e+03 9.112372e+00
1.523291e+03 9.076931e+00
1.529385e+03 9.041607e+00
1.535504e+03 9.006419e+00
1.541648e+03 8.971372e+00
1.547816e+03 8.936439e+00
1.554008e+03 8.901624e+00
1.560226e+03 8.866930e+00
1.566468e+03 8.832382e+00
1.572735e+03 8.797948e+00
1.579027e+03 8.763632e+00
1.585345e+03 8.729435e+00
1.591688e+03 8.695377e+00
1.598056e+03 8.661437e+00
1.604450e+03 8.627598e+00
1.610869e+03 8.593905e+00
1.617314e+03 8.560332e+00
1.623784e+03 8.526863e+00
1.630281e+03 8.493517e+00
1.636804e+03 8.460306e+00
1.643352e+03 8.427205e+00
1.649927e+03 8.394206e+00
1.656528e+03 8.361359e+00
1.663156e+03 8.328615e+00
1.669810e+03 8.295971e+00
1.676491e+03 8.263472e+00
1.683198e+03 8.231078e+00
1.689932e+03 8.198784e+00
1.696694e+03 8.166633e+00
1.703482e+03 8.134587e+00
1.710297e+03 8.102646e+00
1.717140e+03 8.070842e+00
1.724010e+03 8.039130e+00
1.730908e+03 8.007537e+00
1.737833e+03 7.976067e+00
1.744786e+03 7.944686e+00
1.751766e+03 7.913449e+00
1.758775e+03 7.882309e+00
1.765812e+03 7.851280e+00
1.772876e+03 7.820369e+00
1.779970e+03 7.789542e+00
1.787091e+03 7.758865e+00
1.794241e+03 7.728271e+00
1.801419e+03 7.697804e+00
1.808627e+03 7.667440e+00
1.815863e+03 7.637172e+00
1.823128e+03 7.607033e+00
1.830422e+03 7.576982e+00
1.837745e+03 7.547061e+00
1.845098e+03 7.517225e+00
1.852480e+03 7.487515e+00
1.859892e+03 7.457893e+00
1.867333e+03 7.428400e+00
1.874804e+03 7.398991e+00
1.882305e+03 7.369705e+00
1.889836e+03 7.340506e+00
1.897397e+03 7.311436e+00
1.904988e+03 7.282436e+00
1.912609e+03 7.253577e+00
1.920262e+03 7.224792e+00
1.927944e+03 7.196133e+00
1.935658e+03 7.167558e+00
1.943402e+03 7.139104e+00
1.951178e+03 7.107938e+00
1.958984e+03 7.061172e+00
1.966822e+03 7.014624e+00
1.974691e+03 6.968278e+00
1.982591e+03 6.922165e+00
1.990523e+03 6.876240e+00
1.998487e+03 6.830544e+00
2.006483e+03 6.785047e+00
2.014511e+03 6.739755e+00
2.022570e+03 6.694683e+00
2.030662e+03 6.649800e+00
2.038787e+03 6.605140e+00
2.046944e+03 6.560676e+00
2.055133e+03 6.516404e+00
2.063356e+03 6.472367e+00
2.071611e+03 6.428507e+00
2.079899e+03 6.384839e+00
2.088221e+03 6.341405e+00
2.096576e+03 6.298146e+00
2.104964e+03 6.255076e+00
2.113385e+03 6.212239e+00
2.121841e+03 6.169575e+00
2.130330e+03 6.127100e+00
2.138853e+03 6.084832e+00
2.147411e+03 6.042758e+00
2.156002e+03 6.000864e+00
2.164628e+03 5.959164e+00
2.173288e+03 5.917674e+00
2.181984e+03 5.876362e+00
2.190713e+03 5.835230e+00
2.199478e+03 5.794292e+00
2.208278e+03 5.753555e+00
2.217113e+03 5.712993e+00
2.225984e+03 5.672610e+00
2.234889e+03 5.632418e+00
2.243831e+03 5.592416e+00
2.252808e+03 5.552603e+00
2.261822e+03 5.512959e+00
2.270871e+03 5.473494e+00
2.279956e+03 5.434208e+00
2.289078e+03 5.395120e+00
2.298237e+03 5.356207e+00
2.307432e+03 5.317462e+00
2.316663e+03 5.278897e+00
2.325932e+03 5.240512e+00
2.335238e+03 5.202290e+00
2.344581e+03 5.164262e+00
2.353961e+03 5.126400e+00
2.363379e+03 5.088714e+00
2.372835e+03 5.051207e+00
2.382328e+03 5.013863e+00
2.391860e+03 4.976685e+00
2.401429e+03 4.939683e+00
2.411037e+03 4.902847e+00
2.420683e+03 4.866187e+00
2.430368e+03 4.829691e+00
2.440092e+03 4.793359e+00
2.449854e+03 4.757198e+00
2.459656e+03 4.721201e+00
2.469497e+03 4.685368e+00
2.479377e+03 4.649703e+00
2.489297e+03 4.614201e+00
2.499256e+03 4.578862e+00
2.509255e+03 4.543683e+00
2.519294e+03 4.508664e+00
2.529374e+03 4.473800e+00
2.539494e+03 4.439102e+00
2.549654e+03 4.404564e+00
2.559855e+03 4.370179e+00
2.570096e+03 4.335960e+00
2.580379e+03 4.301892e+00
2.590703e+03 4.267984e+00
2.601068e+03 4.234232e+00
2.611475e+03 4.200634e+00
2.621923e+03 4.167184e+00
2.632413e+03 4.133896e+00
2.642945e+03 4.100751e+00
2.653519e+03 4.067763e+00
2.664135e+03 4.034927e+00
2.674794e+03 4.002230e+00
2.685496e+03 3.969701e+00
2.696240e+03 3.937312e+00
2.707027e+03 3.905070e+00
2.717858e+03 3.872983e+00
2.728732e+03 3.841033e+00
2.739649e+03 3.809230e+00
2.750610e+03 3.777578e+00
2.761615e+03 3.746070e+00
2.772664e+03 3.714712e+00
2.783757e+03 3.683488e+00
2.794895e+03 3.652403e+00
2.806077e+03 3.621477e+00
2.817303e+03 3.590682e+00
2.828575e+03 3.560031e+00
2.839892e+03 3.529511e+00
2.851254e+03 3.499147e+00
2.862662e+03 3.468913e+00
2.874115e+03 3.438819e+00
2.885614e+03 3.408860e+00
2.897159e+03 3.379048e+00
2.908750e+03 3.349360e+00
2.920388e+03 3.319812e+00
2.932072e+03 3.290408e+00
2.943803e+03 3.261129e+00
2.955580e+03 3.231982e+00
2.967405e+03 3.202976e+00
2.979278e+03 3.174101e+00
2.991197e+03 3.145356e+00
3.003165e+03 3.116742e+00
3.015180e+03 3.088256e+00
3.027243e+03 3.059915e+00
3.039355e+03 3.031689e+00
3.051515e+03 3.003605e+00
3.063724e+03 2.975642e+00
3.075982e+03 2.947803e+00
3.088288e+03 2.920098e+00
3.100644e+03 2.892520e+00
3.113050e+03 2.865069e+00
3.125504e+03 2.837739e+00
3.138009e+03 2.810536e+00
3.150564e+03 2.783451e+00
3.163169e+03 2.756500e+00
3.175825e+03 2.729672e+00
3.188531e+03 2.702967e+00
3.201288e+03 2.676379e+00
3.214096e+03 2.649913e+00
3.226955e+03 2.623572e+00
3.239866e+03 2.597352e+00
3.252828e+03 2.571247e+00
3.265842e+03 2.545268e+00
3.278908e+03 2.519403e+00
3.292027e+03 2.493659e+00
3.305198e+03 2.468037e+00
3.318422e+03 2.442524e+00
3.331698e+03 2.417137e+00
3.345028e+03 2.391857e+00
3.358411e+03 2.366698e+00
3.371848e+03 2.341654e+00
3.385338e+03 2.316719e+00
3.398882e+03 2.291911e+00
3.412481e+03 2.267204e+00
3.426134e+03 2.242618e+00
3.439841e+03 2.218142e+00
3.453604e+03 2.193773e+00
3.467421e+03 2.169527e+00
3.481294e+03 2.145381e+00
3.495222e+03 2.121348e+00
3.509206e+03 2.097432e+00
3.523246e+03 2.073624e+00
3.537342e+03 2.049919e+00
3.551495e+03 2.026321e+00
3.565704e+03 2.002843e+00
3.579970e+03 1.979459e+00
3.594293e+03 1.956194e+00
3.608673e+03 1.933028e+00
3.623111e+03 1.909973e+00
3.637607e+03 1.887016e+00
3.652161e+03 1.864171e+00
3.666773e+03 1.841426e+00
3.681443e+03 1.818787e+00
3.696172e+03 1.796256e+00
3.710960e+03 1.773823e+00
3.725807e+03 1.751493e+00
3.740714e+03 1.729271e+00
3.755680e+03 1.707141e+00
3.770706e+03 1.685121e+00
3.785792e+03 1.663197e+00
3.800938e+03 1.641376e+00
3.816146e+03 1.619653e+00
3.831413e+03 1.598037e+00
3.846743e+03 1.576514e+00
3.862133e+03 1.555084e+00
3.877585e+03 1.533758e+00
3.893099e+03 1.512530e+00
3.908674e+03 1.491402e+00
3.924313e+03 1.470362e+00
3.940013e+03 1.449422e+00
3.955777e+03 1.428579e+00
3.971604e+03 1.407839e+00
3.987493e+03 1.387183e+00
4.003447e+03 1.366624e+00
4.019464e+03 1.346162e+00
4.035546e+03 1.325792e+00
4.051692e+03 1.305516e+00
4.067902e+03 1.285342e+00
4.084177e+03 1.265242e+00
4.100517e+03 1.245250e+00
4.116923e+03 1.225337e+00
4.133394e+03 1.205523e+00
4.149932e+03 1.185801e+00
4.166535e+03 1.166165e+00
4.183205e+03 1.146617e+00
4.199941e+03 1.127168e+00
4.216745e+03 1.107800e+00
4.233616e+03 1.088525e+00
4.250554e+03 1.069335e+00
4.267560e+03 1.050233e+00
4.284634e+03 1.031216e+00
4.301776e+03 1.012290e+00
4.318987e+03 9.934519e-01
4.336267e+03 9.746988e-01
4.353616e+03 9.560319e-01
4.371034e+03 9.374494e-01
4.388522e+03 9.189524e-01
4.406080e+03 9.005400e-01
4.423708e+03 8.822129e-01
4.441407e+03 8.639686e-01
4.459177e+03 8.458085e-01
4.477017e+03 8.277323e-01
4.494929e+03 8.097368e-01
4.512913e+03 7.918263e-01
4.530969e+03 7.739962e-01
4.549097e+03 7.562484e-01
4.567297e+03 7.385822e-01
4.585570e+03 7.209951e-01
4.603917e+03 7.034901e-01
4.622336e+03 6.860656e-01
4.640830e+03 6.687198e-01
4.659397e+03 6.514546e-01
4.678039e+03 6.342687e-01
4.696755e+03 6.171601e-01
4.715546e+03 6.001304e-01
4.734413e+03 5.831788e-01
4.753355e+03 5.663058e-01
4.772372e+03 5.495093e-01
4.791466e+03 5.327896e-01
4.810636e+03 5.161466e-01
4.829883e+03 4.995795e-01
4.849207e+03 4.830886e-01
4.868608e+03 4.666736e-01
4.888087e+03 4.503339e-01
4.907643e+03 4.340689e-01
4.927278e+03 4.178781e-01
4.946992e+03 4.017612e-01
4.966784e+03 3.857187e-01
4.986656e+03 3.697496e-01
5.006607e+03 3.538537e-01
5.026637e+03 3.380303e-01
5.046748e+03 3.222799e-01
5.066940e+03 3.066015e-01
5.087212e+03 2.909946e-01
5.107566e+03 2.754592e-01
5.128000e+03 2.599950e-01
5.148517e+03 2.446015e-01
5.169115e+03 2.292786e-01
5.189797e+03 2.140266e-01
5.210560e+03 1.988434e-01
5.231407e+03 1.837309e-01
5.252337e+03 1.686873e-01
5.273351e+03 1.537122e-01
5.294450e+03 1.388056e-01
5.315632e+03 1.239675e-01
5.336899e+03 1.091983e-01
5.358252e+03 9.449582e-02
5.379689e+03 7.986027e-02
5.401213e+03 6.529276e-02
5.422822e+03 5.079176e-02
5.444519e+03 3.635649e-02
5.466301e+03 2.198819e-02
5.488172e+03 7.685512e-03
5.510129e+03 -6.552420e-03
5.532174e+03 -2.072380e-02
5.554308e+03 -3.483128e-02
5.576530e+03 -4.887355e-02
5.598841e+03 -6.285180e-02
5.621242e+03 -7.676586e-02
5.643732e+03 -9.061631e-02
5.666311e+03 -1.044031e-01
5.688982e+03 -1.181270e-01
5.711743e+03 -1.317881e-01
5.734595e+03 -1.453867e-01
5.757538e+03 -1.589219e-01
5.780573e+03 -1.723968e-01
5.803701e+03 -1.858084e-01
5.826921e+03 -1.991595e-01
5.850234e+03 -2.124495e-01
5.873640e+03 -2.256782e-01
5.897140e+03 -2.388459e-01
5.920733e+03 -2.519544e-01
5.944422e+03 -2.650015e-01
5.968204e+03 -2.779896e-01
5.992083e+03 -2.909179e-01
6.016056e+03 -3.037872e-01
6.040126e+03 -3.165986e-01
6.064292e+03 -3.293495e-01
6.088554e+03 -3.420424e-01
6.112914e+03 -3.546773e-01
6.137371e+03 -3.672549e-01
6.161926e+03 -3.797745e-01
6.186579e+03 -3.922365e-01
6.211331e+03 -4.046418e-01
6.236182e+03 -4.169902e-01
6.261132e+03 -4.292818e-01
6.286182e+03 -4.415174e-01
6.311332e+03 -4.536961e-01
6.336583e+03 -4.658197e-01
6.361935e+03 -4.778878e-01
6.387388e+03 -4.899006e-01
6.412944e+03 -5.018587e-01
6.438601e+03 -5.137614e-01
6.464361e+03 -5.256102e-01
6.490224e+03 -5.374038e-01
6.516191e+03 -5.491440e-01
6.542262e+03 -5.608301e-01
6.568436e+03 -5.724630e-01
6.594716e+03 -5.840423e-01
6.621101e+03 -5.955686e-01
6.647591e+03 -6.070422e-01
6.674187e+03 -6.184633e-01
6.700890e+03 -6.298321e-01
6.727699e+03 -6.411488e-01
6.754616e+03 -6.524139e-01
6.781641e+03 -6.636266e-01
6.808773e+03 -6.747882e-01
6.836014e+03 -6.858988e-01
6.863364e+03 -6.969585e-01
6.890824e+03 -7.079678e-01
6.918393e+03 -7.189268e-01
6.946073e+03 -7.298349e-01
6.973863e+03 -7.406937e-01
7.001765e+03 -7.515020e-01
7.029778e+03 -7.622612e-01
7.057904e+03 -7.729711e-01
7.086142e+03 -7.836320e-01
7.114492e+03 -7.942447e-01
7.142957e+03 -8.048078e-01
7.171535e+03 -8.153224e-01
7.200227e+03 -8.257895e-01
7.229035e+03 -8.362083e-01
7.257957e+03 -8.465793e-01
7.286995e+03 -8.569030e-01
7.316150e+03 -8.671794e-01
7.345421e+03 -8.774084e-01
7.374809e+03 -8.875911e-01
7.404315e+03 -8.977266e-01
7.433939e+03 -9.078160e-01
7.463681e+03 -9.178593e-01
7.493542e+03 -9.278561e-01
7.523523e+03 -9.378078e-01
7.553624e+03 -9.477130e-01
7.583845e+03 -9.575737e-01
7.614187e+03 -9.673882e-01
7.644651e+03 -9.771585e-01
7.675236e+03 -9.868847e-01
7.705944e+03 -9.965652e-01
7.736775e+03 -1.006204e+00
7.767729e+03 -1.015790e+00
7.798806e+03 -1.025345e+00
7.830008e+03 -1.034843e+00
7.861335e+03 -1.044311e+00
7.892788e+03 -1.053726e+00
7.924366e+03 -1.063102e+00
7.956070e+03 -1.072433e+00
7.987902e+03 -1.081721e+00
8.019860e+03 -1.090970e+00
8.051947e+03 -1.100173e+00
8.084162e+03 -1.109332e+00
8.116506e+03 -1.118452e+00
8.148979e+03 -1.127534e+00
8.181582e+03 -1.136567e+00
8.214316e+03 -1.145562e+00
8.247180e+03 -1.154519e+00
8.280176e+03 -1.163428e+00
8.313304e+03 -1.172299e+00
8.346565e+03 -1.181133e+00
8.379958e+03 -1.189919e+00
8.413486e+03 -1.198676e+00
8.447147e+03 -1.207384e+00
8.480943e+03 -1.216051e+00
8.514874e+03 -1.224688e+00
8.548941e+03 -1.233275e+00
8.583145e+03 -1.241830e+00
8.617485e+03 -1.250341e+00
8.651963e+03 -1.258819e+00
8.686578e+03 -1.267252e+00
8.721332e+03 -1.275650e+00
8.756225e+03 -1.284004e+00
8.791258e+03 -1.292327e+00
8.826431e+03 -1.300605e+00
8.861744e+03 -1.308855e+00
8.897199e+03 -1.317056e+00
8.932796e+03 -1.325227e+00
8.968535e+03 -1.333356e+00
9.004417e+03 -1.341449e+00
9.040443e+03 -1.349508e+00
9.076612e+03 -1.357525e+00
9.112927e+03 -1.365508e+00
9.149387e+03 -1.373456e+00
9.185992e+03 -1.381364e+00
9.222744e+03 -1.389237e+00
9.259644e+03 -1.397074e+00
9.296690e+03 -1.404875e+00
9.333885e+03 -1.412638e+00
9.371229e+03 -1.420373e+00
9.408722e+03 -1.428069e+00
9.446366e+03 -1.435726e+00
9.484159e+03 -1.443352e+00
9.522104e+03 -1.450941e+00
9.560201e+03 -1.458499e+00
9.598451e+03 -1.466016e+00
9.636853e+03 -1.473499e+00
9.675409e+03 -1.480958e+00
9.714119e+03 -1.488373e+00
9.752984e+03 -1.495757e+00
9.792005e+03 -1.503107e+00
9.831181e+03 -1.510420e+00
9.870515e+03 -1.517705e+00
9.910006e+03 -1.524951e+00
9.949654e+03 -1.532167e+00
9.989462e+03 -1.539353e+00
1.002943e+04 -1.546498e+00
1.006956e+04 -1.553621e+00
1.010984e+04 -1.560702e+00
1.015029e+04 -1.567751e+00
1.019090e+04 -1.574775e+00
1.023167e+04 -1.581764e+00
1.027261e+04 -1.588718e+00
1.031371e+04 -1.595643e+00
1.035497e+04 -1.602535e+00
1.039640e+04 -1.609393e+00
1.043800e+04 -1.616221e+00
1.047976e+04 -1.623021e+00
1.052169e+04 -1.629783e+00
1.056378e+04 -1.636525e+00
1.060605e+04 -1.643225e+00
1.064848e+04 -1.649900e+00
1.069108e+04 -1.656539e+00
1.073386e+04 -1.663154e+00
1.077680e+04 -1.669738e+00
1.081992e+04 -1.676288e+00
1.086321e+04 -1.682811e+00
1.090667e+04 -1.689307e+00
1.095031e+04 -1.695765e+00
1.099412e+04 -1.702201e+00
1.103810e+04 -1.708607e+00
1.108227e+04 -1.714976e+00
1.112661e+04 -1.721328e+00
1.117112e+04 -1.727639e+00
1.121582e+04 -1.733924e+00
1.126069e+04 -1.740187e+00
1.130574e+04 -1.746412e+00
1.135098e+04 -1.752623e+00
1.139639e+04 -1.758789e+00
1.144198e+04 -1.764936e+00
1.148776e+04 -1.771050e+00
1.153372e+04 -1.777142e+00
1.157987e+04 -1.783203e+00
1.162620e+04 -1.789236e+00
1.167271e+04 -1.795237e+00
1.171942e+04 -1.801215e+00
1.176630e+04 -1.807164e+00
1.181338e+04 -1.813089e+00
1.186064e+04 -1.818981e+00
1.190810e+04 -1.824854e+00
1.195574e+04 -1.830700e+00
1.200357e+04 -1.836509e+00
1.205160e+04 -1.842302e+00
1.209981e+04 -1.848058e+00
1.214822e+04 -1.853800e+00
1.219683e+04 -1.859506e+00
1.224563e+04 -1.865193e+00
1.229462e+04 -1.870846e+00
1.234381e+04 -1.876474e+00
1.239320e+04 -1.882084e+00
1.244278e+04 -1.887661e+00
1.249256e+04 -1.893217e+00
1.254254e+04 -1.898745e+00
1.259272e+04 -1.904250e+00
1.264311e+04 -1.909725e+00
1.269369e+04 -1.915178e+00
1.274448e+04 -1.920604e+00
1.279546e+04 -1.926009e+00
1.284666e+04 -1.931392e+00
1.289806e+04 -1.936742e+00
1.294966e+04 -1.942075e+00
1.300147e+04 -1.947380e+00
1.305349e+04 -1.952656e+00
1.310571e+04 -1.957911e+00
1.315815e+04 -1.963145e+00
1.321079e+04 -1.968358e+00
1.326365e+04 -1.973537e+00
1.331671e+04 -1.978698e+00
1.336999e+04 -1.983839e+00
1.342348e+04 -1.988947e+00
1.347719e+04 -1.994036e+00
1.353111e+04 -1.999104e+00
1.358525e+04 -2.004153e+00
1.363960e+04 -2.009173e+00
1.369417e+04 -2.014165e+00
1.374896e+04 -2.019144e+00
1.380397e+04 -2.024097e+00
1.385919e+04 -2.029019e+00
1.391464e+04 -2.033929e+00
1.397031e+04 -2.038817e+00
1.402621e+04 -2.043674e+00
1.408232e+04 -2.048510e+00
1.413867e+04 -2.053335e+00
1.419523e+04 -2.058130e+00
1.425203e+04 -2.062900e+00
1.430905e+04 -2.067652e+00
1.436630e+04 -2.072379e+00
1.442377e+04 -2.077090e+00
1.448148e+04 -2.081772e+00
1.453942e+04 -2.086444e+00
1.459759e+04 -2.091082e+00
1.465600e+04 -2.095708e+00
1.471463e+04 -2.100311e+00
1.477350e+04 -2.104883e+00
1.483261e+04 -2.109444e+00
1.489195e+04 -2.113982e+00
1.495154e+04 -2.118497e+00
1.501136e+04 -2.123000e+00
1.507141e+04 -2.127475e+00
1.513171e+04 -2.131927e+00
1.519225e+04 -2.136362e+00
1.525304e+04 -2.140779e+00
1.531406e+04 -2.145172e+00
1.537533e+04 -2.149544e+00
1.543685e+04 -2.153899e+00
1.549861e+04 -2.158232e+00
1.556062e+04 -2.162552e+00
1.562287e+04 -2.166845e+00
1.568538e+04 -2.171116e+00
1.574813e+04 -2.175373e+00
1.581114e+04 -2.179615e+00
1.587440e+04 -2.183830e+00
1.593791e+04 -2.188022e+00
1.600167e+04 -2.192201e+00
1.606570e+04 -2.196365e+00
1.612997e+04 -2.200498e+00
1.619451e+04 -2.204619e+00
1.625930e+04 -2.208725e+00
1.632435e+04 -2.212810e+00
1.638966e+04 -2.216869e+00
1.645524e+04 -2.220915e+00
1.652107e+04 -2.224946e+00
1.658717e+04 -2.228955e+00
1.665353e+04 -2.232942e+00
1.672016e+04 -2.236919e+00
1.678706e+04 -2.240869e+00
1.685422e+04 -2.244805e+00
1.692165e+04 -2.248726e+00
1.698935e+04 -2.252624e+00
1.705733e+04 -2.256510e+00
1.712557e+04 -2.260372e+00
1.719409e+04 -2.264219e+00
1.726288e+04 -2.268046e+00
1.733195e+04 -2.271859e+00
1.740129e+04 -2.275650e+00
1.747091e+04 -2.279429e+00
1.754081e+04 -2.283192e+00
1.761099e+04 -2.286931e+00
1.768145e+04 -2.290655e+00
1.775219e+04 -2.294364e+00
1.782321e+04 -2.298057e+00
1.789452e+04 -2.301726e+00
1.796612e+04 -2.305386e+00
1.803800e+04 -2.309026e+00
1.811017e+04 -2.312648e+00
1.818262e+04 -2.316256e+00
1.825537e+04 -2.319848e+00
1.832841e+04 -2.323424e+00
1.840174e+04 -2.326983e+00
1.847536e+04 -2.330517e+00
1.854928e+04 -2.334045e+00
1.862349e+04 -2.337558e+00
1.869800e+04 -2.341048e+00
1.877281e+04 -2.344525e+00
1.884792e+04 -2.347984e+00
1.892333e+04 -2.351433e+00
1.899904e+04 -2.354858e+00
1.907505e+04 -2.358272e+00
1.915137e+04 -2.361670e+00
1.922799e+04 -2.365051e+00
1.930492e+04 -2.368426e+00
1.938215e+04 -2.371775e+00
1.945970e+04 -2.375107e+00
1.953756e+04 -2.378427e+00
1.961572e+04 -2.381740e+00
1.969420e+04 -2.385027e+00
1.977300e+04 -2.388306e+00
1.985211e+04 -2.391564e+00
1.993153e+04 -2.394811e+00
2.001128e+04 -2.398041e+00
2.009134e+04 -2.401254e+00
2.017172e+04 -2.404459e+00
2.025243e+04 -2.407642e+00
2.033346e+04 -2.410818e+00
2.041481e+04 -2.413973e+00
2.049649e+04 -2.417116e+00
2.057849e+04 -2.420243e+00
2.066082e+04 -2.423361e+00
2.074348e+04 -2.426455e+00
2.082648e+04 -2.429543e+00
2.090980e+04 -2.432613e+00
2.099346e+04 -2.435674e+00
2.107745e+04 -2.438718e+00
2.116178e+04 -2.441744e+00
2.124644e+04 -2.444762e+00
2.133145e+04 -2.447762e+00
2.141679e+04 -2.450751e+00
2.150248e+04 -2.453724e+00
2.158851e+04 -2.456689e+00
2.167488e+04 -2.459636e+00
2.176160e+04 -2.462564e+00
2.184867e+04 -2.465487e+00
2.193608e+04 -2.468395e+00
2.202384e+04 -2.471291e+00
2.211196e+04 -2.474167e+00
2.220043e+04 -2.477034e+00
2.228925e+04 -2.479886e+00
2.237842e+04 -2.482730e+00
2.246796e+04 -2.485559e+00
2.255785e+04 -2.488371e+00
2.264810e+04 -2.491173e+00
2.273871e+04 -2.493961e+00
2.282969e+04 -2.496741e+00
2.292103e+04 -2.499501e+00
2.301273e+04 -2.502252e+00
2.310480e+04 -2.504994e+00
2.319724e+04 -2.507717e+00
2.329005e+04 -2.510432e+00
2.338323e+04 -2.513137e+00
2.347679e+04 -2.515824e+00
2.357072e+04 -2.518500e+00
2.366502e+04 -2.521161e+00
2.375970e+04 -2.523812e+00
2.385476e+04 -2.526453e+00
2.395020e+04 -2.529085e+00
2.404602e+04 -2.531699e+00
2.414223e+04 -2.534302e+00
2.423882e+04 -2.536889e+00
2.433579e+04 -2.539471e+00
2.443316e+04 -2.542042e+00
2.453091e+04 -2.544594e+00
2.462906e+04 -2.547146e+00
2.472760e+04 -2.549678e+00
2.482653e+04 -2.552197e+00
2.492586e+04 -2.554702e+00
2.502558e+04 -2.556560e+00
2.512571e+04 -2.556560e+00
2.522623e+04 -2.556560e+00
2.532716e+04 -2.556560e+00
2.542849e+04 -2.556560e+00
2.553023e+04 -2.556560e+00
2.563237e+04 -2.556560e+00
2.573492e+04 -2.556560e+00
2.583789e+04 -2.556560e+00
2.594126e+04 -2.556560e+00
2.604505e+04 -2.556560e+00
2.614925e+04 -2.556560e+00
2.625387e+04 -2.556560e+00
2.635891e+04 -2.556560e+00
2.646437e+04 -2.556560e+00
2.657025e+04 -2.556560e+00
2.667655e+04 -2.556560e+00
2.678328e+04 -2.556560e+00
2.689044e+04 -2.556560e+00
2.699803e+04 -2.556560e+00
2.710604e+04 -2.556560e+00
2.721449e+04 -2.556560e+00
2.732337e+04 -2.556560e+00
2.743269e+04 -2.556560e+00
2.754245e+04 -2.556560e+00
2.765264e+04 -2.556560e+00
2.776328e+04 -2.556560e+00
2.787435e+04 -2.556560e+00
2.798588e+04 -2.556560e+00
2.809784e+04 -2.556560e+00
2.821026e+04 -2.556560e+00
2.832313e+04 -2.556560e+00
2.843644e+04 -2.556560e+00
2.855021e+04 -2.556560e+00
2.866444e+04 -2.556560e+00
2.877912e+04 -2.556560e+00
2.889427e+04 -2.556560e+00
2.900987e+04 -2.556560e+00
2.912593e+04 -2.556560e+00
2.924246e+04 -2.556560e+00
2.935946e+04 -2.556560e+00
2.947692e+04 -2.556560e+00
2.959486e+04 -2.556560e+00
2.971326e+04 -2.556560e+00
2.983214e+04 -2.556560e+00
2.995150e+04 -2.556560e+00
3.007133e+04 -2.556560e+00
3.019164e+04 -2.556560e+00
3.031243e+04 -2.556560e+00
3.043371e+04 -2.556560e+00
3.055547e+04 -2.556560e+00
3.067772e+04 -2.556560e+00
3.080046e+04 -2.556560e+00
3.092369e+04 -2.556560e+00
3.104741e+04 -2.556560e+00
3.117163e+04 -2.556560e+00
3.129634e+04 -2.556560e+00
3.142156e+04 -2.556560e+00
3.154727e+04 -2.556560e+00
3.167349e+04 -2.556560e+00
3.180021e+04 -2.556560e+00
3.192744e+04 -2.556560e+00
3.205518e+04 -2.556560e+00
3.218342e+04 -2.556560e+00
3.231219e+04 -2.556560e+00
3.244146e+04 -2.556560e+00
3.257126e+04 -2.556560e+00
3.270157e+04 -2.556560e+00
3.283241e+04 -2.556560e+00
3.296377e+04 -2.556560e+00
3.309565e+04 -2.556560e+00
3.322806e+04 -2.556560e+00
3.336100e+04 -2.556560e+00
3.349448e+04 -2.556560e+00
3.362849e+04 -2.556560e+00
3.376303e+04 -2.556560e+00
3.389811e+04 -2.556560e+00
3.403373e+04 -2.556560e+00
3.416990e+04 -2.556560e+00
3.430661e+04 -2.556560e+00
3.444387e+04 -2.556560e+00
3.458167e+04 -2.556560e+00
3.472003e+04 -2.556560e+00
3.485894e+04 -2.556560e+00
3.499841e+04 -2.556560e+00
3.513843e+04 -2.556560e+00
3.527902e+04 -2.556560e+00
3.542016e+04 -2.556560e+00
3.556188e+04 -2.556560e+00
3.570415e+04 -2.556560e+00
3.584700e+04 -2.556560e+00
3.599042e+04 -2.556560e+00
3.613442e+04 -2.556560e+00
3.627899e+04 -2.556560e+00
3.642413e+04 -2.556560e+00
3.656986e+04 -2.556560e+00
3.671617e+04 -2.556560e+00
3.686307e+04 -2.556560e+00
3.701056e+04 -2.556560e+00
3.715863e+04 -2.556560e+00
3.730730e+04 -2.556560e+00
3.745656e+04 -2.556560e+00
3.760642e+04 -2.556560e+00
3.775688e+04 -2.556560e+00
3.790794e+04 -2.556560e+00
3.805961e+04 -2.556560e+00
3.821188e+04 -2.556560e+00
3.836476e+04 -2.556560e+00
3.851825e+04 -2.556560e+00
3.867236e+04 -2.556560e+00
3.882708e+04 -2.556560e+00
3.898243e+04 -2.556560e+00
3.913839e+04 -2.556560e+00
3.929498e+04 -2.556560e+00
3.945219e+04 -2.556560e+00
3.961004e+04 -2.556560e+00
3.976851e+04 -2.556560e+00
3.992762e+04 -2.556560e+00
4.008737e+04 -2.556560e+00
4.024775e+04 -2.556560e+00
4.040878e+04 -2.556560e+00
4.057045e+04 -2.556560e+00
4.073277e+04 -2.556560e+00
4.089574e+04 -2.556560e+00
4.105935e+04 -2.556560e+00
4.122363e+04 -2.556560e+00
4.138856e+04 -2.556560e+00
4.155415e+04 -2.556560e+00
4.172040e+04 -2.556560e+00
4.188732e+04 -2.556560e+00
4.205491e+04 -2.556560e+00
4.222317e+04 -2.556560e+00
4.239210e+04 -2.556560e+00
4.256170e+04 -2.556560e+00
4.273199e+04 -2.556560e+00
4.290295e+04 -2.556560e+00
4.307460e+04 -2.556560e+00
4.324694e+04 -2.556560e+00
4.341996e+04 -2.556560e+00
4.359368e+04 -2.556560e+00
4.376810e+04 -2.556560e+00
4.394321e+04 -2.556560e+00
4.411902e+04 -2.556560e+00
4.429553e+04 -2.556560e+00
4.447276e+04 -2.556560e+00
4.465069e+04 -2.556560e+00
4.482933e+04 -2.556560e+00
4.500869e+04 -2.556560e+00
4.518876e+04 -2.556560e+00
4.536956e+04 -2.556560e+00
4.555107e+04 -2.556560e+00
4.573332e+04 -2.556560e+00
4.591629e+04 -2.556560e+00
4.610000e+04 -2.556560e+00
4.628444e+04 -2.556560e+00
4.646962e+04 -2.556560e+00
4.665554e+04 -2.556560e+00
4.684220e+04 -2.556560e+00
4.702961e+04 -2.556560e+00
4.721777e+04 -2.556560e+00
4.740668e+04 -2.556560e+00
4.759635e+04 -2.556560e+00
4.778678e+04 -2.556560e+00
4.797797e+04 -2.556560e+00
4.816992e+04 -2.556560e+00
4.836265e+04 -2.556560e+00
4.855614e+04 -2.556560e+00
4.875041e+04 -2.556560e+00
4.894545e+04 -2.556560e+00
4.914128e+04 -2.556560e+00
4.933789e+04 -2.556560e+00
4.953528e+04 -2.556560e+00
4.973347e+04 -2.556560e+00
4.993244e+04 -2.556560e+00
5.013222e+04 -2.556560e+00
5.033279e+04 -2.556560e+00
5.053417e+04 -2.556560e+00
5.073635e+04 -2.556560e+00
5.093934e+04 -2.556560e+00
5.114314e+04 -2.556560e+00
5.134776e+04 -2.556560e+00
5.155320e+04 -2.556560e+00
5.175945e+04 -2.556560e+00
5.196654e+04 -2.556560e+00
5.217445e+04 -2.556560e+00
5.238319e+04 -2.556560e+00
5.259277e+04 -2.556560e+00
5.280319e+04 -2.556560e+00
5.301445e+04 -2.556560e+00
5.322656e+04 -2.556560e+00
5.343951e+04 -2.556560e+00
5.365331e+04 -2.556560e+00
5.386798e+04 -2.556560e+00
5.408350e+04 -2.556560e+00
5.429988e+04 -2.556560e+00
5.451712e+04 -2.556560e+00
5.473524e+04 -2.556560e+00
5.495423e+04 -2.556560e+00
5.517410e+04 -2.556560e+00
5.539484e+04 -2.556560e+00
5.561647e+04 -2.556560e+00
5.583899e+04 -2.556560e+00
5.606239e+04 -2.556560e+00
5.628669e+04 -2.556560e+00
5.651189e+04 -2.556560e+00
5.673798e+04 -2.556560e+00
5.696499e+04 -2.556560e+00
5.719290e+04 -2.556560e+00
5.742172e+04 -2.556560e+00
5.765146e+04 -2.556560e+00
5.788211e+04 -2.556560e+00
5.811369e+04 -2.556560e+00
5.834620e+04 -2.556560e+00
5.857964e+04 -2.556560e+00
5.881401e+04 -2.556560e+00
5.904932e+04 -2.556560e+00
5.928556e+04 -2.556560e+00
5.952276e+04 -2.556560e+00
5.976090e+04 -2.556560e+00
6.000000e+04 -2.556560e+00
