# Haro 11 SED from NED photometry (downloaded via astroquery).
# col1: rest wavelength [um] (z~0.02, ~rest)  col2: nu*F_nu = lambda*F_lambda [erg/s/cm^2]
1.033767e-01 6.670000e+01
1.037344e-01 4.046000e+01
1.148630e-01 6.003000e-11
1.213735e-01 1.966120e+03
1.213735e-01 2.297100e+03
1.213735e-01 3.211000e+03
1.514103e-01 6.494400e-11
1.514103e-01 6.732000e-11
1.529553e-01 7.114800e-11
1.537397e-01 5.343000e-11
1.537397e-01 2.730000e-11
2.306096e-01 5.681000e-11
2.323973e-01 4.411800e-11
2.323973e-01 1.960800e-11
4.402239e-01 5.468430e-11
4.402239e-01 5.400330e-11
4.402239e-01 5.529720e-11
4.402239e-01 5.679540e-11
4.676949e-01 1.640960e-11
4.858873e-01 3.381160e+02
6.405822e-01 5.662800e-11
6.405822e-01 5.850000e-11
6.405822e-01 5.803200e-11
6.560010e-01 1.238470e+03
6.560010e-01 1.521810e+03
6.560010e-01 1.133360e+03
6.560010e-01 1.521810e+03
6.560010e-01 1.051100e+03
1.199170e+00 1.875000e-11
1.243952e+00 2.530500e-11
1.243952e+00 2.410000e-11
1.249135e+00 3.120000e-11
1.249135e+00 2.640000e-11
1.249135e+00 2.390400e-11
1.577855e+00 2.128000e-11
1.629307e+00 2.171200e-11
1.629307e+00 2.208000e-11
1.647211e+00 2.093000e-11
1.647211e+00 1.929200e-11
1.647211e+00 2.366000e-11
2.172409e+00 1.656000e-11
2.172409e+00 1.945800e-11
2.172409e+00 1.780200e-11
2.188266e+00 1.370000e-11
2.188266e+00 1.575500e-11
2.204356e+00 1.414400e-11
3.552043e+00 1.907440e-11
4.494640e+00 2.134400e-11
4.494640e+00 2.147740e-11
5.699476e+00 2.687860e+01
5.732169e+00 4.126470e-11
6.194059e+00 4.670600e+01
6.194059e+00 7.018000e+01
7.706747e+00 6.340700e+01
7.706747e+00 2.407910e+02
7.706747e+00 7.935600e-12
7.868568e+00 6.819900e-11
7.868568e+00 7.239000e-11
8.590042e+00 9.248500e+00
9.702021e+00 1.993050e+00
1.051903e+01 1.254000e+01
1.051903e+01 1.254000e+01
1.131292e+01 1.089150e+01
1.131292e+01 4.505000e+01
1.199170e+01 1.300000e-10
1.199170e+01 1.042500e-10
1.281164e+01 7.277400e+00
1.281164e+01 7.300800e+00
1.553329e+01 1.891400e+01
1.553329e+01 1.893330e+01
1.703366e+01 1.408000e-01
1.795164e+01 2.237800e-10
1.873703e+01 7.232000e+00
1.873703e+01 7.232000e+00
2.204356e+01 1.157360e-10
2.360571e+01 2.997200e-10
2.360571e+01 2.413000e-10
2.498270e+01 3.012000e-10
2.498270e+01 2.988000e-10
2.584418e+01 5.289600e-01
2.606891e+01 4.979500e-01
3.349636e+01 6.059150e+00
3.481910e+01 4.442760e+00
5.995849e+01 3.440000e-10
5.995849e+01 3.240000e-10
6.298161e+01 4.541040e+00
7.004497e+01 2.653600e-10
7.137916e+01 2.251200e-10
9.002777e+01 1.638360e-10
9.993082e+01 1.512000e-10
9.993082e+01 1.503000e-10
1.023182e+02 1.494300e-10
1.561419e+02 4.204800e-11
1.577855e+02 7.790000e-01
1.656312e+02 4.235400e-11
2.053373e+02 2.409000e-02
2.498270e+02 7.668000e-12
3.498162e+02 1.851120e-12
4.996541e+02 4.020000e-13
8.689636e+02 1.380000e-13
