# 7DT m875 band -- total system transmission.
# Columns: wavelength [Angstrom]   transmission [dimensionless].
# Source: 7DT_transmission_23bands/m875.csv, delivered 2026-08-27 by
#   Eunjae Herr (Im Lab, Seoul National University) for the NGC 1380 program.
#   Source file sha256 dc0bdd8a0bd8366995a9ecd86d4acf1f5149143edce039ab3cc0f52e227e3806.
# Conversion: wavelength multiplied by 10 (delivered in nanometers on a uniform
#   0.1 nm grid, 300-1000 nm); transmission untouched. Leading and trailing runs
#   of exact zeros trimmed, one zero row kept on each side as an edge anchor.
# Peak transmission is 0.0675, well below 1: detector QE and optics are
#   already folded into these curves. Do not renormalize. For AB synthetic
#   photometry the overall scale cancels in the ratio of the two bandpass
#   integrals, so only the shape matters.
3920.0 0
3921.0 1e-05
3922.0 1e-05
3923.0 0.00012
3924.0 0.00022
3925.0 0.00011
3926.0 1e-05
3927.0 1e-05
3928.0 0
3929.0 0
3930.0 0
3931.0 0
3932.0 0
3933.0 0
3934.0 1e-05
3935.0 4e-05
3936.0 7e-05
3937.0 4e-05
3938.0 1e-05
3939.0 0
3940.0 0
3941.0 0
3942.0 0
3943.0 0
3944.0 0
3945.0 0
3946.0 0
3947.0 0
3948.0 0
3949.0 0
3950.0 0
3951.0 0
3952.0 0
3953.0 0
3954.0 0
3955.0 0
3956.0 0
3957.0 0
3958.0 0
3959.0 0
3960.0 0
3961.0 0
3962.0 0
3963.0 0
3964.0 0
3965.0 0
3966.0 0
3967.0 0
3968.0 0
3969.0 0
3970.0 1e-05
3971.0 1e-05
3972.0 1e-05
3973.0 1e-05
3974.0 0
3975.0 0
3976.0 0
3977.0 0
3978.0 0
3979.0 0
3980.0 0
3981.0 0
3982.0 0
3983.0 0
3984.0 0
3985.0 1e-05
3986.0 1e-05
3987.0 1e-05
3988.0 1e-05
3989.0 0
3990.0 0
3991.0 0
3992.0 0
3993.0 0
3994.0 0
3995.0 0
3996.0 0
3997.0 0
3998.0 0
3999.0 0
4000.0 0
4001.0 0
4002.0 0
4003.0 0
4004.0 0
4005.0 0
4006.0 0
4007.0 0
4008.0 0
4009.0 0
4010.0 0
4011.0 0
4012.0 0
4013.0 0
4014.0 0
4015.0 0
4016.0 0
4017.0 0
4018.0 0
4019.0 1e-05
4020.0 1e-05
4021.0 1e-05
4022.0 0
4023.0 0
4024.0 0
4025.0 0
4026.0 0
4027.0 0
4028.0 0
4029.0 0
4030.0 0
4031.0 0
4032.0 0
4033.0 0
4034.0 0
4035.0 0
4036.0 0
4037.0 0
4038.0 0
4039.0 0
4040.0 0
4041.0 0
4042.0 0
4043.0 0
4044.0 0
4045.0 0
4046.0 0
4047.0 0
4048.0 0
4049.0 1e-05
4050.0 2e-05
4051.0 4e-05
4052.0 5e-05
4053.0 3e-05
4054.0 1e-05
4055.0 0
4056.0 0
4057.0 0
4058.0 0
4059.0 0
4060.0 1e-05
4061.0 1e-05
4062.0 2e-05
4063.0 0.00104
4064.0 0.00205
4065.0 0.00103
4066.0 1e-05
4067.0 1e-05
4068.0 0
4069.0 0
4070.0 0
4071.0 0
4072.0 0
4073.0 0
4074.0 0
4075.0 0
4076.0 0
4077.0 0
4078.0 0
4079.0 0
4080.0 0
4081.0 0
4082.0 0
4083.0 0
4084.0 0
4085.0 0
4086.0 0
4087.0 0
4088.0 0
4089.0 1e-05
4090.0 1e-05
4091.0 2e-05
4092.0 3e-05
4093.0 0.00128
4094.0 0.00253
4095.0 0.00128
4096.0 2e-05
4097.0 1e-05
4098.0 1e-05
4099.0 1e-05
4100.0 0
4101.0 0
4102.0 0
4103.0 0
4104.0 0
4105.0 0
4106.0 0
4107.0 0
4108.0 0
4109.0 0
4110.0 0
4111.0 0
4112.0 0
4113.0 0
4114.0 0
4115.0 0
4116.0 0
4117.0 0
4118.0 0
4119.0 0
4120.0 0
4121.0 0
4122.0 0
4123.0 0
4124.0 0
4125.0 0
4126.0 0
4127.0 0
4128.0 0
4129.0 0
4130.0 0
4131.0 0
4132.0 0
4133.0 1e-05
4134.0 1e-05
4135.0 0.00019
4136.0 0.00038
4137.0 0.00019
4138.0 1e-05
4139.0 1e-05
4140.0 0
4141.0 0
4142.0 0
4143.0 0
4144.0 0
4145.0 0
4146.0 0
4147.0 0
4148.0 0
4149.0 0
4150.0 0
4151.0 0
4152.0 0
4153.0 0
4154.0 0
4155.0 0
4156.0 0
4157.0 0
4158.0 0
4159.0 0
4160.0 1e-05
4161.0 2e-05
4162.0 3e-05
4163.0 1e-05
4164.0 0
4165.0 0
4166.0 0
4167.0 0
4168.0 0
4169.0 0
4170.0 0
4171.0 0
4172.0 0
4173.0 0
4174.0 0
4175.0 0
4176.0 0
4177.0 0
4178.0 0
4179.0 0
4180.0 0
4181.0 0
4182.0 0
4183.0 0
4184.0 0
4185.0 0
4186.0 0
4187.0 0
4188.0 0
4189.0 0
4190.0 0
4191.0 0
4192.0 0
4193.0 0
4194.0 0
4195.0 0
4196.0 0
4197.0 0
4198.0 0
4199.0 0
4200.0 0
4201.0 0
4202.0 0
4203.0 0
4204.0 0
4205.0 0
4206.0 0
4207.0 0
4208.0 0
4209.0 2e-05
4210.0 3e-05
4211.0 5e-05
4212.0 7e-05
4213.0 4e-05
4214.0 1e-05
4215.0 1e-05
4216.0 0
4217.0 0
4218.0 0
4219.0 0
4220.0 0
4221.0 0
4222.0 0
4223.0 1e-05
4224.0 1e-05
4225.0 1e-05
4226.0 1e-05
4227.0 1e-05
4228.0 1e-05
4229.0 1e-05
4230.0 1e-05
4231.0 1e-05
4232.0 1e-05
4233.0 1e-05
4234.0 1e-05
4235.0 1e-05
4236.0 1e-05
4237.0 1e-05
4238.0 1e-05
4239.0 1e-05
4240.0 1e-05
4241.0 1e-05
4242.0 1e-05
4243.0 1e-05
4244.0 1e-05
4245.0 1e-05
4246.0 2e-05
4247.0 3e-05
4248.0 5e-05
4249.0 4e-05
4250.0 2e-05
4251.0 1e-05
4252.0 0
4253.0 0
4254.0 0
4255.0 0
4256.0 0
4257.0 0
4258.0 0
4259.0 0
4260.0 0
4261.0 0
4262.0 0
4263.0 0
4264.0 0
4265.0 0
4266.0 0
4267.0 0
4268.0 0
4269.0 0
4270.0 0
4271.0 0
4272.0 0
4273.0 0
4274.0 0
4275.0 0
4276.0 0
4277.0 0
4278.0 0
4279.0 0
4280.0 0
4281.0 0
4282.0 0
4283.0 0.00055
4284.0 0.00109
4285.0 0.00055
4286.0 0
4287.0 0
4288.0 0
4289.0 0
4290.0 0
4291.0 0
4292.0 0
4293.0 0
4294.0 0
4295.0 0
4296.0 0
4297.0 0
4298.0 0
4299.0 0
4300.0 0
4301.0 0
4302.0 0
4303.0 0
4304.0 0
4305.0 0
4306.0 0
4307.0 0
4308.0 0
4309.0 0
4310.0 0
4311.0 0
4312.0 0
4313.0 1e-05
4314.0 1e-05
4315.0 3e-05
4316.0 4e-05
4317.0 3e-05
4318.0 1e-05
4319.0 1e-05
4320.0 0
4321.0 0
4322.0 0
4323.0 0
4324.0 0
4325.0 0
4326.0 0
4327.0 0
4328.0 0
4329.0 0
4330.0 0
4331.0 0
4332.0 0
4333.0 0
4334.0 0
4335.0 0
4336.0 0
4337.0 0
4338.0 0
4339.0 0
4340.0 0
4341.0 0
4342.0 0
4343.0 0
4344.0 0
4345.0 0
4346.0 0
4347.0 1e-05
4348.0 2e-05
4349.0 2e-05
4350.0 2e-05
4351.0 1e-05
4352.0 0
4353.0 0
4354.0 0
4355.0 0
4356.0 0
4357.0 0
4358.0 0
4359.0 0
4360.0 0
4361.0 0
4362.0 0
4363.0 0
4364.0 0
4365.0 0
4366.0 0
4367.0 0
4368.0 0
4369.0 0
4370.0 0
4371.0 0
4372.0 0
4373.0 0
4374.0 0
4375.0 0
4376.0 0
4377.0 0
4378.0 0
4379.0 0
4380.0 0
4381.0 0
4382.0 0
4383.0 0
4384.0 0
4385.0 0
4386.0 0
4387.0 0
4388.0 0
4389.0 0
4390.0 0
4391.0 0
4392.0 0
4393.0 0
4394.0 0
4395.0 0
4396.0 0
4397.0 0
4398.0 0
4399.0 0
4400.0 0
4401.0 0
4402.0 0
4403.0 0
4404.0 0
4405.0 0
4406.0 0
4407.0 0
4408.0 0
4409.0 0
4410.0 0
4411.0 0
4412.0 0
4413.0 0
4414.0 0
4415.0 0
4416.0 0
4417.0 0
4418.0 0
4419.0 0
4420.0 0
4421.0 0
4422.0 0
4423.0 0
4424.0 0
4425.0 0
4426.0 0
4427.0 0
4428.0 0
4429.0 0
4430.0 0
4431.0 0
4432.0 0
4433.0 0
4434.0 0
4435.0 0
4436.0 1e-05
4437.0 1e-05
4438.0 2e-05
4439.0 2e-05
4440.0 2e-05
4441.0 1e-05
4442.0 1e-05
4443.0 1e-05
4444.0 1e-05
4445.0 0
4446.0 0
4447.0 0
4448.0 0
4449.0 0
4450.0 0
4451.0 0
4452.0 0
4453.0 0
4454.0 0
4455.0 0
4456.0 1e-05
4457.0 1e-05
4458.0 1e-05
4459.0 1e-05
4460.0 1e-05
4461.0 1e-05
4462.0 1e-05
4463.0 1e-05
4464.0 1e-05
4465.0 1e-05
4466.0 1e-05
4467.0 1e-05
4468.0 1e-05
4469.0 1e-05
4470.0 1e-05
4471.0 1e-05
4472.0 1e-05
4473.0 0
4474.0 0
4475.0 0
4476.0 0
4477.0 0
4478.0 0
4479.0 0
4480.0 0
4481.0 0
4482.0 0
4483.0 0
4484.0 0
4485.0 0
4486.0 0
4487.0 0
4488.0 0
4489.0 0
4490.0 0
4491.0 0
4492.0 0
4493.0 0
4494.0 0
4495.0 0
4496.0 0
4497.0 0
4498.0 0
4499.0 0
4500.0 1e-05
4501.0 1e-05
4502.0 1e-05
4503.0 1e-05
4504.0 1e-05
4505.0 2e-05
4506.0 4e-05
4507.0 4e-05
4508.0 4e-05
4509.0 3e-05
4510.0 2e-05
4511.0 1e-05
4512.0 1e-05
4513.0 1e-05
4514.0 1e-05
4515.0 1e-05
4516.0 1e-05
4517.0 1e-05
4518.0 1e-05
4519.0 1e-05
4520.0 1e-05
4521.0 1e-05
4522.0 1e-05
4523.0 1e-05
4524.0 1e-05
4525.0 1e-05
4526.0 1e-05
4527.0 1e-05
4528.0 1e-05
4529.0 1e-05
4530.0 1e-05
4531.0 1e-05
4532.0 1e-05
4533.0 1e-05
4534.0 2e-05
4535.0 2e-05
4536.0 2e-05
4537.0 3e-05
4538.0 3e-05
4539.0 4e-05
4540.0 4e-05
4541.0 4e-05
4542.0 3e-05
4543.0 3e-05
4544.0 3e-05
4545.0 2e-05
4546.0 2e-05
4547.0 1e-05
4548.0 1e-05
4549.0 1e-05
4550.0 1e-05
4551.0 1e-05
4552.0 1e-05
4553.0 1e-05
4554.0 1e-05
4555.0 0
4556.0 0
4557.0 0
4558.0 0
4559.0 0
4560.0 0
4561.0 0
4562.0 0
4563.0 0
4564.0 0
4565.0 0
4566.0 0
4567.0 0
4568.0 0
4569.0 0
4570.0 0
4571.0 0
4572.0 0
4573.0 0
4574.0 0
4575.0 0
4576.0 0
4577.0 0
4578.0 0
4579.0 0
4580.0 1e-05
4581.0 1e-05
4582.0 1e-05
4583.0 1e-05
4584.0 1e-05
4585.0 2e-05
4586.0 2e-05
4587.0 3e-05
4588.0 4e-05
4589.0 3e-05
4590.0 2e-05
4591.0 2e-05
4592.0 1e-05
4593.0 1e-05
4594.0 1e-05
4595.0 1e-05
4596.0 1e-05
4597.0 1e-05
4598.0 1e-05
4599.0 1e-05
4600.0 1e-05
4601.0 1e-05
4602.0 1e-05
4603.0 1e-05
4604.0 1e-05
4605.0 1e-05
4606.0 1e-05
4607.0 1e-05
4608.0 1e-05
4609.0 1e-05
4610.0 1e-05
4611.0 1e-05
4612.0 1e-05
4613.0 1e-05
4614.0 1e-05
4615.0 1e-05
4616.0 2e-05
4617.0 2e-05
4618.0 2e-05
4619.0 3e-05
4620.0 3e-05
4621.0 4e-05
4622.0 4e-05
4623.0 4e-05
4624.0 3e-05
4625.0 2e-05
4626.0 2e-05
4627.0 1e-05
4628.0 1e-05
4629.0 1e-05
4630.0 1e-05
4631.0 1e-05
4632.0 1e-05
4633.0 1e-05
4634.0 1e-05
4635.0 1e-05
4636.0 1e-05
4637.0 0
4638.0 0
4639.0 0
4640.0 0
4641.0 0
4642.0 0
4643.0 0
4644.0 0
4645.0 0
4646.0 0
4647.0 0
4648.0 0
4649.0 0
4650.0 0
4651.0 0
4652.0 0
4653.0 0
4654.0 0
4655.0 0
4656.0 0
4657.0 0
4658.0 1e-05
4659.0 1e-05
4660.0 1e-05
4661.0 1e-05
4662.0 1e-05
4663.0 1e-05
4664.0 1e-05
4665.0 1e-05
4666.0 1e-05
4667.0 1e-05
4668.0 2e-05
4669.0 3e-05
4670.0 4e-05
4671.0 5e-05
4672.0 6e-05
4673.0 5e-05
4674.0 5e-05
4675.0 4e-05
4676.0 3e-05
4677.0 2e-05
4678.0 2e-05
4679.0 1e-05
4680.0 1e-05
4681.0 1e-05
4682.0 1e-05
4683.0 1e-05
4684.0 1e-05
4685.0 1e-05
4686.0 1e-05
4687.0 1e-05
4688.0 1e-05
4689.0 1e-05
4690.0 1e-05
4691.0 0
4692.0 0
4693.0 0
4694.0 0
4695.0 0
4696.0 0
4697.0 0
4698.0 1e-05
4699.0 1e-05
4700.0 1e-05
4701.0 1e-05
4702.0 1e-05
4703.0 1e-05
4704.0 1e-05
4705.0 1e-05
4706.0 1e-05
4707.0 1e-05
4708.0 1e-05
4709.0 2e-05
4710.0 2e-05
4711.0 2e-05
4712.0 2e-05
4713.0 2e-05
4714.0 1e-05
4715.0 1e-05
4716.0 1e-05
4717.0 1e-05
4718.0 1e-05
4719.0 1e-05
4720.0 1e-05
4721.0 1e-05
4722.0 1e-05
4723.0 0
4724.0 0
4725.0 0
4726.0 0
4727.0 0
4728.0 0
4729.0 0
4730.0 0
4731.0 0
4732.0 0
4733.0 0
4734.0 0
4735.0 0
4736.0 0
4737.0 0
4738.0 1e-05
4739.0 1e-05
4740.0 1e-05
4741.0 1e-05
4742.0 1e-05
4743.0 1e-05
4744.0 1e-05
4745.0 2e-05
4746.0 2e-05
4747.0 4e-05
4748.0 6e-05
4749.0 8e-05
4750.0 0.0001
4751.0 8e-05
4752.0 6e-05
4753.0 5e-05
4754.0 3e-05
4755.0 2e-05
4756.0 2e-05
4757.0 2e-05
4758.0 2e-05
4759.0 2e-05
4760.0 1e-05
4761.0 1e-05
4762.0 1e-05
4763.0 1e-05
4764.0 1e-05
4765.0 1e-05
4766.0 1e-05
4767.0 1e-05
4768.0 1e-05
4769.0 1e-05
4770.0 1e-05
4771.0 1e-05
4772.0 1e-05
4773.0 1e-05
4774.0 1e-05
4775.0 1e-05
4776.0 1e-05
4777.0 1e-05
4778.0 1e-05
4779.0 1e-05
4780.0 1e-05
4781.0 0
4782.0 0
4783.0 0
4784.0 0
4785.0 0
4786.0 0
4787.0 0
4788.0 0
4789.0 0
4790.0 0
4791.0 0
4792.0 0
4793.0 0
4794.0 0
4795.0 0
4796.0 0
4797.0 0
4798.0 0
4799.0 0
4800.0 0
4801.0 0
4802.0 0
4803.0 0
4804.0 0
4805.0 0
4806.0 0
4807.0 0
4808.0 0
4809.0 0
4810.0 0
4811.0 0
4812.0 0
4813.0 0
4814.0 0
4815.0 0
4816.0 0
4817.0 0
4818.0 0
4819.0 0
4820.0 0
4821.0 0
4822.0 0
4823.0 0
4824.0 1e-05
4825.0 1e-05
4826.0 1e-05
4827.0 1e-05
4828.0 1e-05
4829.0 2e-05
4830.0 3e-05
4831.0 5e-05
4832.0 8e-05
4833.0 0.0001
4834.0 0.00012
4835.0 8e-05
4836.0 4e-05
4837.0 4e-05
4838.0 3e-05
4839.0 2e-05
4840.0 1e-05
4841.0 1e-05
4842.0 1e-05
4843.0 1e-05
4844.0 1e-05
4845.0 1e-05
4846.0 1e-05
4847.0 1e-05
4848.0 1e-05
4849.0 1e-05
4850.0 1e-05
4851.0 1e-05
4852.0 1e-05
4853.0 1e-05
4854.0 1e-05
4855.0 2e-05
4856.0 2e-05
4857.0 3e-05
4858.0 3e-05
4859.0 4e-05
4860.0 5e-05
4861.0 4e-05
4862.0 3e-05
4863.0 3e-05
4864.0 2e-05
4865.0 1e-05
4866.0 1e-05
4867.0 1e-05
4868.0 1e-05
4869.0 1e-05
4870.0 1e-05
4871.0 0
4872.0 0
4873.0 0
4874.0 0
4875.0 0
4876.0 0
4877.0 0
4878.0 0
4879.0 0
4880.0 0
4881.0 0
4882.0 0
4883.0 0
4884.0 0
4885.0 0
4886.0 0
4887.0 0
4888.0 0
4889.0 0
4890.0 0
4891.0 0
4892.0 0
4893.0 0
4894.0 0
4895.0 0
4896.0 0
4897.0 0
4898.0 0
4899.0 0
4900.0 0
4901.0 0
4902.0 0
4903.0 0
4904.0 0
4905.0 0
4906.0 0
4907.0 0
4908.0 0
4909.0 0
4910.0 0
4911.0 0
4912.0 0
4913.0 0
4914.0 0
4915.0 0
4916.0 0
4917.0 0
4918.0 0
4919.0 0
4920.0 0
4921.0 0
4922.0 0
4923.0 0
4924.0 0
4925.0 0
4926.0 0
4927.0 0
4928.0 1e-05
4929.0 1e-05
4930.0 1e-05
4931.0 1e-05
4932.0 1e-05
4933.0 1e-05
4934.0 1e-05
4935.0 1e-05
4936.0 1e-05
4937.0 0
4938.0 0
4939.0 0
4940.0 0
4941.0 0
4942.0 0
4943.0 0
4944.0 0
4945.0 0
4946.0 0
4947.0 0
4948.0 0
4949.0 0
4950.0 0
4951.0 0
4952.0 0
4953.0 0
4954.0 0
4955.0 0
4956.0 0
4957.0 0
4958.0 0
4959.0 0
4960.0 0
4961.0 0
4962.0 0
4963.0 0
4964.0 0
4965.0 0
4966.0 0
4967.0 0
4968.0 0
4969.0 0
4970.0 1e-05
4971.0 1e-05
4972.0 1e-05
4973.0 1e-05
4974.0 1e-05
4975.0 1e-05
4976.0 1e-05
4977.0 1e-05
4978.0 1e-05
4979.0 1e-05
4980.0 1e-05
4981.0 0
4982.0 0
4983.0 0
4984.0 0
4985.0 0
4986.0 0
4987.0 0
4988.0 0
4989.0 0
4990.0 0
4991.0 0
4992.0 0
4993.0 0
4994.0 0
4995.0 0
4996.0 0
4997.0 0
4998.0 0
4999.0 0
5000.0 0
5001.0 0
5002.0 0
5003.0 0
5004.0 0
5005.0 0
5006.0 0
5007.0 0
5008.0 0
5009.0 0
5010.0 0
5011.0 0
5012.0 0
5013.0 0
5014.0 0
5015.0 0
5016.0 0
5017.0 0
5018.0 0
5019.0 0
5020.0 0
5021.0 0
5022.0 0
5023.0 0
5024.0 0
5025.0 0
5026.0 0
5027.0 0
5028.0 0
5029.0 0
5030.0 0
5031.0 0
5032.0 0
5033.0 0
5034.0 0
5035.0 0
5036.0 0
5037.0 0
5038.0 0
5039.0 0
5040.0 0
5041.0 0
5042.0 0
5043.0 0
5044.0 0
5045.0 0
5046.0 0
5047.0 0
5048.0 0
5049.0 0
5050.0 0
5051.0 0
5052.0 0
5053.0 0
5054.0 0
5055.0 0
5056.0 0
5057.0 0
5058.0 0
5059.0 0
5060.0 0
5061.0 0
5062.0 0
5063.0 0
5064.0 0
5065.0 0
5066.0 0
5067.0 0
5068.0 0
5069.0 0
5070.0 0
5071.0 0
5072.0 0
5073.0 0
5074.0 0
5075.0 0
5076.0 0
5077.0 0
5078.0 0
5079.0 0
5080.0 0
5081.0 0
5082.0 0
5083.0 0
5084.0 0
5085.0 0
5086.0 0
5087.0 0
5088.0 0
5089.0 0
5090.0 0
5091.0 0
5092.0 0
5093.0 0
5094.0 0
5095.0 0
5096.0 0
5097.0 0
5098.0 0
5099.0 0
5100.0 0
5101.0 0
5102.0 0
5103.0 0
5104.0 0
5105.0 0
5106.0 0
5107.0 0
5108.0 0
5109.0 0
5110.0 0
5111.0 0
5112.0 0
5113.0 0
5114.0 0
5115.0 0
5116.0 0
5117.0 0
5118.0 0
5119.0 0
5120.0 0
5121.0 0
5122.0 0
5123.0 0
5124.0 0
5125.0 0
5126.0 0
5127.0 0
5128.0 0
5129.0 0
5130.0 0
5131.0 0
5132.0 0
5133.0 0
5134.0 0
5135.0 0
5136.0 0
5137.0 0
5138.0 0
5139.0 0
5140.0 0
5141.0 0
5142.0 0
5143.0 0
5144.0 1e-05
5145.0 1e-05
5146.0 1e-05
5147.0 1e-05
5148.0 1e-05
5149.0 1e-05
5150.0 1e-05
5151.0 1e-05
5152.0 1e-05
5153.0 1e-05
5154.0 1e-05
5155.0 1e-05
5156.0 1e-05
5157.0 1e-05
5158.0 1e-05
5159.0 2e-05
5160.0 2e-05
5161.0 2e-05
5162.0 2e-05
5163.0 2e-05
5164.0 1e-05
5165.0 1e-05
5166.0 1e-05
5167.0 1e-05
5168.0 1e-05
5169.0 1e-05
5170.0 1e-05
5171.0 1e-05
5172.0 1e-05
5173.0 1e-05
5174.0 1e-05
5175.0 1e-05
5176.0 1e-05
5177.0 1e-05
5178.0 1e-05
5179.0 1e-05
5180.0 1e-05
5181.0 1e-05
5182.0 1e-05
5183.0 1e-05
5184.0 1e-05
5185.0 1e-05
5186.0 1e-05
5187.0 1e-05
5188.0 1e-05
5189.0 1e-05
5190.0 1e-05
5191.0 1e-05
5192.0 1e-05
5193.0 1e-05
5194.0 1e-05
5195.0 2e-05
5196.0 2e-05
5197.0 2e-05
5198.0 2e-05
5199.0 2e-05
5200.0 3e-05
5201.0 3e-05
5202.0 3e-05
5203.0 2e-05
5204.0 2e-05
5205.0 2e-05
5206.0 2e-05
5207.0 2e-05
5208.0 1e-05
5209.0 1e-05
5210.0 1e-05
5211.0 1e-05
5212.0 1e-05
5213.0 1e-05
5214.0 1e-05
5215.0 1e-05
5216.0 1e-05
5217.0 1e-05
5218.0 1e-05
5219.0 1e-05
5220.0 1e-05
5221.0 1e-05
5222.0 1e-05
5223.0 1e-05
5224.0 1e-05
5225.0 1e-05
5226.0 1e-05
5227.0 1e-05
5228.0 1e-05
5229.0 1e-05
5230.0 1e-05
5231.0 1e-05
5232.0 1e-05
5233.0 1e-05
5234.0 1e-05
5235.0 2e-05
5236.0 2e-05
5237.0 2e-05
5238.0 3e-05
5239.0 3e-05
5240.0 4e-05
5241.0 5e-05
5242.0 7e-05
5243.0 8e-05
5244.0 0.0001
5245.0 0.00013
5246.0 0.00016
5247.0 0.00019
5248.0 0.00021
5249.0 0.0002
5250.0 0.00019
5251.0 0.00018
5252.0 0.00016
5253.0 0.00015
5254.0 0.00013
5255.0 0.00012
5256.0 0.00012
5257.0 0.00011
5258.0 0.00011
5259.0 0.00011
5260.0 0.00011
5261.0 0.00011
5262.0 0.00012
5263.0 0.00012
5264.0 0.00012
5265.0 0.00012
5266.0 0.00012
5267.0 0.00012
5268.0 0.00011
5269.0 0.0001
5270.0 8e-05
5271.0 7e-05
5272.0 6e-05
5273.0 5e-05
5274.0 5e-05
5275.0 4e-05
5276.0 3e-05
5277.0 3e-05
5278.0 3e-05
5279.0 2e-05
5280.0 2e-05
5281.0 2e-05
5282.0 1e-05
5283.0 1e-05
5284.0 1e-05
5285.0 1e-05
5286.0 1e-05
5287.0 1e-05
5288.0 1e-05
5289.0 1e-05
5290.0 1e-05
5291.0 1e-05
5292.0 1e-05
5293.0 1e-05
5294.0 1e-05
5295.0 1e-05
5296.0 1e-05
5297.0 1e-05
5298.0 1e-05
5299.0 1e-05
5300.0 1e-05
5301.0 2e-05
5302.0 2e-05
5303.0 2e-05
5304.0 3e-05
5305.0 3e-05
5306.0 3e-05
5307.0 4e-05
5308.0 4e-05
5309.0 5e-05
5310.0 6e-05
5311.0 7e-05
5312.0 8e-05
5313.0 7e-05
5314.0 6e-05
5315.0 5e-05
5316.0 4e-05
5317.0 4e-05
5318.0 3e-05
5319.0 2e-05
5320.0 2e-05
5321.0 2e-05
5322.0 1e-05
5323.0 1e-05
5324.0 1e-05
5325.0 1e-05
5326.0 1e-05
5327.0 1e-05
5328.0 1e-05
5329.0 1e-05
5330.0 1e-05
5331.0 0
5332.0 0
5333.0 0
5334.0 0
5335.0 0
5336.0 0
5337.0 0
5338.0 0
5339.0 0
5340.0 0
5341.0 0
5342.0 0
5343.0 0
5344.0 0
5345.0 0
5346.0 0
5347.0 0
5348.0 0
5349.0 0
5350.0 0
5351.0 0
5352.0 0
5353.0 0
5354.0 0
5355.0 0
5356.0 0
5357.0 0
5358.0 0
5359.0 0
5360.0 0
5361.0 0
5362.0 0
5363.0 0
5364.0 0
5365.0 0
5366.0 0
5367.0 0
5368.0 0
5369.0 0
5370.0 1e-05
5371.0 1e-05
5372.0 1e-05
5373.0 1e-05
5374.0 1e-05
5375.0 1e-05
5376.0 1e-05
5377.0 1e-05
5378.0 1e-05
5379.0 1e-05
5380.0 1e-05
5381.0 1e-05
5382.0 1e-05
5383.0 1e-05
5384.0 1e-05
5385.0 1e-05
5386.0 1e-05
5387.0 1e-05
5388.0 1e-05
5389.0 1e-05
5390.0 1e-05
5391.0 0
5392.0 0
5393.0 0
5394.0 0
5395.0 0
5396.0 0
5397.0 0
5398.0 0
5399.0 0
5400.0 0
5401.0 0
5402.0 0
5403.0 0
5404.0 0
5405.0 0
5406.0 0
5407.0 0
5408.0 0
5409.0 0
5410.0 0
5411.0 0
5412.0 0
5413.0 0
5414.0 0
5415.0 0
5416.0 1e-05
5417.0 1e-05
5418.0 1e-05
5419.0 1e-05
5420.0 1e-05
5421.0 1e-05
5422.0 1e-05
5423.0 1e-05
5424.0 1e-05
5425.0 1e-05
5426.0 1e-05
5427.0 1e-05
5428.0 1e-05
5429.0 1e-05
5430.0 1e-05
5431.0 1e-05
5432.0 1e-05
5433.0 1e-05
5434.0 1e-05
5435.0 1e-05
5436.0 1e-05
5437.0 1e-05
5438.0 1e-05
5439.0 2e-05
5440.0 2e-05
5441.0 2e-05
5442.0 2e-05
5443.0 2e-05
5444.0 2e-05
5445.0 3e-05
5446.0 3e-05
5447.0 3e-05
5448.0 3e-05
5449.0 3e-05
5450.0 3e-05
5451.0 3e-05
5452.0 3e-05
5453.0 3e-05
5454.0 3e-05
5455.0 3e-05
5456.0 2e-05
5457.0 2e-05
5458.0 2e-05
5459.0 2e-05
5460.0 2e-05
5461.0 2e-05
5462.0 2e-05
5463.0 2e-05
5464.0 1e-05
5465.0 1e-05
5466.0 1e-05
5467.0 1e-05
5468.0 1e-05
5469.0 1e-05
5470.0 1e-05
5471.0 1e-05
5472.0 1e-05
5473.0 1e-05
5474.0 1e-05
5475.0 1e-05
5476.0 1e-05
5477.0 1e-05
5478.0 1e-05
5479.0 0
5480.0 0
5481.0 0
5482.0 0
5483.0 0
5484.0 0
5485.0 0
5486.0 0
5487.0 0
5488.0 0
5489.0 0
5490.0 0
5491.0 0
5492.0 0
5493.0 0
5494.0 0
5495.0 0
5496.0 0
5497.0 0
5498.0 0
5499.0 0
5500.0 0
5501.0 0
5502.0 0
5503.0 0
5504.0 0
5505.0 0
5506.0 0
5507.0 0
5508.0 0
5509.0 0
5510.0 0
5511.0 0
5512.0 0
5513.0 0
5514.0 0
5515.0 0
5516.0 1e-05
5517.0 1e-05
5518.0 1e-05
5519.0 1e-05
5520.0 1e-05
5521.0 1e-05
5522.0 1e-05
5523.0 1e-05
5524.0 1e-05
5525.0 1e-05
5526.0 1e-05
5527.0 1e-05
5528.0 1e-05
5529.0 2e-05
5530.0 2e-05
5531.0 2e-05
5532.0 2e-05
5533.0 2e-05
5534.0 2e-05
5535.0 2e-05
5536.0 2e-05
5537.0 2e-05
5538.0 2e-05
5539.0 2e-05
5540.0 2e-05
5541.0 2e-05
5542.0 2e-05
5543.0 2e-05
5544.0 2e-05
5545.0 2e-05
5546.0 2e-05
5547.0 2e-05
5548.0 1e-05
5549.0 1e-05
5550.0 1e-05
5551.0 1e-05
5552.0 1e-05
5553.0 1e-05
5554.0 1e-05
5555.0 1e-05
5556.0 1e-05
5557.0 1e-05
5558.0 1e-05
5559.0 1e-05
5560.0 1e-05
5561.0 1e-05
5562.0 1e-05
5563.0 1e-05
5564.0 1e-05
5565.0 1e-05
5566.0 1e-05
5567.0 1e-05
5568.0 1e-05
5569.0 1e-05
5570.0 1e-05
5571.0 1e-05
5572.0 1e-05
5573.0 1e-05
5574.0 1e-05
5575.0 1e-05
5576.0 1e-05
5577.0 1e-05
5578.0 1e-05
5579.0 1e-05
5580.0 1e-05
5581.0 1e-05
5582.0 1e-05
5583.0 1e-05
5584.0 1e-05
5585.0 1e-05
5586.0 1e-05
5587.0 1e-05
5588.0 1e-05
5589.0 1e-05
5590.0 1e-05
5591.0 2e-05
5592.0 2e-05
5593.0 2e-05
5594.0 2e-05
5595.0 2e-05
5596.0 1e-05
5597.0 1e-05
5598.0 1e-05
5599.0 1e-05
5600.0 1e-05
5601.0 0
5602.0 0
5603.0 0
5604.0 0
5605.0 0
5606.0 0
5607.0 0
5608.0 0
5609.0 0
5610.0 0
5611.0 0
5612.0 0
5613.0 0
5614.0 0
5615.0 0
5616.0 0
5617.0 0
5618.0 0
5619.0 0
5620.0 0
5621.0 0
5622.0 0
5623.0 0
5624.0 0
5625.0 0
5626.0 0
5627.0 0
5628.0 0
5629.0 0
5630.0 0
5631.0 0
5632.0 0
5633.0 0
5634.0 0
5635.0 0
5636.0 0
5637.0 0
5638.0 0
5639.0 0
5640.0 0
5641.0 0
5642.0 0
5643.0 0
5644.0 0
5645.0 0
5646.0 0
5647.0 0
5648.0 0
5649.0 0
5650.0 0
5651.0 0
5652.0 0
5653.0 0
5654.0 0
5655.0 0
5656.0 0
5657.0 0
5658.0 0
5659.0 0
5660.0 0
5661.0 0
5662.0 0
5663.0 0
5664.0 0
5665.0 0
5666.0 0
5667.0 0
5668.0 0
5669.0 0
5670.0 0
5671.0 0
5672.0 0
5673.0 0
5674.0 0
5675.0 0
5676.0 0
5677.0 0
5678.0 1e-05
5679.0 1e-05
5680.0 1e-05
5681.0 1e-05
5682.0 1e-05
5683.0 1e-05
5684.0 1e-05
5685.0 1e-05
5686.0 1e-05
5687.0 1e-05
5688.0 1e-05
5689.0 1e-05
5690.0 1e-05
5691.0 1e-05
5692.0 2e-05
5693.0 2e-05
5694.0 2e-05
5695.0 2e-05
5696.0 2e-05
5697.0 3e-05
5698.0 3e-05
5699.0 4e-05
5700.0 5e-05
5701.0 6e-05
5702.0 8e-05
5703.0 0.0001
5704.0 0.00012
5705.0 0.00012
5706.0 0.00012
5707.0 0.0001
5708.0 8e-05
5709.0 6e-05
5710.0 5e-05
5711.0 4e-05
5712.0 3e-05
5713.0 3e-05
5714.0 2e-05
5715.0 2e-05
5716.0 2e-05
5717.0 2e-05
5718.0 2e-05
5719.0 1e-05
5720.0 1e-05
5721.0 1e-05
5722.0 1e-05
5723.0 1e-05
5724.0 1e-05
5725.0 1e-05
5726.0 1e-05
5727.0 1e-05
5728.0 1e-05
5729.0 1e-05
5730.0 1e-05
5731.0 1e-05
5732.0 1e-05
5733.0 1e-05
5734.0 1e-05
5735.0 1e-05
5736.0 1e-05
5737.0 1e-05
5738.0 1e-05
5739.0 0
5740.0 0
5741.0 0
5742.0 0
5743.0 0
5744.0 0
5745.0 0
5746.0 0
5747.0 0
5748.0 0
5749.0 0
5750.0 0
5751.0 0
5752.0 0
5753.0 0
5754.0 0
5755.0 0
5756.0 0
5757.0 0
5758.0 0
5759.0 0
5760.0 0
5761.0 0
5762.0 0
5763.0 0
5764.0 0
5765.0 0
5766.0 0
5767.0 0
5768.0 0
5769.0 0
5770.0 0
5771.0 0
5772.0 0
5773.0 0
5774.0 0
5775.0 0
5776.0 0
5777.0 0
5778.0 0
5779.0 0
5780.0 0
5781.0 0
5782.0 0
5783.0 0
5784.0 0
5785.0 0
5786.0 0
5787.0 0
5788.0 0
5789.0 0
5790.0 0
5791.0 0
5792.0 0
5793.0 0
5794.0 0
5795.0 0
5796.0 0
5797.0 0
5798.0 0
5799.0 0
5800.0 0
5801.0 0
5802.0 0
5803.0 0
5804.0 0
5805.0 0
5806.0 0
5807.0 0
5808.0 0
5809.0 0
5810.0 0
5811.0 0
5812.0 0
5813.0 0
5814.0 0
5815.0 0
5816.0 0
5817.0 0
5818.0 0
5819.0 0
5820.0 0
5821.0 0
5822.0 0
5823.0 0
5824.0 0
5825.0 0
5826.0 0
5827.0 0
5828.0 0
5829.0 0
5830.0 0
5831.0 0
5832.0 0
5833.0 0
5834.0 0
5835.0 0
5836.0 0
5837.0 0
5838.0 0
5839.0 0
5840.0 0
5841.0 0
5842.0 0
5843.0 0
5844.0 0
5845.0 0
5846.0 0
5847.0 0
5848.0 0
5849.0 0
5850.0 0
5851.0 0
5852.0 1e-05
5853.0 1e-05
5854.0 1e-05
5855.0 1e-05
5856.0 1e-05
5857.0 1e-05
5858.0 1e-05
5859.0 1e-05
5860.0 1e-05
5861.0 1e-05
5862.0 1e-05
5863.0 1e-05
5864.0 1e-05
5865.0 1e-05
5866.0 1e-05
5867.0 1e-05
5868.0 1e-05
5869.0 1e-05
5870.0 1e-05
5871.0 1e-05
5872.0 1e-05
5873.0 1e-05
5874.0 1e-05
5875.0 0
5876.0 0
5877.0 0
5878.0 0
5879.0 0
5880.0 0
5881.0 0
5882.0 0
5883.0 0
5884.0 0
5885.0 0
5886.0 0
5887.0 0
5888.0 0
5889.0 0
5890.0 0
5891.0 0
5892.0 0
5893.0 0
5894.0 0
5895.0 0
5896.0 0
5897.0 0
5898.0 0
5899.0 0
5900.0 0
5901.0 0
5902.0 0
5903.0 0
5904.0 0
5905.0 0
5906.0 0
5907.0 0
5908.0 0
5909.0 0
5910.0 0
5911.0 0
5912.0 0
5913.0 0
5914.0 0
5915.0 0
5916.0 0
5917.0 0
5918.0 0
5919.0 0
5920.0 0
5921.0 0
5922.0 0
5923.0 0
5924.0 0
5925.0 0
5926.0 0
5927.0 0
5928.0 0
5929.0 0
5930.0 0
5931.0 0
5932.0 0
5933.0 0
5934.0 0
5935.0 0
5936.0 0
5937.0 0
5938.0 0
5939.0 0
5940.0 0
5941.0 0
5942.0 0
5943.0 0
5944.0 0
5945.0 0
5946.0 0
5947.0 0
5948.0 0
5949.0 0
5950.0 0
5951.0 0
5952.0 1e-05
5953.0 1e-05
5954.0 1e-05
5955.0 1e-05
5956.0 1e-05
5957.0 1e-05
5958.0 1e-05
5959.0 1e-05
5960.0 1e-05
5961.0 1e-05
5962.0 1e-05
5963.0 1e-05
5964.0 1e-05
5965.0 1e-05
5966.0 1e-05
5967.0 1e-05
5968.0 1e-05
5969.0 1e-05
5970.0 1e-05
5971.0 1e-05
5972.0 2e-05
5973.0 2e-05
5974.0 2e-05
5975.0 2e-05
5976.0 3e-05
5977.0 3e-05
5978.0 3e-05
5979.0 3e-05
5980.0 3e-05
5981.0 3e-05
5982.0 3e-05
5983.0 3e-05
5984.0 3e-05
5985.0 2e-05
5986.0 2e-05
5987.0 2e-05
5988.0 2e-05
5989.0 2e-05
5990.0 2e-05
5991.0 2e-05
5992.0 2e-05
5993.0 2e-05
5994.0 2e-05
5995.0 2e-05
5996.0 3e-05
5997.0 3e-05
5998.0 3e-05
5999.0 3e-05
6000.0 4e-05
6001.0 4e-05
6002.0 5e-05
6003.0 6e-05
6004.0 7e-05
6005.0 8e-05
6006.0 8e-05
6007.0 8e-05
6008.0 8e-05
6009.0 7e-05
6010.0 6e-05
6011.0 5e-05
6012.0 4e-05
6013.0 3e-05
6014.0 2e-05
6015.0 2e-05
6016.0 2e-05
6017.0 1e-05
6018.0 1e-05
6019.0 1e-05
6020.0 1e-05
6021.0 1e-05
6022.0 1e-05
6023.0 1e-05
6024.0 1e-05
6025.0 1e-05
6026.0 1e-05
6027.0 1e-05
6028.0 1e-05
6029.0 1e-05
6030.0 1e-05
6031.0 1e-05
6032.0 1e-05
6033.0 1e-05
6034.0 1e-05
6035.0 1e-05
6036.0 1e-05
6037.0 1e-05
6038.0 1e-05
6039.0 1e-05
6040.0 1e-05
6041.0 1e-05
6042.0 1e-05
6043.0 1e-05
6044.0 1e-05
6045.0 1e-05
6046.0 1e-05
6047.0 1e-05
6048.0 1e-05
6049.0 1e-05
6050.0 1e-05
6051.0 1e-05
6052.0 1e-05
6053.0 1e-05
6054.0 1e-05
6055.0 1e-05
6056.0 1e-05
6057.0 1e-05
6058.0 1e-05
6059.0 1e-05
6060.0 1e-05
6061.0 1e-05
6062.0 1e-05
6063.0 1e-05
6064.0 1e-05
6065.0 1e-05
6066.0 1e-05
6067.0 1e-05
6068.0 1e-05
6069.0 1e-05
6070.0 1e-05
6071.0 1e-05
6072.0 1e-05
6073.0 1e-05
6074.0 1e-05
6075.0 1e-05
6076.0 1e-05
6077.0 1e-05
6078.0 1e-05
6079.0 1e-05
6080.0 1e-05
6081.0 1e-05
6082.0 1e-05
6083.0 1e-05
6084.0 1e-05
6085.0 1e-05
6086.0 1e-05
6087.0 1e-05
6088.0 1e-05
6089.0 1e-05
6090.0 1e-05
6091.0 1e-05
6092.0 1e-05
6093.0 1e-05
6094.0 1e-05
6095.0 1e-05
6096.0 1e-05
6097.0 1e-05
6098.0 1e-05
6099.0 1e-05
6100.0 1e-05
6101.0 1e-05
6102.0 1e-05
6103.0 1e-05
6104.0 1e-05
6105.0 1e-05
6106.0 1e-05
6107.0 1e-05
6108.0 2e-05
6109.0 2e-05
6110.0 2e-05
6111.0 2e-05
6112.0 2e-05
6113.0 2e-05
6114.0 2e-05
6115.0 2e-05
6116.0 2e-05
6117.0 2e-05
6118.0 2e-05
6119.0 2e-05
6120.0 2e-05
6121.0 2e-05
6122.0 3e-05
6123.0 3e-05
6124.0 3e-05
6125.0 3e-05
6126.0 3e-05
6127.0 3e-05
6128.0 3e-05
6129.0 3e-05
6130.0 3e-05
6131.0 3e-05
6132.0 3e-05
6133.0 2e-05
6134.0 2e-05
6135.0 2e-05
6136.0 1e-05
6137.0 1e-05
6138.0 1e-05
6139.0 1e-05
6140.0 0
6141.0 0
6142.0 0
6143.0 0
6144.0 0
6145.0 0
6146.0 0
6147.0 0
6148.0 0
6149.0 0
6150.0 0
6151.0 0
6152.0 0
6153.0 0
6154.0 0
6155.0 0
6156.0 0
6157.0 0
6158.0 0
6159.0 0
6160.0 0
6161.0 0
6162.0 0
6163.0 0
6164.0 0
6165.0 0
6166.0 0
6167.0 0
6168.0 0
6169.0 0
6170.0 0
6171.0 0
6172.0 0
6173.0 0
6174.0 0
6175.0 0
6176.0 0
6177.0 0
6178.0 0
6179.0 0
6180.0 0
6181.0 0
6182.0 0
6183.0 0
6184.0 0
6185.0 0
6186.0 0
6187.0 0
6188.0 0
6189.0 0
6190.0 0
6191.0 0
6192.0 0
6193.0 0
6194.0 0
6195.0 0
6196.0 0
6197.0 0
6198.0 0
6199.0 1e-05
6200.0 1e-05
6201.0 1e-05
6202.0 1e-05
6203.0 1e-05
6204.0 1e-05
6205.0 1e-05
6206.0 1e-05
6207.0 2e-05
6208.0 2e-05
6209.0 2e-05
6210.0 2e-05
6211.0 2e-05
6212.0 2e-05
6213.0 3e-05
6214.0 3e-05
6215.0 3e-05
6216.0 3e-05
6217.0 3e-05
6218.0 3e-05
6219.0 3e-05
6220.0 3e-05
6221.0 4e-05
6222.0 4e-05
6223.0 4e-05
6224.0 4e-05
6225.0 4e-05
6226.0 4e-05
6227.0 4e-05
6228.0 4e-05
6229.0 4e-05
6230.0 3e-05
6231.0 3e-05
6232.0 3e-05
6233.0 3e-05
6234.0 2e-05
6235.0 2e-05
6236.0 2e-05
6237.0 2e-05
6238.0 1e-05
6239.0 1e-05
6240.0 1e-05
6241.0 1e-05
6242.0 1e-05
6243.0 1e-05
6244.0 1e-05
6245.0 1e-05
6246.0 1e-05
6247.0 1e-05
6248.0 1e-05
6249.0 1e-05
6250.0 0
6251.0 0
6252.0 0
6253.0 0
6254.0 0
6255.0 0
6256.0 0
6257.0 0
6258.0 0
6259.0 0
6260.0 0
6261.0 0
6262.0 0
6263.0 0
6264.0 0
6265.0 0
6266.0 0
6267.0 0
6268.0 0
6269.0 0
6270.0 0
6271.0 0
6272.0 0
6273.0 1e-05
6274.0 1e-05
6275.0 1e-05
6276.0 1e-05
6277.0 1e-05
6278.0 1e-05
6279.0 1e-05
6280.0 1e-05
6281.0 1e-05
6282.0 1e-05
6283.0 1e-05
6284.0 1e-05
6285.0 1e-05
6286.0 1e-05
6287.0 1e-05
6288.0 1e-05
6289.0 1e-05
6290.0 1e-05
6291.0 1e-05
6292.0 1e-05
6293.0 1e-05
6294.0 1e-05
6295.0 1e-05
6296.0 1e-05
6297.0 1e-05
6298.0 1e-05
6299.0 1e-05
6300.0 1e-05
6301.0 1e-05
6302.0 0
6303.0 0
6304.0 0
6305.0 0
6306.0 0
6307.0 0
6308.0 0
6309.0 0
6310.0 0
6311.0 0
6312.0 0
6313.0 0
6314.0 0
6315.0 0
6316.0 0
6317.0 0
6318.0 0
6319.0 0
6320.0 0
6321.0 0
6322.0 0
6323.0 1e-05
6324.0 1e-05
6325.0 1e-05
6326.0 1e-05
6327.0 1e-05
6328.0 1e-05
6329.0 1e-05
6330.0 1e-05
6331.0 1e-05
6332.0 1e-05
6333.0 1e-05
6334.0 1e-05
6335.0 2e-05
6336.0 2e-05
6337.0 2e-05
6338.0 2e-05
6339.0 3e-05
6340.0 3e-05
6341.0 3e-05
6342.0 4e-05
6343.0 4e-05
6344.0 5e-05
6345.0 6e-05
6346.0 6e-05
6347.0 8e-05
6348.0 9e-05
6349.0 0.0001
6350.0 0.00011
6351.0 0.00013
6352.0 0.00015
6353.0 0.00017
6354.0 0.00018
6355.0 0.00019
6356.0 0.00021
6357.0 0.0002
6358.0 0.0002
6359.0 0.00019
6360.0 0.00017
6361.0 0.00015
6362.0 0.00013
6363.0 0.00011
6364.0 0.0001
6365.0 8e-05
6366.0 7e-05
6367.0 6e-05
6368.0 5e-05
6369.0 4e-05
6370.0 3e-05
6371.0 3e-05
6372.0 2e-05
6373.0 2e-05
6374.0 2e-05
6375.0 2e-05
6376.0 1e-05
6377.0 1e-05
6378.0 1e-05
6379.0 1e-05
6380.0 1e-05
6381.0 1e-05
6382.0 0
6383.0 0
6384.0 0
6385.0 0
6386.0 0
6387.0 0
6388.0 0
6389.0 0
6390.0 0
6391.0 0
6392.0 0
6393.0 0
6394.0 0
6395.0 0
6396.0 0
6397.0 0
6398.0 0
6399.0 0
6400.0 0
6401.0 0
6402.0 0
6403.0 0
6404.0 0
6405.0 0
6406.0 0
6407.0 0
6408.0 0
6409.0 0
6410.0 0
6411.0 0
6412.0 0
6413.0 0
6414.0 0
6415.0 0
6416.0 0
6417.0 0
6418.0 0
6419.0 0
6420.0 0
6421.0 0
6422.0 0
6423.0 0
6424.0 0
6425.0 0
6426.0 0
6427.0 0
6428.0 0
6429.0 0
6430.0 0
6431.0 0
6432.0 0
6433.0 0
6434.0 0
6435.0 1e-05
6436.0 1e-05
6437.0 1e-05
6438.0 1e-05
6439.0 1e-05
6440.0 2e-05
6441.0 2e-05
6442.0 3e-05
6443.0 5e-05
6444.0 6e-05
6445.0 0.00011
6446.0 0.00016
6447.0 0.00017
6448.0 0.00018
6449.0 0.00013
6450.0 7e-05
6451.0 5e-05
6452.0 4e-05
6453.0 3e-05
6454.0 2e-05
6455.0 2e-05
6456.0 1e-05
6457.0 1e-05
6458.0 1e-05
6459.0 1e-05
6460.0 1e-05
6461.0 1e-05
6462.0 0
6463.0 0
6464.0 0
6465.0 0
6466.0 0
6467.0 0
6468.0 0
6469.0 0
6470.0 0
6471.0 0
6472.0 0
6473.0 0
6474.0 0
6475.0 0
6476.0 0
6477.0 0
6478.0 0
6479.0 0
6480.0 0
6481.0 0
6482.0 0
6483.0 0
6484.0 0
6485.0 0
6486.0 0
6487.0 0
6488.0 0
6489.0 1e-05
6490.0 1e-05
6491.0 1e-05
6492.0 1e-05
6493.0 1e-05
6494.0 1e-05
6495.0 2e-05
6496.0 2e-05
6497.0 3e-05
6498.0 4e-05
6499.0 6e-05
6500.0 9e-05
6501.0 0.00017
6502.0 0.00025
6503.0 0.00028
6504.0 0.0003
6505.0 0.0002
6506.0 0.0001
6507.0 7e-05
6508.0 4e-05
6509.0 3e-05
6510.0 2e-05
6511.0 2e-05
6512.0 1e-05
6513.0 1e-05
6514.0 1e-05
6515.0 1e-05
6516.0 1e-05
6517.0 1e-05
6518.0 0
6519.0 0
6520.0 0
6521.0 0
6522.0 0
6523.0 0
6524.0 0
6525.0 0
6526.0 0
6527.0 0
6528.0 0
6529.0 0
6530.0 0
6531.0 0
6532.0 0
6533.0 0
6534.0 0
6535.0 0
6536.0 0
6537.0 0
6538.0 0
6539.0 0
6540.0 0
6541.0 0
6542.0 0
6543.0 0
6544.0 0
6545.0 0
6546.0 0
6547.0 0
6548.0 0
6549.0 0
6550.0 0
6551.0 0
6552.0 0
6553.0 0
6554.0 0
6555.0 0
6556.0 0
6557.0 0
6558.0 0
6559.0 0
6560.0 0
6561.0 1e-05
6562.0 1e-05
6563.0 1e-05
6564.0 1e-05
6565.0 1e-05
6566.0 1e-05
6567.0 1e-05
6568.0 1e-05
6569.0 1e-05
6570.0 1e-05
6571.0 1e-05
6572.0 2e-05
6573.0 2e-05
6574.0 2e-05
6575.0 2e-05
6576.0 2e-05
6577.0 3e-05
6578.0 3e-05
6579.0 3e-05
6580.0 4e-05
6581.0 4e-05
6582.0 5e-05
6583.0 5e-05
6584.0 5e-05
6585.0 6e-05
6586.0 6e-05
6587.0 7e-05
6588.0 7e-05
6589.0 7e-05
6590.0 7e-05
6591.0 8e-05
6592.0 8e-05
6593.0 8e-05
6594.0 8e-05
6595.0 8e-05
6596.0 8e-05
6597.0 8e-05
6598.0 7e-05
6599.0 7e-05
6600.0 7e-05
6601.0 7e-05
6602.0 6e-05
6603.0 6e-05
6604.0 5e-05
6605.0 5e-05
6606.0 4e-05
6607.0 4e-05
6608.0 4e-05
6609.0 4e-05
6610.0 4e-05
6611.0 3e-05
6612.0 3e-05
6613.0 3e-05
6614.0 3e-05
6615.0 3e-05
6616.0 2e-05
6617.0 2e-05
6618.0 2e-05
6619.0 2e-05
6620.0 2e-05
6621.0 2e-05
6622.0 2e-05
6623.0 2e-05
6624.0 2e-05
6625.0 2e-05
6626.0 2e-05
6627.0 1e-05
6628.0 1e-05
6629.0 1e-05
6630.0 1e-05
6631.0 1e-05
6632.0 1e-05
6633.0 1e-05
6634.0 1e-05
6635.0 1e-05
6636.0 1e-05
6637.0 1e-05
6638.0 1e-05
6639.0 1e-05
6640.0 1e-05
6641.0 1e-05
6642.0 1e-05
6643.0 1e-05
6644.0 1e-05
6645.0 1e-05
6646.0 1e-05
6647.0 1e-05
6648.0 1e-05
6649.0 1e-05
6650.0 1e-05
6651.0 1e-05
6652.0 1e-05
6653.0 1e-05
6654.0 1e-05
6655.0 1e-05
6656.0 1e-05
6657.0 1e-05
6658.0 1e-05
6659.0 1e-05
6660.0 1e-05
6661.0 1e-05
6662.0 1e-05
6663.0 1e-05
6664.0 1e-05
6665.0 1e-05
6666.0 1e-05
6667.0 1e-05
6668.0 1e-05
6669.0 1e-05
6670.0 1e-05
6671.0 1e-05
6672.0 1e-05
6673.0 1e-05
6674.0 1e-05
6675.0 1e-05
6676.0 1e-05
6677.0 1e-05
6678.0 1e-05
6679.0 1e-05
6680.0 1e-05
6681.0 1e-05
6682.0 1e-05
6683.0 1e-05
6684.0 1e-05
6685.0 1e-05
6686.0 1e-05
6687.0 1e-05
6688.0 2e-05
6689.0 2e-05
6690.0 2e-05
6691.0 2e-05
6692.0 2e-05
6693.0 2e-05
6694.0 2e-05
6695.0 2e-05
6696.0 2e-05
6697.0 2e-05
6698.0 2e-05
6699.0 2e-05
6700.0 2e-05
6701.0 2e-05
6702.0 2e-05
6703.0 2e-05
6704.0 2e-05
6705.0 2e-05
6706.0 2e-05
6707.0 2e-05
6708.0 2e-05
6709.0 2e-05
6710.0 2e-05
6711.0 2e-05
6712.0 2e-05
6713.0 2e-05
6714.0 2e-05
6715.0 2e-05
6716.0 2e-05
6717.0 2e-05
6718.0 2e-05
6719.0 2e-05
6720.0 2e-05
6721.0 2e-05
6722.0 2e-05
6723.0 2e-05
6724.0 2e-05
6725.0 2e-05
6726.0 2e-05
6727.0 2e-05
6728.0 2e-05
6729.0 1e-05
6730.0 1e-05
6731.0 1e-05
6732.0 1e-05
6733.0 1e-05
6734.0 1e-05
6735.0 1e-05
6736.0 1e-05
6737.0 1e-05
6738.0 1e-05
6739.0 1e-05
6740.0 1e-05
6741.0 1e-05
6742.0 1e-05
6743.0 1e-05
6744.0 1e-05
6745.0 1e-05
6746.0 1e-05
6747.0 1e-05
6748.0 1e-05
6749.0 1e-05
6750.0 1e-05
6751.0 1e-05
6752.0 0
6753.0 0
6754.0 0
6755.0 0
6756.0 0
6757.0 0
6758.0 0
6759.0 0
6760.0 0
6761.0 0
6762.0 0
6763.0 0
6764.0 0
6765.0 1e-05
6766.0 1e-05
6767.0 1e-05
6768.0 1e-05
6769.0 1e-05
6770.0 1e-05
6771.0 1e-05
6772.0 1e-05
6773.0 1e-05
6774.0 1e-05
6775.0 1e-05
6776.0 1e-05
6777.0 1e-05
6778.0 1e-05
6779.0 1e-05
6780.0 1e-05
6781.0 2e-05
6782.0 2e-05
6783.0 2e-05
6784.0 3e-05
6785.0 4e-05
6786.0 4e-05
6787.0 6e-05
6788.0 7e-05
6789.0 9e-05
6790.0 0.00011
6791.0 0.00012
6792.0 0.00013
6793.0 0.00011
6794.0 9e-05
6795.0 7e-05
6796.0 5e-05
6797.0 4e-05
6798.0 3e-05
6799.0 2e-05
6800.0 2e-05
6801.0 2e-05
6802.0 1e-05
6803.0 1e-05
6804.0 1e-05
6805.0 1e-05
6806.0 1e-05
6807.0 1e-05
6808.0 1e-05
6809.0 1e-05
6810.0 0
6811.0 0
6812.0 0
6813.0 0
6814.0 0
6815.0 0
6816.0 0
6817.0 0
6818.0 0
6819.0 0
6820.0 0
6821.0 0
6822.0 0
6823.0 0
6824.0 0
6825.0 0
6826.0 0
6827.0 0
6828.0 0
6829.0 0
6830.0 0
6831.0 0
6832.0 0
6833.0 0
6834.0 0
6835.0 0
6836.0 0
6837.0 0
6838.0 0
6839.0 0
6840.0 0
6841.0 0
6842.0 0
6843.0 0
6844.0 0
6845.0 0
6846.0 0
6847.0 0
6848.0 0
6849.0 0
6850.0 0
6851.0 0
6852.0 0
6853.0 0
6854.0 0
6855.0 0
6856.0 0
6857.0 0
6858.0 0
6859.0 0
6860.0 0
6861.0 0
6862.0 0
6863.0 0
6864.0 0
6865.0 0
6866.0 0
6867.0 0
6868.0 0
6869.0 0
6870.0 0
6871.0 0
6872.0 0
6873.0 0
6874.0 0
6875.0 0
6876.0 0
6877.0 0
6878.0 0
6879.0 0
6880.0 0
6881.0 0
6882.0 0
6883.0 0
6884.0 0
6885.0 0
6886.0 0
6887.0 0
6888.0 0
6889.0 0
6890.0 0
6891.0 0
6892.0 0
6893.0 0
6894.0 0
6895.0 0
6896.0 0
6897.0 0
6898.0 0
6899.0 0
6900.0 0
6901.0 0
6902.0 0
6903.0 0
6904.0 0
6905.0 0
6906.0 0
6907.0 0
6908.0 0
6909.0 0
6910.0 0
6911.0 0
6912.0 0
6913.0 0
6914.0 0
6915.0 0
6916.0 0
6917.0 0
6918.0 0
6919.0 0
6920.0 0
6921.0 0
6922.0 0
6923.0 0
6924.0 0
6925.0 0
6926.0 0
6927.0 0
6928.0 0
6929.0 0
6930.0 0
6931.0 0
6932.0 0
6933.0 0
6934.0 0
6935.0 0
6936.0 0
6937.0 0
6938.0 0
6939.0 0
6940.0 0
6941.0 0
6942.0 0
6943.0 0
6944.0 0
6945.0 0
6946.0 0
6947.0 0
6948.0 0
6949.0 0
6950.0 0
6951.0 0
6952.0 0
6953.0 0
6954.0 0
6955.0 0
6956.0 0
6957.0 0
6958.0 1e-05
6959.0 1e-05
6960.0 2e-05
6961.0 7e-05
6962.0 0.00011
6963.0 7e-05
6964.0 3e-05
6965.0 2e-05
6966.0 1e-05
6967.0 0
6968.0 0
6969.0 0
6970.0 0
6971.0 0
6972.0 0
6973.0 0
6974.0 0
6975.0 0
6976.0 0
6977.0 0
6978.0 0
6979.0 0
6980.0 0
6981.0 0
6982.0 0
6983.0 0
6984.0 0
6985.0 0
6986.0 0
6987.0 0
6988.0 0
6989.0 0
6990.0 0
6991.0 0
6992.0 0
6993.0 0
6994.0 0
6995.0 0
6996.0 0
6997.0 0
6998.0 0
6999.0 0
7000.0 0
7001.0 0
7002.0 0
7003.0 0
7004.0 0
7005.0 0
7006.0 0
7007.0 0
7008.0 0
7009.0 0
7010.0 0
7011.0 0
7012.0 0
7013.0 0
7014.0 0
7015.0 0
7016.0 0
7017.0 0
7018.0 0
7019.0 0
7020.0 0
7021.0 0
7022.0 0
7023.0 0
7024.0 0
7025.0 0
7026.0 0
7027.0 0
7028.0 0
7029.0 0
7030.0 0
7031.0 0
7032.0 0
7033.0 0
7034.0 0
7035.0 0
7036.0 0
7037.0 0
7038.0 0
7039.0 0
7040.0 0
7041.0 0
7042.0 0
7043.0 0
7044.0 0
7045.0 0
7046.0 0
7047.0 0
7048.0 0
7049.0 0
7050.0 0
7051.0 0
7052.0 0
7053.0 0
7054.0 0
7055.0 0
7056.0 0
7057.0 0
7058.0 0
7059.0 0
7060.0 0
7061.0 0
7062.0 0
7063.0 0
7064.0 0
7065.0 0
7066.0 0
7067.0 0
7068.0 0
7069.0 0
7070.0 0
7071.0 0
7072.0 0
7073.0 0
7074.0 0
7075.0 0
7076.0 0
7077.0 0
7078.0 0
7079.0 0
7080.0 0
7081.0 0
7082.0 0
7083.0 0
7084.0 0
7085.0 0
7086.0 0
7087.0 0
7088.0 0
7089.0 0
7090.0 0
7091.0 0
7092.0 0
7093.0 0
7094.0 0
7095.0 0
7096.0 0
7097.0 0
7098.0 0
7099.0 0
7100.0 0
7101.0 0
7102.0 0
7103.0 0
7104.0 0
7105.0 0
7106.0 0
7107.0 0
7108.0 0
7109.0 0
7110.0 0
7111.0 0
7112.0 0
7113.0 0
7114.0 0
7115.0 0
7116.0 0
7117.0 0
7118.0 0
7119.0 0
7120.0 0
7121.0 0
7122.0 1e-05
7123.0 0.00013
7124.0 0.00025
7125.0 0.00013
7126.0 1e-05
7127.0 1e-05
7128.0 0
7129.0 0
7130.0 0
7131.0 0
7132.0 0
7133.0 0
7134.0 0
7135.0 0
7136.0 0
7137.0 0
7138.0 0
7139.0 0
7140.0 0
7141.0 0
7142.0 0
7143.0 0
7144.0 0
7145.0 0
7146.0 0
7147.0 0
7148.0 0
7149.0 0
7150.0 0
7151.0 0
7152.0 0
7153.0 0
7154.0 0
7155.0 0
7156.0 0
7157.0 0
7158.0 0
7159.0 0
7160.0 0
7161.0 0
7162.0 0
7163.0 0
7164.0 0
7165.0 0
7166.0 0
7167.0 0
7168.0 0
7169.0 0
7170.0 0
7171.0 0
7172.0 0
7173.0 0
7174.0 0
7175.0 0
7176.0 0
7177.0 0
7178.0 0
7179.0 0
7180.0 0
7181.0 0
7182.0 0
7183.0 0
7184.0 0
7185.0 0
7186.0 0
7187.0 0
7188.0 0
7189.0 0
7190.0 0
7191.0 0
7192.0 0
7193.0 0
7194.0 0
7195.0 0
7196.0 0
7197.0 0
7198.0 0
7199.0 0
7200.0 0
7201.0 0
7202.0 0
7203.0 0
7204.0 0
7205.0 0
7206.0 0
7207.0 0
7208.0 0
7209.0 0
7210.0 0
7211.0 0
7212.0 0
7213.0 0
7214.0 0
7215.0 0
7216.0 0
7217.0 0
7218.0 0
7219.0 0
7220.0 0
7221.0 0
7222.0 0
7223.0 0
7224.0 0
7225.0 0
7226.0 0
7227.0 0
7228.0 0
7229.0 0
7230.0 0
7231.0 0
7232.0 0
7233.0 0
7234.0 0
7235.0 0
7236.0 0
7237.0 0
7238.0 0
7239.0 0
7240.0 0
7241.0 0
7242.0 1e-05
7243.0 0
7244.0 1e-05
7245.0 1e-05
7246.0 1e-05
7247.0 1e-05
7248.0 1e-05
7249.0 2e-05
7250.0 2e-05
7251.0 2e-05
7252.0 2e-05
7253.0 2e-05
7254.0 1e-05
7255.0 1e-05
7256.0 1e-05
7257.0 1e-05
7258.0 1e-05
7259.0 1e-05
7260.0 0
7261.0 1e-05
7262.0 1e-05
7263.0 0
7264.0 0
7265.0 0
7266.0 0
7267.0 0
7268.0 0
7269.0 0
7270.0 0
7271.0 0
7272.0 0
7273.0 0
7274.0 0
7275.0 0
7276.0 0
7277.0 0
7278.0 0
7279.0 0
7280.0 0
7281.0 0
7282.0 0
7283.0 0
7284.0 0
7285.0 0
7286.0 1e-05
7287.0 1e-05
7288.0 1e-05
7289.0 0
7290.0 0
7291.0 1e-05
7292.0 1e-05
7293.0 1e-05
7294.0 1e-05
7295.0 1e-05
7296.0 1e-05
7297.0 1e-05
7298.0 2e-05
7299.0 2e-05
7300.0 2e-05
7301.0 2e-05
7302.0 2e-05
7303.0 2e-05
7304.0 2e-05
7305.0 2e-05
7306.0 1e-05
7307.0 1e-05
7308.0 1e-05
7309.0 1e-05
7310.0 1e-05
7311.0 1e-05
7312.0 0
7313.0 0
7314.0 0
7315.0 0
7316.0 0
7317.0 0
7318.0 0
7319.0 0
7320.0 0
7321.0 0
7322.0 0
7323.0 0
7324.0 0
7325.0 0
7326.0 0
7327.0 0
7328.0 0
7329.0 0
7330.0 0
7331.0 0
7332.0 0
7333.0 0
7334.0 0
7335.0 0
7336.0 0
7337.0 0
7338.0 0
7339.0 0
7340.0 0
7341.0 0
7342.0 0
7343.0 0
7344.0 0
7345.0 0
7346.0 0
7347.0 0
7348.0 0
7349.0 0
7350.0 0
7351.0 0
7352.0 0
7353.0 0
7354.0 0
7355.0 0
7356.0 0
7357.0 0
7358.0 0
7359.0 0
7360.0 0
7361.0 0
7362.0 0
7363.0 0
7364.0 0
7365.0 1e-05
7366.0 1e-05
7367.0 1e-05
7368.0 1e-05
7369.0 1e-05
7370.0 1e-05
7371.0 1e-05
7372.0 1e-05
7373.0 1e-05
7374.0 1e-05
7375.0 1e-05
7376.0 1e-05
7377.0 1e-05
7378.0 1e-05
7379.0 1e-05
7380.0 1e-05
7381.0 1e-05
7382.0 1e-05
7383.0 1e-05
7384.0 1e-05
7385.0 1e-05
7386.0 1e-05
7387.0 1e-05
7388.0 0
7389.0 0
7390.0 0
7391.0 0
7392.0 0
7393.0 0
7394.0 0
7395.0 0
7396.0 0
7397.0 0
7398.0 0
7399.0 0
7400.0 0
7401.0 0
7402.0 0
7403.0 0
7404.0 0
7405.0 0
7406.0 0
7407.0 0
7408.0 0
7409.0 0
7410.0 0
7411.0 0
7412.0 0
7413.0 0
7414.0 0
7415.0 0
7416.0 0
7417.0 0
7418.0 0
7419.0 0
7420.0 0
7421.0 0
7422.0 0
7423.0 0
7424.0 0
7425.0 0
7426.0 0
7427.0 0
7428.0 0
7429.0 0
7430.0 0
7431.0 0
7432.0 0
7433.0 0
7434.0 0
7435.0 0
7436.0 0
7437.0 0
7438.0 0
7439.0 0
7440.0 0
7441.0 0
7442.0 0
7443.0 0
7444.0 0
7445.0 0
7446.0 0
7447.0 0
7448.0 0
7449.0 0
7450.0 0
7451.0 0
7452.0 0
7453.0 0
7454.0 0
7455.0 0
7456.0 0
7457.0 0
7458.0 0
7459.0 0
7460.0 0
7461.0 0
7462.0 0
7463.0 0
7464.0 0
7465.0 0
7466.0 0
7467.0 0
7468.0 0
7469.0 0
7470.0 0
7471.0 0
7472.0 0
7473.0 0
7474.0 0
7475.0 1e-05
7476.0 1e-05
7477.0 1e-05
7478.0 2e-05
7479.0 5e-05
7480.0 8e-05
7481.0 0.0002
7482.0 0.00033
7483.0 0.00018
7484.0 3e-05
7485.0 2e-05
7486.0 1e-05
7487.0 1e-05
7488.0 1e-05
7489.0 1e-05
7490.0 0
7491.0 0
7492.0 0
7493.0 0
7494.0 0
7495.0 0
7496.0 0
7497.0 0
7498.0 0
7499.0 0
7500.0 0
7501.0 0
7502.0 0
7503.0 0
7504.0 0
7505.0 0
7506.0 0
7507.0 0
7508.0 0
7509.0 0
7510.0 0
7511.0 0
7512.0 0
7513.0 0
7514.0 0
7515.0 0
7516.0 0
7517.0 0
7518.0 0
7519.0 0
7520.0 0
7521.0 0
7522.0 0
7523.0 0
7524.0 0
7525.0 0
7526.0 0
7527.0 0
7528.0 0
7529.0 0
7530.0 0
7531.0 0
7532.0 0
7533.0 0
7534.0 0
7535.0 0
7536.0 0
7537.0 0
7538.0 0
7539.0 0
7540.0 0
7541.0 0
7542.0 0
7543.0 0
7544.0 0
7545.0 0
7546.0 1e-05
7547.0 1e-05
7548.0 1e-05
7549.0 1e-05
7550.0 2e-05
7551.0 2e-05
7552.0 2e-05
7553.0 2e-05
7554.0 1e-05
7555.0 1e-05
7556.0 1e-05
7557.0 0
7558.0 0
7559.0 0
7560.0 0
7561.0 0
7562.0 0
7563.0 0
7564.0 0
7565.0 0
7566.0 0
7567.0 0
7568.0 0
7569.0 0
7570.0 0
7571.0 0
7572.0 0
7573.0 0
7574.0 0
7575.0 0
7576.0 0
7577.0 0
7578.0 0
7579.0 0
7580.0 0
7581.0 0
7582.0 0
7583.0 0
7584.0 0
7585.0 0
7586.0 0
7587.0 0
7588.0 0
7589.0 0
7590.0 0
7591.0 0
7592.0 0
7593.0 0
7594.0 0
7595.0 0
7596.0 0
7597.0 0
7598.0 0
7599.0 0
7600.0 0
7601.0 0
7602.0 0
7603.0 0
7604.0 0
7605.0 0
7606.0 0
7607.0 0
7608.0 0
7609.0 0
7610.0 0
7611.0 0
7612.0 0
7613.0 0
7614.0 0
7615.0 0
7616.0 0
7617.0 0
7618.0 0
7619.0 0
7620.0 0
7621.0 0
7622.0 0
7623.0 0
7624.0 0
7625.0 0
7626.0 0
7627.0 0
7628.0 0
7629.0 0
7630.0 0
7631.0 0
7632.0 0
7633.0 0
7634.0 0
7635.0 0
7636.0 0
7637.0 0
7638.0 0
7639.0 0
7640.0 0
7641.0 0
7642.0 0
7643.0 0
7644.0 0
7645.0 0
7646.0 0
7647.0 0
7648.0 0
7649.0 0
7650.0 0
7651.0 0
7652.0 0
7653.0 0
7654.0 0
7655.0 0
7656.0 0
7657.0 0
7658.0 0
7659.0 0
7660.0 0
7661.0 0
7662.0 0
7663.0 0
7664.0 0
7665.0 0
7666.0 0
7667.0 0
7668.0 0
7669.0 0
7670.0 0
7671.0 0
7672.0 0
7673.0 0
7674.0 0
7675.0 0
7676.0 0
7677.0 0
7678.0 0
7679.0 0
7680.0 0
7681.0 0
7682.0 0
7683.0 0
7684.0 0
7685.0 0
7686.0 0
7687.0 0
7688.0 0
7689.0 0
7690.0 0
7691.0 0
7692.0 0
7693.0 0
7694.0 0
7695.0 0
7696.0 0
7697.0 0
7698.0 0
7699.0 0
7700.0 0
7701.0 0
7702.0 0
7703.0 0
7704.0 0
7705.0 0
7706.0 0
7707.0 0
7708.0 0
7709.0 0
7710.0 0
7711.0 0
7712.0 0
7713.0 0
7714.0 0
7715.0 0
7716.0 0
7717.0 0
7718.0 0
7719.0 0
7720.0 0
7721.0 0
7722.0 0
7723.0 0
7724.0 0
7725.0 0
7726.0 0
7727.0 0
7728.0 0
7729.0 0
7730.0 0
7731.0 0
7732.0 0
7733.0 0
7734.0 0
7735.0 0
7736.0 0
7737.0 0
7738.0 0
7739.0 0
7740.0 0
7741.0 0
7742.0 0
7743.0 0
7744.0 0
7745.0 0
7746.0 0
7747.0 0
7748.0 0
7749.0 0
7750.0 0
7751.0 0
7752.0 0
7753.0 0
7754.0 0
7755.0 0
7756.0 0
7757.0 0
7758.0 0
7759.0 0
7760.0 0
7761.0 0
7762.0 0
7763.0 0
7764.0 0
7765.0 0
7766.0 0
7767.0 0
7768.0 0
7769.0 0
7770.0 0
7771.0 0
7772.0 0
7773.0 0
7774.0 0
7775.0 0
7776.0 0
7777.0 0
7778.0 0
7779.0 0
7780.0 0
7781.0 0
7782.0 0
7783.0 0
7784.0 0
7785.0 0
7786.0 0
7787.0 0
7788.0 0
7789.0 0
7790.0 0
7791.0 0
7792.0 0
7793.0 0
7794.0 0
7795.0 0
7796.0 0
7797.0 0
7798.0 0
7799.0 0
7800.0 0
7801.0 0
7802.0 0
7803.0 0
7804.0 0
7805.0 0
7806.0 0
7807.0 0
7808.0 0
7809.0 0
7810.0 0
7811.0 0
7812.0 0
7813.0 0
7814.0 0
7815.0 0
7816.0 0
7817.0 0
7818.0 0
7819.0 0
7820.0 0
7821.0 0
7822.0 0
7823.0 0
7824.0 0
7825.0 0
7826.0 0
7827.0 0
7828.0 0
7829.0 0
7830.0 0
7831.0 0
7832.0 0
7833.0 0
7834.0 0
7835.0 0
7836.0 0
7837.0 0
7838.0 0
7839.0 0
7840.0 0
7841.0 0
7842.0 0
7843.0 0
7844.0 0
7845.0 0
7846.0 0
7847.0 0
7848.0 0
7849.0 0
7850.0 0
7851.0 0
7852.0 0
7853.0 0
7854.0 0
7855.0 0
7856.0 0
7857.0 0
7858.0 0
7859.0 0
7860.0 0
7861.0 0
7862.0 0
7863.0 0
7864.0 0
7865.0 0
7866.0 0
7867.0 0
7868.0 0
7869.0 0
7870.0 0
7871.0 0
7872.0 0
7873.0 0
7874.0 0
7875.0 0
7876.0 0
7877.0 0
7878.0 0
7879.0 0
7880.0 0
7881.0 0
7882.0 0
7883.0 0
7884.0 0
7885.0 0
7886.0 0
7887.0 0
7888.0 0
7889.0 0
7890.0 0
7891.0 0
7892.0 0
7893.0 0
7894.0 0
7895.0 0
7896.0 0
7897.0 0
7898.0 0
7899.0 0
7900.0 0
7901.0 0
7902.0 0
7903.0 0
7904.0 0
7905.0 0
7906.0 0
7907.0 0
7908.0 0
7909.0 0
7910.0 0
7911.0 0
7912.0 0
7913.0 0
7914.0 0
7915.0 0
7916.0 0
7917.0 0
7918.0 0
7919.0 0
7920.0 0
7921.0 0
7922.0 0
7923.0 0
7924.0 0
7925.0 0
7926.0 0
7927.0 0
7928.0 0
7929.0 0
7930.0 0
7931.0 0
7932.0 0
7933.0 0
7934.0 0
7935.0 0
7936.0 0
7937.0 0
7938.0 0
7939.0 0
7940.0 0
7941.0 0
7942.0 0
7943.0 0
7944.0 0
7945.0 0
7946.0 0
7947.0 0
7948.0 0
7949.0 0
7950.0 0
7951.0 0
7952.0 0
7953.0 0
7954.0 0
7955.0 0
7956.0 0
7957.0 0
7958.0 0
7959.0 0
7960.0 0
7961.0 0
7962.0 0
7963.0 0
7964.0 0
7965.0 0
7966.0 0
7967.0 0
7968.0 0
7969.0 0
7970.0 0
7971.0 0
7972.0 0
7973.0 0
7974.0 0
7975.0 0
7976.0 0
7977.0 0
7978.0 0
7979.0 0
7980.0 0
7981.0 0
7982.0 0
7983.0 0
7984.0 0
7985.0 0
7986.0 0
7987.0 0
7988.0 0
7989.0 0
7990.0 0
7991.0 0
7992.0 0
7993.0 0
7994.0 0
7995.0 0
7996.0 0
7997.0 0
7998.0 0
7999.0 0
8000.0 0
8001.0 0
8002.0 0
8003.0 0
8004.0 0
8005.0 0
8006.0 0
8007.0 0
8008.0 0
8009.0 0
8010.0 0
8011.0 0
8012.0 0
8013.0 0
8014.0 0
8015.0 0
8016.0 0
8017.0 0
8018.0 0
8019.0 0
8020.0 0
8021.0 0
8022.0 0
8023.0 0
8024.0 0
8025.0 0
8026.0 0
8027.0 0
8028.0 0
8029.0 0
8030.0 0
8031.0 0
8032.0 0
8033.0 0
8034.0 0
8035.0 0
8036.0 0
8037.0 0
8038.0 0
8039.0 0
8040.0 0
8041.0 0
8042.0 0
8043.0 0
8044.0 0
8045.0 0
8046.0 0
8047.0 0
8048.0 0
8049.0 0
8050.0 0
8051.0 0
8052.0 0
8053.0 0
8054.0 0
8055.0 0
8056.0 0
8057.0 0
8058.0 0
8059.0 0
8060.0 0
8061.0 0
8062.0 0
8063.0 0
8064.0 0
8065.0 0
8066.0 0
8067.0 0
8068.0 0
8069.0 0
8070.0 0
8071.0 0
8072.0 0
8073.0 0
8074.0 0
8075.0 0
8076.0 0
8077.0 0
8078.0 0
8079.0 0
8080.0 0
8081.0 1e-05
8082.0 1e-05
8083.0 2e-05
8084.0 3e-05
8085.0 5e-05
8086.0 6e-05
8087.0 4e-05
8088.0 2e-05
8089.0 1e-05
8090.0 1e-05
8091.0 0
8092.0 0
8093.0 0
8094.0 0
8095.0 0
8096.0 0
8097.0 0
8098.0 0
8099.0 0
8100.0 0
8101.0 0
8102.0 0
8103.0 0
8104.0 0
8105.0 0
8106.0 0
8107.0 0
8108.0 0
8109.0 0
8110.0 0
8111.0 0
8112.0 0
8113.0 0
8114.0 0
8115.0 0
8116.0 0
8117.0 0
8118.0 0
8119.0 0
8120.0 0
8121.0 0
8122.0 0
8123.0 0
8124.0 0
8125.0 0
8126.0 0
8127.0 0
8128.0 0
8129.0 0
8130.0 0
8131.0 0
8132.0 0
8133.0 0
8134.0 0
8135.0 0
8136.0 0
8137.0 0
8138.0 0
8139.0 0
8140.0 0
8141.0 0
8142.0 0
8143.0 0
8144.0 0
8145.0 0
8146.0 0
8147.0 0
8148.0 0
8149.0 0
8150.0 0
8151.0 0
8152.0 0
8153.0 0
8154.0 0
8155.0 0
8156.0 0
8157.0 0
8158.0 0
8159.0 0
8160.0 0
8161.0 0
8162.0 0
8163.0 0
8164.0 0
8165.0 0
8166.0 0
8167.0 0
8168.0 0
8169.0 0
8170.0 0
8171.0 0
8172.0 0
8173.0 0
8174.0 0
8175.0 0
8176.0 0
8177.0 0
8178.0 0
8179.0 0
8180.0 0
8181.0 0
8182.0 0
8183.0 0
8184.0 0
8185.0 0
8186.0 0
8187.0 0
8188.0 0
8189.0 0
8190.0 0
8191.0 0
8192.0 0
8193.0 0
8194.0 0
8195.0 0
8196.0 0
8197.0 0
8198.0 0
8199.0 0
8200.0 0
8201.0 0
8202.0 0
8203.0 0
8204.0 0
8205.0 0
8206.0 0
8207.0 0
8208.0 0
8209.0 0
8210.0 0
8211.0 0
8212.0 0
8213.0 0
8214.0 0
8215.0 0
8216.0 0
8217.0 0
8218.0 0
8219.0 0
8220.0 0
8221.0 0
8222.0 0
8223.0 0
8224.0 0
8225.0 0
8226.0 0
8227.0 0
8228.0 0
8229.0 0
8230.0 0
8231.0 0
8232.0 0
8233.0 0
8234.0 0
8235.0 0
8236.0 0
8237.0 0
8238.0 0
8239.0 0
8240.0 0
8241.0 0
8242.0 0
8243.0 0
8244.0 0
8245.0 0
8246.0 0
8247.0 0
8248.0 0
8249.0 0
8250.0 0
8251.0 0
8252.0 0
8253.0 0
8254.0 0
8255.0 0
8256.0 0
8257.0 0
8258.0 0
8259.0 0
8260.0 0
8261.0 0
8262.0 0
8263.0 0
8264.0 0
8265.0 0
8266.0 0
8267.0 0
8268.0 0
8269.0 0
8270.0 0
8271.0 0
8272.0 0
8273.0 1e-05
8274.0 1e-05
8275.0 1e-05
8276.0 1e-05
8277.0 1e-05
8278.0 1e-05
8279.0 1e-05
8280.0 1e-05
8281.0 1e-05
8282.0 1e-05
8283.0 1e-05
8284.0 1e-05
8285.0 1e-05
8286.0 1e-05
8287.0 1e-05
8288.0 1e-05
8289.0 1e-05
8290.0 1e-05
8291.0 1e-05
8292.0 1e-05
8293.0 1e-05
8294.0 1e-05
8295.0 1e-05
8296.0 1e-05
8297.0 1e-05
8298.0 1e-05
8299.0 1e-05
8300.0 1e-05
8301.0 1e-05
8302.0 1e-05
8303.0 1e-05
8304.0 1e-05
8305.0 1e-05
8306.0 1e-05
8307.0 0
8308.0 1e-05
8309.0 1e-05
8310.0 1e-05
8311.0 1e-05
8312.0 0
8313.0 0
8314.0 0
8315.0 0
8316.0 0
8317.0 0
8318.0 0
8319.0 0
8320.0 0
8321.0 1e-05
8322.0 1e-05
8323.0 1e-05
8324.0 0
8325.0 1e-05
8326.0 1e-05
8327.0 1e-05
8328.0 1e-05
8329.0 1e-05
8330.0 1e-05
8331.0 1e-05
8332.0 1e-05
8333.0 1e-05
8334.0 1e-05
8335.0 1e-05
8336.0 1e-05
8337.0 1e-05
8338.0 1e-05
8339.0 1e-05
8340.0 1e-05
8341.0 1e-05
8342.0 1e-05
8343.0 1e-05
8344.0 1e-05
8345.0 1e-05
8346.0 1e-05
8347.0 1e-05
8348.0 1e-05
8349.0 1e-05
8350.0 1e-05
8351.0 1e-05
8352.0 1e-05
8353.0 1e-05
8354.0 1e-05
8355.0 1e-05
8356.0 1e-05
8357.0 1e-05
8358.0 1e-05
8359.0 1e-05
8360.0 1e-05
8361.0 1e-05
8362.0 1e-05
8363.0 1e-05
8364.0 1e-05
8365.0 1e-05
8366.0 1e-05
8367.0 1e-05
8368.0 1e-05
8369.0 1e-05
8370.0 1e-05
8371.0 1e-05
8372.0 1e-05
8373.0 1e-05
8374.0 1e-05
8375.0 1e-05
8376.0 1e-05
8377.0 1e-05
8378.0 2e-05
8379.0 1e-05
8380.0 2e-05
8381.0 2e-05
8382.0 2e-05
8383.0 2e-05
8384.0 2e-05
8385.0 2e-05
8386.0 2e-05
8387.0 2e-05
8388.0 2e-05
8389.0 2e-05
8390.0 2e-05
8391.0 2e-05
8392.0 2e-05
8393.0 2e-05
8394.0 2e-05
8395.0 2e-05
8396.0 2e-05
8397.0 2e-05
8398.0 2e-05
8399.0 2e-05
8400.0 2e-05
8401.0 2e-05
8402.0 2e-05
8403.0 2e-05
8404.0 2e-05
8405.0 2e-05
8406.0 2e-05
8407.0 2e-05
8408.0 2e-05
8409.0 2e-05
8410.0 2e-05
8411.0 2e-05
8412.0 2e-05
8413.0 3e-05
8414.0 3e-05
8415.0 3e-05
8416.0 3e-05
8417.0 3e-05
8418.0 3e-05
8419.0 3e-05
8420.0 3e-05
8421.0 3e-05
8422.0 3e-05
8423.0 3e-05
8424.0 3e-05
8425.0 3e-05
8426.0 3e-05
8427.0 4e-05
8428.0 4e-05
8429.0 4e-05
8430.0 4e-05
8431.0 4e-05
8432.0 4e-05
8433.0 4e-05
8434.0 4e-05
8435.0 4e-05
8436.0 5e-05
8437.0 5e-05
8438.0 5e-05
8439.0 5e-05
8440.0 5e-05
8441.0 5e-05
8442.0 5e-05
8443.0 5e-05
8444.0 6e-05
8445.0 6e-05
8446.0 6e-05
8447.0 6e-05
8448.0 6e-05
8449.0 6e-05
8450.0 6e-05
8451.0 7e-05
8452.0 7e-05
8453.0 7e-05
8454.0 7e-05
8455.0 7e-05
8456.0 7e-05
8457.0 7e-05
8458.0 7e-05
8459.0 8e-05
8460.0 8e-05
8461.0 8e-05
8462.0 8e-05
8463.0 8e-05
8464.0 8e-05
8465.0 8e-05
8466.0 9e-05
8467.0 9e-05
8468.0 9e-05
8469.0 9e-05
8470.0 9e-05
8471.0 9e-05
8472.0 9e-05
8473.0 0.0001
8474.0 0.0001
8475.0 0.0001
8476.0 0.0001
8477.0 0.0001
8478.0 0.00011
8479.0 0.00011
8480.0 0.00011
8481.0 0.00011
8482.0 0.00012
8483.0 0.00012
8484.0 0.00012
8485.0 0.00013
8486.0 0.00013
8487.0 0.00013
8488.0 0.00014
8489.0 0.00014
8490.0 0.00014
8491.0 0.00015
8492.0 0.00015
8493.0 0.00016
8494.0 0.00016
8495.0 0.00017
8496.0 0.00017
8497.0 0.00018
8498.0 0.00018
8499.0 0.00019
8500.0 0.0002
8501.0 0.0002
8502.0 0.00021
8503.0 0.00022
8504.0 0.00023
8505.0 0.00023
8506.0 0.00024
8507.0 0.00025
8508.0 0.00026
8509.0 0.00027
8510.0 0.00028
8511.0 0.00029
8512.0 0.00031
8513.0 0.00032
8514.0 0.00033
8515.0 0.00034
8516.0 0.00036
8517.0 0.00037
8518.0 0.00039
8519.0 0.0004
8520.0 0.00042
8521.0 0.00044
8522.0 0.00045
8523.0 0.00047
8524.0 0.00049
8525.0 0.00051
8526.0 0.00053
8527.0 0.00055
8528.0 0.00057
8529.0 0.00059
8530.0 0.00061
8531.0 0.00064
8532.0 0.00066
8533.0 0.00069
8534.0 0.00071
8535.0 0.00073
8536.0 0.00076
8537.0 0.00078
8538.0 0.00081
8539.0 0.00084
8540.0 0.00087
8541.0 0.0009
8542.0 0.00093
8543.0 0.00095
8544.0 0.00099
8545.0 0.00102
8546.0 0.00105
8547.0 0.00109
8548.0 0.00112
8549.0 0.00116
8550.0 0.0012
8551.0 0.00123
8552.0 0.00127
8553.0 0.00131
8554.0 0.00136
8555.0 0.0014
8556.0 0.00144
8557.0 0.0015
8558.0 0.00155
8559.0 0.0016
8560.0 0.00166
8561.0 0.00171
8562.0 0.00177
8563.0 0.00184
8564.0 0.00191
8565.0 0.00198
8566.0 0.00205
8567.0 0.00213
8568.0 0.00222
8569.0 0.00231
8570.0 0.0024
8571.0 0.0025
8572.0 0.00261
8573.0 0.00272
8574.0 0.00284
8575.0 0.00297
8576.0 0.0031
8577.0 0.00325
8578.0 0.0034
8579.0 0.00357
8580.0 0.00374
8581.0 0.00393
8582.0 0.00412
8583.0 0.00434
8584.0 0.00456
8585.0 0.00481
8586.0 0.00506
8587.0 0.00535
8588.0 0.00563
8589.0 0.00595
8590.0 0.00627
8591.0 0.00664
8592.0 0.00701
8593.0 0.00742
8594.0 0.00784
8595.0 0.00831
8596.0 0.00878
8597.0 0.00931
8598.0 0.00984
8599.0 0.01043
8600.0 0.01102
8601.0 0.01168
8602.0 0.01234
8603.0 0.01306
8604.0 0.01379
8605.0 0.0146
8606.0 0.01541
8607.0 0.0163
8608.0 0.01718
8609.0 0.01815
8610.0 0.0191
8611.0 0.02012
8612.0 0.02114
8613.0 0.02219
8614.0 0.02328
8615.0 0.0244
8616.0 0.02551
8617.0 0.02665
8618.0 0.02779
8619.0 0.02896
8620.0 0.03012
8621.0 0.03129
8622.0 0.03245
8623.0 0.03362
8624.0 0.03478
8625.0 0.03595
8626.0 0.03711
8627.0 0.03823
8628.0 0.0394
8629.0 0.0405
8630.0 0.04164
8631.0 0.04275
8632.0 0.04383
8633.0 0.04493
8634.0 0.046
8635.0 0.04706
8636.0 0.04812
8637.0 0.04915
8638.0 0.05016
8639.0 0.05116
8640.0 0.05216
8641.0 0.05311
8642.0 0.05406
8643.0 0.05497
8644.0 0.05589
8645.0 0.05675
8646.0 0.05761
8647.0 0.0584
8648.0 0.05921
8649.0 0.05995
8650.0 0.0607
8651.0 0.06137
8652.0 0.06203
8653.0 0.06263
8654.0 0.06321
8655.0 0.06373
8656.0 0.06425
8657.0 0.06468
8658.0 0.06512
8659.0 0.06549
8660.0 0.06586
8661.0 0.06613
8662.0 0.06641
8663.0 0.0666
8664.0 0.06686
8665.0 0.067
8666.0 0.06715
8667.0 0.06725
8668.0 0.06733
8669.0 0.0674
8670.0 0.06746
8671.0 0.06747
8672.0 0.06747
8673.0 0.06744
8674.0 0.06745
8675.0 0.06741
8676.0 0.06737
8677.0 0.06729
8678.0 0.06725
8679.0 0.0672
8680.0 0.06714
8681.0 0.06707
8682.0 0.067
8683.0 0.06694
8684.0 0.06687
8685.0 0.06682
8686.0 0.06677
8687.0 0.06671
8688.0 0.06665
8689.0 0.06661
8690.0 0.06656
8691.0 0.06651
8692.0 0.06647
8693.0 0.06644
8694.0 0.06641
8695.0 0.06639
8696.0 0.06637
8697.0 0.06635
8698.0 0.06634
8699.0 0.06633
8700.0 0.06632
8701.0 0.0663
8702.0 0.06629
8703.0 0.06629
8704.0 0.06628
8705.0 0.06628
8706.0 0.06625
8707.0 0.0662
8708.0 0.06616
8709.0 0.06611
8710.0 0.06605
8711.0 0.06602
8712.0 0.06599
8713.0 0.06594
8714.0 0.06589
8715.0 0.06584
8716.0 0.0658
8717.0 0.06575
8718.0 0.06571
8719.0 0.06565
8720.0 0.0656
8721.0 0.06555
8722.0 0.0655
8723.0 0.06546
8724.0 0.06541
8725.0 0.06537
8726.0 0.06532
8727.0 0.06526
8728.0 0.06521
8729.0 0.06516
8730.0 0.06512
8731.0 0.06507
8732.0 0.06502
8733.0 0.06497
8734.0 0.06491
8735.0 0.06487
8736.0 0.06482
8737.0 0.06477
8738.0 0.0647
8739.0 0.06468
8740.0 0.06463
8741.0 0.06458
8742.0 0.06453
8743.0 0.06448
8744.0 0.06443
8745.0 0.06438
8746.0 0.06434
8747.0 0.06428
8748.0 0.06423
8749.0 0.06418
8750.0 0.06412
8751.0 0.06404
8752.0 0.06403
8753.0 0.06397
8754.0 0.06392
8755.0 0.06386
8756.0 0.0638
8757.0 0.06374
8758.0 0.06369
8759.0 0.06363
8760.0 0.06356
8761.0 0.06348
8762.0 0.06345
8763.0 0.0634
8764.0 0.06333
8765.0 0.06327
8766.0 0.0632
8767.0 0.06313
8768.0 0.06308
8769.0 0.06301
8770.0 0.06293
8771.0 0.06287
8772.0 0.0628
8773.0 0.06273
8774.0 0.06267
8775.0 0.0626
8776.0 0.06253
8777.0 0.06245
8778.0 0.06238
8779.0 0.06231
8780.0 0.06224
8781.0 0.06216
8782.0 0.06208
8783.0 0.062
8784.0 0.06193
8785.0 0.06183
8786.0 0.06176
8787.0 0.06167
8788.0 0.06158
8789.0 0.0615
8790.0 0.06144
8791.0 0.06136
8792.0 0.06127
8793.0 0.06119
8794.0 0.0611
8795.0 0.06098
8796.0 0.06093
8797.0 0.06085
8798.0 0.06077
8799.0 0.0607
8800.0 0.06062
8801.0 0.06055
8802.0 0.06042
8803.0 0.0604
8804.0 0.06034
8805.0 0.06028
8806.0 0.06005
8807.0 0.06008
8808.0 0.05992
8809.0 0.05982
8810.0 0.05969
8811.0 0.05957
8812.0 0.05942
8813.0 0.05934
8814.0 0.05902
8815.0 0.05911
8816.0 0.059
8817.0 0.0589
8818.0 0.0588
8819.0 0.05869
8820.0 0.05859
8821.0 0.05846
8822.0 0.05828
8823.0 0.05821
8824.0 0.05816
8825.0 0.05798
8826.0 0.05791
8827.0 0.05777
8828.0 0.05763
8829.0 0.05746
8830.0 0.05729
8831.0 0.05709
8832.0 0.05689
8833.0 0.05662
8834.0 0.05636
8835.0 0.05613
8836.0 0.05585
8837.0 0.0555
8838.0 0.05496
8839.0 0.05472
8840.0 0.05436
8841.0 0.05384
8842.0 0.0534
8843.0 0.0529
8844.0 0.05236
8845.0 0.05176
8846.0 0.05116
8847.0 0.05049
8848.0 0.04978
8849.0 0.04907
8850.0 0.04835
8851.0 0.04758
8852.0 0.0468
8853.0 0.04594
8854.0 0.04512
8855.0 0.04409
8856.0 0.04338
8857.0 0.04247
8858.0 0.04156
8859.0 0.04062
8860.0 0.03928
8861.0 0.03846
8862.0 0.03782
8863.0 0.03687
8864.0 0.03593
8865.0 0.03498
8866.0 0.03404
8867.0 0.0331
8868.0 0.03215
8869.0 0.03112
8870.0 0.03031
8871.0 0.02937
8872.0 0.02846
8873.0 0.02758
8874.0 0.02669
8875.0 0.02579
8876.0 0.02494
8877.0 0.02408
8878.0 0.02323
8879.0 0.0224
8880.0 0.02154
8881.0 0.02073
8882.0 0.01955
8883.0 0.01917
8884.0 0.01837
8885.0 0.01763
8886.0 0.01689
8887.0 0.01617
8888.0 0.01545
8889.0 0.01476
8890.0 0.01408
8891.0 0.01343
8892.0 0.01279
8893.0 0.01218
8894.0 0.01157
8895.0 0.011
8896.0 0.01042
8897.0 0.00987
8898.0 0.00938
8899.0 0.00884
8900.0 0.00842
8901.0 0.00797
8902.0 0.00753
8903.0 0.00708
8904.0 0.00673
8905.0 0.00637
8906.0 0.00601
8907.0 0.00569
8908.0 0.00538
8909.0 0.0051
8910.0 0.00479
8911.0 0.00457
8912.0 0.00432
8913.0 0.0041
8914.0 0.00387
8915.0 0.00368
8916.0 0.00348
8917.0 0.0033
8918.0 0.00312
8919.0 0.00297
8920.0 0.00276
8921.0 0.00268
8922.0 0.00252
8923.0 0.00241
8924.0 0.00229
8925.0 0.00219
8926.0 0.00208
8927.0 0.00198
8928.0 0.00189
8929.0 0.00179
8930.0 0.00172
8931.0 0.00162
8932.0 0.00154
8933.0 0.00147
8934.0 0.00143
8935.0 0.00137
8936.0 0.0013
8937.0 0.00124
8938.0 0.0012
8939.0 0.00116
8940.0 0.00111
8941.0 0.00107
8942.0 0.00102
8943.0 0.00095
8944.0 0.00094
8945.0 0.00089
8946.0 0.00088
8947.0 0.00084
8948.0 0.00082
8949.0 0.00074
8950.0 0.00076
8951.0 0.0007
8952.0 0.00071
8953.0 0.00068
8954.0 0.00063
8955.0 0.00063
8956.0 0.00062
8957.0 0.0005
8958.0 0.00056
8959.0 0.00056
8960.0 0.00054
8961.0 0.00049
8962.0 0.00051
8963.0 0.00049
8964.0 0.00047
8965.0 0.00035
8966.0 0.0004
8967.0 0.00043
8968.0 0.00031
8969.0 0.00035
8970.0 0.00039
8971.0 0.00038
8972.0 0.00037
8973.0 0.00035
8974.0 0.00026
8975.0 0.00032
8976.0 0.00032
8977.0 0.00027
8978.0 0.0003
8979.0 0.00028
8980.0 0.00028
8981.0 0.00027
8982.0 0.00026
8983.0 0.00018
8984.0 0.00024
8985.0 0.00024
8986.0 0.00023
8987.0 0.00022
8988.0 0.00021
8989.0 0.00015
8990.0 0.00011
8991.0 0.00018
8992.0 0.00017
8993.0 0.00014
8994.0 0.00011
8995.0 0.00016
8996.0 0.00016
8997.0 0.00016
8998.0 0.00015
8999.0 0.00015
9000.0 0.00014
9001.0 0.00013
9002.0 0.00013
9003.0 8e-05
9004.0 0.00012
9005.0 0.00012
9006.0 8e-05
9007.0 0.00011
9008.0 0.00011
9009.0 0.0001
9010.0 8e-05
9011.0 0.0001
9012.0 9e-05
9013.0 9e-05
9014.0 7e-05
9015.0 8e-05
9016.0 8e-05
9017.0 8e-05
9018.0 8e-05
9019.0 5e-05
9020.0 7e-05
9021.0 7e-05
9022.0 7e-05
9023.0 7e-05
9024.0 7e-05
9025.0 4e-05
9026.0 6e-05
9027.0 6e-05
9028.0 5e-05
9029.0 5e-05
9030.0 6e-05
9031.0 5e-05
9032.0 5e-05
9033.0 5e-05
9034.0 5e-05
9035.0 5e-05
9036.0 5e-05
9037.0 5e-05
9038.0 5e-05
9039.0 5e-05
9040.0 4e-05
9041.0 4e-05
9042.0 4e-05
9043.0 4e-05
9044.0 4e-05
9045.0 4e-05
9046.0 4e-05
9047.0 4e-05
9048.0 4e-05
9049.0 4e-05
9050.0 4e-05
9051.0 4e-05
9052.0 4e-05
9053.0 4e-05
9054.0 3e-05
9055.0 3e-05
9056.0 3e-05
9057.0 3e-05
9058.0 3e-05
9059.0 3e-05
9060.0 3e-05
9061.0 3e-05
9062.0 3e-05
9063.0 3e-05
9064.0 3e-05
9065.0 3e-05
9066.0 3e-05
9067.0 3e-05
9068.0 3e-05
9069.0 3e-05
9070.0 3e-05
9071.0 2e-05
9072.0 2e-05
9073.0 2e-05
9074.0 2e-05
9075.0 2e-05
9076.0 2e-05
9077.0 2e-05
9078.0 2e-05
9079.0 2e-05
9080.0 2e-05
9081.0 2e-05
9082.0 2e-05
9083.0 2e-05
9084.0 2e-05
9085.0 2e-05
9086.0 2e-05
9087.0 2e-05
9088.0 2e-05
9089.0 1e-05
9090.0 2e-05
9091.0 2e-05
9092.0 2e-05
9093.0 2e-05
9094.0 2e-05
9095.0 1e-05
9096.0 1e-05
9097.0 1e-05
9098.0 1e-05
9099.0 1e-05
9100.0 1e-05
9101.0 1e-05
9102.0 1e-05
9103.0 1e-05
9104.0 1e-05
9105.0 1e-05
9106.0 1e-05
9107.0 1e-05
9108.0 1e-05
9109.0 1e-05
9110.0 1e-05
9111.0 1e-05
9112.0 1e-05
9113.0 1e-05
9114.0 1e-05
9115.0 1e-05
9116.0 1e-05
9117.0 1e-05
9118.0 1e-05
9119.0 1e-05
9120.0 1e-05
9121.0 1e-05
9122.0 1e-05
9123.0 1e-05
9124.0 1e-05
9125.0 1e-05
9126.0 1e-05
9127.0 1e-05
9128.0 1e-05
9129.0 1e-05
9130.0 1e-05
9131.0 1e-05
9132.0 1e-05
9133.0 0
9134.0 1e-05
9135.0 1e-05
9136.0 1e-05
9137.0 1e-05
9138.0 1e-05
9139.0 0
9140.0 1e-05
9141.0 1e-05
9142.0 1e-05
9143.0 1e-05
9144.0 1e-05
9145.0 1e-05
9146.0 1e-05
9147.0 0
