# 7DT m400 band -- total system transmission.
# Columns: wavelength [Angstrom]   transmission [dimensionless].
# Source: 7DT_transmission_23bands/m400.csv, delivered 2026-08-27 by
#   Eunjae Herr (Im Lab, Seoul National University) for the NGC 1380 program.
#   Source file sha256 e31d9eb4278c9449245ae02013ec44d70c78f33ef0d676689d42ba37eebdb4dd.
# Conversion: wavelength multiplied by 10 (delivered in nanometers on a uniform
#   0.1 nm grid, 300-1000 nm); transmission untouched. Leading and trailing runs
#   of exact zeros trimmed, one zero row kept on each side as an edge anchor.
# Peak transmission is 0.3387, well below 1: detector QE and optics are
#   already folded into these curves. Do not renormalize. For AB synthetic
#   photometry the overall scale cancels in the ratio of the two bandpass
#   integrals, so only the shape matters.
3803.0 0
3804.0 1e-05
3805.0 1e-05
3806.0 1e-05
3807.0 1e-05
3808.0 1e-05
3809.0 1e-05
3810.0 1e-05
3811.0 1e-05
3812.0 1e-05
3813.0 1e-05
3814.0 1e-05
3815.0 1e-05
3816.0 2e-05
3817.0 2e-05
3818.0 2e-05
3819.0 2e-05
3820.0 2e-05
3821.0 3e-05
3822.0 3e-05
3823.0 3e-05
3824.0 3e-05
3825.0 4e-05
3826.0 4e-05
3827.0 5e-05
3828.0 5e-05
3829.0 6e-05
3830.0 6e-05
3831.0 7e-05
3832.0 8e-05
3833.0 9e-05
3834.0 0.0001
3835.0 0.00011
3836.0 0.00012
3837.0 0.00014
3838.0 0.00016
3839.0 0.00018
3840.0 0.0002
3841.0 0.00023
3842.0 0.00025
3843.0 0.00029
3844.0 0.00033
3845.0 0.00037
3846.0 0.00042
3847.0 0.00048
3848.0 0.00055
3849.0 0.00063
3850.0 0.00072
3851.0 0.00084
3852.0 0.00095
3853.0 0.00111
3854.0 0.00127
3855.0 0.00149
3856.0 0.00171
3857.0 0.00202
3858.0 0.00232
3859.0 0.00276
3860.0 0.00319
3861.0 0.0038
3862.0 0.00442
3863.0 0.0053
3864.0 0.00619
3865.0 0.00747
3866.0 0.00876
3867.0 0.01063
3868.0 0.01252
3869.0 0.01528
3870.0 0.01806
3871.0 0.02213
3872.0 0.02623
3873.0 0.03219
3874.0 0.03818
3875.0 0.04672
3876.0 0.0553
3877.0 0.06698
3878.0 0.07872
3879.0 0.09346
3880.0 0.10827
3881.0 0.12472
3882.0 0.14125
3883.0 0.15681
3884.0 0.17245
3885.0 0.18454
3886.0 0.1967
3887.0 0.20438
3888.0 0.2121
3889.0 0.21613
3890.0 0.22018
3891.0 0.22195
3892.0 0.22373
3893.0 0.22435
3894.0 0.22497
3895.0 0.22514
3896.0 0.22529
3897.0 0.22537
3898.0 0.22545
3899.0 0.22553
3900.0 0.22561
3901.0 0.22586
3902.0 0.22612
3903.0 0.22661
3904.0 0.2271
3905.0 0.22788
3906.0 0.22867
3907.0 0.22977
3908.0 0.23081
3909.0 0.232
3910.0 0.2332
3911.0 0.2345
3912.0 0.23579
3913.0 0.23696
3914.0 0.23813
3915.0 0.239
3916.0 0.23988
3917.0 0.24048
3918.0 0.24108
3919.0 0.24143
3920.0 0.24179
3921.0 0.24208
3922.0 0.24238
3923.0 0.24276
3924.0 0.24313
3925.0 0.24371
3926.0 0.24429
3927.0 0.24501
3928.0 0.24572
3929.0 0.24653
3930.0 0.24734
3931.0 0.24804
3932.0 0.24873
3933.0 0.24929
3934.0 0.24984
3935.0 0.2502
3936.0 0.25055
3937.0 0.25082
3938.0 0.25109
3939.0 0.25138
3940.0 0.25168
3941.0 0.25212
3942.0 0.25256
3943.0 0.25323
3944.0 0.25391
3945.0 0.25476
3946.0 0.25561
3947.0 0.25653
3948.0 0.25745
3949.0 0.25828
3950.0 0.25911
3951.0 0.25974
3952.0 0.26036
3953.0 0.26081
3954.0 0.26126
3955.0 0.26153
3956.0 0.26179
3957.0 0.26209
3958.0 0.26239
3959.0 0.26281
3960.0 0.26322
3961.0 0.26385
3962.0 0.26448
3963.0 0.2653
3964.0 0.26611
3965.0 0.26699
3966.0 0.26787
3967.0 0.26873
3968.0 0.26958
3969.0 0.27021
3970.0 0.27086
3971.0 0.27135
3972.0 0.27183
3973.0 0.27217
3974.0 0.27254
3975.0 0.27285
3976.0 0.27327
3977.0 0.27373
3978.0 0.27418
3979.0 0.27479
3980.0 0.27541
3981.0 0.2762
3982.0 0.27702
3983.0 0.27784
3984.0 0.2787
3985.0 0.27952
3986.0 0.28039
3987.0 0.28108
3988.0 0.28176
3989.0 0.28229
3990.0 0.28278
3991.0 0.28321
3992.0 0.2836
3993.0 0.28396
3994.0 0.2844
3995.0 0.28489
3996.0 0.28537
3997.0 0.28597
3998.0 0.28657
3999.0 0.28726
4000.0 0.28794
4001.0 0.28868
4002.0 0.28941
4003.0 0.29005
4004.0 0.29069
4005.0 0.2911
4006.0 0.29148
4007.0 0.29169
4008.0 0.29189
4009.0 0.29201
4010.0 0.29211
4011.0 0.29225
4012.0 0.29239
4013.0 0.29271
4014.0 0.29302
4015.0 0.29354
4016.0 0.29404
4017.0 0.29472
4018.0 0.2954
4019.0 0.29619
4020.0 0.29697
4021.0 0.2977
4022.0 0.29842
4023.0 0.29901
4024.0 0.29959
4025.0 0.2999
4026.0 0.30022
4027.0 0.30035
4028.0 0.30049
4029.0 0.30049
4030.0 0.30049
4031.0 0.30059
4032.0 0.3007
4033.0 0.30097
4034.0 0.30125
4035.0 0.30176
4036.0 0.30228
4037.0 0.30301
4038.0 0.30374
4039.0 0.30458
4040.0 0.30541
4041.0 0.30618
4042.0 0.30695
4043.0 0.30755
4044.0 0.30815
4045.0 0.30853
4046.0 0.30891
4047.0 0.30919
4048.0 0.30947
4049.0 0.30964
4050.0 0.30981
4051.0 0.31012
4052.0 0.31043
4053.0 0.31093
4054.0 0.31142
4055.0 0.31209
4056.0 0.31276
4057.0 0.31362
4058.0 0.31447
4059.0 0.3154
4060.0 0.31634
4061.0 0.31712
4062.0 0.3179
4063.0 0.31854
4064.0 0.31919
4065.0 0.31965
4066.0 0.32013
4067.0 0.32049
4068.0 0.32086
4069.0 0.32118
4070.0 0.3215
4071.0 0.32189
4072.0 0.32227
4073.0 0.32281
4074.0 0.32335
4075.0 0.32401
4076.0 0.32466
4077.0 0.32535
4078.0 0.32604
4079.0 0.32666
4080.0 0.32728
4081.0 0.32767
4082.0 0.32807
4083.0 0.32827
4084.0 0.32848
4085.0 0.32845
4086.0 0.32843
4087.0 0.32833
4088.0 0.32823
4089.0 0.32817
4090.0 0.3281
4091.0 0.32819
4092.0 0.32828
4093.0 0.32861
4094.0 0.32897
4095.0 0.32947
4096.0 0.32998
4097.0 0.33064
4098.0 0.33129
4099.0 0.33199
4100.0 0.33269
4101.0 0.33335
4102.0 0.33401
4103.0 0.33464
4104.0 0.33526
4105.0 0.33589
4106.0 0.33652
4107.0 0.33711
4108.0 0.3377
4109.0 0.33813
4110.0 0.33857
4111.0 0.33865
4112.0 0.33872
4113.0 0.33766
4114.0 0.3366
4115.0 0.33338
4116.0 0.33014
4117.0 0.32359
4118.0 0.31701
4119.0 0.30614
4120.0 0.29523
4121.0 0.27995
4122.0 0.26462
4123.0 0.24602
4124.0 0.22735
4125.0 0.20747
4126.0 0.18753
4127.0 0.16849
4128.0 0.14939
4129.0 0.13267
4130.0 0.1159
4131.0 0.10214
4132.0 0.08834
4133.0 0.07752
4134.0 0.06667
4135.0 0.0584
4136.0 0.05011
4137.0 0.04389
4138.0 0.03765
4139.0 0.03303
4140.0 0.02838
4141.0 0.02495
4142.0 0.0215
4143.0 0.01894
4144.0 0.01638
4145.0 0.01449
4146.0 0.01259
4147.0 0.01119
4148.0 0.00978
4149.0 0.00871
4150.0 0.00764
4151.0 0.00682
4152.0 0.006
4153.0 0.00538
4154.0 0.00475
4155.0 0.00427
4156.0 0.00378
4157.0 0.00341
4158.0 0.00303
4159.0 0.00273
4160.0 0.00244
4161.0 0.0022
4162.0 0.00197
4163.0 0.00179
4164.0 0.0016
4165.0 0.00146
4166.0 0.00131
4167.0 0.00119
4168.0 0.00108
4169.0 0.00098
4170.0 0.00089
4171.0 0.00081
4172.0 0.00074
4173.0 0.00067
4174.0 0.00061
4175.0 0.00056
4176.0 0.00051
4177.0 0.00047
4178.0 0.00043
4179.0 0.0004
4180.0 0.00036
4181.0 0.00033
4182.0 0.0003
4183.0 0.00028
4184.0 0.00026
4185.0 0.00024
4186.0 0.00022
4187.0 0.0002
4188.0 0.00019
4189.0 0.00017
4190.0 0.00016
4191.0 0.00015
4192.0 0.00014
4193.0 0.00013
4194.0 0.00012
4195.0 0.00011
4196.0 0.0001
4197.0 9e-05
4198.0 9e-05
4199.0 8e-05
4200.0 8e-05
4201.0 7e-05
4202.0 7e-05
4203.0 6e-05
4204.0 6e-05
4205.0 5e-05
4206.0 5e-05
4207.0 5e-05
4208.0 5e-05
4209.0 4e-05
4210.0 4e-05
4211.0 4e-05
4212.0 3e-05
4213.0 3e-05
4214.0 3e-05
4215.0 3e-05
4216.0 2e-05
4217.0 2e-05
4218.0 2e-05
4219.0 2e-05
4220.0 2e-05
4221.0 2e-05
4222.0 2e-05
4223.0 2e-05
4224.0 2e-05
4225.0 2e-05
4226.0 2e-05
4227.0 1e-05
4228.0 1e-05
4229.0 1e-05
4230.0 1e-05
4231.0 1e-05
4232.0 1e-05
4233.0 1e-05
4234.0 1e-05
4235.0 1e-05
4236.0 1e-05
4237.0 1e-05
4238.0 1e-05
4239.0 1e-05
4240.0 1e-05
4241.0 1e-05
4242.0 1e-05
4243.0 1e-05
4244.0 0
4245.0 0
4246.0 0
4247.0 0
4248.0 0
4249.0 0
4250.0 0
4251.0 0
4252.0 0
4253.0 0
4254.0 0
4255.0 0
4256.0 0
4257.0 0
4258.0 0
4259.0 0
4260.0 0
4261.0 0
4262.0 0
4263.0 0
4264.0 0
4265.0 0
4266.0 0
4267.0 0
4268.0 0
4269.0 0
4270.0 0
4271.0 0
4272.0 0
4273.0 0
4274.0 0
4275.0 0
4276.0 0
4277.0 0
4278.0 0
4279.0 0
4280.0 0
4281.0 0
4282.0 0
4283.0 0
4284.0 0
4285.0 0
4286.0 0
4287.0 0
4288.0 0
4289.0 0
4290.0 0
4291.0 0
4292.0 0
4293.0 0
4294.0 0
4295.0 0
4296.0 0
4297.0 0
4298.0 0
4299.0 0
4300.0 0
4301.0 0
4302.0 0
4303.0 0
4304.0 0
4305.0 0
4306.0 0
4307.0 0
4308.0 0
4309.0 0
4310.0 0
4311.0 0
4312.0 0
4313.0 0
4314.0 0
4315.0 0
4316.0 0
4317.0 0
4318.0 0
4319.0 0
4320.0 0
4321.0 0
4322.0 0
4323.0 0
4324.0 0
4325.0 0
4326.0 0
4327.0 0
4328.0 0
4329.0 0
4330.0 0
4331.0 0
4332.0 0
4333.0 0
4334.0 0
4335.0 0
4336.0 0
4337.0 0
4338.0 0
4339.0 0
4340.0 0
4341.0 0
4342.0 0
4343.0 0
4344.0 0
4345.0 0
4346.0 0
4347.0 0
4348.0 0
4349.0 0
4350.0 0
4351.0 0
4352.0 0
4353.0 0
4354.0 0
4355.0 0
4356.0 0
4357.0 0
4358.0 0
4359.0 0
4360.0 0
4361.0 0
4362.0 0
4363.0 0
4364.0 0
4365.0 0
4366.0 0
4367.0 0
4368.0 0
4369.0 0
4370.0 0
4371.0 0
4372.0 0
4373.0 0
4374.0 0
4375.0 0
4376.0 0
4377.0 0
4378.0 0
4379.0 0
4380.0 0
4381.0 0
4382.0 0
4383.0 0
4384.0 0
4385.0 0
4386.0 0
4387.0 0
4388.0 0
4389.0 0
4390.0 0
4391.0 0
4392.0 0
4393.0 0
4394.0 0
4395.0 0
4396.0 0
4397.0 0
4398.0 0
4399.0 0
4400.0 0
4401.0 0
4402.0 0
4403.0 0
4404.0 0
4405.0 0
4406.0 0
4407.0 0
4408.0 0
4409.0 0
4410.0 0
4411.0 0
4412.0 0
4413.0 0
4414.0 0
4415.0 0
4416.0 0
4417.0 0
4418.0 0
4419.0 0
4420.0 0
4421.0 0
4422.0 0
4423.0 0
4424.0 0
4425.0 0
4426.0 0
4427.0 0
4428.0 0
4429.0 0
4430.0 0
4431.0 0
4432.0 0
4433.0 0
4434.0 0
4435.0 0
4436.0 0
4437.0 0
4438.0 0
4439.0 0
4440.0 0
4441.0 0
4442.0 0
4443.0 0
4444.0 0
4445.0 0
4446.0 0
4447.0 0
4448.0 0
4449.0 0
4450.0 0
4451.0 0
4452.0 0
4453.0 0
4454.0 0
4455.0 0
4456.0 0
4457.0 0
4458.0 0
4459.0 0
4460.0 0
4461.0 0
4462.0 0
4463.0 0
4464.0 0
4465.0 0
4466.0 0
4467.0 0
4468.0 0
4469.0 0
4470.0 0
4471.0 0
4472.0 0
4473.0 0
4474.0 0
4475.0 0
4476.0 0
4477.0 0
4478.0 0
4479.0 0
4480.0 0
4481.0 0
4482.0 0
4483.0 0
4484.0 0
4485.0 0
4486.0 0
4487.0 0
4488.0 0
4489.0 0
4490.0 0
4491.0 0
4492.0 0
4493.0 0
4494.0 0
4495.0 0
4496.0 0
4497.0 0
4498.0 0
4499.0 0
4500.0 0
4501.0 0
4502.0 0
4503.0 0
4504.0 0
4505.0 0
4506.0 0
4507.0 0
4508.0 0
4509.0 0
4510.0 0
4511.0 0
4512.0 0
4513.0 0
4514.0 0
4515.0 0
4516.0 0
4517.0 0
4518.0 0
4519.0 0
4520.0 0
4521.0 0
4522.0 0
4523.0 0
4524.0 0
4525.0 0
4526.0 0
4527.0 0
4528.0 0
4529.0 0
4530.0 0
4531.0 0
4532.0 0
4533.0 0
4534.0 0
4535.0 0
4536.0 0
4537.0 0
4538.0 0
4539.0 0
4540.0 0
4541.0 0
4542.0 0
4543.0 0
4544.0 0
4545.0 0
4546.0 0
4547.0 0
4548.0 0
4549.0 0
4550.0 0
4551.0 0
4552.0 0
4553.0 0
4554.0 0
4555.0 0
4556.0 0
4557.0 0
4558.0 0
4559.0 0
4560.0 0
4561.0 0
4562.0 0
4563.0 0
4564.0 0
4565.0 0
4566.0 0
4567.0 0
4568.0 0
4569.0 0
4570.0 0
4571.0 0
4572.0 0
4573.0 0
4574.0 0
4575.0 0
4576.0 0
4577.0 0
4578.0 0
4579.0 0
4580.0 0
4581.0 0
4582.0 0
4583.0 0
4584.0 0
4585.0 0
4586.0 0
4587.0 0
4588.0 0
4589.0 0
4590.0 0
4591.0 0
4592.0 0
4593.0 0
4594.0 0
4595.0 0
4596.0 0
4597.0 0
4598.0 0
4599.0 0
4600.0 0
4601.0 0
4602.0 0
4603.0 0
4604.0 0
4605.0 0
4606.0 0
4607.0 0
4608.0 0
4609.0 0
4610.0 0
4611.0 0
4612.0 0
4613.0 0
4614.0 0
4615.0 0
4616.0 0
4617.0 0
4618.0 0
4619.0 0
4620.0 0
4621.0 0
4622.0 0
4623.0 0
4624.0 0
4625.0 0
4626.0 0
4627.0 0
4628.0 0
4629.0 0
4630.0 0
4631.0 0
4632.0 0
4633.0 0
4634.0 0
4635.0 0
4636.0 0
4637.0 0
4638.0 0
4639.0 0
4640.0 0
4641.0 0
4642.0 0
4643.0 0
4644.0 0
4645.0 0
4646.0 0
4647.0 0
4648.0 0
4649.0 0
4650.0 0
4651.0 0
4652.0 0
4653.0 0
4654.0 0
4655.0 0
4656.0 0
4657.0 0
4658.0 0
4659.0 0
4660.0 0
4661.0 0
4662.0 0
4663.0 0
4664.0 0
4665.0 0
4666.0 0
4667.0 0
4668.0 0
4669.0 0
4670.0 0
4671.0 0
4672.0 0
4673.0 0
4674.0 0
4675.0 0
4676.0 0
4677.0 0
4678.0 0
4679.0 0
4680.0 0
4681.0 0
4682.0 0
4683.0 0
4684.0 0
4685.0 0
4686.0 0
4687.0 0
4688.0 0
4689.0 0
4690.0 0
4691.0 0
4692.0 0
4693.0 0
4694.0 0
4695.0 0
4696.0 0
4697.0 0
4698.0 0
4699.0 0
4700.0 0
4701.0 0
4702.0 0
4703.0 0
4704.0 0
4705.0 0
4706.0 0
4707.0 0
4708.0 0
4709.0 0
4710.0 0
4711.0 0
4712.0 0
4713.0 0
4714.0 0
4715.0 0
4716.0 0
4717.0 0
4718.0 0
4719.0 0
4720.0 0
4721.0 0
4722.0 0
4723.0 0
4724.0 0
4725.0 0
4726.0 0
4727.0 0
4728.0 0
4729.0 0
4730.0 0
4731.0 0
4732.0 0
4733.0 0
4734.0 0
4735.0 0
4736.0 0
4737.0 0
4738.0 0
4739.0 0
4740.0 0
4741.0 0
4742.0 0
4743.0 0
4744.0 0
4745.0 0
4746.0 0
4747.0 0
4748.0 0
4749.0 0
4750.0 0
4751.0 0
4752.0 0
4753.0 0
4754.0 0
4755.0 0
4756.0 0
4757.0 0
4758.0 0
4759.0 0
4760.0 0
4761.0 0
4762.0 0
4763.0 0
4764.0 1e-05
4765.0 1e-05
4766.0 1e-05
4767.0 1e-05
4768.0 1e-05
4769.0 1e-05
4770.0 1e-05
4771.0 0
4772.0 0
4773.0 0
4774.0 0
4775.0 0
4776.0 0
4777.0 0
4778.0 0
4779.0 0
4780.0 0
4781.0 0
4782.0 0
4783.0 0
4784.0 0
4785.0 0
4786.0 0
4787.0 0
4788.0 0
4789.0 0
4790.0 0
4791.0 0
4792.0 0
4793.0 0
4794.0 0
4795.0 0
4796.0 0
4797.0 0
4798.0 0
4799.0 0
4800.0 0
4801.0 0
4802.0 0
4803.0 0
4804.0 0
4805.0 0
4806.0 0
4807.0 0
4808.0 0
4809.0 0
4810.0 0
4811.0 0
4812.0 0
4813.0 0
4814.0 0
4815.0 0
4816.0 0
4817.0 0
4818.0 0
4819.0 0
4820.0 0
4821.0 0
4822.0 0
4823.0 0
4824.0 0
4825.0 0
4826.0 0
4827.0 0
4828.0 0
4829.0 0
4830.0 0
4831.0 0
4832.0 0
4833.0 0
4834.0 0
4835.0 0
4836.0 0
4837.0 0
4838.0 0
4839.0 0
4840.0 0
4841.0 0
4842.0 0
4843.0 0
4844.0 0
4845.0 0
4846.0 0
4847.0 0
4848.0 0
4849.0 0
4850.0 0
4851.0 0
4852.0 0
4853.0 0
4854.0 0
4855.0 0
4856.0 1e-05
4857.0 1e-05
4858.0 1e-05
4859.0 1e-05
4860.0 1e-05
4861.0 1e-05
4862.0 1e-05
4863.0 1e-05
4864.0 1e-05
4865.0 1e-05
4866.0 1e-05
4867.0 1e-05
4868.0 1e-05
4869.0 0
4870.0 0
4871.0 0
4872.0 0
4873.0 0
4874.0 0
4875.0 0
4876.0 0
4877.0 0
4878.0 0
4879.0 0
4880.0 0
4881.0 0
4882.0 0
4883.0 0
4884.0 0
4885.0 0
4886.0 0
4887.0 0
4888.0 0
4889.0 0
4890.0 0
4891.0 0
4892.0 0
4893.0 0
4894.0 0
4895.0 0
4896.0 0
4897.0 0
4898.0 0
4899.0 0
4900.0 0
4901.0 0
4902.0 0
4903.0 0
4904.0 0
4905.0 0
4906.0 0
4907.0 0
4908.0 0
4909.0 0
4910.0 0
4911.0 0
4912.0 0
4913.0 0
4914.0 0
4915.0 0
4916.0 0
4917.0 0
4918.0 0
4919.0 0
4920.0 0
4921.0 0
4922.0 0
4923.0 0
4924.0 0
4925.0 0
4926.0 0
4927.0 0
4928.0 0
4929.0 0
4930.0 0
4931.0 0
4932.0 0
4933.0 0
4934.0 0
4935.0 0
4936.0 1e-05
4937.0 1e-05
4938.0 1e-05
4939.0 1e-05
4940.0 1e-05
4941.0 0
4942.0 0
4943.0 0
4944.0 0
4945.0 0
4946.0 0
4947.0 0
4948.0 0
4949.0 0
4950.0 0
4951.0 0
4952.0 0
4953.0 0
4954.0 0
4955.0 0
4956.0 0
4957.0 0
4958.0 0
4959.0 0
4960.0 0
4961.0 0
4962.0 0
4963.0 0
4964.0 0
4965.0 0
4966.0 0
4967.0 0
4968.0 0
4969.0 0
4970.0 0
4971.0 0
4972.0 0
4973.0 0
4974.0 0
4975.0 0
4976.0 0
4977.0 0
4978.0 0
4979.0 0
4980.0 0
4981.0 0
4982.0 0
4983.0 0
4984.0 0
4985.0 0
4986.0 0
4987.0 0
4988.0 0
4989.0 0
4990.0 0
4991.0 0
4992.0 0
4993.0 0
4994.0 0
4995.0 0
4996.0 0
4997.0 0
4998.0 0
4999.0 0
5000.0 0
5001.0 0
5002.0 0
5003.0 0
5004.0 0
5005.0 0
5006.0 0
5007.0 0
5008.0 0
5009.0 0
5010.0 0
5011.0 0
5012.0 0
5013.0 0
5014.0 0
5015.0 0
5016.0 0
5017.0 0
5018.0 0
5019.0 0
5020.0 0
5021.0 0
5022.0 0
5023.0 0
5024.0 0
5025.0 0
5026.0 0
5027.0 0
5028.0 0
5029.0 0
5030.0 0
5031.0 0
5032.0 0
5033.0 0
5034.0 0
5035.0 0
5036.0 0
5037.0 0
5038.0 0
5039.0 0
5040.0 0
5041.0 0
5042.0 0
5043.0 0
5044.0 0
5045.0 0
5046.0 0
5047.0 0
5048.0 0
5049.0 0
5050.0 0
5051.0 0
5052.0 0
5053.0 0
5054.0 0
5055.0 0
5056.0 0
5057.0 0
5058.0 0
5059.0 0
5060.0 0
5061.0 0
5062.0 0
5063.0 0
5064.0 1e-05
5065.0 1e-05
5066.0 1e-05
5067.0 1e-05
5068.0 1e-05
5069.0 1e-05
5070.0 1e-05
5071.0 0
5072.0 0
5073.0 0
5074.0 0
5075.0 0
5076.0 0
5077.0 0
5078.0 0
5079.0 0
5080.0 0
5081.0 0
5082.0 0
5083.0 0
5084.0 0
5085.0 0
5086.0 0
5087.0 0
5088.0 0
5089.0 0
5090.0 0
5091.0 0
5092.0 0
5093.0 0
5094.0 1e-05
5095.0 1e-05
5096.0 1e-05
5097.0 1e-05
5098.0 1e-05
5099.0 1e-05
5100.0 1e-05
5101.0 2e-05
5102.0 2e-05
5103.0 2e-05
5104.0 3e-05
5105.0 2e-05
5106.0 2e-05
5107.0 2e-05
5108.0 1e-05
5109.0 1e-05
5110.0 1e-05
5111.0 1e-05
5112.0 1e-05
5113.0 1e-05
5114.0 1e-05
5115.0 1e-05
5116.0 1e-05
5117.0 1e-05
5118.0 1e-05
5119.0 1e-05
5120.0 1e-05
5121.0 1e-05
5122.0 1e-05
5123.0 1e-05
5124.0 1e-05
5125.0 1e-05
5126.0 1e-05
5127.0 1e-05
5128.0 1e-05
5129.0 1e-05
5130.0 1e-05
5131.0 1e-05
5132.0 1e-05
5133.0 1e-05
5134.0 1e-05
5135.0 1e-05
5136.0 1e-05
5137.0 1e-05
5138.0 1e-05
5139.0 1e-05
5140.0 1e-05
5141.0 1e-05
5142.0 1e-05
5143.0 1e-05
5144.0 1e-05
5145.0 1e-05
5146.0 1e-05
5147.0 0
5148.0 0
5149.0 0
5150.0 0
5151.0 0
5152.0 0
5153.0 0
5154.0 0
5155.0 0
5156.0 0
5157.0 0
5158.0 0
5159.0 0
5160.0 0
5161.0 0
5162.0 0
5163.0 0
5164.0 0
5165.0 0
5166.0 0
5167.0 0
5168.0 0
5169.0 0
5170.0 1e-05
5171.0 1e-05
5172.0 1e-05
5173.0 1e-05
5174.0 1e-05
5175.0 1e-05
5176.0 1e-05
5177.0 1e-05
5178.0 1e-05
5179.0 1e-05
5180.0 1e-05
5181.0 2e-05
5182.0 2e-05
5183.0 2e-05
5184.0 1e-05
5185.0 1e-05
5186.0 1e-05
5187.0 1e-05
5188.0 1e-05
5189.0 1e-05
5190.0 1e-05
5191.0 1e-05
5192.0 1e-05
5193.0 1e-05
5194.0 1e-05
5195.0 1e-05
5196.0 1e-05
5197.0 1e-05
5198.0 1e-05
5199.0 1e-05
5200.0 1e-05
5201.0 1e-05
5202.0 1e-05
5203.0 1e-05
5204.0 1e-05
5205.0 1e-05
5206.0 1e-05
5207.0 1e-05
5208.0 1e-05
5209.0 1e-05
5210.0 1e-05
5211.0 1e-05
5212.0 1e-05
5213.0 1e-05
5214.0 1e-05
5215.0 1e-05
5216.0 1e-05
5217.0 1e-05
5218.0 1e-05
5219.0 2e-05
5220.0 2e-05
5221.0 2e-05
5222.0 3e-05
5223.0 2e-05
5224.0 2e-05
5225.0 2e-05
5226.0 2e-05
5227.0 2e-05
5228.0 1e-05
5229.0 1e-05
5230.0 1e-05
5231.0 1e-05
5232.0 1e-05
5233.0 1e-05
5234.0 1e-05
5235.0 1e-05
5236.0 1e-05
5237.0 1e-05
5238.0 1e-05
5239.0 0
5240.0 0
5241.0 0
5242.0 0
5243.0 0
5244.0 0
5245.0 0
5246.0 0
5247.0 0
5248.0 0
5249.0 0
5250.0 0
5251.0 0
5252.0 0
5253.0 0
5254.0 1e-05
5255.0 1e-05
5256.0 1e-05
5257.0 1e-05
5258.0 1e-05
5259.0 1e-05
5260.0 1e-05
5261.0 1e-05
5262.0 1e-05
5263.0 1e-05
5264.0 1e-05
5265.0 1e-05
5266.0 1e-05
5267.0 1e-05
5268.0 1e-05
5269.0 1e-05
5270.0 1e-05
5271.0 1e-05
5272.0 1e-05
5273.0 1e-05
5274.0 1e-05
5275.0 1e-05
5276.0 1e-05
5277.0 1e-05
5278.0 1e-05
5279.0 1e-05
5280.0 1e-05
5281.0 1e-05
5282.0 1e-05
5283.0 1e-05
5284.0 1e-05
5285.0 1e-05
5286.0 1e-05
5287.0 1e-05
5288.0 1e-05
5289.0 1e-05
5290.0 1e-05
5291.0 1e-05
5292.0 1e-05
5293.0 1e-05
5294.0 1e-05
5295.0 1e-05
5296.0 1e-05
5297.0 1e-05
5298.0 1e-05
5299.0 1e-05
5300.0 1e-05
5301.0 1e-05
5302.0 1e-05
5303.0 2e-05
5304.0 2e-05
5305.0 3e-05
5306.0 4e-05
5307.0 5e-05
5308.0 6e-05
5309.0 6e-05
5310.0 6e-05
5311.0 4e-05
5312.0 3e-05
5313.0 3e-05
5314.0 2e-05
5315.0 2e-05
5316.0 1e-05
5317.0 1e-05
5318.0 1e-05
5319.0 1e-05
5320.0 1e-05
5321.0 1e-05
5322.0 1e-05
5323.0 1e-05
5324.0 1e-05
5325.0 1e-05
5326.0 1e-05
5327.0 1e-05
5328.0 1e-05
5329.0 1e-05
5330.0 1e-05
5331.0 1e-05
5332.0 1e-05
5333.0 1e-05
5334.0 1e-05
5335.0 1e-05
5336.0 1e-05
5337.0 1e-05
5338.0 1e-05
5339.0 2e-05
5340.0 2e-05
5341.0 3e-05
5342.0 3e-05
5343.0 4e-05
5344.0 5e-05
5345.0 4e-05
5346.0 3e-05
5347.0 3e-05
5348.0 2e-05
5349.0 1e-05
5350.0 1e-05
5351.0 1e-05
5352.0 1e-05
5353.0 1e-05
5354.0 1e-05
5355.0 0
5356.0 0
5357.0 0
5358.0 0
5359.0 0
5360.0 0
5361.0 0
5362.0 0
5363.0 0
5364.0 0
5365.0 0
5366.0 0
5367.0 0
5368.0 0
5369.0 0
5370.0 0
5371.0 0
5372.0 0
5373.0 0
5374.0 0
5375.0 0
5376.0 0
5377.0 0
5378.0 0
5379.0 0
5380.0 0
5381.0 0
5382.0 0
5383.0 0
5384.0 0
5385.0 0
5386.0 0
5387.0 0
5388.0 1e-05
5389.0 1e-05
5390.0 1e-05
5391.0 1e-05
5392.0 1e-05
5393.0 2e-05
5394.0 2e-05
5395.0 3e-05
5396.0 3e-05
5397.0 3e-05
5398.0 3e-05
5399.0 2e-05
5400.0 1e-05
5401.0 1e-05
5402.0 1e-05
5403.0 1e-05
5404.0 1e-05
5405.0 1e-05
5406.0 1e-05
5407.0 0
5408.0 0
5409.0 0
5410.0 0
5411.0 0
5412.0 0
5413.0 0
5414.0 0
5415.0 0
5416.0 0
5417.0 0
5418.0 0
5419.0 0
5420.0 0
5421.0 0
5422.0 0
5423.0 0
5424.0 0
5425.0 0
5426.0 1e-05
5427.0 1e-05
5428.0 1e-05
5429.0 1e-05
5430.0 1e-05
5431.0 1e-05
5432.0 1e-05
5433.0 2e-05
5434.0 3e-05
5435.0 4e-05
5436.0 5e-05
5437.0 4e-05
5438.0 4e-05
5439.0 3e-05
5440.0 2e-05
5441.0 2e-05
5442.0 1e-05
5443.0 1e-05
5444.0 1e-05
5445.0 1e-05
5446.0 1e-05
5447.0 1e-05
5448.0 1e-05
5449.0 0
5450.0 0
5451.0 0
5452.0 0
5453.0 0
5454.0 0
5455.0 0
5456.0 0
5457.0 0
5458.0 0
5459.0 0
5460.0 0
5461.0 0
5462.0 0
5463.0 0
5464.0 0
5465.0 0
5466.0 1e-05
5467.0 1e-05
5468.0 1e-05
5469.0 1e-05
5470.0 1e-05
5471.0 1e-05
5472.0 1e-05
5473.0 1e-05
5474.0 2e-05
5475.0 3e-05
5476.0 4e-05
5477.0 7e-05
5478.0 0.0001
5479.0 9e-05
5480.0 7e-05
5481.0 5e-05
5482.0 3e-05
5483.0 2e-05
5484.0 1e-05
5485.0 1e-05
5486.0 1e-05
5487.0 1e-05
5488.0 1e-05
5489.0 1e-05
5490.0 1e-05
5491.0 1e-05
5492.0 1e-05
5493.0 1e-05
5494.0 1e-05
5495.0 0
5496.0 0
5497.0 0
5498.0 0
5499.0 0
5500.0 0
5501.0 0
5502.0 1e-05
5503.0 1e-05
5504.0 1e-05
5505.0 1e-05
5506.0 1e-05
5507.0 1e-05
5508.0 1e-05
5509.0 1e-05
5510.0 1e-05
5511.0 1e-05
5512.0 1e-05
5513.0 2e-05
5514.0 2e-05
5515.0 4e-05
5516.0 6e-05
5517.0 8e-05
5518.0 0.0001
5519.0 8e-05
5520.0 6e-05
5521.0 5e-05
5522.0 3e-05
5523.0 2e-05
5524.0 2e-05
5525.0 2e-05
5526.0 1e-05
5527.0 1e-05
5528.0 1e-05
5529.0 1e-05
5530.0 1e-05
5531.0 1e-05
5532.0 1e-05
5533.0 1e-05
5534.0 1e-05
5535.0 1e-05
5536.0 1e-05
5537.0 1e-05
5538.0 1e-05
5539.0 1e-05
5540.0 1e-05
5541.0 2e-05
5542.0 2e-05
5543.0 2e-05
5544.0 2e-05
5545.0 2e-05
5546.0 2e-05
5547.0 2e-05
5548.0 1e-05
5549.0 1e-05
5550.0 1e-05
5551.0 1e-05
5552.0 1e-05
5553.0 0
5554.0 0
5555.0 0
5556.0 0
5557.0 0
5558.0 0
5559.0 0
5560.0 0
5561.0 0
5562.0 0
5563.0 0
5564.0 0
5565.0 0
5566.0 0
5567.0 0
5568.0 0
5569.0 0
5570.0 0
5571.0 0
5572.0 0
5573.0 0
5574.0 0
5575.0 0
5576.0 0
5577.0 0
5578.0 0
5579.0 0
5580.0 0
5581.0 0
5582.0 0
5583.0 0
5584.0 0
5585.0 0
5586.0 0
5587.0 0
5588.0 0
5589.0 0
5590.0 1e-05
5591.0 2e-05
5592.0 2e-05
5593.0 3e-05
5594.0 4e-05
5595.0 2e-05
5596.0 1e-05
5597.0 0
5598.0 0
5599.0 0
5600.0 0
5601.0 0
5602.0 0
5603.0 0
5604.0 0
5605.0 0
5606.0 0
5607.0 0
5608.0 0
5609.0 0
5610.0 0
5611.0 0
5612.0 0
5613.0 0
5614.0 0
5615.0 0
5616.0 0
5617.0 0
5618.0 0
5619.0 0
5620.0 0
5621.0 0
5622.0 0
5623.0 0
5624.0 0
5625.0 0
5626.0 0
5627.0 0
5628.0 0
5629.0 0
5630.0 0
5631.0 0
5632.0 0
5633.0 0
5634.0 0
5635.0 0
5636.0 0
5637.0 0
5638.0 0
5639.0 0
5640.0 0
5641.0 0
5642.0 0
5643.0 0
5644.0 0
5645.0 0
5646.0 0
5647.0 0
5648.0 0
5649.0 0
5650.0 0
5651.0 0
5652.0 0
5653.0 0
5654.0 0
5655.0 0
5656.0 0
5657.0 0
5658.0 0
5659.0 1e-05
5660.0 2e-05
5661.0 2e-05
5662.0 1e-05
5663.0 1e-05
5664.0 0
5665.0 0
5666.0 0
5667.0 0
5668.0 0
5669.0 0
5670.0 0
5671.0 0
5672.0 0
5673.0 0
5674.0 0
5675.0 0
5676.0 0
5677.0 0
5678.0 0
5679.0 0
5680.0 0
5681.0 0
5682.0 0
5683.0 0
5684.0 0
5685.0 0
5686.0 0
5687.0 0
5688.0 0
5689.0 0
5690.0 0
5691.0 0
5692.0 1e-05
5693.0 3e-05
5694.0 5e-05
5695.0 2e-05
5696.0 0
5697.0 0
5698.0 0
5699.0 0
5700.0 0
5701.0 0
5702.0 0
5703.0 0
5704.0 0
5705.0 0
5706.0 0
5707.0 0
5708.0 0
5709.0 0
5710.0 0
5711.0 0
5712.0 0
5713.0 0
5714.0 0
5715.0 0
5716.0 0
5717.0 0
5718.0 0
5719.0 0
5720.0 0
5721.0 0
5722.0 0
5723.0 0
5724.0 0
5725.0 0
5726.0 0
5727.0 0
5728.0 0
5729.0 0
5730.0 0
5731.0 0
5732.0 0
5733.0 0
5734.0 0
5735.0 0
5736.0 0
5737.0 0
5738.0 0
5739.0 0
5740.0 0
5741.0 0
5742.0 0
5743.0 0
5744.0 0
5745.0 0
5746.0 0
5747.0 0
5748.0 0
5749.0 0
5750.0 0
5751.0 0
5752.0 0
5753.0 0
5754.0 0
5755.0 0
5756.0 0
5757.0 0
5758.0 0
5759.0 0
5760.0 0
5761.0 0
5762.0 0
5763.0 0
5764.0 0
5765.0 0
5766.0 0
5767.0 0
5768.0 0
5769.0 0
5770.0 0
5771.0 0
5772.0 0
5773.0 0
5774.0 0
5775.0 0
5776.0 0
5777.0 0
5778.0 1e-05
5779.0 2e-05
5780.0 3e-05
5781.0 1e-05
5782.0 0
5783.0 0
5784.0 0
5785.0 0
5786.0 0
5787.0 0
5788.0 0
5789.0 0
5790.0 0
5791.0 0
5792.0 0
5793.0 0
5794.0 0
5795.0 0
5796.0 0
5797.0 0
5798.0 0
5799.0 0
5800.0 0
5801.0 0
5802.0 0
5803.0 0
5804.0 0
5805.0 0
5806.0 0
5807.0 0
5808.0 0
5809.0 0
5810.0 0
5811.0 0
5812.0 0
5813.0 0
5814.0 0
5815.0 0
5816.0 0
5817.0 0
5818.0 0
5819.0 0
5820.0 0
5821.0 0
5822.0 0
5823.0 0
5824.0 0
5825.0 0
5826.0 0
5827.0 0
5828.0 0
5829.0 0
5830.0 0
5831.0 0
5832.0 0
5833.0 0
5834.0 0
5835.0 0
5836.0 0
5837.0 0
5838.0 0
5839.0 0
5840.0 0
5841.0 0
5842.0 0
5843.0 0
5844.0 0
5845.0 0
5846.0 0
5847.0 0
5848.0 0
5849.0 0
5850.0 0
5851.0 0
5852.0 0
5853.0 3e-05
5854.0 5e-05
5855.0 3e-05
5856.0 1e-05
5857.0 0
5858.0 0
5859.0 0
5860.0 0
5861.0 0
5862.0 0
5863.0 0
5864.0 0
5865.0 0
5866.0 0
5867.0 0
5868.0 0
5869.0 0
5870.0 0
5871.0 0
5872.0 0
5873.0 0
5874.0 0
5875.0 0
5876.0 0
5877.0 0
5878.0 0
5879.0 0
5880.0 0
5881.0 0
5882.0 0
5883.0 0
5884.0 0
5885.0 0
5886.0 0
5887.0 0
5888.0 0
5889.0 0
5890.0 0
5891.0 0
5892.0 0
5893.0 0
5894.0 0
5895.0 0
5896.0 0
5897.0 0
5898.0 0
5899.0 0
5900.0 0
5901.0 0
5902.0 0
5903.0 0
5904.0 0
5905.0 0
5906.0 0
5907.0 0
5908.0 0
5909.0 0
5910.0 0
5911.0 0
5912.0 0
5913.0 0
5914.0 0
5915.0 0
5916.0 0
5917.0 0
5918.0 0
5919.0 0
5920.0 0
5921.0 0
5922.0 0
5923.0 0
5924.0 0
5925.0 0
5926.0 0
5927.0 0
5928.0 0
5929.0 0
5930.0 0
5931.0 0
5932.0 0
5933.0 0
5934.0 0
5935.0 0
5936.0 0
5937.0 0
5938.0 0
5939.0 0
5940.0 0
5941.0 0
5942.0 0
5943.0 0
5944.0 0
5945.0 0
5946.0 0
5947.0 0
5948.0 0
5949.0 0
5950.0 0
5951.0 0
5952.0 0
5953.0 0
5954.0 0
5955.0 0
5956.0 0
5957.0 0
5958.0 0
5959.0 0
5960.0 0
5961.0 0
5962.0 0
5963.0 1e-05
5964.0 2e-05
5965.0 1e-05
5966.0 0
5967.0 0
5968.0 0
5969.0 0
5970.0 0
5971.0 0
5972.0 0
5973.0 0
5974.0 0
5975.0 0
5976.0 0
5977.0 0
5978.0 0
5979.0 0
5980.0 0
5981.0 0
5982.0 0
5983.0 0
5984.0 0
5985.0 0
5986.0 0
5987.0 0
5988.0 0
5989.0 0
5990.0 0
5991.0 0
5992.0 0
5993.0 0
5994.0 0
5995.0 0
5996.0 0
5997.0 0
5998.0 0
5999.0 0
6000.0 0
6001.0 0
6002.0 0
6003.0 0
6004.0 0
6005.0 0
6006.0 0
6007.0 0
6008.0 0
6009.0 0
6010.0 0
6011.0 0
6012.0 0
6013.0 0
6014.0 0
6015.0 0
6016.0 0
6017.0 0
6018.0 0
6019.0 0
6020.0 0
6021.0 0
6022.0 0
6023.0 0
6024.0 0
6025.0 0
6026.0 0
6027.0 0
6028.0 0
6029.0 0
6030.0 0
6031.0 0
6032.0 0
6033.0 0
6034.0 0
6035.0 0
6036.0 0
6037.0 0
6038.0 0
6039.0 0
6040.0 0
6041.0 0
6042.0 0
6043.0 0
6044.0 0
6045.0 0
6046.0 0
6047.0 0
6048.0 0
6049.0 0
6050.0 0
6051.0 0
6052.0 0
6053.0 0
6054.0 0
6055.0 0
6056.0 0
6057.0 0
6058.0 0
6059.0 0
6060.0 0
6061.0 0
6062.0 0
6063.0 0
6064.0 0
6065.0 0
6066.0 0
6067.0 0
6068.0 0
6069.0 0
6070.0 0
6071.0 0
6072.0 0
6073.0 0
6074.0 0
6075.0 0
6076.0 0
6077.0 0
6078.0 0
6079.0 0
6080.0 0
6081.0 0
6082.0 0
6083.0 0
6084.0 1e-05
6085.0 3e-05
6086.0 5e-05
6087.0 3e-05
6088.0 0
6089.0 0
6090.0 0
6091.0 0
6092.0 0
6093.0 0
6094.0 0
6095.0 0
6096.0 0
6097.0 0
6098.0 0
6099.0 0
6100.0 0
6101.0 0
6102.0 0
6103.0 0
6104.0 0
6105.0 0
6106.0 0
6107.0 0
6108.0 0
6109.0 0
6110.0 0
6111.0 0
6112.0 0
6113.0 0
6114.0 0
6115.0 0
6116.0 0
6117.0 0
6118.0 0
6119.0 0
6120.0 0
6121.0 0
6122.0 0
6123.0 0
6124.0 0
6125.0 0
6126.0 0
6127.0 0
6128.0 0
6129.0 0
6130.0 0
6131.0 0
6132.0 0
6133.0 0
6134.0 0
6135.0 0
6136.0 0
6137.0 0
6138.0 0
6139.0 0
6140.0 0
6141.0 0
6142.0 0
6143.0 0
6144.0 0
6145.0 0
6146.0 0
6147.0 0
6148.0 0
6149.0 0
6150.0 0
6151.0 0
6152.0 0
6153.0 0
6154.0 0
6155.0 0
6156.0 0
6157.0 0
6158.0 0
6159.0 0
6160.0 0
6161.0 0
6162.0 0
6163.0 0
6164.0 0
6165.0 0
6166.0 0
6167.0 0
6168.0 0
6169.0 0
6170.0 0
6171.0 0
6172.0 0
6173.0 0
6174.0 0
6175.0 0
6176.0 0
6177.0 0
6178.0 0
6179.0 1e-05
6180.0 1e-05
6181.0 2e-05
6182.0 3e-05
6183.0 2e-05
6184.0 2e-05
6185.0 1e-05
6186.0 1e-05
6187.0 1e-05
6188.0 0
6189.0 0
6190.0 0
6191.0 0
6192.0 0
6193.0 0
6194.0 0
6195.0 0
6196.0 0
6197.0 0
6198.0 0
6199.0 0
6200.0 0
6201.0 0
6202.0 0
6203.0 0
6204.0 0
6205.0 0
6206.0 0
6207.0 0
6208.0 0
6209.0 0
6210.0 0
6211.0 0
6212.0 0
6213.0 0
6214.0 0
6215.0 0
6216.0 0
6217.0 0
6218.0 0
6219.0 0
6220.0 0
6221.0 0
6222.0 0
6223.0 0
6224.0 0
6225.0 0
6226.0 0
6227.0 0
6228.0 0
6229.0 0
6230.0 0
6231.0 0
6232.0 0
6233.0 0
6234.0 0
6235.0 0
6236.0 0
6237.0 0
6238.0 0
6239.0 0
6240.0 0
6241.0 0
6242.0 0
6243.0 0
6244.0 0
6245.0 0
6246.0 0
6247.0 0
6248.0 0
6249.0 0
6250.0 0
6251.0 0
6252.0 0
6253.0 0
6254.0 0
6255.0 0
6256.0 0
6257.0 0
6258.0 0
6259.0 0
6260.0 0
6261.0 0
6262.0 0
6263.0 0
6264.0 0
6265.0 0
6266.0 0
6267.0 0
6268.0 0
6269.0 0
6270.0 0
6271.0 0
6272.0 0
6273.0 0
6274.0 0
6275.0 0
6276.0 0
6277.0 0
6278.0 0
6279.0 0
6280.0 0
6281.0 0
6282.0 0
6283.0 0
6284.0 0
6285.0 0
6286.0 0
6287.0 0
6288.0 0
6289.0 0
6290.0 0
6291.0 0
6292.0 0
6293.0 0
6294.0 0
6295.0 1e-05
6296.0 1e-05
6297.0 1e-05
6298.0 1e-05
6299.0 1e-05
6300.0 1e-05
6301.0 1e-05
6302.0 1e-05
6303.0 1e-05
6304.0 1e-05
6305.0 1e-05
6306.0 1e-05
6307.0 1e-05
6308.0 0
6309.0 0
6310.0 0
6311.0 0
6312.0 0
6313.0 0
6314.0 0
6315.0 0
6316.0 0
6317.0 0
6318.0 0
6319.0 0
6320.0 0
6321.0 0
6322.0 0
6323.0 0
6324.0 0
6325.0 0
6326.0 0
6327.0 0
6328.0 0
6329.0 0
6330.0 0
6331.0 0
6332.0 0
6333.0 0
6334.0 0
6335.0 0
6336.0 0
6337.0 0
6338.0 0
6339.0 0
6340.0 0
6341.0 0
6342.0 0
6343.0 0
6344.0 0
6345.0 0
6346.0 0
6347.0 0
6348.0 0
6349.0 0
6350.0 0
6351.0 0
6352.0 0
6353.0 0
6354.0 0
6355.0 0
6356.0 0
6357.0 0
6358.0 0
6359.0 0
6360.0 0
6361.0 0
6362.0 0
6363.0 0
6364.0 0
6365.0 0
6366.0 0
6367.0 0
6368.0 0
6369.0 0
6370.0 0
6371.0 0
6372.0 0
6373.0 0
6374.0 0
6375.0 0
6376.0 0
6377.0 0
6378.0 0
6379.0 0
6380.0 0
6381.0 0
6382.0 0
6383.0 1e-05
6384.0 1e-05
6385.0 1e-05
6386.0 1e-05
6387.0 1e-05
6388.0 1e-05
6389.0 1e-05
6390.0 1e-05
6391.0 1e-05
6392.0 1e-05
6393.0 1e-05
6394.0 1e-05
6395.0 1e-05
6396.0 1e-05
6397.0 1e-05
6398.0 1e-05
6399.0 1e-05
6400.0 1e-05
6401.0 2e-05
6402.0 2e-05
6403.0 2e-05
6404.0 2e-05
6405.0 2e-05
6406.0 2e-05
6407.0 2e-05
6408.0 2e-05
6409.0 2e-05
6410.0 2e-05
6411.0 2e-05
6412.0 1e-05
6413.0 1e-05
6414.0 1e-05
6415.0 1e-05
6416.0 1e-05
6417.0 1e-05
6418.0 1e-05
6419.0 1e-05
6420.0 1e-05
6421.0 1e-05
6422.0 1e-05
6423.0 1e-05
6424.0 1e-05
6425.0 1e-05
6426.0 1e-05
6427.0 1e-05
6428.0 0
6429.0 0
6430.0 0
6431.0 0
6432.0 0
6433.0 0
6434.0 0
6435.0 0
6436.0 0
6437.0 0
6438.0 0
6439.0 0
6440.0 0
6441.0 0
6442.0 0
6443.0 0
6444.0 0
6445.0 0
6446.0 0
6447.0 0
6448.0 0
6449.0 0
6450.0 0
6451.0 0
6452.0 0
6453.0 0
6454.0 0
6455.0 0
6456.0 0
6457.0 0
6458.0 0
6459.0 0
6460.0 0
6461.0 0
6462.0 0
6463.0 0
6464.0 0
6465.0 0
6466.0 0
6467.0 0
6468.0 0
6469.0 0
6470.0 0
6471.0 0
6472.0 0
6473.0 0
6474.0 0
6475.0 0
6476.0 0
6477.0 0
6478.0 0
6479.0 0
6480.0 0
6481.0 0
6482.0 0
6483.0 0
6484.0 0
6485.0 0
6486.0 0
6487.0 0
6488.0 0
6489.0 0
6490.0 0
6491.0 0
6492.0 0
6493.0 0
6494.0 0
6495.0 0
6496.0 0
6497.0 0
6498.0 0
6499.0 0
6500.0 0
6501.0 0
6502.0 0
6503.0 0
6504.0 0
6505.0 0
6506.0 0
6507.0 0
6508.0 0
6509.0 0
6510.0 0
6511.0 0
6512.0 0
6513.0 0
6514.0 0
6515.0 0
6516.0 0
6517.0 0
6518.0 0
6519.0 0
6520.0 0
6521.0 0
6522.0 0
6523.0 0
6524.0 0
6525.0 0
6526.0 0
6527.0 0
6528.0 0
6529.0 0
6530.0 0
6531.0 0
6532.0 0
6533.0 0
6534.0 0
6535.0 0
6536.0 0
6537.0 1e-05
6538.0 1e-05
6539.0 1e-05
6540.0 1e-05
6541.0 1e-05
6542.0 1e-05
6543.0 1e-05
6544.0 1e-05
6545.0 1e-05
6546.0 1e-05
6547.0 1e-05
6548.0 1e-05
6549.0 1e-05
6550.0 1e-05
6551.0 1e-05
6552.0 1e-05
6553.0 1e-05
6554.0 0
6555.0 0
6556.0 0
6557.0 0
6558.0 0
6559.0 0
6560.0 0
6561.0 0
6562.0 0
6563.0 0
6564.0 0
6565.0 0
6566.0 0
6567.0 0
6568.0 0
6569.0 0
6570.0 0
6571.0 0
6572.0 0
6573.0 0
6574.0 0
6575.0 0
6576.0 0
6577.0 0
6578.0 0
6579.0 0
6580.0 0
6581.0 0
6582.0 0
6583.0 0
6584.0 0
6585.0 0
6586.0 0
6587.0 0
6588.0 0
6589.0 0
6590.0 0
6591.0 0
6592.0 0
6593.0 0
6594.0 0
6595.0 0
6596.0 0
6597.0 0
6598.0 0
6599.0 0
6600.0 0
6601.0 0
6602.0 0
6603.0 0
6604.0 0
6605.0 0
6606.0 0
6607.0 0
6608.0 0
6609.0 0
6610.0 0
6611.0 0
6612.0 0
6613.0 0
6614.0 0
6615.0 0
6616.0 0
6617.0 0
6618.0 0
6619.0 0
6620.0 0
6621.0 0
6622.0 0
6623.0 0
6624.0 0
6625.0 0
6626.0 0
6627.0 0
6628.0 0
6629.0 0
6630.0 0
6631.0 0
6632.0 0
6633.0 0
6634.0 0
6635.0 0
6636.0 0
6637.0 0
6638.0 0
6639.0 0
6640.0 0
6641.0 0
6642.0 0
6643.0 0
6644.0 0
6645.0 0
6646.0 0
6647.0 0
6648.0 0
6649.0 1e-05
6650.0 1e-05
6651.0 1e-05
6652.0 1e-05
6653.0 1e-05
6654.0 1e-05
6655.0 1e-05
6656.0 1e-05
6657.0 1e-05
6658.0 1e-05
6659.0 1e-05
6660.0 1e-05
6661.0 1e-05
6662.0 1e-05
6663.0 1e-05
6664.0 1e-05
6665.0 1e-05
6666.0 1e-05
6667.0 1e-05
6668.0 1e-05
6669.0 1e-05
6670.0 1e-05
6671.0 1e-05
6672.0 1e-05
6673.0 1e-05
6674.0 1e-05
6675.0 1e-05
6676.0 0
6677.0 0
6678.0 0
6679.0 0
6680.0 0
6681.0 0
6682.0 0
6683.0 0
6684.0 0
6685.0 0
6686.0 0
6687.0 0
6688.0 0
6689.0 0
6690.0 0
6691.0 0
6692.0 0
6693.0 0
6694.0 0
6695.0 0
6696.0 0
6697.0 0
6698.0 0
6699.0 0
6700.0 0
6701.0 0
6702.0 0
6703.0 0
6704.0 0
6705.0 0
6706.0 0
6707.0 0
6708.0 0
6709.0 0
6710.0 0
6711.0 0
6712.0 0
6713.0 0
6714.0 0
6715.0 0
6716.0 0
6717.0 0
6718.0 0
6719.0 0
6720.0 0
6721.0 0
6722.0 0
6723.0 0
6724.0 0
6725.0 0
6726.0 0
6727.0 0
6728.0 0
6729.0 0
6730.0 0
6731.0 0
6732.0 0
6733.0 0
6734.0 0
6735.0 0
6736.0 0
6737.0 0
6738.0 0
6739.0 0
6740.0 0
6741.0 0
6742.0 0
6743.0 0
6744.0 0
6745.0 1e-05
6746.0 1e-05
6747.0 1e-05
6748.0 1e-05
6749.0 1e-05
6750.0 1e-05
6751.0 1e-05
6752.0 1e-05
6753.0 1e-05
6754.0 1e-05
6755.0 1e-05
6756.0 1e-05
6757.0 1e-05
6758.0 1e-05
6759.0 1e-05
6760.0 1e-05
6761.0 1e-05
6762.0 1e-05
6763.0 1e-05
6764.0 1e-05
6765.0 1e-05
6766.0 1e-05
6767.0 1e-05
6768.0 1e-05
6769.0 1e-05
6770.0 1e-05
6771.0 1e-05
6772.0 1e-05
6773.0 1e-05
6774.0 1e-05
6775.0 2e-05
6776.0 2e-05
6777.0 2e-05
6778.0 2e-05
6779.0 2e-05
6780.0 2e-05
6781.0 2e-05
6782.0 3e-05
6783.0 3e-05
6784.0 3e-05
6785.0 3e-05
6786.0 3e-05
6787.0 3e-05
6788.0 3e-05
6789.0 4e-05
6790.0 4e-05
6791.0 4e-05
6792.0 4e-05
6793.0 4e-05
6794.0 4e-05
6795.0 4e-05
6796.0 4e-05
6797.0 5e-05
6798.0 5e-05
6799.0 5e-05
6800.0 5e-05
6801.0 5e-05
6802.0 4e-05
6803.0 4e-05
6804.0 4e-05
6805.0 4e-05
6806.0 4e-05
6807.0 4e-05
6808.0 4e-05
6809.0 3e-05
6810.0 3e-05
6811.0 3e-05
6812.0 3e-05
6813.0 3e-05
6814.0 3e-05
6815.0 3e-05
6816.0 3e-05
6817.0 2e-05
6818.0 2e-05
6819.0 2e-05
6820.0 2e-05
6821.0 2e-05
6822.0 2e-05
6823.0 2e-05
6824.0 2e-05
6825.0 2e-05
6826.0 2e-05
6827.0 2e-05
6828.0 1e-05
6829.0 1e-05
6830.0 1e-05
6831.0 1e-05
6832.0 1e-05
6833.0 1e-05
6834.0 1e-05
6835.0 1e-05
6836.0 1e-05
6837.0 1e-05
6838.0 1e-05
6839.0 1e-05
6840.0 1e-05
6841.0 1e-05
6842.0 1e-05
6843.0 1e-05
6844.0 1e-05
6845.0 1e-05
6846.0 1e-05
6847.0 1e-05
6848.0 1e-05
6849.0 1e-05
6850.0 1e-05
6851.0 1e-05
6852.0 1e-05
6853.0 1e-05
6854.0 1e-05
6855.0 1e-05
6856.0 1e-05
6857.0 1e-05
6858.0 1e-05
6859.0 1e-05
6860.0 1e-05
6861.0 1e-05
6862.0 1e-05
6863.0 1e-05
6864.0 1e-05
6865.0 1e-05
6866.0 1e-05
6867.0 1e-05
6868.0 1e-05
6869.0 1e-05
6870.0 1e-05
6871.0 1e-05
6872.0 1e-05
6873.0 1e-05
6874.0 1e-05
6875.0 1e-05
6876.0 1e-05
6877.0 1e-05
6878.0 1e-05
6879.0 1e-05
6880.0 1e-05
6881.0 1e-05
6882.0 1e-05
6883.0 1e-05
6884.0 1e-05
6885.0 1e-05
6886.0 1e-05
6887.0 1e-05
6888.0 1e-05
6889.0 1e-05
6890.0 1e-05
6891.0 1e-05
6892.0 1e-05
6893.0 1e-05
6894.0 1e-05
6895.0 1e-05
6896.0 1e-05
6897.0 1e-05
6898.0 1e-05
6899.0 1e-05
6900.0 1e-05
6901.0 1e-05
6902.0 1e-05
6903.0 1e-05
6904.0 1e-05
6905.0 1e-05
6906.0 1e-05
6907.0 1e-05
6908.0 1e-05
6909.0 1e-05
6910.0 1e-05
6911.0 1e-05
6912.0 1e-05
6913.0 1e-05
6914.0 1e-05
6915.0 1e-05
6916.0 1e-05
6917.0 1e-05
6918.0 1e-05
6919.0 1e-05
6920.0 1e-05
6921.0 1e-05
6922.0 1e-05
6923.0 1e-05
6924.0 1e-05
6925.0 1e-05
6926.0 1e-05
6927.0 1e-05
6928.0 1e-05
6929.0 1e-05
6930.0 1e-05
6931.0 1e-05
6932.0 1e-05
6933.0 1e-05
6934.0 1e-05
6935.0 1e-05
6936.0 1e-05
6937.0 1e-05
6938.0 1e-05
6939.0 1e-05
6940.0 1e-05
6941.0 1e-05
6942.0 1e-05
6943.0 1e-05
6944.0 1e-05
6945.0 1e-05
6946.0 1e-05
6947.0 1e-05
6948.0 1e-05
6949.0 1e-05
6950.0 1e-05
6951.0 1e-05
6952.0 1e-05
6953.0 1e-05
6954.0 1e-05
6955.0 1e-05
6956.0 1e-05
6957.0 1e-05
6958.0 1e-05
6959.0 1e-05
6960.0 1e-05
6961.0 1e-05
6962.0 1e-05
6963.0 1e-05
6964.0 1e-05
6965.0 1e-05
6966.0 1e-05
6967.0 1e-05
6968.0 1e-05
6969.0 1e-05
6970.0 1e-05
6971.0 1e-05
6972.0 1e-05
6973.0 1e-05
6974.0 1e-05
6975.0 1e-05
6976.0 1e-05
6977.0 1e-05
6978.0 1e-05
6979.0 1e-05
6980.0 1e-05
6981.0 1e-05
6982.0 1e-05
6983.0 1e-05
6984.0 1e-05
6985.0 1e-05
6986.0 1e-05
6987.0 1e-05
6988.0 1e-05
6989.0 1e-05
6990.0 1e-05
6991.0 1e-05
6992.0 1e-05
6993.0 1e-05
6994.0 2e-05
6995.0 2e-05
6996.0 2e-05
6997.0 2e-05
6998.0 2e-05
6999.0 2e-05
7000.0 2e-05
7001.0 2e-05
7002.0 2e-05
7003.0 2e-05
7004.0 2e-05
7005.0 2e-05
7006.0 3e-05
7007.0 3e-05
7008.0 3e-05
7009.0 3e-05
7010.0 3e-05
7011.0 3e-05
7012.0 3e-05
7013.0 4e-05
7014.0 4e-05
7015.0 4e-05
7016.0 4e-05
7017.0 4e-05
7018.0 4e-05
7019.0 4e-05
7020.0 4e-05
7021.0 5e-05
7022.0 5e-05
7023.0 5e-05
7024.0 5e-05
7025.0 5e-05
7026.0 5e-05
7027.0 5e-05
7028.0 5e-05
7029.0 5e-05
7030.0 5e-05
7031.0 5e-05
7032.0 4e-05
7033.0 4e-05
7034.0 4e-05
7035.0 4e-05
7036.0 4e-05
7037.0 4e-05
7038.0 3e-05
7039.0 3e-05
7040.0 3e-05
7041.0 3e-05
7042.0 3e-05
7043.0 3e-05
7044.0 3e-05
7045.0 3e-05
7046.0 2e-05
7047.0 2e-05
7048.0 2e-05
7049.0 2e-05
7050.0 2e-05
7051.0 2e-05
7052.0 2e-05
7053.0 2e-05
7054.0 2e-05
7055.0 2e-05
7056.0 2e-05
7057.0 2e-05
7058.0 2e-05
7059.0 2e-05
7060.0 2e-05
7061.0 1e-05
7062.0 1e-05
7063.0 1e-05
7064.0 1e-05
7065.0 1e-05
7066.0 1e-05
7067.0 1e-05
7068.0 1e-05
7069.0 1e-05
7070.0 1e-05
7071.0 1e-05
7072.0 1e-05
7073.0 1e-05
7074.0 1e-05
7075.0 1e-05
7076.0 1e-05
7077.0 1e-05
7078.0 1e-05
7079.0 1e-05
7080.0 1e-05
7081.0 1e-05
7082.0 1e-05
7083.0 1e-05
7084.0 1e-05
7085.0 1e-05
7086.0 1e-05
7087.0 1e-05
7088.0 1e-05
7089.0 1e-05
7090.0 1e-05
7091.0 1e-05
7092.0 1e-05
7093.0 1e-05
7094.0 1e-05
7095.0 1e-05
7096.0 1e-05
7097.0 1e-05
7098.0 1e-05
7099.0 1e-05
7100.0 1e-05
7101.0 1e-05
7102.0 1e-05
7103.0 1e-05
7104.0 1e-05
7105.0 1e-05
7106.0 1e-05
7107.0 1e-05
7108.0 1e-05
7109.0 1e-05
7110.0 1e-05
7111.0 1e-05
7112.0 1e-05
7113.0 1e-05
7114.0 1e-05
7115.0 1e-05
7116.0 1e-05
7117.0 1e-05
7118.0 1e-05
7119.0 1e-05
7120.0 1e-05
7121.0 1e-05
7122.0 1e-05
7123.0 1e-05
7124.0 1e-05
7125.0 1e-05
7126.0 1e-05
7127.0 1e-05
7128.0 1e-05
7129.0 1e-05
7130.0 1e-05
7131.0 1e-05
7132.0 1e-05
7133.0 1e-05
7134.0 1e-05
7135.0 1e-05
7136.0 1e-05
7137.0 1e-05
7138.0 1e-05
7139.0 1e-05
7140.0 1e-05
7141.0 1e-05
7142.0 1e-05
7143.0 1e-05
7144.0 1e-05
7145.0 1e-05
7146.0 1e-05
7147.0 1e-05
7148.0 1e-05
7149.0 1e-05
7150.0 1e-05
7151.0 1e-05
7152.0 1e-05
7153.0 1e-05
7154.0 1e-05
7155.0 1e-05
7156.0 1e-05
7157.0 1e-05
7158.0 1e-05
7159.0 1e-05
7160.0 1e-05
7161.0 1e-05
7162.0 1e-05
7163.0 1e-05
7164.0 1e-05
7165.0 1e-05
7166.0 1e-05
7167.0 1e-05
7168.0 1e-05
7169.0 1e-05
7170.0 1e-05
7171.0 1e-05
7172.0 1e-05
7173.0 1e-05
7174.0 1e-05
7175.0 1e-05
7176.0 1e-05
7177.0 1e-05
7178.0 1e-05
7179.0 0
7180.0 1e-05
7181.0 1e-05
7182.0 1e-05
7183.0 1e-05
7184.0 1e-05
7185.0 1e-05
7186.0 1e-05
7187.0 1e-05
7188.0 0
7189.0 0
7190.0 1e-05
7191.0 1e-05
7192.0 1e-05
7193.0 1e-05
7194.0 1e-05
7195.0 1e-05
7196.0 0
7197.0 0
7198.0 1e-05
7199.0 1e-05
7200.0 0
7201.0 1e-05
7202.0 1e-05
7203.0 0
7204.0 1e-05
7205.0 1e-05
7206.0 0
7207.0 1e-05
7208.0 1e-05
7209.0 1e-05
7210.0 1e-05
7211.0 0
7212.0 0
7213.0 0
7214.0 0
7215.0 0
7216.0 0
7217.0 0
7218.0 0
7219.0 0
7220.0 0
7221.0 0
7222.0 0
7223.0 0
7224.0 0
7225.0 0
7226.0 0
7227.0 0
7228.0 0
7229.0 0
7230.0 0
7231.0 0
7232.0 0
7233.0 0
7234.0 0
7235.0 0
7236.0 0
7237.0 0
7238.0 0
7239.0 0
7240.0 0
7241.0 0
7242.0 0
7243.0 0
7244.0 0
7245.0 0
7246.0 0
7247.0 0
7248.0 0
7249.0 0
7250.0 0
7251.0 0
7252.0 0
7253.0 0
7254.0 0
7255.0 0
7256.0 0
7257.0 0
7258.0 0
7259.0 0
7260.0 0
7261.0 0
7262.0 0
7263.0 0
7264.0 0
7265.0 0
7266.0 0
7267.0 0
7268.0 0
7269.0 0
7270.0 0
7271.0 0
7272.0 0
7273.0 0
7274.0 0
7275.0 0
7276.0 0
7277.0 0
7278.0 0
7279.0 0
7280.0 0
7281.0 0
7282.0 0
7283.0 0
7284.0 0
7285.0 0
7286.0 0
7287.0 0
7288.0 0
7289.0 0
7290.0 0
7291.0 0
7292.0 0
7293.0 0
7294.0 0
7295.0 0
7296.0 0
7297.0 0
7298.0 0
7299.0 0
7300.0 0
7301.0 0
7302.0 0
7303.0 0
7304.0 0
7305.0 0
7306.0 0
7307.0 0
7308.0 0
7309.0 0
7310.0 0
7311.0 0
7312.0 0
7313.0 0
7314.0 0
7315.0 1e-05
7316.0 1e-05
7317.0 1e-05
7318.0 1e-05
7319.0 1e-05
7320.0 1e-05
7321.0 1e-05
7322.0 1e-05
7323.0 1e-05
7324.0 1e-05
7325.0 1e-05
7326.0 1e-05
7327.0 1e-05
7328.0 1e-05
7329.0 1e-05
7330.0 1e-05
7331.0 1e-05
7332.0 1e-05
7333.0 1e-05
7334.0 1e-05
7335.0 1e-05
7336.0 1e-05
7337.0 1e-05
7338.0 1e-05
7339.0 1e-05
7340.0 1e-05
7341.0 2e-05
7342.0 2e-05
7343.0 2e-05
7344.0 2e-05
7345.0 2e-05
7346.0 2e-05
7347.0 2e-05
7348.0 2e-05
7349.0 2e-05
7350.0 2e-05
7351.0 2e-05
7352.0 2e-05
7353.0 2e-05
7354.0 2e-05
7355.0 2e-05
7356.0 2e-05
7357.0 2e-05
7358.0 2e-05
7359.0 2e-05
7360.0 2e-05
7361.0 2e-05
7362.0 2e-05
7363.0 2e-05
7364.0 2e-05
7365.0 2e-05
7366.0 2e-05
7367.0 2e-05
7368.0 2e-05
7369.0 2e-05
7370.0 2e-05
7371.0 2e-05
7372.0 2e-05
7373.0 2e-05
7374.0 2e-05
7375.0 2e-05
7376.0 2e-05
7377.0 2e-05
7378.0 2e-05
7379.0 2e-05
7380.0 2e-05
7381.0 1e-05
7382.0 1e-05
7383.0 1e-05
7384.0 1e-05
7385.0 1e-05
7386.0 1e-05
7387.0 1e-05
7388.0 1e-05
7389.0 1e-05
7390.0 1e-05
7391.0 1e-05
7392.0 1e-05
7393.0 1e-05
7394.0 1e-05
7395.0 1e-05
7396.0 1e-05
7397.0 1e-05
7398.0 1e-05
7399.0 1e-05
7400.0 1e-05
7401.0 1e-05
7402.0 1e-05
7403.0 1e-05
7404.0 1e-05
7405.0 1e-05
7406.0 1e-05
7407.0 1e-05
7408.0 1e-05
7409.0 1e-05
7410.0 1e-05
7411.0 1e-05
7412.0 1e-05
7413.0 1e-05
7414.0 1e-05
7415.0 1e-05
7416.0 1e-05
7417.0 1e-05
7418.0 1e-05
7419.0 1e-05
7420.0 1e-05
7421.0 1e-05
7422.0 1e-05
7423.0 1e-05
7424.0 1e-05
7425.0 1e-05
7426.0 1e-05
7427.0 1e-05
7428.0 1e-05
7429.0 1e-05
7430.0 1e-05
7431.0 1e-05
7432.0 2e-05
7433.0 2e-05
7434.0 2e-05
7435.0 2e-05
7436.0 2e-05
7437.0 2e-05
7438.0 2e-05
7439.0 2e-05
7440.0 2e-05
7441.0 2e-05
7442.0 2e-05
7443.0 2e-05
7444.0 2e-05
7445.0 2e-05
7446.0 3e-05
7447.0 3e-05
7448.0 3e-05
7449.0 3e-05
7450.0 3e-05
7451.0 3e-05
7452.0 3e-05
7453.0 3e-05
7454.0 3e-05
7455.0 4e-05
7456.0 4e-05
7457.0 4e-05
7458.0 4e-05
7459.0 4e-05
7460.0 4e-05
7461.0 4e-05
7462.0 4e-05
7463.0 4e-05
7464.0 4e-05
7465.0 4e-05
7466.0 4e-05
7467.0 4e-05
7468.0 4e-05
7469.0 3e-05
7470.0 3e-05
7471.0 3e-05
7472.0 3e-05
7473.0 3e-05
7474.0 3e-05
7475.0 3e-05
7476.0 3e-05
7477.0 2e-05
7478.0 2e-05
7479.0 2e-05
7480.0 2e-05
7481.0 2e-05
7482.0 2e-05
7483.0 2e-05
7484.0 2e-05
7485.0 2e-05
7486.0 1e-05
7487.0 1e-05
7488.0 1e-05
7489.0 1e-05
7490.0 1e-05
7491.0 1e-05
7492.0 1e-05
7493.0 1e-05
7494.0 1e-05
7495.0 1e-05
7496.0 1e-05
7497.0 1e-05
7498.0 1e-05
7499.0 1e-05
7500.0 1e-05
7501.0 1e-05
7502.0 1e-05
7503.0 1e-05
7504.0 1e-05
7505.0 1e-05
7506.0 1e-05
7507.0 1e-05
7508.0 1e-05
7509.0 1e-05
7510.0 0
7511.0 0
7512.0 0
7513.0 0
7514.0 0
7515.0 0
7516.0 0
7517.0 0
7518.0 0
7519.0 0
7520.0 0
7521.0 0
7522.0 0
7523.0 0
7524.0 0
7525.0 0
7526.0 0
7527.0 0
7528.0 0
7529.0 0
7530.0 0
7531.0 0
7532.0 0
7533.0 0
7534.0 0
7535.0 0
7536.0 0
7537.0 0
7538.0 0
7539.0 0
7540.0 0
7541.0 0
7542.0 0
7543.0 0
7544.0 0
7545.0 0
7546.0 0
7547.0 0
7548.0 0
7549.0 0
7550.0 0
7551.0 0
7552.0 0
7553.0 0
7554.0 0
7555.0 0
7556.0 0
7557.0 0
7558.0 0
7559.0 0
7560.0 0
7561.0 0
7562.0 0
7563.0 0
7564.0 0
7565.0 0
7566.0 0
7567.0 0
7568.0 0
7569.0 0
7570.0 0
7571.0 0
7572.0 0
7573.0 0
7574.0 0
7575.0 0
7576.0 0
7577.0 0
7578.0 0
7579.0 0
7580.0 0
7581.0 0
7582.0 0
7583.0 0
7584.0 0
7585.0 0
7586.0 0
7587.0 0
7588.0 0
7589.0 0
7590.0 0
7591.0 0
7592.0 0
7593.0 0
7594.0 0
7595.0 0
7596.0 0
7597.0 0
7598.0 0
7599.0 0
7600.0 0
7601.0 0
7602.0 0
7603.0 0
7604.0 0
7605.0 0
7606.0 0
7607.0 0
7608.0 0
7609.0 0
7610.0 0
7611.0 0
7612.0 0
7613.0 0
7614.0 0
7615.0 0
7616.0 0
7617.0 0
7618.0 0
7619.0 0
7620.0 0
7621.0 0
7622.0 0
7623.0 0
7624.0 0
7625.0 0
7626.0 0
7627.0 0
7628.0 0
7629.0 0
7630.0 0
7631.0 0
7632.0 0
7633.0 0
7634.0 0
7635.0 0
7636.0 0
7637.0 0
7638.0 0
7639.0 0
7640.0 0
7641.0 0
7642.0 0
7643.0 0
7644.0 0
7645.0 0
7646.0 0
7647.0 0
7648.0 0
7649.0 0
7650.0 1e-05
7651.0 0
7652.0 0
7653.0 0
7654.0 1e-05
7655.0 1e-05
7656.0 0
7657.0 0
7658.0 0
7659.0 1e-05
7660.0 1e-05
7661.0 0
7662.0 0
7663.0 0
7664.0 1e-05
7665.0 1e-05
7666.0 1e-05
7667.0 0
7668.0 0
7669.0 1e-05
7670.0 1e-05
7671.0 1e-05
7672.0 1e-05
7673.0 0
7674.0 0
7675.0 1e-05
7676.0 1e-05
7677.0 1e-05
7678.0 1e-05
7679.0 0
7680.0 0
7681.0 1e-05
7682.0 1e-05
7683.0 1e-05
7684.0 1e-05
7685.0 0
7686.0 0
7687.0 1e-05
7688.0 1e-05
7689.0 1e-05
7690.0 1e-05
7691.0 0
7692.0 0
7693.0 1e-05
7694.0 1e-05
7695.0 1e-05
7696.0 1e-05
7697.0 1e-05
7698.0 0
7699.0 0
7700.0 1e-05
7701.0 1e-05
7702.0 1e-05
7703.0 1e-05
7704.0 1e-05
7705.0 0
7706.0 0
7707.0 0
7708.0 0
7709.0 0
7710.0 0
7711.0 0
7712.0 0
7713.0 0
7714.0 0
7715.0 0
7716.0 0
7717.0 0
7718.0 0
7719.0 0
7720.0 0
7721.0 0
7722.0 0
7723.0 0
7724.0 0
7725.0 0
7726.0 0
7727.0 0
7728.0 0
7729.0 0
7730.0 0
7731.0 0
7732.0 0
7733.0 0
7734.0 0
7735.0 0
7736.0 0
7737.0 0
7738.0 0
7739.0 0
7740.0 0
7741.0 0
7742.0 0
7743.0 0
7744.0 0
7745.0 0
7746.0 0
7747.0 0
7748.0 0
7749.0 0
7750.0 0
7751.0 0
7752.0 0
7753.0 0
7754.0 0
7755.0 0
7756.0 0
7757.0 0
7758.0 0
7759.0 0
7760.0 0
7761.0 0
7762.0 0
7763.0 0
7764.0 0
7765.0 0
7766.0 0
7767.0 0
7768.0 0
7769.0 0
7770.0 0
7771.0 0
7772.0 0
7773.0 0
7774.0 0
7775.0 0
7776.0 0
7777.0 0
7778.0 0
7779.0 0
7780.0 0
7781.0 0
7782.0 0
7783.0 0
7784.0 0
7785.0 0
7786.0 0
7787.0 0
7788.0 0
7789.0 0
7790.0 0
7791.0 0
7792.0 0
7793.0 0
7794.0 0
7795.0 0
7796.0 0
7797.0 0
7798.0 0
7799.0 0
7800.0 0
7801.0 0
7802.0 0
7803.0 0
7804.0 0
7805.0 0
7806.0 0
7807.0 0
7808.0 0
7809.0 0
7810.0 0
7811.0 0
7812.0 0
7813.0 0
7814.0 0
7815.0 0
7816.0 0
7817.0 0
7818.0 0
7819.0 0
7820.0 0
7821.0 0
7822.0 0
7823.0 0
7824.0 0
7825.0 0
7826.0 0
7827.0 0
7828.0 0
7829.0 0
7830.0 0
7831.0 0
7832.0 0
7833.0 0
7834.0 0
7835.0 0
7836.0 0
7837.0 0
7838.0 0
7839.0 0
7840.0 0
7841.0 0
7842.0 0
7843.0 0
7844.0 0
7845.0 0
7846.0 0
7847.0 0
7848.0 0
7849.0 0
7850.0 0
7851.0 0
7852.0 0
7853.0 0
7854.0 0
7855.0 0
7856.0 0
7857.0 0
7858.0 0
7859.0 0
7860.0 0
7861.0 0
7862.0 0
7863.0 0
7864.0 0
7865.0 0
7866.0 0
7867.0 0
7868.0 0
7869.0 0
7870.0 0
7871.0 0
7872.0 0
7873.0 0
7874.0 0
7875.0 0
7876.0 0
7877.0 0
7878.0 0
7879.0 0
7880.0 0
7881.0 0
7882.0 0
7883.0 0
7884.0 0
7885.0 0
7886.0 0
7887.0 0
7888.0 0
7889.0 0
7890.0 0
7891.0 0
7892.0 0
7893.0 0
7894.0 0
7895.0 0
7896.0 0
7897.0 0
7898.0 0
7899.0 0
7900.0 0
7901.0 0
7902.0 0
7903.0 0
7904.0 0
7905.0 0
7906.0 0
7907.0 0
7908.0 0
7909.0 0
7910.0 0
7911.0 0
7912.0 0
7913.0 0
7914.0 0
7915.0 0
7916.0 0
7917.0 0
7918.0 0
7919.0 0
7920.0 0
7921.0 0
7922.0 0
7923.0 0
7924.0 0
7925.0 0
7926.0 0
7927.0 0
7928.0 0
7929.0 0
7930.0 0
7931.0 0
7932.0 0
7933.0 0
7934.0 0
7935.0 0
7936.0 0
7937.0 0
7938.0 0
7939.0 0
7940.0 0
7941.0 0
7942.0 0
7943.0 0
7944.0 0
7945.0 0
7946.0 0
7947.0 0
7948.0 0
7949.0 0
7950.0 0
7951.0 0
7952.0 0
7953.0 0
7954.0 0
7955.0 0
7956.0 0
7957.0 0
7958.0 0
7959.0 0
7960.0 0
7961.0 0
7962.0 0
7963.0 0
7964.0 0
7965.0 0
7966.0 0
7967.0 0
7968.0 0
7969.0 0
7970.0 0
7971.0 0
7972.0 0
7973.0 0
7974.0 0
7975.0 0
7976.0 0
7977.0 0
7978.0 0
7979.0 0
7980.0 0
7981.0 0
7982.0 0
7983.0 0
7984.0 0
7985.0 0
7986.0 0
7987.0 0
7988.0 0
7989.0 0
7990.0 0
7991.0 0
7992.0 0
7993.0 0
7994.0 0
7995.0 0
7996.0 0
7997.0 0
7998.0 1e-05
7999.0 1e-05
8000.0 1e-05
8001.0 1e-05
8002.0 1e-05
8003.0 1e-05
8004.0 1e-05
8005.0 1e-05
8006.0 1e-05
8007.0 1e-05
8008.0 1e-05
8009.0 1e-05
8010.0 1e-05
8011.0 1e-05
8012.0 1e-05
8013.0 1e-05
8014.0 1e-05
8015.0 1e-05
8016.0 1e-05
8017.0 2e-05
8018.0 2e-05
8019.0 2e-05
8020.0 2e-05
8021.0 2e-05
8022.0 2e-05
8023.0 2e-05
8024.0 2e-05
8025.0 2e-05
8026.0 2e-05
8027.0 2e-05
8028.0 2e-05
8029.0 2e-05
8030.0 2e-05
8031.0 2e-05
8032.0 2e-05
8033.0 2e-05
8034.0 2e-05
8035.0 2e-05
8036.0 2e-05
8037.0 2e-05
8038.0 2e-05
8039.0 2e-05
8040.0 2e-05
8041.0 2e-05
8042.0 1e-05
8043.0 1e-05
8044.0 1e-05
8045.0 1e-05
8046.0 1e-05
8047.0 1e-05
8048.0 1e-05
8049.0 1e-05
8050.0 1e-05
8051.0 1e-05
8052.0 1e-05
8053.0 1e-05
8054.0 1e-05
8055.0 1e-05
8056.0 1e-05
8057.0 1e-05
8058.0 1e-05
8059.0 1e-05
8060.0 1e-05
8061.0 1e-05
8062.0 1e-05
8063.0 1e-05
8064.0 1e-05
8065.0 1e-05
8066.0 1e-05
8067.0 1e-05
8068.0 1e-05
8069.0 1e-05
8070.0 0
8071.0 0
8072.0 0
8073.0 0
8074.0 0
8075.0 0
8076.0 0
8077.0 0
8078.0 0
8079.0 0
8080.0 0
8081.0 0
8082.0 0
8083.0 0
8084.0 0
8085.0 0
8086.0 0
8087.0 0
8088.0 0
8089.0 0
8090.0 0
8091.0 0
8092.0 0
8093.0 0
8094.0 0
8095.0 0
8096.0 0
8097.0 0
8098.0 0
8099.0 0
8100.0 0
8101.0 0
8102.0 0
8103.0 0
8104.0 0
8105.0 0
8106.0 0
8107.0 0
8108.0 0
8109.0 0
8110.0 0
8111.0 0
8112.0 0
8113.0 0
8114.0 0
8115.0 0
8116.0 0
8117.0 0
8118.0 0
8119.0 0
8120.0 0
8121.0 0
8122.0 0
8123.0 0
8124.0 0
8125.0 0
8126.0 0
8127.0 0
8128.0 0
8129.0 0
8130.0 0
8131.0 0
8132.0 0
8133.0 0
8134.0 0
8135.0 0
8136.0 0
8137.0 0
8138.0 0
8139.0 0
8140.0 0
8141.0 0
8142.0 0
8143.0 0
8144.0 0
8145.0 0
8146.0 0
8147.0 0
8148.0 0
8149.0 0
8150.0 0
8151.0 0
8152.0 0
8153.0 0
8154.0 0
8155.0 0
8156.0 0
8157.0 0
8158.0 0
8159.0 0
8160.0 0
8161.0 0
8162.0 0
8163.0 0
8164.0 0
8165.0 0
8166.0 0
8167.0 0
8168.0 0
8169.0 0
8170.0 0
8171.0 0
8172.0 0
8173.0 0
8174.0 0
8175.0 0
8176.0 0
8177.0 0
8178.0 0
8179.0 0
8180.0 0
8181.0 0
8182.0 0
8183.0 0
8184.0 0
8185.0 0
8186.0 0
8187.0 0
8188.0 0
8189.0 0
8190.0 0
8191.0 0
8192.0 0
8193.0 0
8194.0 0
8195.0 0
8196.0 0
8197.0 0
8198.0 0
8199.0 0
8200.0 0
8201.0 0
8202.0 0
8203.0 0
8204.0 0
8205.0 0
8206.0 0
8207.0 0
8208.0 0
8209.0 0
8210.0 0
8211.0 0
8212.0 0
8213.0 0
8214.0 0
8215.0 0
8216.0 0
8217.0 0
8218.0 0
8219.0 0
8220.0 0
8221.0 0
8222.0 0
8223.0 0
8224.0 0
8225.0 0
8226.0 0
8227.0 0
8228.0 0
8229.0 0
8230.0 0
8231.0 0
8232.0 0
8233.0 0
8234.0 0
8235.0 0
8236.0 0
8237.0 0
8238.0 0
8239.0 0
8240.0 0
8241.0 0
8242.0 0
8243.0 0
8244.0 0
8245.0 0
8246.0 0
8247.0 0
8248.0 0
8249.0 0
8250.0 0
8251.0 0
8252.0 0
8253.0 0
8254.0 0
8255.0 0
8256.0 0
8257.0 0
8258.0 0
8259.0 0
8260.0 0
8261.0 0
8262.0 0
8263.0 0
8264.0 0
8265.0 0
8266.0 0
8267.0 0
8268.0 0
8269.0 1e-05
8270.0 1e-05
8271.0 1e-05
8272.0 1e-05
8273.0 1e-05
8274.0 1e-05
8275.0 1e-05
8276.0 1e-05
8277.0 1e-05
8278.0 1e-05
8279.0 1e-05
8280.0 1e-05
8281.0 1e-05
8282.0 1e-05
8283.0 1e-05
8284.0 1e-05
8285.0 1e-05
8286.0 1e-05
8287.0 1e-05
8288.0 1e-05
8289.0 1e-05
8290.0 1e-05
8291.0 1e-05
8292.0 1e-05
8293.0 1e-05
8294.0 1e-05
8295.0 1e-05
8296.0 1e-05
8297.0 1e-05
8298.0 1e-05
8299.0 1e-05
8300.0 1e-05
8301.0 1e-05
8302.0 1e-05
8303.0 1e-05
8304.0 1e-05
8305.0 1e-05
8306.0 1e-05
8307.0 1e-05
8308.0 1e-05
8309.0 1e-05
8310.0 1e-05
8311.0 1e-05
8312.0 1e-05
8313.0 1e-05
8314.0 1e-05
8315.0 1e-05
8316.0 0
8317.0 0
8318.0 0
8319.0 0
8320.0 0
8321.0 0
8322.0 0
8323.0 0
8324.0 0
8325.0 0
8326.0 0
8327.0 0
8328.0 0
8329.0 0
8330.0 0
8331.0 0
8332.0 0
8333.0 0
8334.0 0
8335.0 0
8336.0 0
8337.0 0
8338.0 0
8339.0 0
8340.0 0
8341.0 0
8342.0 0
8343.0 0
8344.0 0
8345.0 0
8346.0 0
8347.0 0
8348.0 0
8349.0 0
8350.0 0
8351.0 0
8352.0 0
8353.0 0
8354.0 0
8355.0 0
8356.0 0
8357.0 0
8358.0 0
8359.0 0
8360.0 0
8361.0 0
8362.0 0
8363.0 0
8364.0 0
8365.0 0
8366.0 0
8367.0 0
8368.0 0
8369.0 0
8370.0 0
8371.0 0
8372.0 0
8373.0 0
8374.0 0
8375.0 0
8376.0 0
8377.0 0
8378.0 0
8379.0 0
8380.0 0
8381.0 0
8382.0 0
8383.0 0
8384.0 0
8385.0 0
8386.0 0
8387.0 0
8388.0 0
8389.0 0
8390.0 0
8391.0 0
8392.0 0
8393.0 0
8394.0 0
8395.0 0
8396.0 0
8397.0 0
8398.0 0
8399.0 0
8400.0 0
8401.0 0
8402.0 0
8403.0 0
8404.0 0
8405.0 0
8406.0 0
8407.0 0
8408.0 0
8409.0 0
8410.0 0
8411.0 0
8412.0 0
8413.0 0
8414.0 0
8415.0 0
8416.0 0
8417.0 0
8418.0 0
8419.0 0
8420.0 0
8421.0 0
8422.0 0
8423.0 0
8424.0 0
8425.0 0
8426.0 0
8427.0 0
8428.0 0
8429.0 0
8430.0 0
8431.0 0
8432.0 0
8433.0 0
8434.0 0
8435.0 0
8436.0 0
8437.0 0
8438.0 0
8439.0 0
8440.0 0
8441.0 0
8442.0 0
8443.0 0
8444.0 0
8445.0 0
8446.0 0
8447.0 0
8448.0 0
8449.0 0
8450.0 0
8451.0 0
8452.0 0
8453.0 0
8454.0 0
8455.0 0
8456.0 0
8457.0 0
8458.0 0
8459.0 0
8460.0 0
8461.0 0
8462.0 0
8463.0 0
8464.0 0
8465.0 0
8466.0 0
8467.0 0
8468.0 0
8469.0 0
8470.0 0
8471.0 0
8472.0 0
8473.0 0
8474.0 0
8475.0 0
8476.0 0
8477.0 0
8478.0 0
8479.0 0
8480.0 0
8481.0 0
8482.0 0
8483.0 0
8484.0 0
8485.0 0
8486.0 0
8487.0 0
8488.0 0
8489.0 0
8490.0 0
8491.0 0
8492.0 0
8493.0 0
8494.0 0
8495.0 0
8496.0 0
8497.0 0
8498.0 0
8499.0 0
8500.0 0
8501.0 0
8502.0 0
8503.0 0
8504.0 0
8505.0 0
8506.0 0
8507.0 0
8508.0 0
8509.0 0
8510.0 0
8511.0 0
8512.0 0
8513.0 0
8514.0 0
8515.0 0
8516.0 0
8517.0 0
8518.0 0
8519.0 0
8520.0 0
8521.0 0
8522.0 0
8523.0 0
8524.0 0
8525.0 0
8526.0 0
8527.0 0
8528.0 0
8529.0 0
8530.0 0
8531.0 0
8532.0 0
8533.0 0
8534.0 0
8535.0 0
8536.0 0
8537.0 0
8538.0 0
8539.0 0
8540.0 0
8541.0 0
8542.0 0
8543.0 0
8544.0 0
8545.0 0
8546.0 0
8547.0 0
8548.0 0
8549.0 0
8550.0 0
8551.0 0
8552.0 0
8553.0 0
8554.0 0
8555.0 0
8556.0 0
8557.0 0
8558.0 0
8559.0 0
8560.0 0
8561.0 0
8562.0 0
8563.0 0
8564.0 0
8565.0 0
8566.0 0
8567.0 0
8568.0 0
8569.0 0
8570.0 0
8571.0 0
8572.0 0
8573.0 0
8574.0 0
8575.0 0
8576.0 0
8577.0 0
8578.0 0
8579.0 0
8580.0 0
8581.0 0
8582.0 0
8583.0 0
8584.0 1e-05
8585.0 0
8586.0 0
8587.0 1e-05
8588.0 1e-05
8589.0 1e-05
8590.0 1e-05
8591.0 1e-05
8592.0 1e-05
8593.0 1e-05
8594.0 1e-05
8595.0 1e-05
8596.0 1e-05
8597.0 1e-05
8598.0 1e-05
8599.0 1e-05
8600.0 1e-05
8601.0 1e-05
8602.0 1e-05
8603.0 1e-05
8604.0 1e-05
8605.0 1e-05
8606.0 1e-05
8607.0 1e-05
8608.0 1e-05
8609.0 1e-05
8610.0 1e-05
8611.0 1e-05
8612.0 1e-05
8613.0 1e-05
8614.0 1e-05
8615.0 1e-05
8616.0 1e-05
8617.0 1e-05
8618.0 1e-05
8619.0 1e-05
8620.0 1e-05
8621.0 1e-05
8622.0 1e-05
8623.0 1e-05
8624.0 1e-05
8625.0 1e-05
8626.0 1e-05
8627.0 1e-05
8628.0 0
8629.0 0
8630.0 0
8631.0 0
8632.0 0
8633.0 0
8634.0 0
8635.0 0
8636.0 0
8637.0 0
8638.0 0
8639.0 0
8640.0 0
8641.0 0
8642.0 0
8643.0 0
8644.0 0
8645.0 0
8646.0 0
8647.0 0
8648.0 0
8649.0 0
8650.0 0
8651.0 0
8652.0 0
8653.0 0
8654.0 0
8655.0 0
8656.0 0
8657.0 0
8658.0 0
8659.0 0
8660.0 0
8661.0 0
8662.0 0
8663.0 0
8664.0 0
8665.0 0
8666.0 0
8667.0 0
8668.0 0
8669.0 0
8670.0 0
8671.0 0
8672.0 0
8673.0 0
8674.0 0
8675.0 0
8676.0 0
8677.0 0
8678.0 0
8679.0 0
8680.0 0
8681.0 0
8682.0 0
8683.0 0
8684.0 0
8685.0 0
8686.0 0
8687.0 0
8688.0 0
8689.0 0
8690.0 0
8691.0 0
8692.0 0
8693.0 0
8694.0 0
8695.0 0
8696.0 0
8697.0 0
8698.0 0
8699.0 0
8700.0 0
8701.0 0
8702.0 0
8703.0 0
8704.0 0
8705.0 0
8706.0 0
8707.0 0
8708.0 0
8709.0 0
8710.0 0
8711.0 0
8712.0 0
8713.0 0
8714.0 0
8715.0 0
8716.0 0
8717.0 0
8718.0 0
8719.0 0
8720.0 0
8721.0 0
8722.0 0
8723.0 0
8724.0 0
8725.0 0
8726.0 0
8727.0 0
8728.0 0
8729.0 0
8730.0 0
8731.0 0
8732.0 0
8733.0 0
8734.0 0
8735.0 0
8736.0 0
8737.0 0
8738.0 0
8739.0 0
8740.0 0
8741.0 0
8742.0 0
8743.0 0
8744.0 0
8745.0 0
8746.0 0
8747.0 0
8748.0 0
8749.0 0
8750.0 0
8751.0 0
8752.0 0
8753.0 0
8754.0 0
8755.0 0
8756.0 0
8757.0 0
8758.0 0
8759.0 0
8760.0 0
8761.0 0
8762.0 0
8763.0 0
8764.0 0
8765.0 0
8766.0 0
8767.0 0
8768.0 0
8769.0 0
8770.0 0
8771.0 0
8772.0 0
8773.0 0
8774.0 0
8775.0 0
8776.0 0
8777.0 0
8778.0 0
8779.0 0
8780.0 0
8781.0 0
8782.0 0
8783.0 0
8784.0 0
8785.0 0
8786.0 0
8787.0 0
8788.0 0
8789.0 0
8790.0 0
8791.0 0
8792.0 0
8793.0 0
8794.0 0
8795.0 0
8796.0 0
8797.0 0
8798.0 0
8799.0 0
8800.0 0
8801.0 0
8802.0 0
8803.0 0
8804.0 0
8805.0 0
8806.0 0
8807.0 0
8808.0 0
8809.0 0
8810.0 0
8811.0 0
8812.0 0
8813.0 0
8814.0 0
8815.0 0
8816.0 0
8817.0 0
8818.0 0
8819.0 0
8820.0 0
8821.0 0
8822.0 0
8823.0 0
8824.0 0
8825.0 0
8826.0 0
8827.0 0
8828.0 0
8829.0 0
8830.0 0
8831.0 0
8832.0 0
8833.0 0
8834.0 0
8835.0 0
8836.0 0
8837.0 0
8838.0 0
8839.0 0
8840.0 0
8841.0 0
8842.0 0
8843.0 0
8844.0 0
8845.0 0
8846.0 0
8847.0 0
8848.0 0
8849.0 0
8850.0 0
8851.0 0
8852.0 0
8853.0 0
8854.0 0
8855.0 0
8856.0 0
8857.0 0
8858.0 0
8859.0 0
8860.0 0
8861.0 0
8862.0 0
8863.0 0
8864.0 0
8865.0 0
8866.0 0
8867.0 0
8868.0 0
8869.0 0
8870.0 0
8871.0 0
8872.0 0
8873.0 0
8874.0 0
8875.0 0
8876.0 0
8877.0 0
8878.0 0
8879.0 0
8880.0 0
8881.0 0
8882.0 0
8883.0 0
8884.0 0
8885.0 0
8886.0 0
8887.0 0
8888.0 0
8889.0 0
8890.0 0
8891.0 0
8892.0 0
8893.0 0
8894.0 0
8895.0 0
8896.0 0
8897.0 0
8898.0 0
8899.0 0
8900.0 0
8901.0 0
8902.0 0
8903.0 0
8904.0 0
8905.0 0
8906.0 0
8907.0 0
8908.0 0
8909.0 0
8910.0 0
8911.0 0
8912.0 0
8913.0 0
8914.0 0
8915.0 0
8916.0 0
8917.0 0
8918.0 0
8919.0 0
8920.0 0
8921.0 0
8922.0 0
8923.0 0
8924.0 0
8925.0 0
8926.0 0
8927.0 0
8928.0 0
8929.0 0
8930.0 0
8931.0 0
8932.0 0
8933.0 0
8934.0 0
8935.0 0
8936.0 0
8937.0 0
8938.0 0
8939.0 0
8940.0 0
8941.0 0
8942.0 0
8943.0 0
8944.0 0
8945.0 0
8946.0 0
8947.0 0
8948.0 0
8949.0 0
8950.0 0
8951.0 0
8952.0 0
8953.0 0
8954.0 0
8955.0 0
8956.0 0
8957.0 0
8958.0 0
8959.0 0
8960.0 0
8961.0 0
8962.0 0
8963.0 0
8964.0 0
8965.0 0
8966.0 0
8967.0 0
8968.0 0
8969.0 0
8970.0 0
8971.0 0
8972.0 0
8973.0 0
8974.0 0
8975.0 0
8976.0 0
8977.0 0
8978.0 0
8979.0 0
8980.0 0
8981.0 0
8982.0 0
8983.0 0
8984.0 0
8985.0 0
8986.0 0
8987.0 0
8988.0 0
8989.0 0
8990.0 0
8991.0 0
8992.0 0
8993.0 0
8994.0 0
8995.0 0
8996.0 0
8997.0 0
8998.0 0
8999.0 0
9000.0 0
9001.0 0
9002.0 0
9003.0 0
9004.0 0
9005.0 0
9006.0 0
9007.0 0
9008.0 0
9009.0 0
9010.0 0
9011.0 0
9012.0 0
9013.0 0
9014.0 0
9015.0 0
9016.0 0
9017.0 0
9018.0 0
9019.0 0
9020.0 0
9021.0 0
9022.0 0
9023.0 0
9024.0 0
9025.0 0
9026.0 0
9027.0 0
9028.0 0
9029.0 0
9030.0 0
9031.0 0
9032.0 0
9033.0 0
9034.0 0
9035.0 0
9036.0 0
9037.0 0
9038.0 0
9039.0 0
9040.0 0
9041.0 0
9042.0 0
9043.0 0
9044.0 0
9045.0 0
9046.0 0
9047.0 0
9048.0 0
9049.0 0
9050.0 0
9051.0 0
9052.0 0
9053.0 0
9054.0 0
9055.0 0
9056.0 0
9057.0 0
9058.0 0
9059.0 0
9060.0 1e-05
9061.0 1e-05
9062.0 1e-05
9063.0 1e-05
9064.0 1e-05
9065.0 1e-05
9066.0 1e-05
9067.0 1e-05
9068.0 1e-05
9069.0 1e-05
9070.0 1e-05
9071.0 1e-05
9072.0 0
9073.0 1e-05
9074.0 0
