# 7DT m500 band -- total system transmission.
# Columns: wavelength [Angstrom]   transmission [dimensionless].
# Source: 7DT_transmission_23bands/m500.csv, delivered 2026-08-27 by
#   Eunjae Herr (Im Lab, Seoul National University) for the NGC 1380 program.
#   Source file sha256 027d4bca30f42ca20ee7298a4082093f5691f4cca22b815c9a3d2e9cc349aad7.
# Conversion: wavelength multiplied by 10 (delivered in nanometers on a uniform
#   0.1 nm grid, 300-1000 nm); transmission untouched. Leading and trailing runs
#   of exact zeros trimmed, one zero row kept on each side as an edge anchor.
# Peak transmission is 0.6558, well below 1: detector QE and optics are
#   already folded into these curves. Do not renormalize. For AB synthetic
#   photometry the overall scale cancels in the ratio of the two bandpass
#   integrals, so only the shape matters.
3977.0 0
3978.0 1e-05
3979.0 1e-05
3980.0 1e-05
3981.0 1e-05
3982.0 1e-05
3983.0 1e-05
3984.0 1e-05
3985.0 2e-05
3986.0 2e-05
3987.0 2e-05
3988.0 2e-05
3989.0 2e-05
3990.0 3e-05
3991.0 3e-05
3992.0 3e-05
3993.0 3e-05
3994.0 3e-05
3995.0 3e-05
3996.0 3e-05
3997.0 4e-05
3998.0 4e-05
3999.0 4e-05
4000.0 4e-05
4001.0 4e-05
4002.0 4e-05
4003.0 5e-05
4004.0 5e-05
4005.0 5e-05
4006.0 5e-05
4007.0 5e-05
4008.0 6e-05
4009.0 6e-05
4010.0 6e-05
4011.0 6e-05
4012.0 6e-05
4013.0 5e-05
4014.0 5e-05
4015.0 5e-05
4016.0 5e-05
4017.0 5e-05
4018.0 4e-05
4019.0 4e-05
4020.0 4e-05
4021.0 4e-05
4022.0 3e-05
4023.0 3e-05
4024.0 3e-05
4025.0 3e-05
4026.0 2e-05
4027.0 2e-05
4028.0 2e-05
4029.0 1e-05
4030.0 1e-05
4031.0 1e-05
4032.0 1e-05
4033.0 1e-05
4034.0 1e-05
4035.0 1e-05
4036.0 1e-05
4037.0 1e-05
4038.0 1e-05
4039.0 1e-05
4040.0 1e-05
4041.0 1e-05
4042.0 1e-05
4043.0 1e-05
4044.0 1e-05
4045.0 1e-05
4046.0 2e-05
4047.0 2e-05
4048.0 2e-05
4049.0 2e-05
4050.0 2e-05
4051.0 2e-05
4052.0 2e-05
4053.0 2e-05
4054.0 2e-05
4055.0 2e-05
4056.0 2e-05
4057.0 1e-05
4058.0 1e-05
4059.0 1e-05
4060.0 1e-05
4061.0 1e-05
4062.0 1e-05
4063.0 1e-05
4064.0 1e-05
4065.0 1e-05
4066.0 1e-05
4067.0 1e-05
4068.0 0
4069.0 0
4070.0 0
4071.0 0
4072.0 0
4073.0 0
4074.0 0
4075.0 1e-05
4076.0 1e-05
4077.0 1e-05
4078.0 1e-05
4079.0 1e-05
4080.0 1e-05
4081.0 1e-05
4082.0 1e-05
4083.0 1e-05
4084.0 1e-05
4085.0 1e-05
4086.0 0
4087.0 0
4088.0 0
4089.0 0
4090.0 0
4091.0 0
4092.0 0
4093.0 0
4094.0 0
4095.0 0
4096.0 0
4097.0 0
4098.0 0
4099.0 0
4100.0 0
4101.0 0
4102.0 0
4103.0 0
4104.0 0
4105.0 0
4106.0 0
4107.0 0
4108.0 0
4109.0 0
4110.0 0
4111.0 0
4112.0 0
4113.0 0
4114.0 0
4115.0 0
4116.0 0
4117.0 0
4118.0 0
4119.0 0
4120.0 0
4121.0 0
4122.0 0
4123.0 0
4124.0 0
4125.0 0
4126.0 0
4127.0 0
4128.0 0
4129.0 0
4130.0 0
4131.0 0
4132.0 0
4133.0 0
4134.0 0
4135.0 0
4136.0 0
4137.0 0
4138.0 0
4139.0 0
4140.0 0
4141.0 0
4142.0 0
4143.0 0
4144.0 0
4145.0 0
4146.0 0
4147.0 0
4148.0 0
4149.0 0
4150.0 0
4151.0 0
4152.0 0
4153.0 0
4154.0 0
4155.0 0
4156.0 0
4157.0 0
4158.0 0
4159.0 0
4160.0 0
4161.0 0
4162.0 0
4163.0 0
4164.0 0
4165.0 0
4166.0 0
4167.0 0
4168.0 0
4169.0 0
4170.0 0
4171.0 0
4172.0 0
4173.0 0
4174.0 0
4175.0 0
4176.0 0
4177.0 0
4178.0 0
4179.0 0
4180.0 0
4181.0 0
4182.0 0
4183.0 0
4184.0 0
4185.0 0
4186.0 0
4187.0 0
4188.0 0
4189.0 0
4190.0 0
4191.0 0
4192.0 0
4193.0 0
4194.0 0
4195.0 0
4196.0 0
4197.0 0
4198.0 0
4199.0 0
4200.0 0
4201.0 0
4202.0 0
4203.0 0
4204.0 0
4205.0 0
4206.0 0
4207.0 0
4208.0 0
4209.0 0
4210.0 0
4211.0 0
4212.0 0
4213.0 0
4214.0 0
4215.0 0
4216.0 0
4217.0 0
4218.0 0
4219.0 0
4220.0 0
4221.0 0
4222.0 0
4223.0 0
4224.0 0
4225.0 0
4226.0 0
4227.0 0
4228.0 0
4229.0 0
4230.0 0
4231.0 0
4232.0 0
4233.0 0
4234.0 0
4235.0 0
4236.0 0
4237.0 0
4238.0 0
4239.0 0
4240.0 0
4241.0 0
4242.0 0
4243.0 0
4244.0 0
4245.0 0
4246.0 0
4247.0 0
4248.0 0
4249.0 0
4250.0 0
4251.0 0
4252.0 0
4253.0 0
4254.0 0
4255.0 0
4256.0 0
4257.0 0
4258.0 0
4259.0 0
4260.0 0
4261.0 0
4262.0 0
4263.0 0
4264.0 0
4265.0 0
4266.0 0
4267.0 0
4268.0 0
4269.0 0
4270.0 0
4271.0 0
4272.0 0
4273.0 0
4274.0 0
4275.0 0
4276.0 0
4277.0 0
4278.0 0
4279.0 0
4280.0 0
4281.0 0
4282.0 0
4283.0 0
4284.0 0
4285.0 0
4286.0 0
4287.0 0
4288.0 0
4289.0 0
4290.0 0
4291.0 0
4292.0 0
4293.0 0
4294.0 0
4295.0 0
4296.0 0
4297.0 0
4298.0 0
4299.0 0
4300.0 0
4301.0 0
4302.0 0
4303.0 0
4304.0 0
4305.0 0
4306.0 0
4307.0 0
4308.0 0
4309.0 0
4310.0 0
4311.0 0
4312.0 0
4313.0 0
4314.0 0
4315.0 0
4316.0 0
4317.0 0
4318.0 0
4319.0 0
4320.0 0
4321.0 0
4322.0 0
4323.0 0
4324.0 0
4325.0 0
4326.0 0
4327.0 0
4328.0 0
4329.0 0
4330.0 0
4331.0 0
4332.0 0
4333.0 0
4334.0 0
4335.0 0
4336.0 0
4337.0 0
4338.0 0
4339.0 0
4340.0 0
4341.0 0
4342.0 0
4343.0 0
4344.0 0
4345.0 0
4346.0 0
4347.0 0
4348.0 0
4349.0 0
4350.0 0
4351.0 0
4352.0 0
4353.0 0
4354.0 0
4355.0 0
4356.0 0
4357.0 0
4358.0 0
4359.0 0
4360.0 0
4361.0 0
4362.0 0
4363.0 0
4364.0 0
4365.0 0
4366.0 0
4367.0 0
4368.0 0
4369.0 0
4370.0 0
4371.0 0
4372.0 0
4373.0 0
4374.0 0
4375.0 0
4376.0 0
4377.0 0
4378.0 0
4379.0 0
4380.0 0
4381.0 0
4382.0 0
4383.0 0
4384.0 0
4385.0 0
4386.0 0
4387.0 0
4388.0 0
4389.0 0
4390.0 0
4391.0 0
4392.0 0
4393.0 0
4394.0 0
4395.0 0
4396.0 0
4397.0 0
4398.0 0
4399.0 0
4400.0 0
4401.0 0
4402.0 0
4403.0 0
4404.0 0
4405.0 0
4406.0 0
4407.0 0
4408.0 0
4409.0 0
4410.0 0
4411.0 0
4412.0 0
4413.0 0
4414.0 0
4415.0 0
4416.0 0
4417.0 0
4418.0 0
4419.0 0
4420.0 0
4421.0 0
4422.0 0
4423.0 0
4424.0 0
4425.0 0
4426.0 0
4427.0 0
4428.0 0
4429.0 0
4430.0 0
4431.0 0
4432.0 0
4433.0 0
4434.0 0
4435.0 0
4436.0 0
4437.0 0
4438.0 0
4439.0 0
4440.0 0
4441.0 0
4442.0 0
4443.0 0
4444.0 0
4445.0 0
4446.0 0
4447.0 0
4448.0 0
4449.0 0
4450.0 0
4451.0 0
4452.0 0
4453.0 0
4454.0 0
4455.0 0
4456.0 0
4457.0 0
4458.0 0
4459.0 0
4460.0 0
4461.0 0
4462.0 0
4463.0 0
4464.0 0
4465.0 0
4466.0 0
4467.0 0
4468.0 0
4469.0 0
4470.0 0
4471.0 0
4472.0 0
4473.0 0
4474.0 0
4475.0 0
4476.0 0
4477.0 0
4478.0 0
4479.0 0
4480.0 0
4481.0 0
4482.0 0
4483.0 0
4484.0 0
4485.0 0
4486.0 0
4487.0 0
4488.0 0
4489.0 0
4490.0 0
4491.0 0
4492.0 0
4493.0 0
4494.0 0
4495.0 0
4496.0 0
4497.0 0
4498.0 0
4499.0 0
4500.0 0
4501.0 0
4502.0 0
4503.0 0
4504.0 0
4505.0 0
4506.0 0
4507.0 0
4508.0 0
4509.0 0
4510.0 0
4511.0 0
4512.0 0
4513.0 0
4514.0 0
4515.0 0
4516.0 0
4517.0 0
4518.0 0
4519.0 0
4520.0 0
4521.0 0
4522.0 0
4523.0 0
4524.0 0
4525.0 0
4526.0 0
4527.0 0
4528.0 0
4529.0 0
4530.0 0
4531.0 0
4532.0 0
4533.0 0
4534.0 0
4535.0 0
4536.0 0
4537.0 0
4538.0 0
4539.0 0
4540.0 0
4541.0 0
4542.0 0
4543.0 0
4544.0 0
4545.0 0
4546.0 0
4547.0 0
4548.0 0
4549.0 0
4550.0 0
4551.0 0
4552.0 0
4553.0 0
4554.0 0
4555.0 0
4556.0 0
4557.0 0
4558.0 0
4559.0 0
4560.0 0
4561.0 0
4562.0 0
4563.0 0
4564.0 0
4565.0 0
4566.0 0
4567.0 0
4568.0 0
4569.0 0
4570.0 0
4571.0 0
4572.0 0
4573.0 0
4574.0 0
4575.0 0
4576.0 0
4577.0 0
4578.0 0
4579.0 1e-05
4580.0 1e-05
4581.0 1e-05
4582.0 1e-05
4583.0 2e-05
4584.0 2e-05
4585.0 3e-05
4586.0 3e-05
4587.0 4e-05
4588.0 4e-05
4589.0 5e-05
4590.0 5e-05
4591.0 5e-05
4592.0 5e-05
4593.0 6e-05
4594.0 6e-05
4595.0 6e-05
4596.0 6e-05
4597.0 6e-05
4598.0 6e-05
4599.0 6e-05
4600.0 6e-05
4601.0 6e-05
4602.0 6e-05
4603.0 6e-05
4604.0 6e-05
4605.0 6e-05
4606.0 6e-05
4607.0 6e-05
4608.0 5e-05
4609.0 5e-05
4610.0 5e-05
4611.0 5e-05
4612.0 6e-05
4613.0 6e-05
4614.0 6e-05
4615.0 6e-05
4616.0 7e-05
4617.0 7e-05
4618.0 7e-05
4619.0 7e-05
4620.0 8e-05
4621.0 8e-05
4622.0 8e-05
4623.0 8e-05
4624.0 8e-05
4625.0 8e-05
4626.0 8e-05
4627.0 8e-05
4628.0 8e-05
4629.0 8e-05
4630.0 8e-05
4631.0 8e-05
4632.0 8e-05
4633.0 8e-05
4634.0 8e-05
4635.0 7e-05
4636.0 7e-05
4637.0 7e-05
4638.0 7e-05
4639.0 7e-05
4640.0 6e-05
4641.0 6e-05
4642.0 6e-05
4643.0 6e-05
4644.0 6e-05
4645.0 6e-05
4646.0 6e-05
4647.0 6e-05
4648.0 6e-05
4649.0 6e-05
4650.0 6e-05
4651.0 7e-05
4652.0 7e-05
4653.0 7e-05
4654.0 7e-05
4655.0 7e-05
4656.0 8e-05
4657.0 8e-05
4658.0 8e-05
4659.0 8e-05
4660.0 8e-05
4661.0 8e-05
4662.0 9e-05
4663.0 9e-05
4664.0 9e-05
4665.0 9e-05
4666.0 9e-05
4667.0 9e-05
4668.0 9e-05
4669.0 9e-05
4670.0 0.0001
4671.0 9e-05
4672.0 9e-05
4673.0 9e-05
4674.0 9e-05
4675.0 9e-05
4676.0 8e-05
4677.0 8e-05
4678.0 8e-05
4679.0 8e-05
4680.0 8e-05
4681.0 8e-05
4682.0 8e-05
4683.0 7e-05
4684.0 7e-05
4685.0 7e-05
4686.0 7e-05
4687.0 7e-05
4688.0 7e-05
4689.0 7e-05
4690.0 7e-05
4691.0 7e-05
4692.0 7e-05
4693.0 7e-05
4694.0 7e-05
4695.0 7e-05
4696.0 7e-05
4697.0 7e-05
4698.0 7e-05
4699.0 7e-05
4700.0 7e-05
4701.0 7e-05
4702.0 7e-05
4703.0 7e-05
4704.0 7e-05
4705.0 7e-05
4706.0 7e-05
4707.0 7e-05
4708.0 7e-05
4709.0 7e-05
4710.0 7e-05
4711.0 7e-05
4712.0 7e-05
4713.0 7e-05
4714.0 6e-05
4715.0 6e-05
4716.0 6e-05
4717.0 6e-05
4718.0 5e-05
4719.0 5e-05
4720.0 5e-05
4721.0 5e-05
4722.0 4e-05
4723.0 4e-05
4724.0 4e-05
4725.0 4e-05
4726.0 4e-05
4727.0 4e-05
4728.0 3e-05
4729.0 3e-05
4730.0 3e-05
4731.0 3e-05
4732.0 3e-05
4733.0 3e-05
4734.0 3e-05
4735.0 2e-05
4736.0 2e-05
4737.0 2e-05
4738.0 2e-05
4739.0 2e-05
4740.0 2e-05
4741.0 2e-05
4742.0 2e-05
4743.0 2e-05
4744.0 2e-05
4745.0 2e-05
4746.0 2e-05
4747.0 2e-05
4748.0 2e-05
4749.0 2e-05
4750.0 2e-05
4751.0 2e-05
4752.0 2e-05
4753.0 2e-05
4754.0 2e-05
4755.0 2e-05
4756.0 2e-05
4757.0 2e-05
4758.0 2e-05
4759.0 2e-05
4760.0 2e-05
4761.0 2e-05
4762.0 2e-05
4763.0 2e-05
4764.0 2e-05
4765.0 2e-05
4766.0 2e-05
4767.0 2e-05
4768.0 2e-05
4769.0 2e-05
4770.0 2e-05
4771.0 2e-05
4772.0 2e-05
4773.0 2e-05
4774.0 2e-05
4775.0 2e-05
4776.0 2e-05
4777.0 2e-05
4778.0 2e-05
4779.0 2e-05
4780.0 2e-05
4781.0 3e-05
4782.0 3e-05
4783.0 3e-05
4784.0 3e-05
4785.0 3e-05
4786.0 3e-05
4787.0 3e-05
4788.0 4e-05
4789.0 4e-05
4790.0 4e-05
4791.0 4e-05
4792.0 4e-05
4793.0 5e-05
4794.0 5e-05
4795.0 5e-05
4796.0 5e-05
4797.0 6e-05
4798.0 6e-05
4799.0 6e-05
4800.0 6e-05
4801.0 7e-05
4802.0 8e-05
4803.0 8e-05
4804.0 9e-05
4805.0 9e-05
4806.0 0.0001
4807.0 0.00011
4808.0 0.00011
4809.0 0.00012
4810.0 0.00013
4811.0 0.00014
4812.0 0.00016
4813.0 0.00018
4814.0 0.0002
4815.0 0.00022
4816.0 0.00023
4817.0 0.00025
4818.0 0.00027
4819.0 0.00029
4820.0 0.00031
4821.0 0.00037
4822.0 0.00043
4823.0 0.00049
4824.0 0.00055
4825.0 0.00062
4826.0 0.00068
4827.0 0.00074
4828.0 0.0008
4829.0 0.00087
4830.0 0.00093
4831.0 0.0012
4832.0 0.00147
4833.0 0.00174
4834.0 0.00201
4835.0 0.00228
4836.0 0.00255
4837.0 0.00282
4838.0 0.00309
4839.0 0.00336
4840.0 0.00363
4841.0 0.00527
4842.0 0.00691
4843.0 0.00855
4844.0 0.0102
4845.0 0.01184
4846.0 0.01349
4847.0 0.01514
4848.0 0.01679
4849.0 0.01844
4850.0 0.02009
4851.0 0.03202
4852.0 0.04397
4853.0 0.05592
4854.0 0.06787
4855.0 0.07984
4856.0 0.09182
4857.0 0.10381
4858.0 0.11579
4859.0 0.1278
4860.0 0.13981
4861.0 0.15686
4862.0 0.17393
4863.0 0.19101
4864.0 0.2081
4865.0 0.22519
4866.0 0.2423
4867.0 0.25941
4868.0 0.27654
4869.0 0.29368
4870.0 0.31083
4871.0 0.31677
4872.0 0.3227
4873.0 0.32865
4874.0 0.33461
4875.0 0.34054
4876.0 0.34653
4877.0 0.3525
4878.0 0.35846
4879.0 0.36435
4880.0 0.37037
4881.0 0.38383
4882.0 0.3973
4883.0 0.41079
4884.0 0.42428
4885.0 0.43764
4886.0 0.45124
4887.0 0.46475
4888.0 0.47827
4889.0 0.4918
4890.0 0.5053
4891.0 0.51652
4892.0 0.52789
4893.0 0.53921
4894.0 0.55056
4895.0 0.56186
4896.0 0.57316
4897.0 0.58456
4898.0 0.5959
4899.0 0.60727
4900.0 0.61861
4901.0 0.62115
4902.0 0.62368
4903.0 0.62621
4904.0 0.62873
4905.0 0.63124
4906.0 0.63378
4907.0 0.63633
4908.0 0.63888
4909.0 0.64138
4910.0 0.64385
4911.0 0.64379
4912.0 0.64375
4913.0 0.64373
4914.0 0.64371
4915.0 0.6437
4916.0 0.64368
4917.0 0.64366
4918.0 0.64364
4919.0 0.64361
4920.0 0.64358
4921.0 0.64387
4922.0 0.64412
4923.0 0.64437
4924.0 0.64465
4925.0 0.64493
4926.0 0.64522
4927.0 0.6455
4928.0 0.64579
4929.0 0.64607
4930.0 0.64635
4931.0 0.64661
4932.0 0.64684
4933.0 0.64707
4934.0 0.64734
4935.0 0.64761
4936.0 0.64788
4937.0 0.64815
4938.0 0.64842
4939.0 0.64868
4940.0 0.64891
4941.0 0.64904
4942.0 0.64921
4943.0 0.64938
4944.0 0.64955
4945.0 0.64972
4946.0 0.64989
4947.0 0.65005
4948.0 0.6502
4949.0 0.65032
4950.0 0.65048
4951.0 0.65066
4952.0 0.65083
4953.0 0.65097
4954.0 0.6511
4955.0 0.65127
4956.0 0.65142
4957.0 0.65155
4958.0 0.6517
4959.0 0.65188
4960.0 0.65205
4961.0 0.65214
4962.0 0.65222
4963.0 0.65229
4964.0 0.65236
4965.0 0.65249
4966.0 0.65258
4967.0 0.65265
4968.0 0.65276
4969.0 0.65288
4970.0 0.65294
4971.0 0.65299
4972.0 0.65306
4973.0 0.65309
4974.0 0.65311
4975.0 0.65313
4976.0 0.65315
4977.0 0.65317
4978.0 0.65323
4979.0 0.6533
4980.0 0.65332
4981.0 0.65336
4982.0 0.6534
4983.0 0.65344
4984.0 0.65348
4985.0 0.65352
4986.0 0.65356
4987.0 0.6536
4988.0 0.65364
4989.0 0.65368
4990.0 0.65372
4991.0 0.65377
4992.0 0.65382
4993.0 0.65387
4994.0 0.65392
4995.0 0.65397
4996.0 0.65402
4997.0 0.65407
4998.0 0.65412
4999.0 0.65415
5000.0 0.65422
5001.0 0.65408
5002.0 0.65402
5003.0 0.65386
5004.0 0.65374
5005.0 0.65364
5006.0 0.65354
5007.0 0.65344
5008.0 0.65334
5009.0 0.65324
5010.0 0.6532
5011.0 0.65317
5012.0 0.65319
5013.0 0.65317
5014.0 0.65309
5015.0 0.6531
5016.0 0.65314
5017.0 0.65311
5018.0 0.653
5019.0 0.65305
5020.0 0.65286
5021.0 0.65272
5022.0 0.65296
5023.0 0.653
5024.0 0.653
5025.0 0.65297
5026.0 0.65254
5027.0 0.65286
5028.0 0.65295
5029.0 0.65293
5030.0 0.65182
5031.0 0.65197
5032.0 0.65286
5033.0 0.65284
5034.0 0.65242
5035.0 0.65267
5036.0 0.64923
5037.0 0.65095
5038.0 0.6523
5039.0 0.65047
5040.0 0.65222
5041.0 0.65103
5042.0 0.6519
5043.0 0.65202
5044.0 0.65238
5045.0 0.65239
5046.0 0.65233
5047.0 0.65223
5048.0 0.65249
5049.0 0.65209
5050.0 0.65193
5051.0 0.65251
5052.0 0.65238
5053.0 0.6528
5054.0 0.65225
5055.0 0.65266
5056.0 0.65315
5057.0 0.65326
5058.0 0.6517
5059.0 0.65029
5060.0 0.65358
5061.0 0.65326
5062.0 0.65395
5063.0 0.65407
5064.0 0.65427
5065.0 0.65446
5066.0 0.65459
5067.0 0.65475
5068.0 0.65456
5069.0 0.65511
5070.0 0.65479
5071.0 0.65534
5072.0 0.65548
5073.0 0.6556
5074.0 0.65495
5075.0 0.65564
5076.0 0.65583
5077.0 0.65579
5078.0 0.65405
5079.0 0.65529
5080.0 0.6557
5081.0 0.65476
5082.0 0.65581
5083.0 0.65567
5084.0 0.65557
5085.0 0.65506
5086.0 0.65492
5087.0 0.65511
5088.0 0.65375
5089.0 0.65473
5090.0 0.65459
5091.0 0.65394
5092.0 0.6532
5093.0 0.65249
5094.0 0.65064
5095.0 0.65116
5096.0 0.65042
5097.0 0.64984
5098.0 0.64913
5099.0 0.64851
5100.0 0.64771
5101.0 0.64423
5102.0 0.64071
5103.0 0.63697
5104.0 0.63297
5105.0 0.62997
5106.0 0.62644
5107.0 0.62287
5108.0 0.6193
5109.0 0.61563
5110.0 0.61211
5111.0 0.59702
5112.0 0.58209
5113.0 0.56708
5114.0 0.55208
5115.0 0.53706
5116.0 0.52199
5117.0 0.50709
5118.0 0.49203
5119.0 0.47714
5120.0 0.46216
5121.0 0.43989
5122.0 0.4176
5123.0 0.39538
5124.0 0.3731
5125.0 0.35089
5126.0 0.32867
5127.0 0.30646
5128.0 0.28426
5129.0 0.26206
5130.0 0.23986
5131.0 0.22735
5132.0 0.21486
5133.0 0.20237
5134.0 0.18988
5135.0 0.17739
5136.0 0.1649
5137.0 0.15243
5138.0 0.13995
5139.0 0.12748
5140.0 0.11502
5141.0 0.11118
5142.0 0.10733
5143.0 0.10349
5144.0 0.09966
5145.0 0.09582
5146.0 0.09199
5147.0 0.08815
5148.0 0.08431
5149.0 0.08048
5150.0 0.07665
5151.0 0.08072
5152.0 0.08477
5153.0 0.08883
5154.0 0.09289
5155.0 0.09695
5156.0 0.10101
5157.0 0.10506
5158.0 0.10911
5159.0 0.11316
5160.0 0.11722
5161.0 0.113
5162.0 0.10879
5163.0 0.10457
5164.0 0.10036
5165.0 0.09615
5166.0 0.09194
5167.0 0.08773
5168.0 0.08353
5169.0 0.07932
5170.0 0.07512
5171.0 0.06802
5172.0 0.06092
5173.0 0.05383
5174.0 0.04674
5175.0 0.03965
5176.0 0.03256
5177.0 0.02547
5178.0 0.01839
5179.0 0.01131
5180.0 0.00423
5181.0 0.00387
5182.0 0.00352
5183.0 0.00316
5184.0 0.0028
5185.0 0.00244
5186.0 0.00208
5187.0 0.00172
5188.0 0.00137
5189.0 0.00101
5190.0 0.00065
5191.0 0.0006
5192.0 0.00055
5193.0 0.0005
5194.0 0.00045
5195.0 0.0004
5196.0 0.00035
5197.0 0.00031
5198.0 0.00026
5199.0 0.00021
5200.0 0.00016
5201.0 0.00015
5202.0 0.00014
5203.0 0.00013
5204.0 0.00012
5205.0 0.0001
5206.0 9e-05
5207.0 8e-05
5208.0 7e-05
5209.0 6e-05
5210.0 5e-05
5211.0 5e-05
5212.0 5e-05
5213.0 4e-05
5214.0 4e-05
5215.0 4e-05
5216.0 3e-05
5217.0 3e-05
5218.0 3e-05
5219.0 2e-05
5220.0 2e-05
5221.0 2e-05
5222.0 2e-05
5223.0 2e-05
5224.0 1e-05
5225.0 1e-05
5226.0 1e-05
5227.0 1e-05
5228.0 1e-05
5229.0 1e-05
5230.0 1e-05
5231.0 1e-05
5232.0 1e-05
5233.0 1e-05
5234.0 1e-05
5235.0 1e-05
5236.0 1e-05
5237.0 1e-05
5238.0 1e-05
5239.0 1e-05
5240.0 1e-05
5241.0 1e-05
5242.0 1e-05
5243.0 0
5244.0 0
5245.0 0
5246.0 0
5247.0 0
5248.0 0
5249.0 0
5250.0 0
5251.0 0
5252.0 0
5253.0 0
5254.0 0
5255.0 0
5256.0 0
5257.0 0
5258.0 0
5259.0 0
5260.0 0
5261.0 0
5262.0 0
5263.0 0
5264.0 0
5265.0 0
5266.0 0
5267.0 0
5268.0 0
5269.0 0
5270.0 0
5271.0 0
5272.0 0
5273.0 0
5274.0 0
5275.0 0
5276.0 0
5277.0 0
5278.0 0
5279.0 0
5280.0 0
5281.0 0
5282.0 0
5283.0 0
5284.0 0
5285.0 0
5286.0 0
5287.0 0
5288.0 0
5289.0 0
5290.0 0
5291.0 0
5292.0 0
5293.0 0
5294.0 0
5295.0 0
5296.0 0
5297.0 0
5298.0 0
5299.0 0
5300.0 0
5301.0 0
5302.0 0
5303.0 0
5304.0 0
5305.0 0
5306.0 0
5307.0 0
5308.0 0
5309.0 0
5310.0 0
5311.0 0
5312.0 0
5313.0 0
5314.0 0
5315.0 0
5316.0 0
5317.0 0
5318.0 1e-05
5319.0 1e-05
5320.0 1e-05
5321.0 1e-05
5322.0 1e-05
5323.0 1e-05
5324.0 1e-05
5325.0 1e-05
5326.0 1e-05
5327.0 2e-05
5328.0 2e-05
5329.0 2e-05
5330.0 2e-05
5331.0 3e-05
5332.0 5e-05
5333.0 6e-05
5334.0 7e-05
5335.0 9e-05
5336.0 0.0001
5337.0 0.00011
5338.0 0.00013
5339.0 0.00014
5340.0 0.00015
5341.0 0.00014
5342.0 0.00013
5343.0 0.00011
5344.0 0.0001
5345.0 9e-05
5346.0 7e-05
5347.0 6e-05
5348.0 5e-05
5349.0 3e-05
5350.0 2e-05
5351.0 2e-05
5352.0 2e-05
5353.0 2e-05
5354.0 1e-05
5355.0 1e-05
5356.0 1e-05
5357.0 1e-05
5358.0 1e-05
5359.0 1e-05
5360.0 1e-05
5361.0 1e-05
5362.0 1e-05
5363.0 1e-05
5364.0 1e-05
5365.0 1e-05
5366.0 1e-05
5367.0 2e-05
5368.0 2e-05
5369.0 2e-05
5370.0 2e-05
5371.0 2e-05
5372.0 3e-05
5373.0 3e-05
5374.0 3e-05
5375.0 4e-05
5376.0 4e-05
5377.0 5e-05
5378.0 5e-05
5379.0 5e-05
5380.0 6e-05
5381.0 5e-05
5382.0 5e-05
5383.0 4e-05
5384.0 3e-05
5385.0 3e-05
5386.0 2e-05
5387.0 2e-05
5388.0 1e-05
5389.0 1e-05
5390.0 0
5391.0 0
5392.0 0
5393.0 0
5394.0 0
5395.0 0
5396.0 0
5397.0 0
5398.0 0
5399.0 0
5400.0 0
5401.0 0
5402.0 0
5403.0 0
5404.0 0
5405.0 0
5406.0 0
5407.0 0
5408.0 0
5409.0 0
5410.0 0
5411.0 0
5412.0 0
5413.0 0
5414.0 0
5415.0 0
5416.0 0
5417.0 0
5418.0 0
5419.0 0
5420.0 0
5421.0 0
5422.0 0
5423.0 0
5424.0 0
5425.0 0
5426.0 0
5427.0 0
5428.0 0
5429.0 0
5430.0 0
5431.0 0
5432.0 0
5433.0 0
5434.0 0
5435.0 0
5436.0 0
5437.0 0
5438.0 0
5439.0 0
5440.0 0
5441.0 0
5442.0 0
5443.0 0
5444.0 0
5445.0 0
5446.0 0
5447.0 0
5448.0 0
5449.0 0
5450.0 0
5451.0 0
5452.0 0
5453.0 0
5454.0 0
5455.0 0
5456.0 0
5457.0 0
5458.0 0
5459.0 0
5460.0 0
5461.0 0
5462.0 0
5463.0 0
5464.0 0
5465.0 0
5466.0 0
5467.0 0
5468.0 0
5469.0 0
5470.0 0
5471.0 0
5472.0 0
5473.0 0
5474.0 0
5475.0 0
5476.0 0
5477.0 0
5478.0 0
5479.0 0
5480.0 0
5481.0 0
5482.0 0
5483.0 0
5484.0 0
5485.0 0
5486.0 0
5487.0 0
5488.0 0
5489.0 0
5490.0 0
5491.0 0
5492.0 0
5493.0 0
5494.0 0
5495.0 0
5496.0 0
5497.0 0
5498.0 0
5499.0 0
5500.0 0
5501.0 0
5502.0 0
5503.0 0
5504.0 0
5505.0 0
5506.0 0
5507.0 0
5508.0 0
5509.0 0
5510.0 0
5511.0 0
5512.0 0
5513.0 0
5514.0 0
5515.0 0
5516.0 0
5517.0 0
5518.0 0
5519.0 0
5520.0 0
5521.0 0
5522.0 0
5523.0 0
5524.0 0
5525.0 0
5526.0 0
5527.0 0
5528.0 0
5529.0 0
5530.0 0
5531.0 0
5532.0 0
5533.0 0
5534.0 0
5535.0 0
5536.0 0
5537.0 0
5538.0 0
5539.0 0
5540.0 0
5541.0 0
5542.0 0
5543.0 0
5544.0 0
5545.0 0
5546.0 0
5547.0 0
5548.0 0
5549.0 0
5550.0 0
5551.0 0
5552.0 0
5553.0 0
5554.0 0
5555.0 0
5556.0 0
5557.0 0
5558.0 0
5559.0 0
5560.0 0
5561.0 0
5562.0 0
5563.0 0
5564.0 0
5565.0 0
5566.0 0
5567.0 0
5568.0 0
5569.0 0
5570.0 0
5571.0 0
5572.0 0
5573.0 0
5574.0 0
5575.0 0
5576.0 0
5577.0 0
5578.0 0
5579.0 0
5580.0 0
5581.0 0
5582.0 0
5583.0 0
5584.0 0
5585.0 0
5586.0 0
5587.0 0
5588.0 0
5589.0 0
5590.0 0
5591.0 0
5592.0 0
5593.0 0
5594.0 0
5595.0 0
5596.0 0
5597.0 0
5598.0 0
5599.0 0
5600.0 0
5601.0 0
5602.0 0
5603.0 0
5604.0 0
5605.0 0
5606.0 0
5607.0 0
5608.0 0
5609.0 0
5610.0 0
5611.0 0
5612.0 0
5613.0 0
5614.0 0
5615.0 0
5616.0 0
5617.0 0
5618.0 0
5619.0 0
5620.0 0
5621.0 0
5622.0 0
5623.0 0
5624.0 0
5625.0 0
5626.0 0
5627.0 0
5628.0 0
5629.0 0
5630.0 0
5631.0 0
5632.0 0
5633.0 0
5634.0 0
5635.0 0
5636.0 0
5637.0 0
5638.0 0
5639.0 0
5640.0 0
5641.0 0
5642.0 0
5643.0 0
5644.0 0
5645.0 0
5646.0 0
5647.0 0
5648.0 0
5649.0 0
5650.0 0
5651.0 0
5652.0 0
5653.0 0
5654.0 0
5655.0 0
5656.0 0
5657.0 0
5658.0 0
5659.0 0
5660.0 0
5661.0 0
5662.0 0
5663.0 0
5664.0 0
5665.0 0
5666.0 0
5667.0 0
5668.0 0
5669.0 0
5670.0 0
5671.0 0
5672.0 0
5673.0 0
5674.0 0
5675.0 0
5676.0 0
5677.0 0
5678.0 0
5679.0 0
5680.0 0
5681.0 0
5682.0 0
5683.0 0
5684.0 0
5685.0 0
5686.0 0
5687.0 0
5688.0 0
5689.0 0
5690.0 0
5691.0 0
5692.0 0
5693.0 0
5694.0 0
5695.0 0
5696.0 0
5697.0 0
5698.0 0
5699.0 0
5700.0 0
5701.0 0
5702.0 0
5703.0 0
5704.0 0
5705.0 0
5706.0 0
5707.0 0
5708.0 0
5709.0 0
5710.0 0
5711.0 0
5712.0 0
5713.0 0
5714.0 0
5715.0 0
5716.0 0
5717.0 0
5718.0 0
5719.0 0
5720.0 0
5721.0 0
5722.0 0
5723.0 0
5724.0 0
5725.0 0
5726.0 0
5727.0 0
5728.0 0
5729.0 0
5730.0 0
5731.0 0
5732.0 0
5733.0 0
5734.0 0
5735.0 0
5736.0 0
5737.0 0
5738.0 0
5739.0 0
5740.0 0
5741.0 0
5742.0 0
5743.0 0
5744.0 0
5745.0 0
5746.0 0
5747.0 0
5748.0 0
5749.0 0
5750.0 0
5751.0 0
5752.0 0
5753.0 0
5754.0 0
5755.0 0
5756.0 0
5757.0 0
5758.0 0
5759.0 1e-05
5760.0 1e-05
5761.0 1e-05
5762.0 0
5763.0 0
5764.0 0
5765.0 0
5766.0 0
5767.0 0
5768.0 0
5769.0 0
5770.0 0
5771.0 0
5772.0 0
5773.0 0
5774.0 0
5775.0 0
5776.0 0
5777.0 0
5778.0 0
5779.0 0
5780.0 0
5781.0 0
5782.0 0
5783.0 0
5784.0 0
5785.0 0
5786.0 0
5787.0 0
5788.0 0
5789.0 0
5790.0 0
5791.0 0
5792.0 0
5793.0 0
5794.0 0
5795.0 0
5796.0 0
5797.0 0
5798.0 0
5799.0 0
5800.0 0
5801.0 0
5802.0 0
5803.0 0
5804.0 0
5805.0 0
5806.0 0
5807.0 0
5808.0 0
5809.0 0
5810.0 0
5811.0 0
5812.0 0
5813.0 0
5814.0 0
5815.0 0
5816.0 0
5817.0 0
5818.0 0
5819.0 0
5820.0 0
5821.0 0
5822.0 0
5823.0 0
5824.0 0
5825.0 0
5826.0 0
5827.0 0
5828.0 0
5829.0 0
5830.0 0
5831.0 0
5832.0 0
5833.0 0
5834.0 0
5835.0 0
5836.0 0
5837.0 0
5838.0 0
5839.0 0
5840.0 0
5841.0 0
5842.0 0
5843.0 0
5844.0 0
5845.0 0
5846.0 0
5847.0 0
5848.0 0
5849.0 0
5850.0 0
5851.0 0
5852.0 0
5853.0 0
5854.0 0
5855.0 0
5856.0 0
5857.0 0
5858.0 0
5859.0 0
5860.0 0
5861.0 0
5862.0 0
5863.0 0
5864.0 0
5865.0 0
5866.0 0
5867.0 0
5868.0 0
5869.0 0
5870.0 0
5871.0 0
5872.0 0
5873.0 0
5874.0 0
5875.0 0
5876.0 0
5877.0 0
5878.0 0
5879.0 0
5880.0 0
5881.0 0
5882.0 0
5883.0 0
5884.0 0
5885.0 0
5886.0 0
5887.0 0
5888.0 0
5889.0 0
5890.0 0
5891.0 0
5892.0 0
5893.0 0
5894.0 0
5895.0 0
5896.0 0
5897.0 0
5898.0 0
5899.0 0
5900.0 0
5901.0 0
5902.0 0
5903.0 0
5904.0 0
5905.0 0
5906.0 0
5907.0 0
5908.0 0
5909.0 0
5910.0 0
5911.0 0
5912.0 0
5913.0 0
5914.0 0
5915.0 0
5916.0 0
5917.0 0
5918.0 0
5919.0 0
5920.0 0
5921.0 0
5922.0 0
5923.0 0
5924.0 0
5925.0 0
5926.0 0
5927.0 0
5928.0 0
5929.0 0
5930.0 0
5931.0 0
5932.0 0
5933.0 0
5934.0 0
5935.0 0
5936.0 0
5937.0 0
5938.0 0
5939.0 0
5940.0 0
5941.0 0
5942.0 0
5943.0 0
5944.0 0
5945.0 0
5946.0 0
5947.0 0
5948.0 0
5949.0 0
5950.0 0
5951.0 0
5952.0 0
5953.0 0
5954.0 0
5955.0 0
5956.0 0
5957.0 0
5958.0 0
5959.0 0
5960.0 0
5961.0 0
5962.0 0
5963.0 0
5964.0 0
5965.0 0
5966.0 0
5967.0 0
5968.0 0
5969.0 0
5970.0 0
5971.0 0
5972.0 0
5973.0 0
5974.0 0
5975.0 0
5976.0 0
5977.0 0
5978.0 0
5979.0 0
5980.0 0
5981.0 0
5982.0 0
5983.0 0
5984.0 0
5985.0 0
5986.0 0
5987.0 0
5988.0 0
5989.0 0
5990.0 0
5991.0 0
5992.0 0
5993.0 0
5994.0 0
5995.0 0
5996.0 0
5997.0 0
5998.0 0
5999.0 0
6000.0 0
6001.0 0
6002.0 0
6003.0 0
6004.0 0
6005.0 0
6006.0 0
6007.0 0
6008.0 0
6009.0 0
6010.0 0
6011.0 0
6012.0 0
6013.0 0
6014.0 0
6015.0 0
6016.0 0
6017.0 0
6018.0 0
6019.0 0
6020.0 0
6021.0 0
6022.0 0
6023.0 0
6024.0 0
6025.0 0
6026.0 0
6027.0 0
6028.0 0
6029.0 0
6030.0 0
6031.0 0
6032.0 0
6033.0 0
6034.0 0
6035.0 0
6036.0 0
6037.0 0
6038.0 0
6039.0 0
6040.0 0
6041.0 0
6042.0 0
6043.0 0
6044.0 0
6045.0 0
6046.0 0
6047.0 0
6048.0 0
6049.0 0
6050.0 0
6051.0 0
6052.0 0
6053.0 0
6054.0 0
6055.0 0
6056.0 0
6057.0 0
6058.0 0
6059.0 0
6060.0 0
6061.0 0
6062.0 0
6063.0 0
6064.0 0
6065.0 0
6066.0 0
6067.0 0
6068.0 0
6069.0 0
6070.0 0
6071.0 0
6072.0 0
6073.0 0
6074.0 0
6075.0 0
6076.0 0
6077.0 0
6078.0 0
6079.0 0
6080.0 0
6081.0 0
6082.0 0
6083.0 0
6084.0 0
6085.0 0
6086.0 0
6087.0 0
6088.0 0
6089.0 0
6090.0 0
6091.0 0
6092.0 0
6093.0 0
6094.0 0
6095.0 0
6096.0 0
6097.0 0
6098.0 0
6099.0 0
6100.0 0
6101.0 0
6102.0 0
6103.0 0
6104.0 0
6105.0 0
6106.0 0
6107.0 0
6108.0 0
6109.0 0
6110.0 0
6111.0 0
6112.0 0
6113.0 0
6114.0 0
6115.0 0
6116.0 0
6117.0 0
6118.0 0
6119.0 0
6120.0 0
6121.0 0
6122.0 0
6123.0 0
6124.0 0
6125.0 0
6126.0 0
6127.0 0
6128.0 0
6129.0 0
6130.0 0
6131.0 0
6132.0 0
6133.0 0
6134.0 0
6135.0 0
6136.0 0
6137.0 0
6138.0 0
6139.0 0
6140.0 0
6141.0 0
6142.0 0
6143.0 0
6144.0 0
6145.0 0
6146.0 0
6147.0 0
6148.0 0
6149.0 0
6150.0 0
6151.0 0
6152.0 0
6153.0 0
6154.0 0
6155.0 0
6156.0 0
6157.0 0
6158.0 0
6159.0 0
6160.0 0
6161.0 0
6162.0 0
6163.0 0
6164.0 0
6165.0 0
6166.0 0
6167.0 0
6168.0 0
6169.0 0
6170.0 0
6171.0 0
6172.0 0
6173.0 0
6174.0 0
6175.0 0
6176.0 0
6177.0 0
6178.0 0
6179.0 0
6180.0 0
6181.0 0
6182.0 0
6183.0 0
6184.0 0
6185.0 0
6186.0 0
6187.0 0
6188.0 0
6189.0 0
6190.0 0
6191.0 0
6192.0 0
6193.0 0
6194.0 0
6195.0 0
6196.0 0
6197.0 0
6198.0 0
6199.0 0
6200.0 0
6201.0 0
6202.0 0
6203.0 0
6204.0 0
6205.0 0
6206.0 0
6207.0 0
6208.0 0
6209.0 0
6210.0 0
6211.0 0
6212.0 0
6213.0 0
6214.0 0
6215.0 0
6216.0 0
6217.0 0
6218.0 0
6219.0 0
6220.0 0
6221.0 0
6222.0 0
6223.0 0
6224.0 0
6225.0 0
6226.0 0
6227.0 0
6228.0 0
6229.0 0
6230.0 0
6231.0 0
6232.0 0
6233.0 0
6234.0 0
6235.0 0
6236.0 0
6237.0 0
6238.0 0
6239.0 0
6240.0 0
6241.0 0
6242.0 0
6243.0 0
6244.0 0
6245.0 0
6246.0 0
6247.0 0
6248.0 0
6249.0 0
6250.0 0
6251.0 0
6252.0 0
6253.0 0
6254.0 0
6255.0 0
6256.0 0
6257.0 0
6258.0 0
6259.0 0
6260.0 0
6261.0 0
6262.0 0
6263.0 0
6264.0 0
6265.0 0
6266.0 0
6267.0 0
6268.0 0
6269.0 0
6270.0 0
6271.0 0
6272.0 0
6273.0 0
6274.0 0
6275.0 0
6276.0 0
6277.0 0
6278.0 0
6279.0 0
6280.0 0
6281.0 0
6282.0 0
6283.0 0
6284.0 0
6285.0 0
6286.0 0
6287.0 0
6288.0 0
6289.0 0
6290.0 0
6291.0 0
6292.0 0
6293.0 0
6294.0 0
6295.0 0
6296.0 0
6297.0 0
6298.0 0
6299.0 0
6300.0 0
6301.0 0
6302.0 0
6303.0 0
6304.0 0
6305.0 0
6306.0 0
6307.0 0
6308.0 0
6309.0 0
6310.0 0
6311.0 0
6312.0 0
6313.0 0
6314.0 0
6315.0 0
6316.0 0
6317.0 0
6318.0 0
6319.0 0
6320.0 0
6321.0 0
6322.0 0
6323.0 0
6324.0 0
6325.0 0
6326.0 0
6327.0 0
6328.0 0
6329.0 0
6330.0 0
6331.0 0
6332.0 0
6333.0 0
6334.0 0
6335.0 0
6336.0 0
6337.0 0
6338.0 0
6339.0 0
6340.0 0
6341.0 0
6342.0 0
6343.0 0
6344.0 0
6345.0 0
6346.0 0
6347.0 0
6348.0 0
6349.0 0
6350.0 0
6351.0 0
6352.0 0
6353.0 0
6354.0 0
6355.0 0
6356.0 0
6357.0 0
6358.0 0
6359.0 0
6360.0 0
6361.0 0
6362.0 0
6363.0 0
6364.0 0
6365.0 0
6366.0 0
6367.0 0
6368.0 0
6369.0 0
6370.0 0
6371.0 0
6372.0 0
6373.0 0
6374.0 0
6375.0 0
6376.0 0
6377.0 0
6378.0 0
6379.0 0
6380.0 0
6381.0 0
6382.0 0
6383.0 0
6384.0 0
6385.0 0
6386.0 0
6387.0 0
6388.0 0
6389.0 0
6390.0 0
6391.0 0
6392.0 0
6393.0 0
6394.0 0
6395.0 0
6396.0 0
6397.0 0
6398.0 0
6399.0 0
6400.0 0
6401.0 0
6402.0 0
6403.0 0
6404.0 0
6405.0 0
6406.0 0
6407.0 0
6408.0 0
6409.0 0
6410.0 0
6411.0 0
6412.0 0
6413.0 0
6414.0 0
6415.0 0
6416.0 0
6417.0 0
6418.0 0
6419.0 0
6420.0 0
6421.0 0
6422.0 0
6423.0 0
6424.0 0
6425.0 0
6426.0 0
6427.0 0
6428.0 0
6429.0 0
6430.0 0
6431.0 0
6432.0 0
6433.0 0
6434.0 0
6435.0 0
6436.0 0
6437.0 0
6438.0 0
6439.0 0
6440.0 0
6441.0 0
6442.0 0
6443.0 0
6444.0 0
6445.0 0
6446.0 0
6447.0 0
6448.0 0
6449.0 0
6450.0 0
6451.0 0
6452.0 0
6453.0 0
6454.0 0
6455.0 0
6456.0 0
6457.0 0
6458.0 0
6459.0 0
6460.0 0
6461.0 0
6462.0 0
6463.0 0
6464.0 0
6465.0 0
6466.0 0
6467.0 0
6468.0 0
6469.0 0
6470.0 0
6471.0 0
6472.0 0
6473.0 0
6474.0 0
6475.0 0
6476.0 0
6477.0 0
6478.0 0
6479.0 0
6480.0 0
6481.0 0
6482.0 0
6483.0 0
6484.0 0
6485.0 0
6486.0 0
6487.0 0
6488.0 0
6489.0 0
6490.0 0
6491.0 0
6492.0 0
6493.0 0
6494.0 0
6495.0 0
6496.0 0
6497.0 0
6498.0 0
6499.0 0
6500.0 0
6501.0 0
6502.0 0
6503.0 0
6504.0 0
6505.0 0
6506.0 0
6507.0 0
6508.0 0
6509.0 0
6510.0 0
6511.0 0
6512.0 0
6513.0 0
6514.0 0
6515.0 0
6516.0 0
6517.0 0
6518.0 0
6519.0 0
6520.0 0
6521.0 0
6522.0 0
6523.0 0
6524.0 0
6525.0 0
6526.0 0
6527.0 0
6528.0 0
6529.0 0
6530.0 0
6531.0 0
6532.0 0
6533.0 0
6534.0 0
6535.0 0
6536.0 0
6537.0 0
6538.0 0
6539.0 0
6540.0 0
6541.0 0
6542.0 0
6543.0 0
6544.0 0
6545.0 0
6546.0 0
6547.0 0
6548.0 0
6549.0 0
6550.0 0
6551.0 0
6552.0 0
6553.0 0
6554.0 0
6555.0 0
6556.0 0
6557.0 0
6558.0 0
6559.0 0
6560.0 0
6561.0 0
6562.0 0
6563.0 0
6564.0 0
6565.0 0
6566.0 0
6567.0 0
6568.0 0
6569.0 0
6570.0 0
6571.0 0
6572.0 0
6573.0 0
6574.0 0
6575.0 0
6576.0 0
6577.0 0
6578.0 0
6579.0 0
6580.0 0
6581.0 0
6582.0 0
6583.0 0
6584.0 0
6585.0 0
6586.0 0
6587.0 0
6588.0 0
6589.0 0
6590.0 0
6591.0 0
6592.0 0
6593.0 0
6594.0 0
6595.0 0
6596.0 0
6597.0 0
6598.0 0
6599.0 0
6600.0 0
6601.0 0
6602.0 0
6603.0 0
6604.0 0
6605.0 0
6606.0 0
6607.0 0
6608.0 0
6609.0 0
6610.0 0
6611.0 0
6612.0 0
6613.0 0
6614.0 0
6615.0 0
6616.0 0
6617.0 0
6618.0 0
6619.0 0
6620.0 0
6621.0 0
6622.0 0
6623.0 0
6624.0 0
6625.0 0
6626.0 0
6627.0 0
6628.0 0
6629.0 0
6630.0 0
6631.0 0
6632.0 0
6633.0 0
6634.0 0
6635.0 0
6636.0 0
6637.0 0
6638.0 0
6639.0 0
6640.0 0
6641.0 0
6642.0 0
6643.0 0
6644.0 0
6645.0 0
6646.0 0
6647.0 0
6648.0 0
6649.0 0
6650.0 0
6651.0 0
6652.0 0
6653.0 0
6654.0 0
6655.0 0
6656.0 0
6657.0 0
6658.0 0
6659.0 0
6660.0 0
6661.0 0
6662.0 0
6663.0 0
6664.0 0
6665.0 0
6666.0 0
6667.0 0
6668.0 0
6669.0 0
6670.0 0
6671.0 0
6672.0 0
6673.0 0
6674.0 0
6675.0 0
6676.0 0
6677.0 0
6678.0 0
6679.0 0
6680.0 0
6681.0 0
6682.0 0
6683.0 0
6684.0 0
6685.0 0
6686.0 0
6687.0 0
6688.0 0
6689.0 0
6690.0 0
6691.0 0
6692.0 0
6693.0 0
6694.0 0
6695.0 0
6696.0 0
6697.0 0
6698.0 0
6699.0 0
6700.0 0
6701.0 0
6702.0 0
6703.0 0
6704.0 0
6705.0 0
6706.0 0
6707.0 0
6708.0 0
6709.0 0
6710.0 0
6711.0 0
6712.0 0
6713.0 0
6714.0 0
6715.0 0
6716.0 0
6717.0 0
6718.0 0
6719.0 0
6720.0 0
6721.0 0
6722.0 0
6723.0 0
6724.0 0
6725.0 0
6726.0 0
6727.0 0
6728.0 0
6729.0 0
6730.0 0
6731.0 0
6732.0 0
6733.0 0
6734.0 0
6735.0 0
6736.0 0
6737.0 0
6738.0 0
6739.0 0
6740.0 0
6741.0 0
6742.0 0
6743.0 0
6744.0 0
6745.0 0
6746.0 0
6747.0 0
6748.0 0
6749.0 0
6750.0 0
6751.0 0
6752.0 0
6753.0 0
6754.0 0
6755.0 0
6756.0 0
6757.0 0
6758.0 0
6759.0 0
6760.0 0
6761.0 0
6762.0 0
6763.0 0
6764.0 0
6765.0 0
6766.0 0
6767.0 0
6768.0 0
6769.0 0
6770.0 0
6771.0 0
6772.0 0
6773.0 0
6774.0 0
6775.0 0
6776.0 0
6777.0 0
6778.0 0
6779.0 0
6780.0 0
6781.0 0
6782.0 0
6783.0 0
6784.0 0
6785.0 0
6786.0 0
6787.0 0
6788.0 0
6789.0 0
6790.0 0
6791.0 0
6792.0 1e-05
6793.0 1e-05
6794.0 1e-05
6795.0 1e-05
6796.0 1e-05
6797.0 1e-05
6798.0 1e-05
6799.0 1e-05
6800.0 1e-05
6801.0 1e-05
6802.0 1e-05
6803.0 1e-05
6804.0 1e-05
6805.0 1e-05
6806.0 2e-05
6807.0 2e-05
6808.0 2e-05
6809.0 2e-05
6810.0 2e-05
6811.0 2e-05
6812.0 2e-05
6813.0 2e-05
6814.0 2e-05
6815.0 2e-05
6816.0 2e-05
6817.0 2e-05
6818.0 2e-05
6819.0 2e-05
6820.0 2e-05
6821.0 2e-05
6822.0 2e-05
6823.0 2e-05
6824.0 2e-05
6825.0 2e-05
6826.0 2e-05
6827.0 2e-05
6828.0 2e-05
6829.0 2e-05
6830.0 2e-05
6831.0 2e-05
6832.0 2e-05
6833.0 2e-05
6834.0 2e-05
6835.0 2e-05
6836.0 2e-05
6837.0 2e-05
6838.0 2e-05
6839.0 2e-05
6840.0 2e-05
6841.0 2e-05
6842.0 2e-05
6843.0 2e-05
6844.0 2e-05
6845.0 2e-05
6846.0 2e-05
6847.0 2e-05
6848.0 1e-05
6849.0 1e-05
6850.0 1e-05
6851.0 1e-05
6852.0 1e-05
6853.0 1e-05
6854.0 1e-05
6855.0 1e-05
6856.0 1e-05
6857.0 1e-05
6858.0 1e-05
6859.0 1e-05
6860.0 1e-05
6861.0 1e-05
6862.0 1e-05
6863.0 1e-05
6864.0 1e-05
6865.0 1e-05
6866.0 1e-05
6867.0 1e-05
6868.0 1e-05
6869.0 1e-05
6870.0 0
6871.0 0
6872.0 0
6873.0 0
6874.0 0
6875.0 1e-05
6876.0 1e-05
6877.0 1e-05
6878.0 1e-05
6879.0 1e-05
6880.0 1e-05
6881.0 0
6882.0 1e-05
6883.0 1e-05
6884.0 1e-05
6885.0 1e-05
6886.0 0
6887.0 0
6888.0 0
6889.0 0
6890.0 0
6891.0 0
6892.0 0
6893.0 0
6894.0 0
6895.0 0
6896.0 0
6897.0 0
6898.0 0
6899.0 0
6900.0 0
6901.0 0
6902.0 0
6903.0 0
6904.0 0
6905.0 0
6906.0 0
6907.0 0
6908.0 0
6909.0 0
6910.0 0
6911.0 0
6912.0 0
6913.0 0
6914.0 0
6915.0 0
6916.0 0
6917.0 0
6918.0 0
6919.0 0
6920.0 0
6921.0 0
6922.0 0
6923.0 0
6924.0 0
6925.0 0
6926.0 0
6927.0 0
6928.0 0
6929.0 0
6930.0 0
6931.0 0
6932.0 0
6933.0 0
6934.0 0
6935.0 0
6936.0 0
6937.0 0
6938.0 0
6939.0 0
6940.0 0
6941.0 0
6942.0 0
6943.0 0
6944.0 0
6945.0 0
6946.0 0
6947.0 0
6948.0 0
6949.0 0
6950.0 0
6951.0 0
6952.0 0
6953.0 0
6954.0 0
6955.0 0
6956.0 0
6957.0 0
6958.0 0
6959.0 0
6960.0 0
6961.0 0
6962.0 0
6963.0 0
6964.0 0
6965.0 0
6966.0 0
6967.0 0
6968.0 0
6969.0 0
6970.0 0
6971.0 0
6972.0 0
6973.0 0
6974.0 0
6975.0 0
6976.0 0
6977.0 0
6978.0 0
6979.0 0
6980.0 0
6981.0 0
6982.0 0
6983.0 0
6984.0 0
6985.0 0
6986.0 0
6987.0 0
6988.0 0
6989.0 0
6990.0 0
6991.0 0
6992.0 0
6993.0 0
6994.0 0
6995.0 0
6996.0 0
6997.0 0
6998.0 0
6999.0 0
7000.0 0
7001.0 0
7002.0 0
7003.0 0
7004.0 0
7005.0 0
7006.0 0
7007.0 0
7008.0 0
7009.0 0
7010.0 0
7011.0 0
7012.0 0
7013.0 0
7014.0 0
7015.0 0
7016.0 0
7017.0 0
7018.0 0
7019.0 0
7020.0 0
7021.0 0
7022.0 0
7023.0 0
7024.0 0
7025.0 0
7026.0 0
7027.0 0
7028.0 0
7029.0 0
7030.0 0
7031.0 0
7032.0 0
7033.0 0
7034.0 0
7035.0 0
7036.0 0
7037.0 0
7038.0 0
7039.0 0
7040.0 0
7041.0 0
7042.0 0
7043.0 0
7044.0 0
7045.0 0
7046.0 0
7047.0 0
7048.0 0
7049.0 0
7050.0 0
7051.0 0
7052.0 0
7053.0 0
7054.0 0
7055.0 0
7056.0 0
7057.0 0
7058.0 0
7059.0 0
7060.0 0
7061.0 0
7062.0 0
7063.0 0
7064.0 0
7065.0 0
7066.0 0
7067.0 0
7068.0 0
7069.0 0
7070.0 0
7071.0 0
7072.0 0
7073.0 0
7074.0 0
7075.0 0
7076.0 0
7077.0 0
7078.0 0
7079.0 0
7080.0 0
7081.0 0
7082.0 0
7083.0 0
7084.0 0
7085.0 0
7086.0 0
7087.0 0
7088.0 0
7089.0 0
7090.0 0
7091.0 0
7092.0 0
7093.0 0
7094.0 0
7095.0 0
7096.0 0
7097.0 0
7098.0 0
7099.0 0
7100.0 0
7101.0 0
7102.0 0
7103.0 0
7104.0 0
7105.0 0
7106.0 0
7107.0 1e-05
7108.0 1e-05
7109.0 1e-05
7110.0 1e-05
7111.0 1e-05
7112.0 1e-05
7113.0 1e-05
7114.0 1e-05
7115.0 1e-05
7116.0 1e-05
7117.0 1e-05
7118.0 1e-05
7119.0 1e-05
7120.0 1e-05
7121.0 1e-05
7122.0 1e-05
7123.0 1e-05
7124.0 1e-05
7125.0 1e-05
7126.0 1e-05
7127.0 1e-05
7128.0 1e-05
7129.0 1e-05
7130.0 1e-05
7131.0 1e-05
7132.0 2e-05
7133.0 2e-05
7134.0 2e-05
7135.0 2e-05
7136.0 2e-05
7137.0 2e-05
7138.0 2e-05
7139.0 2e-05
7140.0 2e-05
7141.0 2e-05
7142.0 2e-05
7143.0 2e-05
7144.0 2e-05
7145.0 2e-05
7146.0 2e-05
7147.0 2e-05
7148.0 2e-05
7149.0 2e-05
7150.0 2e-05
7151.0 2e-05
7152.0 2e-05
7153.0 2e-05
7154.0 2e-05
7155.0 2e-05
7156.0 2e-05
7157.0 1e-05
7158.0 1e-05
7159.0 1e-05
7160.0 1e-05
7161.0 1e-05
7162.0 1e-05
7163.0 1e-05
7164.0 1e-05
7165.0 1e-05
7166.0 1e-05
7167.0 1e-05
7168.0 1e-05
7169.0 1e-05
7170.0 1e-05
7171.0 1e-05
7172.0 1e-05
7173.0 1e-05
7174.0 1e-05
7175.0 1e-05
7176.0 1e-05
7177.0 1e-05
7178.0 1e-05
7179.0 1e-05
7180.0 1e-05
7181.0 1e-05
7182.0 1e-05
7183.0 1e-05
7184.0 1e-05
7185.0 1e-05
7186.0 1e-05
7187.0 1e-05
7188.0 1e-05
7189.0 1e-05
7190.0 1e-05
7191.0 1e-05
7192.0 1e-05
7193.0 1e-05
7194.0 1e-05
7195.0 1e-05
7196.0 1e-05
7197.0 1e-05
7198.0 1e-05
7199.0 1e-05
7200.0 1e-05
7201.0 1e-05
7202.0 1e-05
7203.0 1e-05
7204.0 1e-05
7205.0 1e-05
7206.0 1e-05
7207.0 1e-05
7208.0 1e-05
7209.0 1e-05
7210.0 1e-05
7211.0 1e-05
7212.0 1e-05
7213.0 1e-05
7214.0 1e-05
7215.0 1e-05
7216.0 1e-05
7217.0 1e-05
7218.0 1e-05
7219.0 1e-05
7220.0 1e-05
7221.0 1e-05
7222.0 1e-05
7223.0 1e-05
7224.0 1e-05
7225.0 1e-05
7226.0 1e-05
7227.0 1e-05
7228.0 1e-05
7229.0 1e-05
7230.0 1e-05
7231.0 1e-05
7232.0 1e-05
7233.0 1e-05
7234.0 1e-05
7235.0 1e-05
7236.0 1e-05
7237.0 1e-05
7238.0 1e-05
7239.0 1e-05
7240.0 1e-05
7241.0 1e-05
7242.0 1e-05
7243.0 1e-05
7244.0 1e-05
7245.0 1e-05
7246.0 1e-05
7247.0 1e-05
7248.0 1e-05
7249.0 1e-05
7250.0 1e-05
7251.0 1e-05
7252.0 1e-05
7253.0 1e-05
7254.0 1e-05
7255.0 1e-05
7256.0 1e-05
7257.0 1e-05
7258.0 1e-05
7259.0 1e-05
7260.0 0
7261.0 1e-05
7262.0 1e-05
7263.0 0
7264.0 0
7265.0 0
7266.0 1e-05
7267.0 0
7268.0 0
7269.0 1e-05
7270.0 1e-05
7271.0 0
7272.0 0
7273.0 0
7274.0 0
7275.0 0
7276.0 0
7277.0 0
7278.0 0
7279.0 0
7280.0 0
7281.0 0
7282.0 0
7283.0 0
7284.0 0
7285.0 0
7286.0 0
7287.0 0
7288.0 0
7289.0 0
7290.0 0
7291.0 0
7292.0 0
7293.0 0
7294.0 0
7295.0 0
7296.0 0
7297.0 0
7298.0 0
7299.0 0
7300.0 0
7301.0 0
7302.0 0
7303.0 0
7304.0 0
7305.0 0
7306.0 0
7307.0 0
7308.0 0
7309.0 0
7310.0 0
7311.0 0
7312.0 0
7313.0 0
7314.0 0
7315.0 0
7316.0 0
7317.0 0
7318.0 0
7319.0 0
7320.0 0
7321.0 0
7322.0 0
7323.0 0
7324.0 0
7325.0 0
7326.0 0
7327.0 0
7328.0 0
7329.0 0
7330.0 0
7331.0 0
7332.0 0
7333.0 0
7334.0 0
7335.0 0
7336.0 0
7337.0 0
7338.0 0
7339.0 0
7340.0 0
7341.0 0
7342.0 0
7343.0 0
7344.0 0
7345.0 0
7346.0 0
7347.0 0
7348.0 0
7349.0 0
7350.0 0
7351.0 0
7352.0 0
7353.0 0
7354.0 0
7355.0 0
7356.0 0
7357.0 0
7358.0 0
7359.0 0
7360.0 0
7361.0 0
7362.0 0
7363.0 0
7364.0 0
7365.0 0
7366.0 0
7367.0 0
7368.0 0
7369.0 0
7370.0 0
7371.0 0
7372.0 0
7373.0 0
7374.0 0
7375.0 0
7376.0 0
7377.0 0
7378.0 0
7379.0 0
7380.0 0
7381.0 0
7382.0 0
7383.0 0
7384.0 0
7385.0 0
7386.0 0
7387.0 0
7388.0 0
7389.0 0
7390.0 0
7391.0 0
7392.0 0
7393.0 0
7394.0 0
7395.0 0
7396.0 0
7397.0 0
7398.0 0
7399.0 0
7400.0 0
7401.0 0
7402.0 0
7403.0 0
7404.0 0
7405.0 0
7406.0 0
7407.0 0
7408.0 0
7409.0 0
7410.0 0
7411.0 0
7412.0 0
7413.0 0
7414.0 0
7415.0 0
7416.0 0
7417.0 0
7418.0 0
7419.0 0
7420.0 0
7421.0 0
7422.0 0
7423.0 0
7424.0 0
7425.0 0
7426.0 0
7427.0 0
7428.0 0
7429.0 0
7430.0 0
7431.0 0
7432.0 0
7433.0 0
7434.0 0
7435.0 0
7436.0 0
7437.0 0
7438.0 0
7439.0 0
7440.0 0
7441.0 0
7442.0 0
7443.0 0
7444.0 1e-05
7445.0 1e-05
7446.0 1e-05
7447.0 1e-05
7448.0 1e-05
7449.0 1e-05
7450.0 1e-05
7451.0 1e-05
7452.0 1e-05
7453.0 1e-05
7454.0 1e-05
7455.0 1e-05
7456.0 1e-05
7457.0 1e-05
7458.0 1e-05
7459.0 1e-05
7460.0 1e-05
7461.0 1e-05
7462.0 1e-05
7463.0 1e-05
7464.0 1e-05
7465.0 1e-05
7466.0 1e-05
7467.0 1e-05
7468.0 1e-05
7469.0 1e-05
7470.0 1e-05
7471.0 1e-05
7472.0 1e-05
7473.0 1e-05
7474.0 1e-05
7475.0 1e-05
7476.0 1e-05
7477.0 1e-05
7478.0 1e-05
7479.0 1e-05
7480.0 1e-05
7481.0 1e-05
7482.0 1e-05
7483.0 1e-05
7484.0 1e-05
7485.0 1e-05
7486.0 1e-05
7487.0 1e-05
7488.0 1e-05
7489.0 1e-05
7490.0 1e-05
7491.0 1e-05
7492.0 1e-05
7493.0 1e-05
7494.0 1e-05
7495.0 1e-05
7496.0 1e-05
7497.0 1e-05
7498.0 1e-05
7499.0 1e-05
7500.0 1e-05
7501.0 1e-05
7502.0 1e-05
7503.0 1e-05
7504.0 1e-05
7505.0 1e-05
7506.0 1e-05
7507.0 1e-05
7508.0 1e-05
7509.0 1e-05
7510.0 1e-05
7511.0 1e-05
7512.0 2e-05
7513.0 2e-05
7514.0 2e-05
7515.0 2e-05
7516.0 2e-05
7517.0 2e-05
7518.0 2e-05
7519.0 2e-05
7520.0 2e-05
7521.0 2e-05
7522.0 2e-05
7523.0 2e-05
7524.0 2e-05
7525.0 2e-05
7526.0 2e-05
7527.0 2e-05
7528.0 2e-05
7529.0 2e-05
7530.0 2e-05
7531.0 2e-05
7532.0 2e-05
7533.0 2e-05
7534.0 2e-05
7535.0 2e-05
7536.0 2e-05
7537.0 2e-05
7538.0 2e-05
7539.0 2e-05
7540.0 2e-05
7541.0 2e-05
7542.0 2e-05
7543.0 2e-05
7544.0 2e-05
7545.0 2e-05
7546.0 2e-05
7547.0 2e-05
7548.0 2e-05
7549.0 2e-05
7550.0 2e-05
7551.0 2e-05
7552.0 2e-05
7553.0 2e-05
7554.0 2e-05
7555.0 2e-05
7556.0 2e-05
7557.0 1e-05
7558.0 1e-05
7559.0 1e-05
7560.0 1e-05
7561.0 1e-05
7562.0 1e-05
7563.0 1e-05
7564.0 1e-05
7565.0 1e-05
7566.0 1e-05
7567.0 1e-05
7568.0 1e-05
7569.0 1e-05
7570.0 1e-05
7571.0 1e-05
7572.0 1e-05
7573.0 1e-05
7574.0 1e-05
7575.0 1e-05
7576.0 1e-05
7577.0 1e-05
7578.0 1e-05
7579.0 1e-05
7580.0 1e-05
7581.0 1e-05
7582.0 1e-05
7583.0 1e-05
7584.0 1e-05
7585.0 1e-05
7586.0 1e-05
7587.0 1e-05
7588.0 1e-05
7589.0 1e-05
7590.0 1e-05
7591.0 1e-05
7592.0 1e-05
7593.0 1e-05
7594.0 1e-05
7595.0 1e-05
7596.0 0
7597.0 0
7598.0 0
7599.0 0
7600.0 0
7601.0 0
7602.0 0
7603.0 0
7604.0 0
7605.0 0
7606.0 0
7607.0 0
7608.0 0
7609.0 0
7610.0 0
7611.0 0
7612.0 0
7613.0 0
7614.0 0
7615.0 0
7616.0 0
7617.0 0
7618.0 0
7619.0 0
7620.0 0
7621.0 0
7622.0 0
7623.0 0
7624.0 0
7625.0 0
7626.0 0
7627.0 0
7628.0 0
7629.0 0
7630.0 0
7631.0 0
7632.0 0
7633.0 0
7634.0 0
7635.0 0
7636.0 0
7637.0 0
7638.0 0
7639.0 0
7640.0 0
7641.0 0
7642.0 0
7643.0 0
7644.0 0
7645.0 0
7646.0 0
7647.0 0
7648.0 0
7649.0 0
7650.0 0
7651.0 0
7652.0 0
7653.0 0
7654.0 0
7655.0 0
7656.0 0
7657.0 0
7658.0 0
7659.0 0
7660.0 0
7661.0 0
7662.0 0
7663.0 0
7664.0 0
7665.0 0
7666.0 0
7667.0 0
7668.0 0
7669.0 0
7670.0 0
7671.0 0
7672.0 0
7673.0 0
7674.0 0
7675.0 0
7676.0 0
7677.0 0
7678.0 0
7679.0 0
7680.0 0
7681.0 0
7682.0 0
7683.0 0
7684.0 0
7685.0 0
7686.0 0
7687.0 0
7688.0 0
7689.0 0
7690.0 0
7691.0 0
7692.0 0
7693.0 0
7694.0 0
7695.0 0
7696.0 0
7697.0 0
7698.0 0
7699.0 0
7700.0 0
7701.0 0
7702.0 0
7703.0 0
7704.0 0
7705.0 0
7706.0 0
7707.0 0
7708.0 0
7709.0 0
7710.0 0
7711.0 0
7712.0 0
7713.0 0
7714.0 0
7715.0 0
7716.0 0
7717.0 0
7718.0 0
7719.0 0
7720.0 1e-05
7721.0 1e-05
7722.0 0
7723.0 0
7724.0 0
7725.0 0
7726.0 0
7727.0 0
7728.0 0
7729.0 0
7730.0 0
7731.0 1e-05
7732.0 1e-05
7733.0 1e-05
7734.0 1e-05
7735.0 1e-05
7736.0 1e-05
7737.0 1e-05
7738.0 1e-05
7739.0 1e-05
7740.0 1e-05
7741.0 1e-05
7742.0 1e-05
7743.0 1e-05
7744.0 1e-05
7745.0 1e-05
7746.0 1e-05
7747.0 1e-05
7748.0 1e-05
7749.0 1e-05
7750.0 1e-05
7751.0 1e-05
7752.0 1e-05
7753.0 1e-05
7754.0 1e-05
7755.0 1e-05
7756.0 1e-05
7757.0 1e-05
7758.0 1e-05
7759.0 1e-05
7760.0 1e-05
7761.0 1e-05
7762.0 1e-05
7763.0 1e-05
7764.0 1e-05
7765.0 1e-05
7766.0 1e-05
7767.0 1e-05
7768.0 1e-05
7769.0 1e-05
7770.0 1e-05
7771.0 1e-05
7772.0 1e-05
7773.0 1e-05
7774.0 1e-05
7775.0 1e-05
7776.0 1e-05
7777.0 1e-05
7778.0 1e-05
7779.0 1e-05
7780.0 1e-05
7781.0 1e-05
7782.0 1e-05
7783.0 1e-05
7784.0 1e-05
7785.0 1e-05
7786.0 1e-05
7787.0 1e-05
7788.0 1e-05
7789.0 1e-05
7790.0 1e-05
7791.0 1e-05
7792.0 1e-05
7793.0 1e-05
7794.0 1e-05
7795.0 1e-05
7796.0 1e-05
7797.0 1e-05
7798.0 1e-05
7799.0 1e-05
7800.0 1e-05
7801.0 1e-05
7802.0 1e-05
7803.0 1e-05
7804.0 1e-05
7805.0 1e-05
7806.0 1e-05
7807.0 1e-05
7808.0 1e-05
7809.0 1e-05
7810.0 1e-05
7811.0 1e-05
7812.0 1e-05
7813.0 1e-05
7814.0 1e-05
7815.0 1e-05
7816.0 1e-05
7817.0 1e-05
7818.0 1e-05
7819.0 1e-05
7820.0 1e-05
7821.0 1e-05
7822.0 1e-05
7823.0 2e-05
7824.0 2e-05
7825.0 2e-05
7826.0 2e-05
7827.0 2e-05
7828.0 2e-05
7829.0 2e-05
7830.0 2e-05
7831.0 2e-05
7832.0 2e-05
7833.0 2e-05
7834.0 2e-05
7835.0 2e-05
7836.0 2e-05
7837.0 2e-05
7838.0 2e-05
7839.0 2e-05
7840.0 2e-05
7841.0 2e-05
7842.0 2e-05
7843.0 2e-05
7844.0 2e-05
7845.0 2e-05
7846.0 2e-05
7847.0 2e-05
7848.0 2e-05
7849.0 2e-05
7850.0 2e-05
7851.0 2e-05
7852.0 2e-05
7853.0 2e-05
7854.0 2e-05
7855.0 2e-05
7856.0 2e-05
7857.0 2e-05
7858.0 2e-05
7859.0 2e-05
7860.0 2e-05
7861.0 2e-05
7862.0 2e-05
7863.0 2e-05
7864.0 2e-05
7865.0 2e-05
7866.0 2e-05
7867.0 2e-05
7868.0 2e-05
7869.0 2e-05
7870.0 2e-05
7871.0 2e-05
7872.0 2e-05
7873.0 2e-05
7874.0 1e-05
7875.0 1e-05
7876.0 1e-05
7877.0 1e-05
7878.0 1e-05
7879.0 1e-05
7880.0 1e-05
7881.0 1e-05
7882.0 1e-05
7883.0 1e-05
7884.0 1e-05
7885.0 1e-05
7886.0 1e-05
7887.0 1e-05
7888.0 1e-05
7889.0 1e-05
7890.0 1e-05
7891.0 1e-05
7892.0 1e-05
7893.0 1e-05
7894.0 1e-05
7895.0 1e-05
7896.0 1e-05
7897.0 1e-05
7898.0 1e-05
7899.0 1e-05
7900.0 1e-05
7901.0 1e-05
7902.0 1e-05
7903.0 1e-05
7904.0 1e-05
7905.0 1e-05
7906.0 1e-05
7907.0 1e-05
7908.0 1e-05
7909.0 1e-05
7910.0 1e-05
7911.0 1e-05
7912.0 1e-05
7913.0 1e-05
7914.0 1e-05
7915.0 1e-05
7916.0 1e-05
7917.0 1e-05
7918.0 1e-05
7919.0 1e-05
7920.0 1e-05
7921.0 1e-05
7922.0 1e-05
7923.0 1e-05
7924.0 1e-05
7925.0 1e-05
7926.0 1e-05
7927.0 1e-05
7928.0 1e-05
7929.0 1e-05
7930.0 1e-05
7931.0 1e-05
7932.0 1e-05
7933.0 1e-05
7934.0 1e-05
7935.0 1e-05
7936.0 1e-05
7937.0 1e-05
7938.0 1e-05
7939.0 1e-05
7940.0 1e-05
7941.0 1e-05
7942.0 1e-05
7943.0 1e-05
7944.0 1e-05
7945.0 1e-05
7946.0 1e-05
7947.0 1e-05
7948.0 2e-05
7949.0 2e-05
7950.0 2e-05
7951.0 2e-05
7952.0 2e-05
7953.0 2e-05
7954.0 2e-05
7955.0 2e-05
7956.0 2e-05
7957.0 2e-05
7958.0 2e-05
7959.0 2e-05
7960.0 2e-05
7961.0 2e-05
7962.0 2e-05
7963.0 2e-05
7964.0 2e-05
7965.0 2e-05
7966.0 2e-05
7967.0 2e-05
7968.0 3e-05
7969.0 3e-05
7970.0 3e-05
7971.0 3e-05
7972.0 3e-05
7973.0 3e-05
7974.0 3e-05
7975.0 3e-05
7976.0 3e-05
7977.0 3e-05
7978.0 3e-05
7979.0 3e-05
7980.0 3e-05
7981.0 3e-05
7982.0 3e-05
7983.0 3e-05
7984.0 3e-05
7985.0 3e-05
7986.0 3e-05
7987.0 3e-05
7988.0 3e-05
7989.0 3e-05
7990.0 3e-05
7991.0 3e-05
7992.0 3e-05
7993.0 3e-05
7994.0 3e-05
7995.0 3e-05
7996.0 2e-05
7997.0 2e-05
7998.0 2e-05
7999.0 2e-05
8000.0 2e-05
8001.0 2e-05
8002.0 2e-05
8003.0 2e-05
8004.0 2e-05
8005.0 2e-05
8006.0 2e-05
8007.0 2e-05
8008.0 2e-05
8009.0 2e-05
8010.0 2e-05
8011.0 2e-05
8012.0 2e-05
8013.0 2e-05
8014.0 2e-05
8015.0 2e-05
8016.0 2e-05
8017.0 1e-05
8018.0 1e-05
8019.0 1e-05
8020.0 1e-05
8021.0 1e-05
8022.0 1e-05
8023.0 1e-05
8024.0 1e-05
8025.0 1e-05
8026.0 1e-05
8027.0 1e-05
8028.0 1e-05
8029.0 1e-05
8030.0 1e-05
8031.0 1e-05
8032.0 1e-05
8033.0 1e-05
8034.0 1e-05
8035.0 1e-05
8036.0 1e-05
8037.0 1e-05
8038.0 1e-05
8039.0 1e-05
8040.0 1e-05
8041.0 1e-05
8042.0 1e-05
8043.0 1e-05
8044.0 1e-05
8045.0 1e-05
8046.0 1e-05
8047.0 1e-05
8048.0 1e-05
8049.0 1e-05
8050.0 1e-05
8051.0 1e-05
8052.0 1e-05
8053.0 1e-05
8054.0 1e-05
8055.0 1e-05
8056.0 1e-05
8057.0 1e-05
8058.0 1e-05
8059.0 1e-05
8060.0 1e-05
8061.0 1e-05
8062.0 1e-05
8063.0 1e-05
8064.0 1e-05
8065.0 1e-05
8066.0 1e-05
8067.0 1e-05
8068.0 1e-05
8069.0 1e-05
8070.0 1e-05
8071.0 1e-05
8072.0 1e-05
8073.0 1e-05
8074.0 1e-05
8075.0 1e-05
8076.0 1e-05
8077.0 1e-05
8078.0 1e-05
8079.0 1e-05
8080.0 1e-05
8081.0 1e-05
8082.0 1e-05
8083.0 1e-05
8084.0 1e-05
8085.0 1e-05
8086.0 1e-05
8087.0 1e-05
8088.0 1e-05
8089.0 1e-05
8090.0 1e-05
8091.0 1e-05
8092.0 1e-05
8093.0 1e-05
8094.0 1e-05
8095.0 1e-05
8096.0 1e-05
8097.0 1e-05
8098.0 1e-05
8099.0 1e-05
8100.0 1e-05
8101.0 1e-05
8102.0 1e-05
8103.0 1e-05
8104.0 1e-05
8105.0 1e-05
8106.0 1e-05
8107.0 1e-05
8108.0 1e-05
8109.0 1e-05
8110.0 1e-05
8111.0 1e-05
8112.0 1e-05
8113.0 1e-05
8114.0 1e-05
8115.0 1e-05
8116.0 1e-05
8117.0 1e-05
8118.0 1e-05
8119.0 1e-05
8120.0 1e-05
8121.0 1e-05
8122.0 1e-05
8123.0 1e-05
8124.0 1e-05
8125.0 1e-05
8126.0 1e-05
8127.0 1e-05
8128.0 1e-05
8129.0 1e-05
8130.0 1e-05
8131.0 1e-05
8132.0 1e-05
8133.0 1e-05
8134.0 1e-05
8135.0 1e-05
8136.0 1e-05
8137.0 1e-05
8138.0 1e-05
8139.0 1e-05
8140.0 1e-05
8141.0 1e-05
8142.0 1e-05
8143.0 1e-05
8144.0 1e-05
8145.0 1e-05
8146.0 1e-05
8147.0 1e-05
8148.0 1e-05
8149.0 1e-05
8150.0 1e-05
8151.0 1e-05
8152.0 1e-05
8153.0 1e-05
8154.0 1e-05
8155.0 1e-05
8156.0 1e-05
8157.0 1e-05
8158.0 1e-05
8159.0 1e-05
8160.0 1e-05
8161.0 1e-05
8162.0 1e-05
8163.0 1e-05
8164.0 1e-05
8165.0 1e-05
8166.0 1e-05
8167.0 1e-05
8168.0 1e-05
8169.0 1e-05
8170.0 1e-05
8171.0 1e-05
8172.0 1e-05
8173.0 1e-05
8174.0 1e-05
8175.0 1e-05
8176.0 1e-05
8177.0 1e-05
8178.0 1e-05
8179.0 1e-05
8180.0 1e-05
8181.0 1e-05
8182.0 1e-05
8183.0 1e-05
8184.0 1e-05
8185.0 1e-05
8186.0 1e-05
8187.0 1e-05
8188.0 1e-05
8189.0 1e-05
8190.0 1e-05
8191.0 1e-05
8192.0 1e-05
8193.0 1e-05
8194.0 1e-05
8195.0 1e-05
8196.0 1e-05
8197.0 1e-05
8198.0 1e-05
8199.0 1e-05
8200.0 1e-05
8201.0 1e-05
8202.0 1e-05
8203.0 1e-05
8204.0 2e-05
8205.0 2e-05
8206.0 2e-05
8207.0 2e-05
8208.0 2e-05
8209.0 2e-05
8210.0 2e-05
8211.0 2e-05
8212.0 2e-05
8213.0 2e-05
8214.0 2e-05
8215.0 2e-05
8216.0 2e-05
8217.0 2e-05
8218.0 2e-05
8219.0 2e-05
8220.0 2e-05
8221.0 2e-05
8222.0 2e-05
8223.0 2e-05
8224.0 2e-05
8225.0 2e-05
8226.0 2e-05
8227.0 2e-05
8228.0 2e-05
8229.0 2e-05
8230.0 2e-05
8231.0 1e-05
8232.0 2e-05
8233.0 2e-05
8234.0 2e-05
8235.0 2e-05
8236.0 2e-05
8237.0 2e-05
8238.0 2e-05
8239.0 2e-05
8240.0 2e-05
8241.0 2e-05
8242.0 2e-05
8243.0 2e-05
8244.0 2e-05
8245.0 2e-05
8246.0 2e-05
8247.0 2e-05
8248.0 2e-05
8249.0 2e-05
8250.0 2e-05
8251.0 2e-05
8252.0 2e-05
8253.0 2e-05
8254.0 2e-05
8255.0 2e-05
8256.0 2e-05
8257.0 2e-05
8258.0 2e-05
8259.0 2e-05
8260.0 2e-05
8261.0 2e-05
8262.0 1e-05
8263.0 2e-05
8264.0 2e-05
8265.0 2e-05
8266.0 2e-05
8267.0 2e-05
8268.0 2e-05
8269.0 2e-05
8270.0 1e-05
8271.0 1e-05
8272.0 1e-05
8273.0 1e-05
8274.0 1e-05
8275.0 1e-05
8276.0 1e-05
8277.0 1e-05
8278.0 1e-05
8279.0 1e-05
8280.0 1e-05
8281.0 1e-05
8282.0 1e-05
8283.0 1e-05
8284.0 1e-05
8285.0 1e-05
8286.0 1e-05
8287.0 1e-05
8288.0 1e-05
8289.0 1e-05
8290.0 1e-05
8291.0 1e-05
8292.0 1e-05
8293.0 1e-05
8294.0 1e-05
8295.0 1e-05
8296.0 1e-05
8297.0 1e-05
8298.0 1e-05
8299.0 1e-05
8300.0 1e-05
8301.0 1e-05
8302.0 1e-05
8303.0 1e-05
8304.0 1e-05
8305.0 1e-05
8306.0 1e-05
8307.0 1e-05
8308.0 1e-05
8309.0 1e-05
8310.0 1e-05
8311.0 1e-05
8312.0 1e-05
8313.0 1e-05
8314.0 1e-05
8315.0 1e-05
8316.0 1e-05
8317.0 1e-05
8318.0 1e-05
8319.0 1e-05
8320.0 1e-05
8321.0 1e-05
8322.0 1e-05
8323.0 1e-05
8324.0 1e-05
8325.0 1e-05
8326.0 1e-05
8327.0 1e-05
8328.0 1e-05
8329.0 1e-05
8330.0 1e-05
8331.0 1e-05
8332.0 1e-05
8333.0 1e-05
8334.0 1e-05
8335.0 1e-05
8336.0 1e-05
8337.0 1e-05
8338.0 1e-05
8339.0 1e-05
8340.0 1e-05
8341.0 1e-05
8342.0 1e-05
8343.0 1e-05
8344.0 1e-05
8345.0 1e-05
8346.0 1e-05
8347.0 1e-05
8348.0 1e-05
8349.0 1e-05
8350.0 1e-05
8351.0 1e-05
8352.0 1e-05
8353.0 1e-05
8354.0 1e-05
8355.0 1e-05
8356.0 1e-05
8357.0 1e-05
8358.0 1e-05
8359.0 1e-05
8360.0 1e-05
8361.0 1e-05
8362.0 1e-05
8363.0 1e-05
8364.0 1e-05
8365.0 1e-05
8366.0 1e-05
8367.0 1e-05
8368.0 1e-05
8369.0 1e-05
8370.0 1e-05
8371.0 1e-05
8372.0 1e-05
8373.0 1e-05
8374.0 1e-05
8375.0 1e-05
8376.0 1e-05
8377.0 1e-05
8378.0 1e-05
8379.0 1e-05
8380.0 2e-05
8381.0 2e-05
8382.0 2e-05
8383.0 2e-05
8384.0 2e-05
8385.0 2e-05
8386.0 2e-05
8387.0 2e-05
8388.0 2e-05
8389.0 2e-05
8390.0 2e-05
8391.0 2e-05
8392.0 2e-05
8393.0 2e-05
8394.0 2e-05
8395.0 2e-05
8396.0 2e-05
8397.0 2e-05
8398.0 2e-05
8399.0 2e-05
8400.0 2e-05
8401.0 2e-05
8402.0 2e-05
8403.0 2e-05
8404.0 2e-05
8405.0 2e-05
8406.0 2e-05
8407.0 2e-05
8408.0 2e-05
8409.0 2e-05
8410.0 2e-05
8411.0 1e-05
8412.0 1e-05
8413.0 1e-05
8414.0 1e-05
8415.0 1e-05
8416.0 1e-05
8417.0 1e-05
8418.0 1e-05
8419.0 1e-05
8420.0 1e-05
8421.0 1e-05
8422.0 1e-05
8423.0 1e-05
8424.0 1e-05
8425.0 1e-05
8426.0 1e-05
8427.0 1e-05
8428.0 1e-05
8429.0 1e-05
8430.0 1e-05
8431.0 1e-05
8432.0 1e-05
8433.0 1e-05
8434.0 1e-05
8435.0 1e-05
8436.0 1e-05
8437.0 1e-05
8438.0 1e-05
8439.0 1e-05
8440.0 1e-05
8441.0 1e-05
8442.0 1e-05
8443.0 1e-05
8444.0 1e-05
8445.0 1e-05
8446.0 1e-05
8447.0 1e-05
8448.0 1e-05
8449.0 1e-05
8450.0 1e-05
8451.0 1e-05
8452.0 1e-05
8453.0 1e-05
8454.0 1e-05
8455.0 1e-05
8456.0 1e-05
8457.0 1e-05
8458.0 1e-05
8459.0 1e-05
8460.0 1e-05
8461.0 1e-05
8462.0 1e-05
8463.0 1e-05
8464.0 1e-05
8465.0 1e-05
8466.0 1e-05
8467.0 1e-05
8468.0 1e-05
8469.0 1e-05
8470.0 1e-05
8471.0 1e-05
8472.0 1e-05
8473.0 1e-05
8474.0 1e-05
8475.0 1e-05
8476.0 1e-05
8477.0 1e-05
8478.0 1e-05
8479.0 1e-05
8480.0 1e-05
8481.0 1e-05
8482.0 1e-05
8483.0 1e-05
8484.0 1e-05
8485.0 1e-05
8486.0 1e-05
8487.0 1e-05
8488.0 1e-05
8489.0 1e-05
8490.0 1e-05
8491.0 1e-05
8492.0 1e-05
8493.0 1e-05
8494.0 1e-05
8495.0 1e-05
8496.0 1e-05
8497.0 1e-05
8498.0 1e-05
8499.0 1e-05
8500.0 1e-05
8501.0 1e-05
8502.0 1e-05
8503.0 1e-05
8504.0 1e-05
8505.0 1e-05
8506.0 1e-05
8507.0 1e-05
8508.0 1e-05
8509.0 1e-05
8510.0 1e-05
8511.0 1e-05
8512.0 1e-05
8513.0 1e-05
8514.0 1e-05
8515.0 1e-05
8516.0 1e-05
8517.0 1e-05
8518.0 1e-05
8519.0 1e-05
8520.0 1e-05
8521.0 1e-05
8522.0 1e-05
8523.0 1e-05
8524.0 1e-05
8525.0 1e-05
8526.0 1e-05
8527.0 1e-05
8528.0 1e-05
8529.0 1e-05
8530.0 1e-05
8531.0 1e-05
8532.0 1e-05
8533.0 1e-05
8534.0 1e-05
8535.0 1e-05
8536.0 1e-05
8537.0 1e-05
8538.0 1e-05
8539.0 1e-05
8540.0 1e-05
8541.0 1e-05
8542.0 1e-05
8543.0 1e-05
8544.0 1e-05
8545.0 0
8546.0 0
8547.0 0
8548.0 0
8549.0 0
8550.0 0
8551.0 0
8552.0 0
8553.0 0
8554.0 0
8555.0 0
8556.0 0
8557.0 0
8558.0 0
8559.0 0
8560.0 0
8561.0 0
8562.0 0
8563.0 0
8564.0 0
8565.0 0
8566.0 0
8567.0 0
8568.0 0
8569.0 0
8570.0 0
8571.0 0
8572.0 0
8573.0 0
8574.0 0
8575.0 0
8576.0 0
8577.0 0
8578.0 0
8579.0 0
8580.0 0
8581.0 0
8582.0 0
8583.0 0
8584.0 0
8585.0 0
8586.0 0
8587.0 0
8588.0 0
8589.0 0
8590.0 0
8591.0 0
8592.0 0
8593.0 0
8594.0 0
8595.0 0
8596.0 0
8597.0 0
8598.0 0
8599.0 0
8600.0 0
8601.0 0
8602.0 0
8603.0 0
8604.0 0
8605.0 0
8606.0 0
8607.0 0
8608.0 0
8609.0 0
8610.0 0
8611.0 0
8612.0 0
8613.0 0
8614.0 0
8615.0 0
8616.0 0
8617.0 0
8618.0 0
8619.0 0
8620.0 0
8621.0 0
8622.0 0
8623.0 0
8624.0 0
8625.0 0
8626.0 0
8627.0 0
8628.0 0
8629.0 0
8630.0 0
8631.0 0
8632.0 0
8633.0 0
8634.0 0
8635.0 0
8636.0 0
8637.0 0
8638.0 0
8639.0 0
8640.0 0
8641.0 0
8642.0 0
8643.0 0
8644.0 1e-05
8645.0 1e-05
8646.0 1e-05
8647.0 1e-05
8648.0 1e-05
8649.0 1e-05
8650.0 1e-05
8651.0 1e-05
8652.0 1e-05
8653.0 1e-05
8654.0 1e-05
8655.0 1e-05
8656.0 1e-05
8657.0 1e-05
8658.0 1e-05
8659.0 1e-05
8660.0 1e-05
8661.0 1e-05
8662.0 1e-05
8663.0 1e-05
8664.0 1e-05
8665.0 1e-05
8666.0 1e-05
8667.0 1e-05
8668.0 1e-05
8669.0 1e-05
8670.0 1e-05
8671.0 1e-05
8672.0 1e-05
8673.0 1e-05
8674.0 1e-05
8675.0 1e-05
8676.0 1e-05
8677.0 1e-05
8678.0 1e-05
8679.0 1e-05
8680.0 1e-05
8681.0 1e-05
8682.0 1e-05
8683.0 1e-05
8684.0 1e-05
8685.0 1e-05
8686.0 1e-05
8687.0 1e-05
8688.0 1e-05
8689.0 1e-05
8690.0 1e-05
8691.0 1e-05
8692.0 1e-05
8693.0 1e-05
8694.0 1e-05
8695.0 1e-05
8696.0 1e-05
8697.0 1e-05
8698.0 1e-05
8699.0 1e-05
8700.0 1e-05
8701.0 1e-05
8702.0 1e-05
8703.0 1e-05
8704.0 1e-05
8705.0 1e-05
8706.0 1e-05
8707.0 1e-05
8708.0 1e-05
8709.0 1e-05
8710.0 1e-05
8711.0 1e-05
8712.0 1e-05
8713.0 1e-05
8714.0 1e-05
8715.0 1e-05
8716.0 1e-05
8717.0 1e-05
8718.0 1e-05
8719.0 1e-05
8720.0 1e-05
8721.0 1e-05
8722.0 1e-05
8723.0 1e-05
8724.0 1e-05
8725.0 1e-05
8726.0 1e-05
8727.0 1e-05
8728.0 1e-05
8729.0 1e-05
8730.0 1e-05
8731.0 1e-05
8732.0 1e-05
8733.0 1e-05
8734.0 1e-05
8735.0 1e-05
8736.0 1e-05
8737.0 1e-05
8738.0 1e-05
8739.0 1e-05
8740.0 1e-05
8741.0 1e-05
8742.0 1e-05
8743.0 1e-05
8744.0 1e-05
8745.0 1e-05
8746.0 1e-05
8747.0 1e-05
8748.0 1e-05
8749.0 1e-05
8750.0 1e-05
8751.0 1e-05
8752.0 1e-05
8753.0 1e-05
8754.0 1e-05
8755.0 1e-05
8756.0 1e-05
8757.0 1e-05
8758.0 1e-05
8759.0 1e-05
8760.0 1e-05
8761.0 1e-05
8762.0 1e-05
8763.0 1e-05
8764.0 1e-05
8765.0 1e-05
8766.0 1e-05
8767.0 1e-05
8768.0 1e-05
8769.0 1e-05
8770.0 1e-05
8771.0 1e-05
8772.0 1e-05
8773.0 1e-05
8774.0 1e-05
8775.0 1e-05
8776.0 1e-05
8777.0 1e-05
8778.0 1e-05
8779.0 1e-05
8780.0 1e-05
8781.0 1e-05
8782.0 1e-05
8783.0 1e-05
8784.0 1e-05
8785.0 1e-05
8786.0 1e-05
8787.0 1e-05
8788.0 1e-05
8789.0 1e-05
8790.0 1e-05
8791.0 1e-05
8792.0 1e-05
8793.0 1e-05
8794.0 1e-05
8795.0 1e-05
8796.0 1e-05
8797.0 1e-05
8798.0 1e-05
8799.0 1e-05
8800.0 1e-05
8801.0 1e-05
8802.0 1e-05
8803.0 1e-05
8804.0 1e-05
8805.0 1e-05
8806.0 1e-05
8807.0 1e-05
8808.0 1e-05
8809.0 1e-05
8810.0 1e-05
8811.0 1e-05
8812.0 1e-05
8813.0 1e-05
8814.0 1e-05
8815.0 1e-05
8816.0 1e-05
8817.0 1e-05
8818.0 1e-05
8819.0 1e-05
8820.0 1e-05
8821.0 1e-05
8822.0 1e-05
8823.0 1e-05
8824.0 1e-05
8825.0 1e-05
8826.0 1e-05
8827.0 1e-05
8828.0 1e-05
8829.0 1e-05
8830.0 1e-05
8831.0 1e-05
8832.0 1e-05
8833.0 1e-05
8834.0 1e-05
8835.0 1e-05
8836.0 1e-05
8837.0 1e-05
8838.0 1e-05
8839.0 1e-05
8840.0 1e-05
8841.0 1e-05
8842.0 1e-05
8843.0 1e-05
8844.0 1e-05
8845.0 1e-05
8846.0 1e-05
8847.0 1e-05
8848.0 1e-05
8849.0 1e-05
8850.0 1e-05
8851.0 1e-05
8852.0 1e-05
8853.0 1e-05
8854.0 1e-05
8855.0 1e-05
8856.0 1e-05
8857.0 1e-05
8858.0 1e-05
8859.0 1e-05
8860.0 1e-05
8861.0 1e-05
8862.0 1e-05
8863.0 1e-05
8864.0 1e-05
8865.0 1e-05
8866.0 1e-05
8867.0 1e-05
8868.0 1e-05
8869.0 1e-05
8870.0 1e-05
8871.0 1e-05
8872.0 1e-05
8873.0 1e-05
8874.0 1e-05
8875.0 1e-05
8876.0 1e-05
8877.0 1e-05
8878.0 1e-05
8879.0 1e-05
8880.0 1e-05
8881.0 1e-05
8882.0 1e-05
8883.0 1e-05
8884.0 1e-05
8885.0 1e-05
8886.0 1e-05
8887.0 1e-05
8888.0 1e-05
8889.0 1e-05
8890.0 1e-05
8891.0 1e-05
8892.0 1e-05
8893.0 1e-05
8894.0 1e-05
8895.0 1e-05
8896.0 1e-05
8897.0 1e-05
8898.0 1e-05
8899.0 1e-05
8900.0 1e-05
8901.0 1e-05
8902.0 1e-05
8903.0 1e-05
8904.0 1e-05
8905.0 1e-05
8906.0 1e-05
8907.0 1e-05
8908.0 1e-05
8909.0 1e-05
8910.0 1e-05
8911.0 1e-05
8912.0 1e-05
8913.0 1e-05
8914.0 1e-05
8915.0 1e-05
8916.0 1e-05
8917.0 1e-05
8918.0 1e-05
8919.0 1e-05
8920.0 1e-05
8921.0 1e-05
8922.0 1e-05
8923.0 1e-05
8924.0 1e-05
8925.0 1e-05
8926.0 1e-05
8927.0 1e-05
8928.0 1e-05
8929.0 1e-05
8930.0 1e-05
8931.0 1e-05
8932.0 1e-05
8933.0 1e-05
8934.0 1e-05
8935.0 1e-05
8936.0 1e-05
8937.0 1e-05
8938.0 1e-05
8939.0 1e-05
8940.0 1e-05
8941.0 1e-05
8942.0 1e-05
8943.0 0
8944.0 1e-05
8945.0 0
8946.0 1e-05
8947.0 0
8948.0 1e-05
8949.0 0
8950.0 0
8951.0 0
8952.0 0
8953.0 0
8954.0 0
8955.0 0
8956.0 0
8957.0 0
8958.0 0
8959.0 0
8960.0 0
8961.0 0
8962.0 0
8963.0 0
8964.0 0
8965.0 0
8966.0 0
8967.0 0
8968.0 0
8969.0 0
8970.0 0
8971.0 0
8972.0 0
8973.0 0
8974.0 0
8975.0 0
8976.0 0
8977.0 0
8978.0 0
8979.0 0
8980.0 0
8981.0 0
8982.0 0
8983.0 0
8984.0 0
8985.0 0
8986.0 0
8987.0 0
8988.0 0
8989.0 0
8990.0 0
8991.0 0
8992.0 0
8993.0 0
8994.0 0
8995.0 0
8996.0 0
8997.0 0
8998.0 0
8999.0 0
9000.0 0
9001.0 0
9002.0 0
9003.0 0
9004.0 0
9005.0 0
9006.0 0
9007.0 0
9008.0 0
9009.0 0
9010.0 0
9011.0 0
9012.0 0
9013.0 0
9014.0 0
9015.0 0
9016.0 0
9017.0 0
9018.0 0
9019.0 0
9020.0 0
9021.0 0
9022.0 0
9023.0 0
9024.0 0
9025.0 0
9026.0 0
9027.0 0
9028.0 0
9029.0 0
9030.0 0
9031.0 0
9032.0 0
9033.0 0
9034.0 0
9035.0 0
9036.0 1e-05
9037.0 0
9038.0 1e-05
9039.0 1e-05
9040.0 1e-05
9041.0 1e-05
9042.0 1e-05
9043.0 1e-05
9044.0 1e-05
9045.0 1e-05
9046.0 1e-05
9047.0 1e-05
9048.0 1e-05
9049.0 1e-05
9050.0 1e-05
9051.0 1e-05
9052.0 1e-05
9053.0 1e-05
9054.0 1e-05
9055.0 1e-05
9056.0 1e-05
9057.0 1e-05
9058.0 1e-05
9059.0 1e-05
9060.0 1e-05
9061.0 1e-05
9062.0 1e-05
9063.0 1e-05
9064.0 1e-05
9065.0 1e-05
9066.0 1e-05
9067.0 1e-05
9068.0 1e-05
9069.0 1e-05
9070.0 1e-05
9071.0 1e-05
9072.0 1e-05
9073.0 1e-05
9074.0 1e-05
9075.0 1e-05
9076.0 1e-05
9077.0 1e-05
9078.0 1e-05
9079.0 1e-05
9080.0 1e-05
9081.0 1e-05
9082.0 1e-05
9083.0 1e-05
9084.0 1e-05
9085.0 1e-05
9086.0 1e-05
9087.0 1e-05
9088.0 1e-05
9089.0 1e-05
9090.0 1e-05
9091.0 1e-05
9092.0 1e-05
9093.0 1e-05
9094.0 1e-05
9095.0 1e-05
9096.0 1e-05
9097.0 1e-05
9098.0 1e-05
9099.0 1e-05
9100.0 1e-05
9101.0 1e-05
9102.0 1e-05
9103.0 1e-05
9104.0 1e-05
9105.0 1e-05
9106.0 1e-05
9107.0 1e-05
9108.0 1e-05
9109.0 1e-05
9110.0 1e-05
9111.0 1e-05
9112.0 1e-05
9113.0 1e-05
9114.0 1e-05
9115.0 1e-05
9116.0 1e-05
9117.0 1e-05
9118.0 1e-05
9119.0 1e-05
9120.0 1e-05
9121.0 0
9122.0 1e-05
9123.0 1e-05
9124.0 1e-05
9125.0 1e-05
9126.0 1e-05
9127.0 0
9128.0 1e-05
9129.0 0
9130.0 0
9131.0 0
9132.0 0
9133.0 0
9134.0 0
9135.0 0
9136.0 0
9137.0 0
9138.0 0
9139.0 0
9140.0 0
9141.0 0
9142.0 0
9143.0 0
9144.0 0
9145.0 0
9146.0 0
9147.0 0
9148.0 0
9149.0 0
9150.0 0
9151.0 0
9152.0 0
9153.0 0
9154.0 0
9155.0 0
9156.0 0
9157.0 0
9158.0 0
9159.0 0
9160.0 0
9161.0 0
9162.0 0
9163.0 0
9164.0 0
9165.0 0
9166.0 0
9167.0 0
9168.0 0
9169.0 0
9170.0 0
9171.0 0
9172.0 0
9173.0 0
9174.0 0
9175.0 0
9176.0 0
9177.0 0
9178.0 0
9179.0 0
9180.0 0
9181.0 0
9182.0 0
9183.0 0
9184.0 0
9185.0 0
9186.0 0
9187.0 0
9188.0 0
9189.0 0
9190.0 0
9191.0 0
9192.0 0
9193.0 0
9194.0 0
9195.0 0
9196.0 0
9197.0 0
9198.0 0
9199.0 0
9200.0 0
9201.0 0
9202.0 0
9203.0 0
9204.0 0
9205.0 0
9206.0 0
9207.0 0
9208.0 0
9209.0 0
9210.0 0
9211.0 0
9212.0 0
9213.0 0
9214.0 0
9215.0 0
9216.0 0
9217.0 0
9218.0 0
9219.0 0
9220.0 0
9221.0 0
9222.0 0
9223.0 0
9224.0 0
9225.0 0
9226.0 0
9227.0 0
9228.0 0
9229.0 0
9230.0 0
9231.0 0
9232.0 0
9233.0 0
9234.0 0
9235.0 0
9236.0 0
9237.0 0
9238.0 0
9239.0 0
9240.0 0
9241.0 0
9242.0 0
9243.0 0
9244.0 1e-05
9245.0 1e-05
9246.0 1e-05
9247.0 0
9248.0 1e-05
9249.0 0
9250.0 1e-05
9251.0 1e-05
9252.0 1e-05
9253.0 1e-05
9254.0 1e-05
9255.0 1e-05
9256.0 1e-05
9257.0 1e-05
9258.0 1e-05
9259.0 1e-05
9260.0 1e-05
9261.0 1e-05
9262.0 1e-05
9263.0 1e-05
9264.0 1e-05
9265.0 1e-05
9266.0 1e-05
9267.0 1e-05
9268.0 1e-05
9269.0 1e-05
9270.0 1e-05
9271.0 1e-05
9272.0 1e-05
9273.0 1e-05
9274.0 1e-05
9275.0 1e-05
9276.0 1e-05
9277.0 1e-05
9278.0 1e-05
9279.0 1e-05
9280.0 1e-05
9281.0 0
9282.0 0
9283.0 0
9284.0 1e-05
9285.0 0
9286.0 0
9287.0 0
9288.0 0
9289.0 0
9290.0 0
9291.0 0
9292.0 0
9293.0 0
9294.0 0
9295.0 0
9296.0 0
9297.0 0
9298.0 0
9299.0 0
9300.0 0
9301.0 0
9302.0 0
9303.0 0
9304.0 0
9305.0 0
9306.0 0
9307.0 0
9308.0 0
9309.0 0
9310.0 0
9311.0 0
9312.0 0
9313.0 0
9314.0 0
9315.0 0
9316.0 0
9317.0 0
9318.0 0
9319.0 0
9320.0 0
9321.0 0
9322.0 0
9323.0 0
9324.0 0
9325.0 0
9326.0 0
9327.0 0
9328.0 0
9329.0 0
9330.0 0
9331.0 0
9332.0 0
9333.0 0
9334.0 0
9335.0 0
9336.0 0
9337.0 0
9338.0 0
9339.0 0
9340.0 0
9341.0 0
9342.0 0
9343.0 0
9344.0 0
9345.0 0
9346.0 0
9347.0 0
9348.0 0
9349.0 0
9350.0 0
9351.0 0
9352.0 0
9353.0 0
9354.0 0
9355.0 0
9356.0 0
9357.0 0
9358.0 0
9359.0 0
9360.0 0
9361.0 0
9362.0 0
9363.0 0
9364.0 0
9365.0 0
9366.0 0
9367.0 0
9368.0 0
9369.0 0
9370.0 0
9371.0 0
9372.0 0
9373.0 0
9374.0 0
9375.0 0
9376.0 0
9377.0 0
9378.0 0
9379.0 0
9380.0 0
9381.0 0
9382.0 0
9383.0 0
9384.0 0
9385.0 0
9386.0 0
9387.0 0
9388.0 0
9389.0 0
9390.0 0
9391.0 0
9392.0 0
9393.0 0
9394.0 0
9395.0 0
9396.0 0
9397.0 0
9398.0 0
9399.0 0
9400.0 0
9401.0 0
9402.0 0
9403.0 0
9404.0 0
9405.0 0
9406.0 0
9407.0 0
9408.0 0
9409.0 0
9410.0 0
9411.0 0
9412.0 0
9413.0 0
9414.0 0
9415.0 0
9416.0 0
9417.0 0
9418.0 1e-05
9419.0 1e-05
9420.0 0
9421.0 0
9422.0 1e-05
9423.0 1e-05
9424.0 0
9425.0 1e-05
9426.0 1e-05
9427.0 1e-05
9428.0 1e-05
9429.0 0
9430.0 0
9431.0 0
9432.0 1e-05
9433.0 0
9434.0 1e-05
9435.0 1e-05
9436.0 1e-05
9437.0 1e-05
9438.0 1e-05
9439.0 1e-05
9440.0 0
9441.0 0
9442.0 1e-05
9443.0 0
9444.0 0
9445.0 0
9446.0 0
9447.0 0
9448.0 0
9449.0 0
9450.0 0
9451.0 0
9452.0 0
9453.0 0
9454.0 0
9455.0 0
9456.0 0
9457.0 0
9458.0 0
9459.0 0
9460.0 0
9461.0 0
9462.0 0
9463.0 0
9464.0 0
9465.0 0
9466.0 0
9467.0 0
9468.0 0
9469.0 0
9470.0 0
9471.0 0
9472.0 0
9473.0 0
9474.0 0
9475.0 0
9476.0 0
9477.0 0
9478.0 0
9479.0 0
9480.0 0
9481.0 0
9482.0 0
9483.0 0
9484.0 0
9485.0 0
9486.0 0
9487.0 0
9488.0 0
9489.0 0
9490.0 0
9491.0 0
9492.0 0
9493.0 0
9494.0 0
9495.0 0
9496.0 0
9497.0 0
9498.0 0
9499.0 0
9500.0 0
9501.0 0
9502.0 0
9503.0 0
9504.0 0
9505.0 0
9506.0 0
9507.0 0
9508.0 0
9509.0 0
9510.0 0
9511.0 0
9512.0 0
9513.0 0
9514.0 0
9515.0 0
9516.0 0
9517.0 0
9518.0 0
9519.0 0
9520.0 0
9521.0 0
9522.0 0
9523.0 0
9524.0 0
9525.0 0
9526.0 0
9527.0 0
9528.0 0
9529.0 0
9530.0 0
9531.0 0
9532.0 0
9533.0 0
9534.0 0
9535.0 0
9536.0 0
9537.0 0
9538.0 0
9539.0 0
9540.0 0
9541.0 0
9542.0 0
9543.0 0
9544.0 0
9545.0 0
9546.0 0
9547.0 0
9548.0 0
9549.0 0
9550.0 0
9551.0 0
9552.0 0
9553.0 0
9554.0 0
9555.0 0
9556.0 0
9557.0 0
9558.0 0
9559.0 0
9560.0 0
9561.0 0
9562.0 0
9563.0 0
9564.0 0
9565.0 0
9566.0 0
9567.0 0
9568.0 0
9569.0 0
9570.0 0
9571.0 0
9572.0 0
9573.0 0
9574.0 0
9575.0 0
9576.0 0
9577.0 0
9578.0 0
9579.0 0
9580.0 0
9581.0 0
9582.0 0
9583.0 0
9584.0 0
9585.0 0
9586.0 0
9587.0 0
9588.0 0
9589.0 0
9590.0 0
9591.0 0
9592.0 0
9593.0 0
9594.0 0
9595.0 0
9596.0 0
9597.0 0
9598.0 0
9599.0 0
9600.0 0
9601.0 0
9602.0 0
9603.0 0
9604.0 0
9605.0 1e-05
9606.0 1e-05
9607.0 0
9608.0 0
9609.0 0
9610.0 1e-05
9611.0 1e-05
9612.0 1e-05
9613.0 0
9614.0 1e-05
9615.0 1e-05
9616.0 1e-05
9617.0 0
9618.0 0
9619.0 1e-05
9620.0 1e-05
9621.0 0
9622.0 1e-05
9623.0 0
