# 7DT m450 band -- total system transmission.
# Columns: wavelength [Angstrom]   transmission [dimensionless].
# Source: 7DT_transmission_23bands/m450.csv, delivered 2026-08-27 by
#   Eunjae Herr (Im Lab, Seoul National University) for the NGC 1380 program.
#   Source file sha256 c2958a8da699d22bbd28e2aa994ef596a2def6ec978cbeffc4eda2c991832fec.
# Conversion: wavelength multiplied by 10 (delivered in nanometers on a uniform
#   0.1 nm grid, 300-1000 nm); transmission untouched. Leading and trailing runs
#   of exact zeros trimmed, one zero row kept on each side as an edge anchor.
# Peak transmission is 0.5707, well below 1: detector QE and optics are
#   already folded into these curves. Do not renormalize. For AB synthetic
#   photometry the overall scale cancels in the ratio of the two bandpass
#   integrals, so only the shape matters.
3623.0 0
3624.0 1e-05
3625.0 0
3626.0 0
3627.0 0
3628.0 0
3629.0 0
3630.0 0
3631.0 0
3632.0 0
3633.0 0
3634.0 0
3635.0 0
3636.0 0
3637.0 0
3638.0 0
3639.0 0
3640.0 0
3641.0 0
3642.0 0
3643.0 0
3644.0 0
3645.0 0
3646.0 0
3647.0 0
3648.0 0
3649.0 0
3650.0 0
3651.0 0
3652.0 0
3653.0 0
3654.0 0
3655.0 0
3656.0 0
3657.0 0
3658.0 0
3659.0 0
3660.0 0
3661.0 0
3662.0 0
3663.0 1e-05
3664.0 1e-05
3665.0 0
3666.0 0
3667.0 0
3668.0 0
3669.0 0
3670.0 0
3671.0 0
3672.0 0
3673.0 0
3674.0 0
3675.0 0
3676.0 0
3677.0 0
3678.0 0
3679.0 0
3680.0 0
3681.0 0
3682.0 0
3683.0 0
3684.0 0
3685.0 0
3686.0 0
3687.0 0
3688.0 0
3689.0 0
3690.0 0
3691.0 0
3692.0 0
3693.0 0
3694.0 0
3695.0 0
3696.0 0
3697.0 0
3698.0 0
3699.0 0
3700.0 0
3701.0 0
3702.0 0
3703.0 0
3704.0 0
3705.0 0
3706.0 0
3707.0 0
3708.0 0
3709.0 0
3710.0 0
3711.0 0
3712.0 0
3713.0 0
3714.0 0
3715.0 2e-05
3716.0 4e-05
3717.0 2e-05
3718.0 0
3719.0 0
3720.0 0
3721.0 0
3722.0 0
3723.0 0
3724.0 0
3725.0 0
3726.0 0
3727.0 0
3728.0 0
3729.0 0
3730.0 0
3731.0 0
3732.0 0
3733.0 0
3734.0 0
3735.0 0
3736.0 0
3737.0 0
3738.0 0
3739.0 0
3740.0 0
3741.0 0
3742.0 0
3743.0 0
3744.0 0
3745.0 0
3746.0 0
3747.0 0
3748.0 0
3749.0 0
3750.0 0
3751.0 0
3752.0 0
3753.0 0
3754.0 0
3755.0 0
3756.0 0
3757.0 0
3758.0 0
3759.0 0
3760.0 0
3761.0 0
3762.0 0
3763.0 0
3764.0 0
3765.0 0
3766.0 0
3767.0 0
3768.0 0
3769.0 0
3770.0 0
3771.0 0
3772.0 0
3773.0 0
3774.0 0
3775.0 0
3776.0 0
3777.0 0
3778.0 0
3779.0 0
3780.0 0
3781.0 0
3782.0 0
3783.0 0
3784.0 0
3785.0 0
3786.0 0
3787.0 0
3788.0 0
3789.0 0
3790.0 0
3791.0 0
3792.0 0
3793.0 0
3794.0 0
3795.0 0
3796.0 0
3797.0 0
3798.0 0
3799.0 0
3800.0 0
3801.0 0
3802.0 0
3803.0 0
3804.0 0
3805.0 0
3806.0 0
3807.0 0
3808.0 0
3809.0 0
3810.0 0
3811.0 0
3812.0 0
3813.0 0
3814.0 0
3815.0 0
3816.0 0
3817.0 0
3818.0 0
3819.0 0
3820.0 0
3821.0 0
3822.0 0
3823.0 0
3824.0 0
3825.0 0
3826.0 0
3827.0 0
3828.0 0
3829.0 0
3830.0 0
3831.0 0
3832.0 0
3833.0 0
3834.0 0
3835.0 0
3836.0 0
3837.0 0
3838.0 0
3839.0 0
3840.0 0
3841.0 1e-05
3842.0 1e-05
3843.0 1e-05
3844.0 0
3845.0 0
3846.0 0
3847.0 0
3848.0 0
3849.0 0
3850.0 0
3851.0 0
3852.0 0
3853.0 0
3854.0 0
3855.0 0
3856.0 0
3857.0 0
3858.0 0
3859.0 0
3860.0 0
3861.0 1e-05
3862.0 1e-05
3863.0 1e-05
3864.0 0
3865.0 0
3866.0 0
3867.0 0
3868.0 0
3869.0 0
3870.0 0
3871.0 0
3872.0 0
3873.0 0
3874.0 0
3875.0 0
3876.0 0
3877.0 1e-05
3878.0 2e-05
3879.0 1e-05
3880.0 1e-05
3881.0 0
3882.0 0
3883.0 0
3884.0 0
3885.0 0
3886.0 0
3887.0 0
3888.0 0
3889.0 0
3890.0 0
3891.0 0
3892.0 0
3893.0 0
3894.0 0
3895.0 0
3896.0 0
3897.0 0
3898.0 0
3899.0 0
3900.0 0
3901.0 0
3902.0 0
3903.0 1e-05
3904.0 2e-05
3905.0 1e-05
3906.0 0
3907.0 0
3908.0 0
3909.0 0
3910.0 0
3911.0 0
3912.0 0
3913.0 0
3914.0 0
3915.0 0
3916.0 0
3917.0 0
3918.0 0
3919.0 0
3920.0 0
3921.0 0
3922.0 0
3923.0 0
3924.0 0
3925.0 0
3926.0 0
3927.0 0
3928.0 0
3929.0 0
3930.0 0
3931.0 0
3932.0 0
3933.0 0
3934.0 0
3935.0 0
3936.0 0
3937.0 0
3938.0 0
3939.0 0
3940.0 0
3941.0 0
3942.0 0
3943.0 0
3944.0 0
3945.0 0
3946.0 0
3947.0 0
3948.0 0
3949.0 0
3950.0 0
3951.0 0
3952.0 0
3953.0 0
3954.0 0
3955.0 0
3956.0 0
3957.0 0
3958.0 0
3959.0 0
3960.0 0
3961.0 0
3962.0 0
3963.0 0
3964.0 0
3965.0 0
3966.0 0
3967.0 0
3968.0 0
3969.0 0
3970.0 0
3971.0 0
3972.0 0
3973.0 0
3974.0 0
3975.0 0
3976.0 0
3977.0 0
3978.0 0
3979.0 0
3980.0 0
3981.0 0
3982.0 0
3983.0 0
3984.0 0
3985.0 0
3986.0 0
3987.0 0
3988.0 0
3989.0 0
3990.0 0
3991.0 0
3992.0 0
3993.0 0
3994.0 0
3995.0 0
3996.0 0
3997.0 0
3998.0 0
3999.0 0
4000.0 0
4001.0 0
4002.0 0
4003.0 0
4004.0 0
4005.0 0
4006.0 0
4007.0 0
4008.0 0
4009.0 0
4010.0 0
4011.0 0
4012.0 0
4013.0 0
4014.0 0
4015.0 0
4016.0 0
4017.0 0
4018.0 0
4019.0 0
4020.0 0
4021.0 0
4022.0 0
4023.0 0
4024.0 0
4025.0 0
4026.0 0
4027.0 0
4028.0 0
4029.0 0
4030.0 0
4031.0 0
4032.0 0
4033.0 0
4034.0 0
4035.0 0
4036.0 0
4037.0 0
4038.0 0
4039.0 0
4040.0 0
4041.0 0
4042.0 0
4043.0 0
4044.0 0
4045.0 0
4046.0 0
4047.0 0
4048.0 0
4049.0 0
4050.0 0
4051.0 0
4052.0 0
4053.0 0
4054.0 0
4055.0 0
4056.0 0
4057.0 0
4058.0 0
4059.0 0
4060.0 0
4061.0 0
4062.0 0
4063.0 0
4064.0 0
4065.0 0
4066.0 0
4067.0 0
4068.0 0
4069.0 0
4070.0 0
4071.0 0
4072.0 0
4073.0 0
4074.0 0
4075.0 0
4076.0 0
4077.0 0
4078.0 0
4079.0 0
4080.0 0
4081.0 0
4082.0 0
4083.0 0
4084.0 0
4085.0 0
4086.0 0
4087.0 0
4088.0 0
4089.0 0
4090.0 0
4091.0 0
4092.0 0
4093.0 0
4094.0 0
4095.0 0
4096.0 0
4097.0 0
4098.0 0
4099.0 0
4100.0 0
4101.0 0
4102.0 0
4103.0 0
4104.0 0
4105.0 0
4106.0 0
4107.0 0
4108.0 0
4109.0 0
4110.0 0
4111.0 0
4112.0 0
4113.0 0
4114.0 0
4115.0 0
4116.0 0
4117.0 0
4118.0 0
4119.0 0
4120.0 0
4121.0 0
4122.0 0
4123.0 0
4124.0 0
4125.0 0
4126.0 0
4127.0 0
4128.0 0
4129.0 0
4130.0 0
4131.0 0
4132.0 0
4133.0 0
4134.0 0
4135.0 0
4136.0 0
4137.0 0
4138.0 0
4139.0 0
4140.0 0
4141.0 0
4142.0 0
4143.0 0
4144.0 0
4145.0 0
4146.0 0
4147.0 0
4148.0 0
4149.0 0
4150.0 0
4151.0 0
4152.0 0
4153.0 0
4154.0 0
4155.0 0
4156.0 0
4157.0 0
4158.0 0
4159.0 0
4160.0 0
4161.0 0
4162.0 0
4163.0 0
4164.0 0
4165.0 0
4166.0 0
4167.0 0
4168.0 0
4169.0 0
4170.0 0
4171.0 0
4172.0 0
4173.0 0
4174.0 0
4175.0 0
4176.0 0
4177.0 0
4178.0 0
4179.0 0
4180.0 0
4181.0 0
4182.0 0
4183.0 0
4184.0 0
4185.0 0
4186.0 0
4187.0 0
4188.0 0
4189.0 0
4190.0 0
4191.0 0
4192.0 0
4193.0 0
4194.0 0
4195.0 0
4196.0 0
4197.0 0
4198.0 0
4199.0 0
4200.0 0
4201.0 1e-05
4202.0 1e-05
4203.0 1e-05
4204.0 1e-05
4205.0 1e-05
4206.0 1e-05
4207.0 1e-05
4208.0 1e-05
4209.0 1e-05
4210.0 1e-05
4211.0 1e-05
4212.0 1e-05
4213.0 1e-05
4214.0 1e-05
4215.0 1e-05
4216.0 1e-05
4217.0 1e-05
4218.0 1e-05
4219.0 1e-05
4220.0 1e-05
4221.0 1e-05
4222.0 1e-05
4223.0 1e-05
4224.0 1e-05
4225.0 1e-05
4226.0 1e-05
4227.0 1e-05
4228.0 1e-05
4229.0 1e-05
4230.0 2e-05
4231.0 2e-05
4232.0 2e-05
4233.0 2e-05
4234.0 2e-05
4235.0 2e-05
4236.0 2e-05
4237.0 2e-05
4238.0 2e-05
4239.0 2e-05
4240.0 2e-05
4241.0 2e-05
4242.0 2e-05
4243.0 2e-05
4244.0 3e-05
4245.0 3e-05
4246.0 3e-05
4247.0 3e-05
4248.0 3e-05
4249.0 3e-05
4250.0 3e-05
4251.0 3e-05
4252.0 3e-05
4253.0 4e-05
4254.0 4e-05
4255.0 4e-05
4256.0 4e-05
4257.0 4e-05
4258.0 4e-05
4259.0 5e-05
4260.0 5e-05
4261.0 5e-05
4262.0 5e-05
4263.0 5e-05
4264.0 6e-05
4265.0 6e-05
4266.0 6e-05
4267.0 7e-05
4268.0 7e-05
4269.0 7e-05
4270.0 8e-05
4271.0 8e-05
4272.0 8e-05
4273.0 9e-05
4274.0 9e-05
4275.0 0.0001
4276.0 0.0001
4277.0 0.00011
4278.0 0.00011
4279.0 0.00012
4280.0 0.00012
4281.0 0.00013
4282.0 0.00013
4283.0 0.00014
4284.0 0.00015
4285.0 0.00016
4286.0 0.00017
4287.0 0.00018
4288.0 0.00018
4289.0 0.0002
4290.0 0.00021
4291.0 0.00022
4292.0 0.00023
4293.0 0.00024
4294.0 0.00026
4295.0 0.00027
4296.0 0.00029
4297.0 0.00031
4298.0 0.00032
4299.0 0.00034
4300.0 0.00037
4301.0 0.00039
4302.0 0.00041
4303.0 0.00044
4304.0 0.00046
4305.0 0.00049
4306.0 0.00052
4307.0 0.00056
4308.0 0.00059
4309.0 0.00063
4310.0 0.00067
4311.0 0.00072
4312.0 0.00077
4313.0 0.00082
4314.0 0.00087
4315.0 0.00093
4316.0 0.001
4317.0 0.00107
4318.0 0.00114
4319.0 0.00123
4320.0 0.00131
4321.0 0.00141
4322.0 0.00151
4323.0 0.00162
4324.0 0.00174
4325.0 0.00187
4326.0 0.00201
4327.0 0.00217
4328.0 0.00233
4329.0 0.00251
4330.0 0.0027
4331.0 0.00292
4332.0 0.00315
4333.0 0.00341
4334.0 0.00368
4335.0 0.00399
4336.0 0.00431
4337.0 0.00468
4338.0 0.00506
4339.0 0.00551
4340.0 0.00596
4341.0 0.00651
4342.0 0.00705
4343.0 0.0077
4344.0 0.00836
4345.0 0.00915
4346.0 0.00994
4347.0 0.0109
4348.0 0.01186
4349.0 0.01303
4350.0 0.0142
4351.0 0.01563
4352.0 0.01705
4353.0 0.0188
4354.0 0.02054
4355.0 0.02268
4356.0 0.02482
4357.0 0.02744
4358.0 0.03006
4359.0 0.03329
4360.0 0.03651
4361.0 0.04048
4362.0 0.04444
4363.0 0.0493
4364.0 0.05417
4365.0 0.06011
4366.0 0.06606
4367.0 0.0733
4368.0 0.08055
4369.0 0.0893
4370.0 0.09806
4371.0 0.1085
4372.0 0.11896
4373.0 0.13125
4374.0 0.14356
4375.0 0.15773
4376.0 0.17192
4377.0 0.18786
4378.0 0.20382
4379.0 0.22122
4380.0 0.23865
4381.0 0.25696
4382.0 0.27532
4383.0 0.29386
4384.0 0.31244
4385.0 0.33056
4386.0 0.34872
4387.0 0.36557
4388.0 0.38245
4389.0 0.39716
4390.0 0.41189
4391.0 0.4241
4392.0 0.43637
4393.0 0.44602
4394.0 0.45569
4395.0 0.46299
4396.0 0.47029
4397.0 0.47548
4398.0 0.48066
4399.0 0.48433
4400.0 0.48801
4401.0 0.49044
4402.0 0.49286
4403.0 0.49452
4404.0 0.49617
4405.0 0.49721
4406.0 0.49817
4407.0 0.49881
4408.0 0.49945
4409.0 0.49993
4410.0 0.5004
4411.0 0.50075
4412.0 0.5011
4413.0 0.50139
4414.0 0.50164
4415.0 0.50187
4416.0 0.50205
4417.0 0.50235
4418.0 0.50261
4419.0 0.50276
4420.0 0.50298
4421.0 0.50322
4422.0 0.50345
4423.0 0.50368
4424.0 0.50388
4425.0 0.50425
4426.0 0.50459
4427.0 0.50485
4428.0 0.50526
4429.0 0.50574
4430.0 0.50597
4431.0 0.50631
4432.0 0.50728
4433.0 0.50791
4434.0 0.50848
4435.0 0.50905
4436.0 0.50957
4437.0 0.51009
4438.0 0.5105
4439.0 0.51101
4440.0 0.51156
4441.0 0.51173
4442.0 0.51228
4443.0 0.51249
4444.0 0.51284
4445.0 0.51313
4446.0 0.51337
4447.0 0.51355
4448.0 0.51373
4449.0 0.51392
4450.0 0.51422
4451.0 0.51437
4452.0 0.51466
4453.0 0.51505
4454.0 0.51542
4455.0 0.51582
4456.0 0.51607
4457.0 0.51672
4458.0 0.5172
4459.0 0.51733
4460.0 0.51828
4461.0 0.51887
4462.0 0.51946
4463.0 0.51992
4464.0 0.52038
4465.0 0.52065
4466.0 0.52141
4467.0 0.52183
4468.0 0.52222
4469.0 0.52262
4470.0 0.52295
4471.0 0.52318
4472.0 0.52345
4473.0 0.5237
4474.0 0.52393
4475.0 0.5242
4476.0 0.5244
4477.0 0.52469
4478.0 0.52486
4479.0 0.52523
4480.0 0.52554
4481.0 0.5259
4482.0 0.52626
4483.0 0.52663
4484.0 0.52699
4485.0 0.52747
4486.0 0.52796
4487.0 0.52838
4488.0 0.52881
4489.0 0.52931
4490.0 0.52981
4491.0 0.53024
4492.0 0.53066
4493.0 0.53103
4494.0 0.5314
4495.0 0.5317
4496.0 0.53196
4497.0 0.53226
4498.0 0.53257
4499.0 0.53281
4500.0 0.53304
4501.0 0.53335
4502.0 0.53365
4503.0 0.53401
4504.0 0.53438
4505.0 0.53474
4506.0 0.53514
4507.0 0.53558
4508.0 0.536
4509.0 0.53648
4510.0 0.53694
4511.0 0.53745
4512.0 0.53795
4513.0 0.53846
4514.0 0.53897
4515.0 0.53942
4516.0 0.53988
4517.0 0.54036
4518.0 0.5408
4519.0 0.54112
4520.0 0.54144
4521.0 0.54171
4522.0 0.54197
4523.0 0.54223
4524.0 0.54249
4525.0 0.54269
4526.0 0.54289
4527.0 0.54315
4528.0 0.54341
4529.0 0.54367
4530.0 0.54393
4531.0 0.54425
4532.0 0.54456
4533.0 0.54502
4534.0 0.54547
4535.0 0.54592
4536.0 0.54636
4537.0 0.54694
4538.0 0.54751
4539.0 0.54803
4540.0 0.54854
4541.0 0.54905
4542.0 0.54956
4543.0 0.55
4544.0 0.55043
4545.0 0.5508
4546.0 0.55119
4547.0 0.55157
4548.0 0.55196
4549.0 0.55228
4550.0 0.55261
4551.0 0.55287
4552.0 0.55313
4553.0 0.55338
4554.0 0.55363
4555.0 0.55395
4556.0 0.55424
4557.0 0.55461
4558.0 0.555
4559.0 0.55538
4560.0 0.55577
4561.0 0.55622
4562.0 0.55666
4563.0 0.55716
4564.0 0.55764
4565.0 0.55809
4566.0 0.55854
4567.0 0.55898
4568.0 0.5594
4569.0 0.55983
4570.0 0.56028
4571.0 0.5606
4572.0 0.56091
4573.0 0.56117
4574.0 0.56141
4575.0 0.56164
4576.0 0.56189
4577.0 0.56212
4578.0 0.56234
4579.0 0.5626
4580.0 0.56286
4581.0 0.56317
4582.0 0.56345
4583.0 0.56382
4584.0 0.56421
4585.0 0.56465
4586.0 0.56509
4587.0 0.56563
4588.0 0.56621
4589.0 0.5668
4590.0 0.56737
4591.0 0.56792
4592.0 0.56848
4593.0 0.56907
4594.0 0.56964
4595.0 0.57002
4596.0 0.57037
4597.0 0.57056
4598.0 0.57075
4599.0 0.57053
4600.0 0.57031
4601.0 0.56962
4602.0 0.56896
4603.0 0.56765
4604.0 0.56632
4605.0 0.5641
4606.0 0.56187
4607.0 0.55845
4608.0 0.555
4609.0 0.55015
4610.0 0.54528
4611.0 0.53879
4612.0 0.53229
4613.0 0.5238
4614.0 0.51529
4615.0 0.50466
4616.0 0.49405
4617.0 0.48122
4618.0 0.46838
4619.0 0.45337
4620.0 0.43836
4621.0 0.4216
4622.0 0.40482
4623.0 0.38668
4624.0 0.36853
4625.0 0.34973
4626.0 0.33091
4627.0 0.31212
4628.0 0.29332
4629.0 0.27512
4630.0 0.2569
4631.0 0.23986
4632.0 0.2228
4633.0 0.20717
4634.0 0.19153
4635.0 0.17756
4636.0 0.16359
4637.0 0.15132
4638.0 0.13904
4639.0 0.1284
4640.0 0.11774
4641.0 0.10861
4642.0 0.09947
4643.0 0.09171
4644.0 0.08395
4645.0 0.0774
4646.0 0.07083
4647.0 0.06531
4648.0 0.05978
4649.0 0.05515
4650.0 0.05052
4651.0 0.04663
4652.0 0.04274
4653.0 0.03949
4654.0 0.03624
4655.0 0.03351
4656.0 0.03078
4657.0 0.0285
4658.0 0.02621
4659.0 0.02429
4660.0 0.02237
4661.0 0.02076
4662.0 0.01915
4663.0 0.01778
4664.0 0.01642
4665.0 0.01527
4666.0 0.01412
4667.0 0.01315
4668.0 0.01218
4669.0 0.01136
4670.0 0.01053
4671.0 0.00983
4672.0 0.00913
4673.0 0.00853
4674.0 0.00793
4675.0 0.00742
4676.0 0.00691
4677.0 0.00647
4678.0 0.00603
4679.0 0.00565
4680.0 0.00528
4681.0 0.00495
4682.0 0.00463
4683.0 0.00435
4684.0 0.00407
4685.0 0.00383
4686.0 0.00359
4687.0 0.00338
4688.0 0.00317
4689.0 0.00299
4690.0 0.00281
4691.0 0.00265
4692.0 0.00248
4693.0 0.00235
4694.0 0.00221
4695.0 0.00209
4696.0 0.00197
4697.0 0.00186
4698.0 0.00176
4699.0 0.00166
4700.0 0.00157
4701.0 0.00149
4702.0 0.00141
4703.0 0.00133
4704.0 0.00126
4705.0 0.0012
4706.0 0.00113
4707.0 0.00107
4708.0 0.00102
4709.0 0.00097
4710.0 0.00092
4711.0 0.00088
4712.0 0.00083
4713.0 0.00079
4714.0 0.00075
4715.0 0.00072
4716.0 0.00068
4717.0 0.00065
4718.0 0.00062
4719.0 0.00059
4720.0 0.00056
4721.0 0.00054
4722.0 0.00051
4723.0 0.00049
4724.0 0.00047
4725.0 0.00045
4726.0 0.00043
4727.0 0.00041
4728.0 0.00039
4729.0 0.00037
4730.0 0.00036
4731.0 0.00034
4732.0 0.00033
4733.0 0.00031
4734.0 0.0003
4735.0 0.00029
4736.0 0.00027
4737.0 0.00027
4738.0 0.00026
4739.0 0.00024
4740.0 0.00023
4741.0 0.00022
4742.0 0.00021
4743.0 0.00021
4744.0 0.0002
4745.0 0.00019
4746.0 0.00018
4747.0 0.00018
4748.0 0.00017
4749.0 0.00017
4750.0 0.00016
4751.0 0.00015
4752.0 0.00015
4753.0 0.00014
4754.0 0.00014
4755.0 0.00013
4756.0 0.00013
4757.0 0.00012
4758.0 0.00012
4759.0 0.00011
4760.0 0.00011
4761.0 0.00011
4762.0 0.0001
4763.0 0.0001
4764.0 9e-05
4765.0 9e-05
4766.0 9e-05
4767.0 9e-05
4768.0 9e-05
4769.0 8e-05
4770.0 8e-05
4771.0 8e-05
4772.0 7e-05
4773.0 7e-05
4774.0 7e-05
4775.0 7e-05
4776.0 6e-05
4777.0 6e-05
4778.0 6e-05
4779.0 6e-05
4780.0 6e-05
4781.0 6e-05
4782.0 6e-05
4783.0 5e-05
4784.0 5e-05
4785.0 5e-05
4786.0 5e-05
4787.0 5e-05
4788.0 4e-05
4789.0 4e-05
4790.0 4e-05
4791.0 4e-05
4792.0 4e-05
4793.0 4e-05
4794.0 4e-05
4795.0 4e-05
4796.0 4e-05
4797.0 3e-05
4798.0 3e-05
4799.0 3e-05
4800.0 3e-05
4801.0 3e-05
4802.0 3e-05
4803.0 3e-05
4804.0 3e-05
4805.0 3e-05
4806.0 3e-05
4807.0 3e-05
4808.0 3e-05
4809.0 3e-05
4810.0 3e-05
4811.0 3e-05
4812.0 3e-05
4813.0 3e-05
4814.0 3e-05
4815.0 2e-05
4816.0 2e-05
4817.0 2e-05
4818.0 2e-05
4819.0 2e-05
4820.0 2e-05
4821.0 2e-05
4822.0 2e-05
4823.0 2e-05
4824.0 2e-05
4825.0 2e-05
4826.0 2e-05
4827.0 2e-05
4828.0 2e-05
4829.0 2e-05
4830.0 2e-05
4831.0 2e-05
4832.0 1e-05
4833.0 1e-05
4834.0 1e-05
4835.0 1e-05
4836.0 1e-05
4837.0 1e-05
4838.0 1e-05
4839.0 1e-05
4840.0 1e-05
4841.0 1e-05
4842.0 1e-05
4843.0 1e-05
4844.0 1e-05
4845.0 1e-05
4846.0 1e-05
4847.0 1e-05
4848.0 1e-05
4849.0 1e-05
4850.0 1e-05
4851.0 1e-05
4852.0 1e-05
4853.0 1e-05
4854.0 1e-05
4855.0 1e-05
4856.0 1e-05
4857.0 1e-05
4858.0 1e-05
4859.0 1e-05
4860.0 1e-05
4861.0 1e-05
4862.0 1e-05
4863.0 1e-05
4864.0 1e-05
4865.0 1e-05
4866.0 1e-05
4867.0 1e-05
4868.0 1e-05
4869.0 1e-05
4870.0 1e-05
4871.0 1e-05
4872.0 1e-05
4873.0 1e-05
4874.0 1e-05
4875.0 1e-05
4876.0 1e-05
4877.0 1e-05
4878.0 1e-05
4879.0 1e-05
4880.0 1e-05
4881.0 1e-05
4882.0 1e-05
4883.0 1e-05
4884.0 1e-05
4885.0 1e-05
4886.0 1e-05
4887.0 1e-05
4888.0 1e-05
4889.0 1e-05
4890.0 1e-05
4891.0 1e-05
4892.0 1e-05
4893.0 1e-05
4894.0 1e-05
4895.0 1e-05
4896.0 1e-05
4897.0 1e-05
4898.0 1e-05
4899.0 1e-05
4900.0 1e-05
4901.0 1e-05
4902.0 1e-05
4903.0 1e-05
4904.0 1e-05
4905.0 1e-05
4906.0 1e-05
4907.0 1e-05
4908.0 1e-05
4909.0 1e-05
4910.0 1e-05
4911.0 1e-05
4912.0 1e-05
4913.0 1e-05
4914.0 1e-05
4915.0 1e-05
4916.0 1e-05
4917.0 1e-05
4918.0 1e-05
4919.0 1e-05
4920.0 1e-05
4921.0 1e-05
4922.0 1e-05
4923.0 1e-05
4924.0 1e-05
4925.0 1e-05
4926.0 1e-05
4927.0 1e-05
4928.0 1e-05
4929.0 1e-05
4930.0 1e-05
4931.0 1e-05
4932.0 1e-05
4933.0 1e-05
4934.0 1e-05
4935.0 1e-05
4936.0 1e-05
4937.0 1e-05
4938.0 1e-05
4939.0 1e-05
4940.0 1e-05
4941.0 1e-05
4942.0 1e-05
4943.0 1e-05
4944.0 1e-05
4945.0 1e-05
4946.0 1e-05
4947.0 1e-05
4948.0 1e-05
4949.0 1e-05
4950.0 1e-05
4951.0 1e-05
4952.0 1e-05
4953.0 1e-05
4954.0 1e-05
4955.0 1e-05
4956.0 1e-05
4957.0 1e-05
4958.0 1e-05
4959.0 1e-05
4960.0 1e-05
4961.0 1e-05
4962.0 1e-05
4963.0 1e-05
4964.0 1e-05
4965.0 1e-05
4966.0 1e-05
4967.0 0
4968.0 0
4969.0 0
4970.0 0
4971.0 0
4972.0 0
4973.0 0
4974.0 0
4975.0 0
4976.0 0
4977.0 0
4978.0 0
4979.0 0
4980.0 0
4981.0 0
4982.0 0
4983.0 0
4984.0 0
4985.0 0
4986.0 0
4987.0 0
4988.0 0
4989.0 0
4990.0 0
4991.0 0
4992.0 0
4993.0 0
4994.0 0
4995.0 0
4996.0 0
4997.0 0
4998.0 0
4999.0 0
5000.0 0
5001.0 0
5002.0 0
5003.0 0
5004.0 0
5005.0 0
5006.0 0
5007.0 0
5008.0 0
5009.0 0
5010.0 0
5011.0 0
5012.0 0
5013.0 0
5014.0 0
5015.0 0
5016.0 0
5017.0 0
5018.0 0
5019.0 0
5020.0 0
5021.0 0
5022.0 0
5023.0 0
5024.0 0
5025.0 0
5026.0 0
5027.0 0
5028.0 0
5029.0 0
5030.0 0
5031.0 0
5032.0 0
5033.0 0
5034.0 0
5035.0 0
5036.0 0
5037.0 0
5038.0 0
5039.0 0
5040.0 0
5041.0 0
5042.0 0
5043.0 0
5044.0 0
5045.0 0
5046.0 0
5047.0 0
5048.0 0
5049.0 0
5050.0 0
5051.0 0
5052.0 0
5053.0 0
5054.0 0
5055.0 0
5056.0 0
5057.0 0
5058.0 0
5059.0 0
5060.0 0
5061.0 0
5062.0 0
5063.0 0
5064.0 0
5065.0 0
5066.0 0
5067.0 0
5068.0 0
5069.0 0
5070.0 0
5071.0 0
5072.0 0
5073.0 0
5074.0 0
5075.0 0
5076.0 0
5077.0 0
5078.0 0
5079.0 0
5080.0 0
5081.0 0
5082.0 0
5083.0 0
5084.0 0
5085.0 0
5086.0 0
5087.0 0
5088.0 0
5089.0 0
5090.0 0
5091.0 0
5092.0 0
5093.0 0
5094.0 0
5095.0 0
5096.0 0
5097.0 0
5098.0 0
5099.0 0
5100.0 0
5101.0 0
5102.0 0
5103.0 0
5104.0 0
5105.0 0
5106.0 1e-05
5107.0 1e-05
5108.0 1e-05
5109.0 0
5110.0 0
5111.0 0
5112.0 0
5113.0 0
5114.0 0
5115.0 0
5116.0 0
5117.0 0
5118.0 0
5119.0 0
5120.0 0
5121.0 0
5122.0 0
5123.0 0
5124.0 0
5125.0 0
5126.0 0
5127.0 0
5128.0 0
5129.0 0
5130.0 0
5131.0 0
5132.0 0
5133.0 0
5134.0 0
5135.0 0
5136.0 0
5137.0 0
5138.0 0
5139.0 0
5140.0 0
5141.0 0
5142.0 0
5143.0 0
5144.0 0
5145.0 0
5146.0 0
5147.0 0
5148.0 0
5149.0 0
5150.0 0
5151.0 0
5152.0 0
5153.0 0
5154.0 0
5155.0 0
5156.0 0
5157.0 0
5158.0 0
5159.0 0
5160.0 0
5161.0 0
5162.0 0
5163.0 0
5164.0 0
5165.0 0
5166.0 0
5167.0 0
5168.0 0
5169.0 0
5170.0 0
5171.0 0
5172.0 0
5173.0 0
5174.0 0
5175.0 0
5176.0 0
5177.0 0
5178.0 0
5179.0 0
5180.0 0
5181.0 0
5182.0 0
5183.0 0
5184.0 0
5185.0 0
5186.0 0
5187.0 0
5188.0 0
5189.0 0
5190.0 0
5191.0 0
5192.0 0
5193.0 0
5194.0 0
5195.0 0
5196.0 0
5197.0 0
5198.0 0
5199.0 0
5200.0 0
5201.0 0
5202.0 0
5203.0 0
5204.0 0
5205.0 0
5206.0 0
5207.0 0
5208.0 0
5209.0 0
5210.0 0
5211.0 0
5212.0 0
5213.0 0
5214.0 0
5215.0 0
5216.0 0
5217.0 0
5218.0 0
5219.0 0
5220.0 0
5221.0 0
5222.0 0
5223.0 0
5224.0 0
5225.0 0
5226.0 0
5227.0 0
5228.0 0
5229.0 0
5230.0 0
5231.0 0
5232.0 0
5233.0 0
5234.0 0
5235.0 0
5236.0 0
5237.0 0
5238.0 0
5239.0 0
5240.0 0
5241.0 0
5242.0 0
5243.0 0
5244.0 0
5245.0 0
5246.0 0
5247.0 0
5248.0 0
5249.0 0
5250.0 0
5251.0 0
5252.0 0
5253.0 0
5254.0 0
5255.0 0
5256.0 0
5257.0 0
5258.0 0
5259.0 0
5260.0 0
5261.0 0
5262.0 0
5263.0 0
5264.0 0
5265.0 0
5266.0 0
5267.0 0
5268.0 0
5269.0 0
5270.0 0
5271.0 0
5272.0 0
5273.0 0
5274.0 0
5275.0 0
5276.0 0
5277.0 0
5278.0 0
5279.0 0
5280.0 0
5281.0 0
5282.0 0
5283.0 0
5284.0 0
5285.0 0
5286.0 0
5287.0 0
5288.0 0
5289.0 0
5290.0 0
5291.0 0
5292.0 0
5293.0 0
5294.0 0
5295.0 0
5296.0 0
5297.0 0
5298.0 0
5299.0 0
5300.0 0
5301.0 0
5302.0 0
5303.0 0
5304.0 0
5305.0 0
5306.0 0
5307.0 0
5308.0 0
5309.0 0
5310.0 0
5311.0 0
5312.0 0
5313.0 0
5314.0 0
5315.0 0
5316.0 0
5317.0 0
5318.0 0
5319.0 0
5320.0 0
5321.0 0
5322.0 0
5323.0 0
5324.0 0
5325.0 0
5326.0 0
5327.0 0
5328.0 0
5329.0 0
5330.0 0
5331.0 0
5332.0 0
5333.0 0
5334.0 0
5335.0 0
5336.0 0
5337.0 0
5338.0 0
5339.0 0
5340.0 0
5341.0 0
5342.0 1e-05
5343.0 1e-05
5344.0 1e-05
5345.0 1e-05
5346.0 1e-05
5347.0 1e-05
5348.0 1e-05
5349.0 1e-05
5350.0 1e-05
5351.0 1e-05
5352.0 1e-05
5353.0 1e-05
5354.0 1e-05
5355.0 1e-05
5356.0 1e-05
5357.0 1e-05
5358.0 1e-05
5359.0 1e-05
5360.0 1e-05
5361.0 1e-05
5362.0 1e-05
5363.0 1e-05
5364.0 1e-05
5365.0 1e-05
5366.0 1e-05
5367.0 1e-05
5368.0 1e-05
5369.0 1e-05
5370.0 1e-05
5371.0 1e-05
5372.0 1e-05
5373.0 1e-05
5374.0 1e-05
5375.0 1e-05
5376.0 1e-05
5377.0 1e-05
5378.0 1e-05
5379.0 1e-05
5380.0 1e-05
5381.0 1e-05
5382.0 1e-05
5383.0 1e-05
5384.0 1e-05
5385.0 1e-05
5386.0 1e-05
5387.0 1e-05
5388.0 1e-05
5389.0 1e-05
5390.0 1e-05
5391.0 1e-05
5392.0 1e-05
5393.0 1e-05
5394.0 1e-05
5395.0 1e-05
5396.0 1e-05
5397.0 1e-05
5398.0 1e-05
5399.0 1e-05
5400.0 1e-05
5401.0 1e-05
5402.0 1e-05
5403.0 1e-05
5404.0 1e-05
5405.0 1e-05
5406.0 1e-05
5407.0 1e-05
5408.0 1e-05
5409.0 1e-05
5410.0 1e-05
5411.0 1e-05
5412.0 1e-05
5413.0 1e-05
5414.0 1e-05
5415.0 1e-05
5416.0 1e-05
5417.0 1e-05
5418.0 1e-05
5419.0 1e-05
5420.0 1e-05
5421.0 1e-05
5422.0 1e-05
5423.0 2e-05
5424.0 2e-05
5425.0 2e-05
5426.0 2e-05
5427.0 2e-05
5428.0 3e-05
5429.0 3e-05
5430.0 3e-05
5431.0 3e-05
5432.0 3e-05
5433.0 3e-05
5434.0 3e-05
5435.0 3e-05
5436.0 3e-05
5437.0 2e-05
5438.0 2e-05
5439.0 2e-05
5440.0 2e-05
5441.0 2e-05
5442.0 1e-05
5443.0 1e-05
5444.0 1e-05
5445.0 1e-05
5446.0 1e-05
5447.0 1e-05
5448.0 1e-05
5449.0 1e-05
5450.0 1e-05
5451.0 1e-05
5452.0 1e-05
5453.0 1e-05
5454.0 1e-05
5455.0 1e-05
5456.0 1e-05
5457.0 1e-05
5458.0 1e-05
5459.0 1e-05
5460.0 1e-05
5461.0 1e-05
5462.0 1e-05
5463.0 1e-05
5464.0 1e-05
5465.0 1e-05
5466.0 1e-05
5467.0 1e-05
5468.0 1e-05
5469.0 1e-05
5470.0 1e-05
5471.0 1e-05
5472.0 1e-05
5473.0 2e-05
5474.0 2e-05
5475.0 2e-05
5476.0 2e-05
5477.0 2e-05
5478.0 2e-05
5479.0 3e-05
5480.0 3e-05
5481.0 3e-05
5482.0 4e-05
5483.0 4e-05
5484.0 4e-05
5485.0 5e-05
5486.0 5e-05
5487.0 5e-05
5488.0 5e-05
5489.0 5e-05
5490.0 4e-05
5491.0 4e-05
5492.0 4e-05
5493.0 3e-05
5494.0 3e-05
5495.0 3e-05
5496.0 2e-05
5497.0 2e-05
5498.0 2e-05
5499.0 2e-05
5500.0 2e-05
5501.0 2e-05
5502.0 2e-05
5503.0 2e-05
5504.0 2e-05
5505.0 2e-05
5506.0 2e-05
5507.0 2e-05
5508.0 2e-05
5509.0 2e-05
5510.0 2e-05
5511.0 2e-05
5512.0 2e-05
5513.0 2e-05
5514.0 2e-05
5515.0 2e-05
5516.0 2e-05
5517.0 2e-05
5518.0 2e-05
5519.0 2e-05
5520.0 2e-05
5521.0 2e-05
5522.0 2e-05
5523.0 2e-05
5524.0 2e-05
5525.0 3e-05
5526.0 3e-05
5527.0 3e-05
5528.0 3e-05
5529.0 3e-05
5530.0 3e-05
5531.0 3e-05
5532.0 3e-05
5533.0 3e-05
5534.0 3e-05
5535.0 3e-05
5536.0 3e-05
5537.0 3e-05
5538.0 2e-05
5539.0 2e-05
5540.0 2e-05
5541.0 2e-05
5542.0 2e-05
5543.0 2e-05
5544.0 2e-05
5545.0 2e-05
5546.0 1e-05
5547.0 1e-05
5548.0 1e-05
5549.0 1e-05
5550.0 1e-05
5551.0 1e-05
5552.0 1e-05
5553.0 1e-05
5554.0 1e-05
5555.0 1e-05
5556.0 1e-05
5557.0 1e-05
5558.0 1e-05
5559.0 1e-05
5560.0 1e-05
5561.0 1e-05
5562.0 1e-05
5563.0 1e-05
5564.0 1e-05
5565.0 1e-05
5566.0 1e-05
5567.0 1e-05
5568.0 1e-05
5569.0 1e-05
5570.0 1e-05
5571.0 1e-05
5572.0 1e-05
5573.0 1e-05
5574.0 1e-05
5575.0 1e-05
5576.0 1e-05
5577.0 1e-05
5578.0 1e-05
5579.0 1e-05
5580.0 1e-05
5581.0 1e-05
5582.0 1e-05
5583.0 1e-05
5584.0 1e-05
5585.0 1e-05
5586.0 1e-05
5587.0 1e-05
5588.0 1e-05
5589.0 2e-05
5590.0 2e-05
5591.0 2e-05
5592.0 2e-05
5593.0 2e-05
5594.0 2e-05
5595.0 2e-05
5596.0 2e-05
5597.0 2e-05
5598.0 2e-05
5599.0 2e-05
5600.0 2e-05
5601.0 2e-05
5602.0 2e-05
5603.0 2e-05
5604.0 2e-05
5605.0 2e-05
5606.0 2e-05
5607.0 2e-05
5608.0 2e-05
5609.0 2e-05
5610.0 1e-05
5611.0 1e-05
5612.0 1e-05
5613.0 1e-05
5614.0 1e-05
5615.0 1e-05
5616.0 1e-05
5617.0 1e-05
5618.0 1e-05
5619.0 1e-05
5620.0 1e-05
5621.0 1e-05
5622.0 1e-05
5623.0 1e-05
5624.0 1e-05
5625.0 1e-05
5626.0 1e-05
5627.0 1e-05
5628.0 1e-05
5629.0 1e-05
5630.0 1e-05
5631.0 1e-05
5632.0 1e-05
5633.0 1e-05
5634.0 1e-05
5635.0 1e-05
5636.0 1e-05
5637.0 1e-05
5638.0 1e-05
5639.0 1e-05
5640.0 1e-05
5641.0 1e-05
5642.0 1e-05
5643.0 1e-05
5644.0 1e-05
5645.0 1e-05
5646.0 1e-05
5647.0 1e-05
5648.0 1e-05
5649.0 1e-05
5650.0 1e-05
5651.0 1e-05
5652.0 1e-05
5653.0 1e-05
5654.0 1e-05
5655.0 1e-05
5656.0 1e-05
5657.0 1e-05
5658.0 1e-05
5659.0 1e-05
5660.0 1e-05
5661.0 1e-05
5662.0 1e-05
5663.0 1e-05
5664.0 1e-05
5665.0 1e-05
5666.0 1e-05
5667.0 1e-05
5668.0 1e-05
5669.0 1e-05
5670.0 1e-05
5671.0 1e-05
5672.0 1e-05
5673.0 1e-05
5674.0 1e-05
5675.0 1e-05
5676.0 1e-05
5677.0 1e-05
5678.0 1e-05
5679.0 1e-05
5680.0 1e-05
5681.0 1e-05
5682.0 1e-05
5683.0 1e-05
5684.0 1e-05
5685.0 1e-05
5686.0 1e-05
5687.0 1e-05
5688.0 1e-05
5689.0 1e-05
5690.0 1e-05
5691.0 1e-05
5692.0 1e-05
5693.0 1e-05
5694.0 1e-05
5695.0 1e-05
5696.0 1e-05
5697.0 1e-05
5698.0 1e-05
5699.0 1e-05
5700.0 1e-05
5701.0 1e-05
5702.0 1e-05
5703.0 1e-05
5704.0 1e-05
5705.0 1e-05
5706.0 1e-05
5707.0 1e-05
5708.0 1e-05
5709.0 1e-05
5710.0 1e-05
5711.0 1e-05
5712.0 1e-05
5713.0 1e-05
5714.0 1e-05
5715.0 1e-05
5716.0 1e-05
5717.0 1e-05
5718.0 1e-05
5719.0 1e-05
5720.0 1e-05
5721.0 1e-05
5722.0 1e-05
5723.0 1e-05
5724.0 1e-05
5725.0 1e-05
5726.0 1e-05
5727.0 1e-05
5728.0 1e-05
5729.0 1e-05
5730.0 1e-05
5731.0 1e-05
5732.0 1e-05
5733.0 1e-05
5734.0 1e-05
5735.0 1e-05
5736.0 1e-05
5737.0 1e-05
5738.0 1e-05
5739.0 1e-05
5740.0 1e-05
5741.0 1e-05
5742.0 1e-05
5743.0 1e-05
5744.0 2e-05
5745.0 2e-05
5746.0 2e-05
5747.0 2e-05
5748.0 2e-05
5749.0 3e-05
5750.0 3e-05
5751.0 3e-05
5752.0 3e-05
5753.0 3e-05
5754.0 3e-05
5755.0 3e-05
5756.0 3e-05
5757.0 3e-05
5758.0 3e-05
5759.0 3e-05
5760.0 2e-05
5761.0 2e-05
5762.0 2e-05
5763.0 2e-05
5764.0 2e-05
5765.0 1e-05
5766.0 1e-05
5767.0 1e-05
5768.0 1e-05
5769.0 1e-05
5770.0 1e-05
5771.0 1e-05
5772.0 1e-05
5773.0 1e-05
5774.0 1e-05
5775.0 1e-05
5776.0 1e-05
5777.0 1e-05
5778.0 1e-05
5779.0 1e-05
5780.0 1e-05
5781.0 1e-05
5782.0 1e-05
5783.0 1e-05
5784.0 1e-05
5785.0 1e-05
5786.0 1e-05
5787.0 1e-05
5788.0 1e-05
5789.0 1e-05
5790.0 1e-05
5791.0 1e-05
5792.0 1e-05
5793.0 1e-05
5794.0 1e-05
5795.0 1e-05
5796.0 1e-05
5797.0 1e-05
5798.0 1e-05
5799.0 1e-05
5800.0 1e-05
5801.0 1e-05
5802.0 1e-05
5803.0 1e-05
5804.0 1e-05
5805.0 1e-05
5806.0 1e-05
5807.0 1e-05
5808.0 1e-05
5809.0 1e-05
5810.0 1e-05
5811.0 1e-05
5812.0 1e-05
5813.0 1e-05
5814.0 1e-05
5815.0 0
5816.0 0
5817.0 0
5818.0 0
5819.0 0
5820.0 0
5821.0 0
5822.0 0
5823.0 0
5824.0 0
5825.0 0
5826.0 0
5827.0 0
5828.0 0
5829.0 0
5830.0 0
5831.0 0
5832.0 0
5833.0 0
5834.0 0
5835.0 0
5836.0 0
5837.0 0
5838.0 0
5839.0 0
5840.0 0
5841.0 0
5842.0 0
5843.0 0
5844.0 0
5845.0 0
5846.0 0
5847.0 0
5848.0 0
5849.0 0
5850.0 0
5851.0 0
5852.0 0
5853.0 0
5854.0 0
5855.0 0
5856.0 0
5857.0 0
5858.0 0
5859.0 0
5860.0 0
5861.0 0
5862.0 0
5863.0 0
5864.0 0
5865.0 0
5866.0 0
5867.0 0
5868.0 0
5869.0 0
5870.0 1e-05
5871.0 1e-05
5872.0 1e-05
5873.0 1e-05
5874.0 1e-05
5875.0 1e-05
5876.0 1e-05
5877.0 1e-05
5878.0 1e-05
5879.0 1e-05
5880.0 1e-05
5881.0 1e-05
5882.0 1e-05
5883.0 1e-05
5884.0 1e-05
5885.0 1e-05
5886.0 1e-05
5887.0 1e-05
5888.0 1e-05
5889.0 1e-05
5890.0 1e-05
5891.0 1e-05
5892.0 1e-05
5893.0 0
5894.0 0
5895.0 0
5896.0 0
5897.0 0
5898.0 0
5899.0 0
5900.0 0
5901.0 0
5902.0 0
5903.0 0
5904.0 0
5905.0 0
5906.0 0
5907.0 0
5908.0 0
5909.0 0
5910.0 0
5911.0 0
5912.0 0
5913.0 0
5914.0 1e-05
5915.0 1e-05
5916.0 1e-05
5917.0 1e-05
5918.0 1e-05
5919.0 1e-05
5920.0 1e-05
5921.0 1e-05
5922.0 1e-05
5923.0 1e-05
5924.0 1e-05
5925.0 1e-05
5926.0 1e-05
5927.0 1e-05
5928.0 1e-05
5929.0 1e-05
5930.0 1e-05
5931.0 1e-05
5932.0 1e-05
5933.0 1e-05
5934.0 2e-05
5935.0 2e-05
5936.0 2e-05
5937.0 2e-05
5938.0 2e-05
5939.0 2e-05
5940.0 2e-05
5941.0 2e-05
5942.0 2e-05
5943.0 2e-05
5944.0 2e-05
5945.0 2e-05
5946.0 2e-05
5947.0 2e-05
5948.0 2e-05
5949.0 1e-05
5950.0 1e-05
5951.0 1e-05
5952.0 1e-05
5953.0 1e-05
5954.0 1e-05
5955.0 1e-05
5956.0 1e-05
5957.0 1e-05
5958.0 1e-05
5959.0 1e-05
5960.0 1e-05
5961.0 1e-05
5962.0 1e-05
5963.0 1e-05
5964.0 1e-05
5965.0 1e-05
5966.0 1e-05
5967.0 1e-05
5968.0 1e-05
5969.0 1e-05
5970.0 1e-05
5971.0 1e-05
5972.0 1e-05
5973.0 1e-05
5974.0 1e-05
5975.0 1e-05
5976.0 2e-05
5977.0 2e-05
5978.0 2e-05
5979.0 2e-05
5980.0 2e-05
5981.0 2e-05
5982.0 2e-05
5983.0 2e-05
5984.0 2e-05
5985.0 2e-05
5986.0 2e-05
5987.0 2e-05
5988.0 2e-05
5989.0 1e-05
5990.0 1e-05
5991.0 1e-05
5992.0 1e-05
5993.0 1e-05
5994.0 1e-05
5995.0 1e-05
5996.0 1e-05
5997.0 1e-05
5998.0 1e-05
5999.0 1e-05
6000.0 1e-05
6001.0 1e-05
6002.0 1e-05
6003.0 1e-05
6004.0 1e-05
6005.0 1e-05
6006.0 1e-05
6007.0 1e-05
6008.0 1e-05
6009.0 1e-05
6010.0 1e-05
6011.0 1e-05
6012.0 1e-05
6013.0 1e-05
6014.0 1e-05
6015.0 1e-05
6016.0 1e-05
6017.0 1e-05
6018.0 1e-05
6019.0 1e-05
6020.0 1e-05
6021.0 1e-05
6022.0 1e-05
6023.0 1e-05
6024.0 1e-05
6025.0 1e-05
6026.0 1e-05
6027.0 1e-05
6028.0 1e-05
6029.0 1e-05
6030.0 1e-05
6031.0 1e-05
6032.0 1e-05
6033.0 1e-05
6034.0 1e-05
6035.0 1e-05
6036.0 1e-05
6037.0 1e-05
6038.0 1e-05
6039.0 1e-05
6040.0 1e-05
6041.0 1e-05
6042.0 1e-05
6043.0 1e-05
6044.0 1e-05
6045.0 1e-05
6046.0 1e-05
6047.0 1e-05
6048.0 1e-05
6049.0 1e-05
6050.0 1e-05
6051.0 1e-05
6052.0 1e-05
6053.0 1e-05
6054.0 1e-05
6055.0 1e-05
6056.0 1e-05
6057.0 1e-05
6058.0 1e-05
6059.0 1e-05
6060.0 1e-05
6061.0 1e-05
6062.0 1e-05
6063.0 1e-05
6064.0 1e-05
6065.0 1e-05
6066.0 1e-05
6067.0 1e-05
6068.0 1e-05
6069.0 1e-05
6070.0 1e-05
6071.0 1e-05
6072.0 1e-05
6073.0 1e-05
6074.0 1e-05
6075.0 1e-05
6076.0 1e-05
6077.0 1e-05
6078.0 1e-05
6079.0 1e-05
6080.0 1e-05
6081.0 1e-05
6082.0 1e-05
6083.0 1e-05
6084.0 1e-05
6085.0 1e-05
6086.0 1e-05
6087.0 1e-05
6088.0 1e-05
6089.0 1e-05
6090.0 1e-05
6091.0 1e-05
6092.0 1e-05
6093.0 0
6094.0 0
6095.0 0
6096.0 0
6097.0 0
6098.0 0
6099.0 0
6100.0 0
6101.0 0
6102.0 0
6103.0 0
6104.0 0
6105.0 0
6106.0 0
6107.0 0
6108.0 0
6109.0 0
6110.0 0
6111.0 0
6112.0 0
6113.0 0
6114.0 0
6115.0 0
6116.0 0
6117.0 0
6118.0 0
6119.0 0
6120.0 0
6121.0 0
6122.0 0
6123.0 0
6124.0 0
6125.0 0
6126.0 0
6127.0 0
6128.0 0
6129.0 0
6130.0 0
6131.0 0
6132.0 0
6133.0 0
6134.0 0
6135.0 0
6136.0 0
6137.0 0
6138.0 0
6139.0 0
6140.0 0
6141.0 0
6142.0 0
6143.0 0
6144.0 0
6145.0 0
6146.0 0
6147.0 0
6148.0 0
6149.0 0
6150.0 0
6151.0 0
6152.0 0
6153.0 0
6154.0 0
6155.0 0
6156.0 0
6157.0 0
6158.0 0
6159.0 0
6160.0 0
6161.0 0
6162.0 0
6163.0 0
6164.0 0
6165.0 0
6166.0 0
6167.0 0
6168.0 0
6169.0 0
6170.0 0
6171.0 0
6172.0 0
6173.0 0
6174.0 0
6175.0 0
6176.0 0
6177.0 0
6178.0 0
6179.0 0
6180.0 0
6181.0 0
6182.0 0
6183.0 0
6184.0 0
6185.0 0
6186.0 0
6187.0 0
6188.0 0
6189.0 0
6190.0 0
6191.0 0
6192.0 0
6193.0 0
6194.0 0
6195.0 0
6196.0 0
6197.0 0
6198.0 0
6199.0 0
6200.0 0
6201.0 1e-05
6202.0 1e-05
6203.0 1e-05
6204.0 1e-05
6205.0 1e-05
6206.0 1e-05
6207.0 2e-05
6208.0 2e-05
6209.0 3e-05
6210.0 3e-05
6211.0 3e-05
6212.0 3e-05
6213.0 3e-05
6214.0 2e-05
6215.0 2e-05
6216.0 1e-05
6217.0 1e-05
6218.0 1e-05
6219.0 1e-05
6220.0 1e-05
6221.0 1e-05
6222.0 1e-05
6223.0 1e-05
6224.0 0
6225.0 0
6226.0 0
6227.0 0
6228.0 0
6229.0 0
6230.0 0
6231.0 0
6232.0 0
6233.0 0
6234.0 0
6235.0 0
6236.0 0
6237.0 0
6238.0 0
6239.0 0
6240.0 0
6241.0 0
6242.0 0
6243.0 0
6244.0 0
6245.0 0
6246.0 0
6247.0 0
6248.0 0
6249.0 0
6250.0 0
6251.0 0
6252.0 0
6253.0 0
6254.0 0
6255.0 0
6256.0 0
6257.0 0
6258.0 0
6259.0 0
6260.0 0
6261.0 0
6262.0 0
6263.0 0
6264.0 0
6265.0 0
6266.0 0
6267.0 0
6268.0 0
6269.0 0
6270.0 0
6271.0 0
6272.0 0
6273.0 0
6274.0 0
6275.0 0
6276.0 0
6277.0 0
6278.0 0
6279.0 0
6280.0 0
6281.0 0
6282.0 0
6283.0 0
6284.0 0
6285.0 0
6286.0 0
6287.0 0
6288.0 0
6289.0 0
6290.0 0
6291.0 0
6292.0 0
6293.0 0
6294.0 0
6295.0 0
6296.0 0
6297.0 0
6298.0 0
6299.0 0
6300.0 0
6301.0 0
6302.0 0
6303.0 0
6304.0 0
6305.0 0
6306.0 0
6307.0 0
6308.0 0
6309.0 0
6310.0 0
6311.0 0
6312.0 0
6313.0 0
6314.0 0
6315.0 0
6316.0 0
6317.0 0
6318.0 0
6319.0 0
6320.0 0
6321.0 0
6322.0 0
6323.0 0
6324.0 0
6325.0 0
6326.0 0
6327.0 0
6328.0 0
6329.0 0
6330.0 0
6331.0 0
6332.0 0
6333.0 0
6334.0 0
6335.0 0
6336.0 0
6337.0 0
6338.0 0
6339.0 0
6340.0 0
6341.0 0
6342.0 0
6343.0 0
6344.0 0
6345.0 0
6346.0 0
6347.0 0
6348.0 0
6349.0 0
6350.0 0
6351.0 0
6352.0 0
6353.0 0
6354.0 0
6355.0 0
6356.0 0
6357.0 0
6358.0 0
6359.0 0
6360.0 0
6361.0 0
6362.0 0
6363.0 0
6364.0 0
6365.0 0
6366.0 0
6367.0 0
6368.0 0
6369.0 0
6370.0 0
6371.0 0
6372.0 0
6373.0 0
6374.0 0
6375.0 0
6376.0 0
6377.0 0
6378.0 0
6379.0 0
6380.0 0
6381.0 0
6382.0 0
6383.0 0
6384.0 0
6385.0 0
6386.0 0
6387.0 0
6388.0 0
6389.0 0
6390.0 0
6391.0 0
6392.0 0
6393.0 0
6394.0 0
6395.0 0
6396.0 0
6397.0 0
6398.0 0
6399.0 0
6400.0 0
6401.0 0
6402.0 0
6403.0 0
6404.0 0
6405.0 0
6406.0 0
6407.0 0
6408.0 0
6409.0 0
6410.0 0
6411.0 0
6412.0 0
6413.0 0
6414.0 0
6415.0 0
6416.0 0
6417.0 0
6418.0 0
6419.0 0
6420.0 0
6421.0 0
6422.0 0
6423.0 0
6424.0 0
6425.0 0
6426.0 0
6427.0 1e-05
6428.0 1e-05
6429.0 1e-05
6430.0 1e-05
6431.0 1e-05
6432.0 1e-05
6433.0 1e-05
6434.0 1e-05
6435.0 1e-05
6436.0 1e-05
6437.0 1e-05
6438.0 1e-05
6439.0 1e-05
6440.0 1e-05
6441.0 1e-05
6442.0 1e-05
6443.0 2e-05
6444.0 2e-05
6445.0 2e-05
6446.0 2e-05
6447.0 2e-05
6448.0 2e-05
6449.0 2e-05
6450.0 2e-05
6451.0 2e-05
6452.0 2e-05
6453.0 2e-05
6454.0 3e-05
6455.0 3e-05
6456.0 3e-05
6457.0 3e-05
6458.0 3e-05
6459.0 3e-05
6460.0 3e-05
6461.0 3e-05
6462.0 3e-05
6463.0 3e-05
6464.0 3e-05
6465.0 3e-05
6466.0 3e-05
6467.0 3e-05
6468.0 3e-05
6469.0 3e-05
6470.0 3e-05
6471.0 3e-05
6472.0 3e-05
6473.0 3e-05
6474.0 3e-05
6475.0 2e-05
6476.0 2e-05
6477.0 2e-05
6478.0 2e-05
6479.0 2e-05
6480.0 2e-05
6481.0 2e-05
6482.0 2e-05
6483.0 2e-05
6484.0 2e-05
6485.0 1e-05
6486.0 1e-05
6487.0 1e-05
6488.0 1e-05
6489.0 1e-05
6490.0 1e-05
6491.0 1e-05
6492.0 1e-05
6493.0 1e-05
6494.0 1e-05
6495.0 1e-05
6496.0 1e-05
6497.0 1e-05
6498.0 1e-05
6499.0 1e-05
6500.0 1e-05
6501.0 1e-05
6502.0 1e-05
6503.0 1e-05
6504.0 1e-05
6505.0 1e-05
6506.0 1e-05
6507.0 1e-05
6508.0 1e-05
6509.0 1e-05
6510.0 1e-05
6511.0 1e-05
6512.0 1e-05
6513.0 1e-05
6514.0 0
6515.0 0
6516.0 0
6517.0 0
6518.0 0
6519.0 0
6520.0 0
6521.0 0
6522.0 0
6523.0 0
6524.0 0
6525.0 0
6526.0 0
6527.0 0
6528.0 0
6529.0 0
6530.0 0
6531.0 0
6532.0 0
6533.0 0
6534.0 0
6535.0 0
6536.0 0
6537.0 0
6538.0 0
6539.0 0
6540.0 0
6541.0 0
6542.0 0
6543.0 0
6544.0 0
6545.0 0
6546.0 0
6547.0 0
6548.0 0
6549.0 0
6550.0 0
6551.0 0
6552.0 0
6553.0 0
6554.0 0
6555.0 0
6556.0 0
6557.0 0
6558.0 0
6559.0 0
6560.0 0
6561.0 1e-05
6562.0 1e-05
6563.0 1e-05
6564.0 1e-05
6565.0 1e-05
6566.0 1e-05
6567.0 1e-05
6568.0 1e-05
6569.0 1e-05
6570.0 1e-05
6571.0 1e-05
6572.0 1e-05
6573.0 1e-05
6574.0 1e-05
6575.0 1e-05
6576.0 2e-05
6577.0 2e-05
6578.0 2e-05
6579.0 2e-05
6580.0 2e-05
6581.0 2e-05
6582.0 2e-05
6583.0 3e-05
6584.0 3e-05
6585.0 3e-05
6586.0 3e-05
6587.0 3e-05
6588.0 3e-05
6589.0 3e-05
6590.0 3e-05
6591.0 3e-05
6592.0 2e-05
6593.0 2e-05
6594.0 2e-05
6595.0 2e-05
6596.0 2e-05
6597.0 2e-05
6598.0 2e-05
6599.0 1e-05
6600.0 1e-05
6601.0 1e-05
6602.0 1e-05
6603.0 1e-05
6604.0 1e-05
6605.0 1e-05
6606.0 1e-05
6607.0 1e-05
6608.0 1e-05
6609.0 1e-05
6610.0 1e-05
6611.0 1e-05
6612.0 1e-05
6613.0 1e-05
6614.0 0
6615.0 0
6616.0 0
6617.0 0
6618.0 0
6619.0 0
6620.0 0
6621.0 0
6622.0 0
6623.0 0
6624.0 0
6625.0 0
6626.0 0
6627.0 0
6628.0 0
6629.0 0
6630.0 0
6631.0 0
6632.0 0
6633.0 0
6634.0 0
6635.0 0
6636.0 0
6637.0 0
6638.0 0
6639.0 0
6640.0 0
6641.0 0
6642.0 0
6643.0 0
6644.0 0
6645.0 0
6646.0 0
6647.0 0
6648.0 0
6649.0 0
6650.0 0
6651.0 0
6652.0 0
6653.0 0
6654.0 0
6655.0 0
6656.0 0
6657.0 0
6658.0 0
6659.0 0
6660.0 0
6661.0 0
6662.0 0
6663.0 0
6664.0 0
6665.0 0
6666.0 0
6667.0 0
6668.0 0
6669.0 0
6670.0 0
6671.0 0
6672.0 0
6673.0 0
6674.0 0
6675.0 0
6676.0 0
6677.0 0
6678.0 0
6679.0 0
6680.0 0
6681.0 0
6682.0 0
6683.0 0
6684.0 0
6685.0 0
6686.0 0
6687.0 0
6688.0 0
6689.0 0
6690.0 0
6691.0 0
6692.0 0
6693.0 0
6694.0 0
6695.0 0
6696.0 0
6697.0 0
6698.0 0
6699.0 0
6700.0 0
6701.0 0
6702.0 0
6703.0 0
6704.0 0
6705.0 0
6706.0 0
6707.0 0
6708.0 0
6709.0 0
6710.0 0
6711.0 0
6712.0 0
6713.0 0
6714.0 0
6715.0 0
6716.0 0
6717.0 0
6718.0 0
6719.0 0
6720.0 0
6721.0 0
6722.0 0
6723.0 0
6724.0 0
6725.0 0
6726.0 0
6727.0 0
6728.0 0
6729.0 0
6730.0 0
6731.0 0
6732.0 0
6733.0 0
6734.0 0
6735.0 0
6736.0 0
6737.0 0
6738.0 0
6739.0 0
6740.0 0
6741.0 0
6742.0 0
6743.0 0
6744.0 0
6745.0 0
6746.0 0
6747.0 0
6748.0 0
6749.0 0
6750.0 0
6751.0 0
6752.0 0
6753.0 0
6754.0 0
6755.0 0
6756.0 0
6757.0 0
6758.0 0
6759.0 0
6760.0 0
6761.0 0
6762.0 0
6763.0 0
6764.0 0
6765.0 0
6766.0 0
6767.0 0
6768.0 0
6769.0 0
6770.0 0
6771.0 0
6772.0 0
6773.0 0
6774.0 0
6775.0 0
6776.0 0
6777.0 0
6778.0 0
6779.0 0
6780.0 0
6781.0 0
6782.0 0
6783.0 0
6784.0 0
6785.0 0
6786.0 0
6787.0 0
6788.0 0
6789.0 0
6790.0 0
6791.0 0
6792.0 0
6793.0 0
6794.0 0
6795.0 0
6796.0 0
6797.0 0
6798.0 0
6799.0 0
6800.0 0
6801.0 0
6802.0 0
6803.0 0
6804.0 0
6805.0 0
6806.0 0
6807.0 0
6808.0 0
6809.0 0
6810.0 0
6811.0 0
6812.0 0
6813.0 0
6814.0 0
6815.0 0
6816.0 0
6817.0 0
6818.0 0
6819.0 0
6820.0 0
6821.0 0
6822.0 0
6823.0 0
6824.0 0
6825.0 0
6826.0 0
6827.0 0
6828.0 0
6829.0 0
6830.0 0
6831.0 0
6832.0 0
6833.0 0
6834.0 0
6835.0 0
6836.0 0
6837.0 0
6838.0 0
6839.0 0
6840.0 0
6841.0 0
6842.0 0
6843.0 0
6844.0 0
6845.0 0
6846.0 0
6847.0 0
6848.0 0
6849.0 0
6850.0 0
6851.0 0
6852.0 0
6853.0 0
6854.0 0
6855.0 0
6856.0 0
6857.0 0
6858.0 0
6859.0 0
6860.0 0
6861.0 0
6862.0 0
6863.0 1e-05
6864.0 1e-05
6865.0 1e-05
6866.0 1e-05
6867.0 1e-05
6868.0 1e-05
6869.0 1e-05
6870.0 0
6871.0 0
6872.0 0
6873.0 0
6874.0 1e-05
6875.0 1e-05
6876.0 1e-05
6877.0 1e-05
6878.0 1e-05
6879.0 1e-05
6880.0 1e-05
6881.0 1e-05
6882.0 2e-05
6883.0 2e-05
6884.0 2e-05
6885.0 2e-05
6886.0 2e-05
6887.0 2e-05
6888.0 2e-05
6889.0 2e-05
6890.0 2e-05
6891.0 2e-05
6892.0 2e-05
6893.0 2e-05
6894.0 2e-05
6895.0 2e-05
6896.0 2e-05
6897.0 2e-05
6898.0 1e-05
6899.0 1e-05
6900.0 2e-05
6901.0 2e-05
6902.0 1e-05
6903.0 1e-05
6904.0 1e-05
6905.0 1e-05
6906.0 1e-05
6907.0 1e-05
6908.0 1e-05
6909.0 1e-05
6910.0 1e-05
6911.0 1e-05
6912.0 1e-05
6913.0 1e-05
6914.0 1e-05
6915.0 1e-05
6916.0 1e-05
6917.0 1e-05
6918.0 1e-05
6919.0 1e-05
6920.0 1e-05
6921.0 1e-05
6922.0 1e-05
6923.0 1e-05
6924.0 1e-05
6925.0 1e-05
6926.0 1e-05
6927.0 1e-05
6928.0 1e-05
6929.0 1e-05
6930.0 0
6931.0 0
6932.0 0
6933.0 0
6934.0 0
6935.0 0
6936.0 0
6937.0 0
6938.0 0
6939.0 0
6940.0 0
6941.0 0
6942.0 0
6943.0 0
6944.0 0
6945.0 0
6946.0 0
6947.0 0
6948.0 0
6949.0 0
6950.0 0
6951.0 0
6952.0 0
6953.0 0
6954.0 0
6955.0 0
6956.0 0
6957.0 0
6958.0 0
6959.0 0
6960.0 0
6961.0 0
6962.0 0
6963.0 0
6964.0 0
6965.0 0
6966.0 0
6967.0 0
6968.0 0
6969.0 0
6970.0 0
6971.0 0
6972.0 0
6973.0 0
6974.0 0
6975.0 0
6976.0 0
6977.0 0
6978.0 0
6979.0 0
6980.0 0
6981.0 0
6982.0 0
6983.0 0
6984.0 0
6985.0 0
6986.0 0
6987.0 0
6988.0 0
6989.0 0
6990.0 0
6991.0 0
6992.0 0
6993.0 0
6994.0 0
6995.0 0
6996.0 0
6997.0 0
6998.0 0
6999.0 0
7000.0 0
7001.0 0
7002.0 0
7003.0 0
7004.0 0
7005.0 0
7006.0 0
7007.0 0
7008.0 0
7009.0 0
7010.0 1e-05
7011.0 1e-05
7012.0 1e-05
7013.0 1e-05
7014.0 1e-05
7015.0 1e-05
7016.0 1e-05
7017.0 1e-05
7018.0 1e-05
7019.0 1e-05
7020.0 1e-05
7021.0 1e-05
7022.0 1e-05
7023.0 1e-05
7024.0 1e-05
7025.0 1e-05
7026.0 1e-05
7027.0 0
7028.0 0
7029.0 0
7030.0 0
7031.0 0
7032.0 0
7033.0 0
7034.0 0
7035.0 0
7036.0 0
7037.0 0
7038.0 0
7039.0 0
7040.0 0
7041.0 0
7042.0 0
7043.0 0
7044.0 0
7045.0 0
7046.0 0
7047.0 0
7048.0 0
7049.0 0
7050.0 0
7051.0 0
7052.0 0
7053.0 0
7054.0 0
7055.0 0
7056.0 0
7057.0 0
7058.0 0
7059.0 0
7060.0 0
7061.0 0
7062.0 0
7063.0 0
7064.0 0
7065.0 0
7066.0 0
7067.0 0
7068.0 0
7069.0 0
7070.0 0
7071.0 0
7072.0 0
7073.0 0
7074.0 0
7075.0 0
7076.0 0
7077.0 0
7078.0 0
7079.0 0
7080.0 0
7081.0 0
7082.0 0
7083.0 0
7084.0 0
7085.0 0
7086.0 0
7087.0 0
7088.0 0
7089.0 0
7090.0 0
7091.0 0
7092.0 0
7093.0 0
7094.0 0
7095.0 0
7096.0 0
7097.0 0
7098.0 0
7099.0 0
7100.0 0
7101.0 0
7102.0 0
7103.0 0
7104.0 0
7105.0 0
7106.0 0
7107.0 0
7108.0 0
7109.0 0
7110.0 0
7111.0 0
7112.0 0
7113.0 0
7114.0 0
7115.0 0
7116.0 0
7117.0 0
7118.0 1e-05
7119.0 1e-05
7120.0 1e-05
7121.0 1e-05
7122.0 1e-05
7123.0 1e-05
7124.0 1e-05
7125.0 1e-05
7126.0 1e-05
7127.0 1e-05
7128.0 1e-05
7129.0 1e-05
7130.0 1e-05
7131.0 1e-05
7132.0 1e-05
7133.0 1e-05
7134.0 1e-05
7135.0 1e-05
7136.0 1e-05
7137.0 1e-05
7138.0 1e-05
7139.0 1e-05
7140.0 1e-05
7141.0 1e-05
7142.0 1e-05
7143.0 1e-05
7144.0 1e-05
7145.0 1e-05
7146.0 1e-05
7147.0 1e-05
7148.0 1e-05
7149.0 1e-05
7150.0 1e-05
7151.0 2e-05
7152.0 2e-05
7153.0 2e-05
7154.0 2e-05
7155.0 2e-05
7156.0 2e-05
7157.0 2e-05
7158.0 2e-05
7159.0 2e-05
7160.0 2e-05
7161.0 2e-05
7162.0 2e-05
7163.0 2e-05
7164.0 2e-05
7165.0 3e-05
7166.0 2e-05
7167.0 2e-05
7168.0 2e-05
7169.0 2e-05
7170.0 2e-05
7171.0 2e-05
7172.0 2e-05
7173.0 2e-05
7174.0 2e-05
7175.0 2e-05
7176.0 2e-05
7177.0 2e-05
7178.0 2e-05
7179.0 2e-05
7180.0 2e-05
7181.0 2e-05
7182.0 2e-05
7183.0 2e-05
7184.0 2e-05
7185.0 1e-05
7186.0 1e-05
7187.0 1e-05
7188.0 1e-05
7189.0 1e-05
7190.0 1e-05
7191.0 1e-05
7192.0 1e-05
7193.0 1e-05
7194.0 1e-05
7195.0 1e-05
7196.0 0
7197.0 0
7198.0 1e-05
7199.0 1e-05
7200.0 0
7201.0 1e-05
7202.0 1e-05
7203.0 0
7204.0 0
7205.0 0
7206.0 0
7207.0 0
7208.0 0
7209.0 0
7210.0 0
7211.0 0
7212.0 0
7213.0 0
7214.0 0
7215.0 0
7216.0 0
7217.0 0
7218.0 0
7219.0 0
7220.0 0
7221.0 0
7222.0 0
7223.0 0
7224.0 0
7225.0 0
7226.0 0
7227.0 0
7228.0 0
7229.0 0
7230.0 0
7231.0 0
7232.0 0
7233.0 0
7234.0 0
7235.0 0
7236.0 0
7237.0 0
7238.0 0
7239.0 0
7240.0 0
7241.0 0
7242.0 0
7243.0 0
7244.0 0
7245.0 0
7246.0 0
7247.0 0
7248.0 0
7249.0 0
7250.0 0
7251.0 0
7252.0 0
7253.0 0
7254.0 0
7255.0 0
7256.0 0
7257.0 0
7258.0 0
7259.0 0
7260.0 0
7261.0 0
7262.0 0
7263.0 0
7264.0 0
7265.0 0
7266.0 0
7267.0 0
7268.0 0
7269.0 0
7270.0 0
7271.0 0
7272.0 0
7273.0 0
7274.0 0
7275.0 0
7276.0 0
7277.0 0
7278.0 0
7279.0 0
7280.0 0
7281.0 0
7282.0 0
7283.0 0
7284.0 0
7285.0 0
7286.0 0
7287.0 0
7288.0 0
7289.0 0
7290.0 0
7291.0 0
7292.0 0
7293.0 0
7294.0 0
7295.0 0
7296.0 0
7297.0 0
7298.0 0
7299.0 0
7300.0 0
7301.0 0
7302.0 0
7303.0 0
7304.0 0
7305.0 0
7306.0 0
7307.0 0
7308.0 0
7309.0 0
7310.0 0
7311.0 0
7312.0 0
7313.0 0
7314.0 0
7315.0 0
7316.0 0
7317.0 0
7318.0 0
7319.0 0
7320.0 0
7321.0 0
7322.0 0
7323.0 0
7324.0 0
7325.0 0
7326.0 0
7327.0 0
7328.0 0
7329.0 0
7330.0 0
7331.0 0
7332.0 0
7333.0 0
7334.0 0
7335.0 0
7336.0 0
7337.0 0
7338.0 0
7339.0 0
7340.0 0
7341.0 0
7342.0 0
7343.0 0
7344.0 0
7345.0 0
7346.0 0
7347.0 0
7348.0 0
7349.0 0
7350.0 0
7351.0 0
7352.0 0
7353.0 0
7354.0 0
7355.0 0
7356.0 0
7357.0 0
7358.0 0
7359.0 0
7360.0 0
7361.0 0
7362.0 0
7363.0 0
7364.0 0
7365.0 0
7366.0 0
7367.0 0
7368.0 0
7369.0 0
7370.0 0
7371.0 0
7372.0 0
7373.0 0
7374.0 0
7375.0 0
7376.0 0
7377.0 0
7378.0 0
7379.0 0
7380.0 0
7381.0 0
7382.0 0
7383.0 0
7384.0 0
7385.0 0
7386.0 0
7387.0 0
7388.0 0
7389.0 0
7390.0 0
7391.0 0
7392.0 0
7393.0 0
7394.0 0
7395.0 0
7396.0 0
7397.0 0
7398.0 0
7399.0 0
7400.0 0
7401.0 0
7402.0 0
7403.0 0
7404.0 0
7405.0 0
7406.0 0
7407.0 0
7408.0 0
7409.0 0
7410.0 0
7411.0 0
7412.0 0
7413.0 0
7414.0 0
7415.0 0
7416.0 0
7417.0 0
7418.0 0
7419.0 0
7420.0 0
7421.0 0
7422.0 0
7423.0 0
7424.0 0
7425.0 0
7426.0 0
7427.0 0
7428.0 0
7429.0 0
7430.0 0
7431.0 0
7432.0 0
7433.0 0
7434.0 0
7435.0 0
7436.0 0
7437.0 0
7438.0 0
7439.0 0
7440.0 0
7441.0 0
7442.0 0
7443.0 0
7444.0 0
7445.0 0
7446.0 0
7447.0 0
7448.0 0
7449.0 0
7450.0 0
7451.0 0
7452.0 0
7453.0 0
7454.0 0
7455.0 0
7456.0 0
7457.0 0
7458.0 0
7459.0 0
7460.0 0
7461.0 0
7462.0 0
7463.0 0
7464.0 0
7465.0 0
7466.0 0
7467.0 0
7468.0 0
7469.0 0
7470.0 0
7471.0 0
7472.0 0
7473.0 0
7474.0 0
7475.0 0
7476.0 0
7477.0 0
7478.0 0
7479.0 0
7480.0 0
7481.0 0
7482.0 0
7483.0 0
7484.0 0
7485.0 0
7486.0 0
7487.0 0
7488.0 0
7489.0 0
7490.0 0
7491.0 0
7492.0 0
7493.0 0
7494.0 0
7495.0 0
7496.0 0
7497.0 0
7498.0 0
7499.0 0
7500.0 0
7501.0 0
7502.0 0
7503.0 0
7504.0 0
7505.0 0
7506.0 0
7507.0 0
7508.0 0
7509.0 0
7510.0 0
7511.0 0
7512.0 0
7513.0 0
7514.0 0
7515.0 0
7516.0 0
7517.0 0
7518.0 0
7519.0 0
7520.0 0
7521.0 0
7522.0 0
7523.0 0
7524.0 0
7525.0 0
7526.0 0
7527.0 0
7528.0 0
7529.0 0
7530.0 0
7531.0 0
7532.0 0
7533.0 0
7534.0 0
7535.0 0
7536.0 0
7537.0 0
7538.0 0
7539.0 0
7540.0 0
7541.0 0
7542.0 0
7543.0 0
7544.0 0
7545.0 0
7546.0 0
7547.0 0
7548.0 0
7549.0 0
7550.0 0
7551.0 0
7552.0 0
7553.0 0
7554.0 0
7555.0 0
7556.0 0
7557.0 0
7558.0 0
7559.0 0
7560.0 0
7561.0 0
7562.0 0
7563.0 0
7564.0 0
7565.0 0
7566.0 0
7567.0 0
7568.0 0
7569.0 0
7570.0 0
7571.0 0
7572.0 0
7573.0 0
7574.0 0
7575.0 0
7576.0 0
7577.0 0
7578.0 0
7579.0 0
7580.0 0
7581.0 0
7582.0 0
7583.0 0
7584.0 0
7585.0 0
7586.0 0
7587.0 0
7588.0 0
7589.0 0
7590.0 0
7591.0 0
7592.0 0
7593.0 0
7594.0 0
7595.0 0
7596.0 0
7597.0 0
7598.0 0
7599.0 0
7600.0 0
7601.0 0
7602.0 0
7603.0 0
7604.0 0
7605.0 0
7606.0 0
7607.0 0
7608.0 0
7609.0 0
7610.0 0
7611.0 0
7612.0 0
7613.0 0
7614.0 0
7615.0 0
7616.0 0
7617.0 0
7618.0 0
7619.0 0
7620.0 0
7621.0 0
7622.0 0
7623.0 0
7624.0 0
7625.0 0
7626.0 0
7627.0 0
7628.0 0
7629.0 0
7630.0 0
7631.0 0
7632.0 0
7633.0 0
7634.0 0
7635.0 0
7636.0 0
7637.0 0
7638.0 0
7639.0 0
7640.0 0
7641.0 0
7642.0 0
7643.0 0
7644.0 0
7645.0 0
7646.0 0
7647.0 0
7648.0 0
7649.0 0
7650.0 0
7651.0 0
7652.0 0
7653.0 0
7654.0 0
7655.0 0
7656.0 0
7657.0 0
7658.0 0
7659.0 0
7660.0 0
7661.0 0
7662.0 0
7663.0 0
7664.0 0
7665.0 0
7666.0 0
7667.0 0
7668.0 0
7669.0 0
7670.0 0
7671.0 0
7672.0 0
7673.0 0
7674.0 0
7675.0 0
7676.0 0
7677.0 0
7678.0 0
7679.0 0
7680.0 0
7681.0 0
7682.0 0
7683.0 0
7684.0 0
7685.0 0
7686.0 0
7687.0 0
7688.0 0
7689.0 0
7690.0 0
7691.0 0
7692.0 0
7693.0 0
7694.0 0
7695.0 0
7696.0 0
7697.0 0
7698.0 0
7699.0 1e-05
7700.0 1e-05
7701.0 1e-05
7702.0 1e-05
7703.0 1e-05
7704.0 1e-05
7705.0 1e-05
7706.0 1e-05
7707.0 1e-05
7708.0 1e-05
7709.0 1e-05
7710.0 1e-05
7711.0 1e-05
7712.0 1e-05
7713.0 1e-05
7714.0 1e-05
7715.0 1e-05
7716.0 1e-05
7717.0 1e-05
7718.0 1e-05
7719.0 1e-05
7720.0 1e-05
7721.0 1e-05
7722.0 0
7723.0 0
7724.0 0
7725.0 0
7726.0 0
7727.0 0
7728.0 0
7729.0 0
7730.0 0
7731.0 0
7732.0 0
7733.0 0
7734.0 0
7735.0 0
7736.0 0
7737.0 0
7738.0 0
7739.0 0
7740.0 0
7741.0 0
7742.0 0
7743.0 0
7744.0 0
7745.0 0
7746.0 0
7747.0 0
7748.0 0
7749.0 0
7750.0 0
7751.0 0
7752.0 0
7753.0 0
7754.0 0
7755.0 0
7756.0 0
7757.0 0
7758.0 0
7759.0 0
7760.0 0
7761.0 0
7762.0 0
7763.0 0
7764.0 0
7765.0 0
7766.0 0
7767.0 0
7768.0 0
7769.0 0
7770.0 0
7771.0 0
7772.0 0
7773.0 0
7774.0 0
7775.0 0
7776.0 0
7777.0 0
7778.0 0
7779.0 0
7780.0 0
7781.0 0
7782.0 0
7783.0 0
7784.0 0
7785.0 0
7786.0 0
7787.0 0
7788.0 0
7789.0 0
7790.0 0
7791.0 0
7792.0 0
7793.0 0
7794.0 0
7795.0 0
7796.0 0
7797.0 0
7798.0 0
7799.0 0
7800.0 0
7801.0 0
7802.0 0
7803.0 0
7804.0 0
7805.0 0
7806.0 0
7807.0 0
7808.0 0
7809.0 0
7810.0 0
7811.0 0
7812.0 0
7813.0 0
7814.0 0
7815.0 0
7816.0 0
7817.0 0
7818.0 0
7819.0 0
7820.0 0
7821.0 0
7822.0 0
7823.0 0
7824.0 0
7825.0 0
7826.0 0
7827.0 0
7828.0 0
7829.0 0
7830.0 0
7831.0 0
7832.0 0
7833.0 0
7834.0 0
7835.0 0
7836.0 0
7837.0 0
7838.0 0
7839.0 0
7840.0 0
7841.0 0
7842.0 0
7843.0 0
7844.0 0
7845.0 0
7846.0 0
7847.0 0
7848.0 0
7849.0 0
7850.0 0
7851.0 0
7852.0 0
7853.0 0
7854.0 0
7855.0 0
7856.0 0
7857.0 0
7858.0 0
7859.0 0
7860.0 0
7861.0 0
7862.0 0
7863.0 0
7864.0 0
7865.0 0
7866.0 0
7867.0 0
7868.0 0
7869.0 0
7870.0 0
7871.0 0
7872.0 0
7873.0 0
7874.0 0
7875.0 0
7876.0 0
7877.0 0
7878.0 0
7879.0 0
7880.0 0
7881.0 0
7882.0 0
7883.0 0
7884.0 0
7885.0 0
7886.0 0
7887.0 0
7888.0 0
7889.0 0
7890.0 0
7891.0 0
7892.0 0
7893.0 0
7894.0 0
7895.0 0
7896.0 0
7897.0 0
7898.0 0
7899.0 0
7900.0 0
7901.0 0
7902.0 0
7903.0 0
7904.0 0
7905.0 0
7906.0 0
7907.0 0
7908.0 0
7909.0 0
7910.0 0
7911.0 0
7912.0 0
7913.0 0
7914.0 0
7915.0 0
7916.0 0
7917.0 0
7918.0 0
7919.0 0
7920.0 0
7921.0 0
7922.0 0
7923.0 0
7924.0 0
7925.0 0
7926.0 0
7927.0 0
7928.0 1e-05
7929.0 1e-05
7930.0 1e-05
7931.0 1e-05
7932.0 1e-05
7933.0 1e-05
7934.0 1e-05
7935.0 1e-05
7936.0 1e-05
7937.0 0
