# 7DT g band -- total system transmission.
# Columns: wavelength [Angstrom]   transmission [dimensionless].
# Source: 7DT_transmission_23bands/g.csv, delivered 2026-08-27 by
#   Eunjae Herr (Im Lab, Seoul National University) for the NGC 1380 program.
#   Source file sha256 6374dfc3a3a6b7e2d581dc5046cfc7a034b0b0d725165b2c7bd896b31b2a7f4a.
# Conversion: wavelength multiplied by 10 (delivered in nanometers on a uniform
#   0.1 nm grid, 300-1000 nm); transmission untouched. Leading and trailing runs
#   of exact zeros trimmed, one zero row kept on each side as an edge anchor.
# Peak transmission is 0.6593, well below 1: detector QE and optics are
#   already folded into these curves. Do not renormalize. For AB synthetic
#   photometry the overall scale cancels in the ratio of the two bandpass
#   integrals, so only the shape matters.
3447.0 0
3448.0 1e-05
3449.0 1e-05
3450.0 1e-05
3451.0 1e-05
3452.0 1e-05
3453.0 1e-05
3454.0 1e-05
3455.0 1e-05
3456.0 1e-05
3457.0 1e-05
3458.0 1e-05
3459.0 1e-05
3460.0 2e-05
3461.0 2e-05
3462.0 2e-05
3463.0 2e-05
3464.0 2e-05
3465.0 2e-05
3466.0 2e-05
3467.0 2e-05
3468.0 2e-05
3469.0 2e-05
3470.0 2e-05
3471.0 2e-05
3472.0 2e-05
3473.0 2e-05
3474.0 2e-05
3475.0 2e-05
3476.0 2e-05
3477.0 1e-05
3478.0 1e-05
3479.0 1e-05
3480.0 1e-05
3481.0 1e-05
3482.0 1e-05
3483.0 1e-05
3484.0 1e-05
3485.0 1e-05
3486.0 1e-05
3487.0 1e-05
3488.0 1e-05
3489.0 1e-05
3490.0 0
3491.0 0
3492.0 0
3493.0 0
3494.0 0
3495.0 0
3496.0 0
3497.0 0
3498.0 0
3499.0 0
3500.0 0
3501.0 0
3502.0 0
3503.0 0
3504.0 0
3505.0 0
3506.0 0
3507.0 0
3508.0 0
3509.0 0
3510.0 0
3511.0 0
3512.0 0
3513.0 0
3514.0 0
3515.0 0
3516.0 0
3517.0 0
3518.0 0
3519.0 0
3520.0 0
3521.0 0
3522.0 0
3523.0 0
3524.0 0
3525.0 0
3526.0 0
3527.0 0
3528.0 0
3529.0 0
3530.0 0
3531.0 0
3532.0 0
3533.0 0
3534.0 0
3535.0 0
3536.0 0
3537.0 0
3538.0 0
3539.0 0
3540.0 0
3541.0 0
3542.0 0
3543.0 0
3544.0 0
3545.0 0
3546.0 0
3547.0 0
3548.0 0
3549.0 0
3550.0 0
3551.0 0
3552.0 0
3553.0 0
3554.0 0
3555.0 0
3556.0 0
3557.0 0
3558.0 0
3559.0 0
3560.0 0
3561.0 0
3562.0 0
3563.0 0
3564.0 0
3565.0 0
3566.0 0
3567.0 0
3568.0 0
3569.0 0
3570.0 0
3571.0 0
3572.0 0
3573.0 0
3574.0 0
3575.0 0
3576.0 0
3577.0 0
3578.0 0
3579.0 0
3580.0 0
3581.0 0
3582.0 0
3583.0 0
3584.0 0
3585.0 0
3586.0 0
3587.0 0
3588.0 0
3589.0 0
3590.0 0
3591.0 0
3592.0 0
3593.0 0
3594.0 0
3595.0 0
3596.0 0
3597.0 0
3598.0 0
3599.0 0
3600.0 0
3601.0 0
3602.0 0
3603.0 0
3604.0 0
3605.0 0
3606.0 0
3607.0 0
3608.0 0
3609.0 0
3610.0 0
3611.0 0
3612.0 0
3613.0 0
3614.0 0
3615.0 0
3616.0 0
3617.0 0
3618.0 0
3619.0 0
3620.0 0
3621.0 0
3622.0 0
3623.0 0
3624.0 0
3625.0 0
3626.0 0
3627.0 1e-05
3628.0 1e-05
3629.0 1e-05
3630.0 1e-05
3631.0 1e-05
3632.0 1e-05
3633.0 1e-05
3634.0 1e-05
3635.0 1e-05
3636.0 1e-05
3637.0 1e-05
3638.0 1e-05
3639.0 1e-05
3640.0 1e-05
3641.0 1e-05
3642.0 1e-05
3643.0 1e-05
3644.0 1e-05
3645.0 1e-05
3646.0 1e-05
3647.0 1e-05
3648.0 1e-05
3649.0 1e-05
3650.0 2e-05
3651.0 2e-05
3652.0 2e-05
3653.0 2e-05
3654.0 2e-05
3655.0 2e-05
3656.0 2e-05
3657.0 1e-05
3658.0 1e-05
3659.0 1e-05
3660.0 1e-05
3661.0 1e-05
3662.0 1e-05
3663.0 1e-05
3664.0 0
3665.0 0
3666.0 0
3667.0 0
3668.0 0
3669.0 0
3670.0 0
3671.0 0
3672.0 0
3673.0 0
3674.0 0
3675.0 0
3676.0 0
3677.0 0
3678.0 0
3679.0 0
3680.0 0
3681.0 0
3682.0 0
3683.0 0
3684.0 0
3685.0 0
3686.0 0
3687.0 0
3688.0 0
3689.0 0
3690.0 0
3691.0 0
3692.0 0
3693.0 0
3694.0 0
3695.0 0
3696.0 0
3697.0 0
3698.0 0
3699.0 0
3700.0 0
3701.0 0
3702.0 0
3703.0 0
3704.0 0
3705.0 0
3706.0 0
3707.0 0
3708.0 0
3709.0 0
3710.0 0
3711.0 0
3712.0 0
3713.0 0
3714.0 0
3715.0 0
3716.0 0
3717.0 0
3718.0 0
3719.0 0
3720.0 0
3721.0 0
3722.0 0
3723.0 0
3724.0 0
3725.0 0
3726.0 0
3727.0 0
3728.0 0
3729.0 0
3730.0 0
3731.0 0
3732.0 0
3733.0 0
3734.0 0
3735.0 0
3736.0 0
3737.0 0
3738.0 0
3739.0 0
3740.0 0
3741.0 0
3742.0 0
3743.0 0
3744.0 0
3745.0 0
3746.0 0
3747.0 0
3748.0 0
3749.0 0
3750.0 0
3751.0 0
3752.0 0
3753.0 0
3754.0 0
3755.0 0
3756.0 0
3757.0 0
3758.0 0
3759.0 0
3760.0 0
3761.0 0
3762.0 0
3763.0 0
3764.0 0
3765.0 0
3766.0 0
3767.0 0
3768.0 0
3769.0 0
3770.0 0
3771.0 0
3772.0 0
3773.0 0
3774.0 0
3775.0 0
3776.0 0
3777.0 0
3778.0 0
3779.0 0
3780.0 0
3781.0 0
3782.0 0
3783.0 0
3784.0 0
3785.0 0
3786.0 0
3787.0 0
3788.0 0
3789.0 0
3790.0 0
3791.0 0
3792.0 0
3793.0 0
3794.0 0
3795.0 0
3796.0 0
3797.0 0
3798.0 0
3799.0 0
3800.0 0
3801.0 0
3802.0 0
3803.0 0
3804.0 0
3805.0 0
3806.0 0
3807.0 0
3808.0 0
3809.0 0
3810.0 0
3811.0 0
3812.0 0
3813.0 0
3814.0 0
3815.0 0
3816.0 0
3817.0 0
3818.0 0
3819.0 0
3820.0 0
3821.0 0
3822.0 0
3823.0 0
3824.0 0
3825.0 0
3826.0 0
3827.0 0
3828.0 0
3829.0 0
3830.0 0
3831.0 0
3832.0 0
3833.0 0
3834.0 0
3835.0 0
3836.0 0
3837.0 0
3838.0 0
3839.0 0
3840.0 0
3841.0 0
3842.0 0
3843.0 0
3844.0 0
3845.0 0
3846.0 0
3847.0 0
3848.0 0
3849.0 0
3850.0 0
3851.0 0
3852.0 0
3853.0 0
3854.0 0
3855.0 0
3856.0 0
3857.0 0
3858.0 0
3859.0 0
3860.0 0
3861.0 0
3862.0 0
3863.0 0
3864.0 0
3865.0 0
3866.0 0
3867.0 0
3868.0 0
3869.0 0
3870.0 0
3871.0 0
3872.0 0
3873.0 0
3874.0 0
3875.0 0
3876.0 0
3877.0 0
3878.0 0
3879.0 0
3880.0 0
3881.0 0
3882.0 0
3883.0 0
3884.0 0
3885.0 0
3886.0 0
3887.0 0
3888.0 0
3889.0 0
3890.0 0
3891.0 0
3892.0 0
3893.0 0
3894.0 0
3895.0 0
3896.0 0
3897.0 0
3898.0 0
3899.0 0
3900.0 0
3901.0 1e-05
3902.0 1e-05
3903.0 1e-05
3904.0 1e-05
3905.0 2e-05
3906.0 3e-05
3907.0 3e-05
3908.0 4e-05
3909.0 5e-05
3910.0 6e-05
3911.0 6e-05
3912.0 6e-05
3913.0 7e-05
3914.0 7e-05
3915.0 7e-05
3916.0 7e-05
3917.0 6e-05
3918.0 6e-05
3919.0 5e-05
3920.0 4e-05
3921.0 4e-05
3922.0 3e-05
3923.0 3e-05
3924.0 3e-05
3925.0 2e-05
3926.0 2e-05
3927.0 2e-05
3928.0 2e-05
3929.0 2e-05
3930.0 2e-05
3931.0 3e-05
3932.0 3e-05
3933.0 3e-05
3934.0 4e-05
3935.0 4e-05
3936.0 5e-05
3937.0 6e-05
3938.0 7e-05
3939.0 8e-05
3940.0 9e-05
3941.0 0.00012
3942.0 0.00016
3943.0 0.00019
3944.0 0.00023
3945.0 0.00026
3946.0 0.00042
3947.0 0.00058
3948.0 0.00074
3949.0 0.0009
3950.0 0.00105
3951.0 0.00207
3952.0 0.00308
3953.0 0.0041
3954.0 0.00513
3955.0 0.00615
3956.0 0.01318
3957.0 0.02024
3958.0 0.02733
3959.0 0.03444
3960.0 0.04159
3961.0 0.05809
3962.0 0.07466
3963.0 0.0913
3964.0 0.10801
3965.0 0.12478
3966.0 0.13906
3967.0 0.15339
3968.0 0.16779
3969.0 0.18223
3970.0 0.19674
3971.0 0.20234
3972.0 0.20796
3973.0 0.21359
3974.0 0.21926
3975.0 0.2249
3976.0 0.22886
3977.0 0.23278
3978.0 0.23671
3979.0 0.24065
3980.0 0.24461
3981.0 0.24929
3982.0 0.25401
3983.0 0.25871
3984.0 0.26347
3985.0 0.2682
3986.0 0.27076
3987.0 0.2733
3988.0 0.27585
3989.0 0.27841
3990.0 0.28094
3991.0 0.28201
3992.0 0.28305
3993.0 0.28405
3994.0 0.28514
3995.0 0.28619
3996.0 0.28687
3997.0 0.28758
3998.0 0.28828
3999.0 0.28898
4000.0 0.28967
4001.0 0.29033
4002.0 0.29099
4003.0 0.29167
4004.0 0.29234
4005.0 0.29292
4006.0 0.29346
4007.0 0.29399
4008.0 0.29453
4009.0 0.29507
4010.0 0.29561
4011.0 0.29614
4012.0 0.29666
4013.0 0.29719
4014.0 0.29772
4015.0 0.29825
4016.0 0.29876
4017.0 0.29928
4018.0 0.2998
4019.0 0.30032
4020.0 0.30083
4021.0 0.30135
4022.0 0.30187
4023.0 0.30239
4024.0 0.3029
4025.0 0.30342
4026.0 0.30391
4027.0 0.3044
4028.0 0.30489
4029.0 0.30537
4030.0 0.30586
4031.0 0.30638
4032.0 0.3069
4033.0 0.30741
4034.0 0.30793
4035.0 0.30845
4036.0 0.30896
4037.0 0.30947
4038.0 0.30998
4039.0 0.3105
4040.0 0.31101
4041.0 0.31152
4042.0 0.31204
4043.0 0.31255
4044.0 0.31306
4045.0 0.31358
4046.0 0.31405
4047.0 0.31452
4048.0 0.315
4049.0 0.31547
4050.0 0.31594
4051.0 0.31646
4052.0 0.31697
4053.0 0.31749
4054.0 0.318
4055.0 0.31852
4056.0 0.31903
4057.0 0.31954
4058.0 0.32006
4059.0 0.32057
4060.0 0.32108
4061.0 0.32154
4062.0 0.32199
4063.0 0.32245
4064.0 0.32292
4065.0 0.32339
4066.0 0.32396
4067.0 0.32453
4068.0 0.3251
4069.0 0.32567
4070.0 0.32623
4071.0 0.32668
4072.0 0.32714
4073.0 0.3276
4074.0 0.32805
4075.0 0.32851
4076.0 0.329
4077.0 0.32949
4078.0 0.32999
4079.0 0.33048
4080.0 0.33098
4081.0 0.33147
4082.0 0.33197
4083.0 0.33246
4084.0 0.33296
4085.0 0.33346
4086.0 0.33389
4087.0 0.33433
4088.0 0.33477
4089.0 0.33521
4090.0 0.33565
4091.0 0.33615
4092.0 0.33665
4093.0 0.33712
4094.0 0.33762
4095.0 0.33812
4096.0 0.33864
4097.0 0.33916
4098.0 0.33969
4099.0 0.34021
4100.0 0.34073
4101.0 0.34129
4102.0 0.34186
4103.0 0.34242
4104.0 0.34299
4105.0 0.34355
4106.0 0.34407
4107.0 0.34459
4108.0 0.34512
4109.0 0.34564
4110.0 0.34617
4111.0 0.3467
4112.0 0.34723
4113.0 0.34777
4114.0 0.3483
4115.0 0.34883
4116.0 0.34939
4117.0 0.34995
4118.0 0.35051
4119.0 0.35107
4120.0 0.35163
4121.0 0.35216
4122.0 0.3527
4123.0 0.35323
4124.0 0.35376
4125.0 0.3543
4126.0 0.35489
4127.0 0.35548
4128.0 0.35607
4129.0 0.35667
4130.0 0.35726
4131.0 0.35776
4132.0 0.35826
4133.0 0.35876
4134.0 0.35925
4135.0 0.35975
4136.0 0.36033
4137.0 0.36091
4138.0 0.36149
4139.0 0.36207
4140.0 0.36265
4141.0 0.3632
4142.0 0.36376
4143.0 0.36432
4144.0 0.36487
4145.0 0.36543
4146.0 0.36605
4147.0 0.36667
4148.0 0.36728
4149.0 0.3679
4150.0 0.36852
4151.0 0.36919
4152.0 0.36985
4153.0 0.37051
4154.0 0.37118
4155.0 0.37185
4156.0 0.37253
4157.0 0.37322
4158.0 0.3739
4159.0 0.37459
4160.0 0.37528
4161.0 0.37583
4162.0 0.37639
4163.0 0.37694
4164.0 0.3775
4165.0 0.37806
4166.0 0.37865
4167.0 0.37924
4168.0 0.37983
4169.0 0.38042
4170.0 0.38102
4171.0 0.38162
4172.0 0.38222
4173.0 0.38283
4174.0 0.38342
4175.0 0.38402
4176.0 0.38449
4177.0 0.38498
4178.0 0.38546
4179.0 0.38595
4180.0 0.38643
4181.0 0.38693
4182.0 0.38742
4183.0 0.38791
4184.0 0.3884
4185.0 0.38889
4186.0 0.38936
4187.0 0.38983
4188.0 0.3903
4189.0 0.39077
4190.0 0.39124
4191.0 0.39173
4192.0 0.39223
4193.0 0.39272
4194.0 0.39321
4195.0 0.39371
4196.0 0.39425
4197.0 0.39479
4198.0 0.39534
4199.0 0.39588
4200.0 0.39643
4201.0 0.39702
4202.0 0.39762
4203.0 0.39822
4204.0 0.39882
4205.0 0.39941
4206.0 0.40013
4207.0 0.40083
4208.0 0.40143
4209.0 0.40203
4210.0 0.40264
4211.0 0.40328
4212.0 0.40392
4213.0 0.40456
4214.0 0.4052
4215.0 0.40584
4216.0 0.40648
4217.0 0.40711
4218.0 0.40775
4219.0 0.40838
4220.0 0.40902
4221.0 0.40958
4222.0 0.41015
4223.0 0.41072
4224.0 0.41129
4225.0 0.41185
4226.0 0.41241
4227.0 0.41296
4228.0 0.41351
4229.0 0.41406
4230.0 0.41461
4231.0 0.41508
4232.0 0.41554
4233.0 0.41601
4234.0 0.41647
4235.0 0.41694
4236.0 0.41748
4237.0 0.41801
4238.0 0.41855
4239.0 0.4191
4240.0 0.41965
4241.0 0.42013
4242.0 0.42061
4243.0 0.42109
4244.0 0.42157
4245.0 0.42206
4246.0 0.42259
4247.0 0.42312
4248.0 0.42365
4249.0 0.42418
4250.0 0.42471
4251.0 0.42518
4252.0 0.42566
4253.0 0.42614
4254.0 0.42662
4255.0 0.4271
4256.0 0.42755
4257.0 0.428
4258.0 0.42845
4259.0 0.4289
4260.0 0.42935
4261.0 0.42982
4262.0 0.4303
4263.0 0.43077
4264.0 0.43125
4265.0 0.43172
4266.0 0.43222
4267.0 0.43272
4268.0 0.43323
4269.0 0.43373
4270.0 0.43423
4271.0 0.43473
4272.0 0.43523
4273.0 0.43573
4274.0 0.43623
4275.0 0.43673
4276.0 0.43728
4277.0 0.43783
4278.0 0.43838
4279.0 0.43894
4280.0 0.43949
4281.0 0.44002
4282.0 0.44055
4283.0 0.44108
4284.0 0.44161
4285.0 0.44214
4286.0 0.4426
4287.0 0.44307
4288.0 0.44353
4289.0 0.444
4290.0 0.44446
4291.0 0.44502
4292.0 0.44558
4293.0 0.44613
4294.0 0.44669
4295.0 0.44725
4296.0 0.44776
4297.0 0.44827
4298.0 0.44878
4299.0 0.44929
4300.0 0.4498
4301.0 0.45029
4302.0 0.45078
4303.0 0.45127
4304.0 0.45177
4305.0 0.45226
4306.0 0.45283
4307.0 0.4534
4308.0 0.45396
4309.0 0.45447
4310.0 0.45498
4311.0 0.45545
4312.0 0.45592
4313.0 0.45639
4314.0 0.45686
4315.0 0.45732
4316.0 0.45766
4317.0 0.45803
4318.0 0.45839
4319.0 0.45875
4320.0 0.45912
4321.0 0.45959
4322.0 0.46007
4323.0 0.46055
4324.0 0.46103
4325.0 0.46151
4326.0 0.46188
4327.0 0.46225
4328.0 0.46261
4329.0 0.46297
4330.0 0.46334
4331.0 0.46372
4332.0 0.46411
4333.0 0.46449
4334.0 0.46487
4335.0 0.46526
4336.0 0.46564
4337.0 0.46603
4338.0 0.46642
4339.0 0.46681
4340.0 0.4672
4341.0 0.46769
4342.0 0.46819
4343.0 0.46869
4344.0 0.46919
4345.0 0.46969
4346.0 0.47014
4347.0 0.4706
4348.0 0.47106
4349.0 0.47152
4350.0 0.47198
4351.0 0.47236
4352.0 0.47275
4353.0 0.47313
4354.0 0.47351
4355.0 0.4739
4356.0 0.47435
4357.0 0.47481
4358.0 0.47527
4359.0 0.47573
4360.0 0.47619
4361.0 0.4767
4362.0 0.4772
4363.0 0.4777
4364.0 0.47821
4365.0 0.47872
4366.0 0.47921
4367.0 0.47971
4368.0 0.48022
4369.0 0.48072
4370.0 0.48122
4371.0 0.48163
4372.0 0.48204
4373.0 0.48245
4374.0 0.48286
4375.0 0.48326
4376.0 0.48378
4377.0 0.4843
4378.0 0.48481
4379.0 0.48533
4380.0 0.48584
4381.0 0.48633
4382.0 0.48685
4383.0 0.48737
4384.0 0.48789
4385.0 0.48841
4386.0 0.48889
4387.0 0.48936
4388.0 0.48983
4389.0 0.4903
4390.0 0.49077
4391.0 0.4913
4392.0 0.49187
4393.0 0.49245
4394.0 0.49302
4395.0 0.4936
4396.0 0.4941
4397.0 0.4946
4398.0 0.49508
4399.0 0.49558
4400.0 0.49608
4401.0 0.49661
4402.0 0.49711
4403.0 0.49763
4404.0 0.49815
4405.0 0.49862
4406.0 0.49895
4407.0 0.49931
4408.0 0.49968
4409.0 0.50004
4410.0 0.5004
4411.0 0.50073
4412.0 0.50107
4413.0 0.5014
4414.0 0.5017
4415.0 0.50203
4416.0 0.50233
4417.0 0.50274
4418.0 0.50313
4419.0 0.50345
4420.0 0.50385
4421.0 0.50419
4422.0 0.50452
4423.0 0.50485
4424.0 0.50515
4425.0 0.50551
4426.0 0.50588
4427.0 0.50617
4428.0 0.50662
4429.0 0.50701
4430.0 0.50715
4431.0 0.50732
4432.0 0.50812
4433.0 0.50852
4434.0 0.50886
4435.0 0.50926
4436.0 0.50961
4437.0 0.50996
4438.0 0.5102
4439.0 0.51059
4440.0 0.51103
4441.0 0.51118
4442.0 0.51171
4443.0 0.51196
4444.0 0.51235
4445.0 0.51274
4446.0 0.5131
4447.0 0.51347
4448.0 0.51383
4449.0 0.51414
4450.0 0.51456
4451.0 0.51484
4452.0 0.51527
4453.0 0.51568
4454.0 0.51606
4455.0 0.51642
4456.0 0.5166
4457.0 0.51711
4458.0 0.51746
4459.0 0.51739
4460.0 0.51814
4461.0 0.51849
4462.0 0.51883
4463.0 0.51916
4464.0 0.51949
4465.0 0.51963
4466.0 0.52028
4467.0 0.52067
4468.0 0.52102
4469.0 0.52144
4470.0 0.5218
4471.0 0.52219
4472.0 0.52262
4473.0 0.52303
4474.0 0.52342
4475.0 0.52385
4476.0 0.52413
4477.0 0.52451
4478.0 0.52477
4479.0 0.52516
4480.0 0.52549
4481.0 0.52587
4482.0 0.52626
4483.0 0.52664
4484.0 0.52702
4485.0 0.5274
4486.0 0.52778
4487.0 0.52817
4488.0 0.52855
4489.0 0.52895
4490.0 0.52935
4491.0 0.52974
4492.0 0.53013
4493.0 0.53052
4494.0 0.53092
4495.0 0.53131
4496.0 0.53165
4497.0 0.53201
4498.0 0.53238
4499.0 0.53275
4500.0 0.53313
4501.0 0.53354
4502.0 0.53396
4503.0 0.53438
4504.0 0.5348
4505.0 0.53522
4506.0 0.53565
4507.0 0.53606
4508.0 0.53645
4509.0 0.53683
4510.0 0.53721
4511.0 0.53753
4512.0 0.53786
4513.0 0.53819
4514.0 0.53852
4515.0 0.53884
4516.0 0.5393
4517.0 0.53977
4518.0 0.54021
4519.0 0.54065
4520.0 0.54109
4521.0 0.54154
4522.0 0.54199
4523.0 0.54245
4524.0 0.5429
4525.0 0.54336
4526.0 0.54365
4527.0 0.54394
4528.0 0.54424
4529.0 0.54453
4530.0 0.54483
4531.0 0.54527
4532.0 0.5457
4533.0 0.54615
4534.0 0.54659
4535.0 0.54704
4536.0 0.54736
4537.0 0.54768
4538.0 0.548
4539.0 0.54832
4540.0 0.54864
4541.0 0.54907
4542.0 0.54949
4543.0 0.54992
4544.0 0.55032
4545.0 0.55073
4546.0 0.55103
4547.0 0.55133
4548.0 0.55162
4549.0 0.55192
4550.0 0.55222
4551.0 0.55252
4552.0 0.55283
4553.0 0.55313
4554.0 0.55343
4555.0 0.55373
4556.0 0.55406
4557.0 0.5544
4558.0 0.55476
4559.0 0.55511
4560.0 0.55547
4561.0 0.55583
4562.0 0.55619
4563.0 0.55655
4564.0 0.55688
4565.0 0.55724
4566.0 0.55764
4567.0 0.55803
4568.0 0.5584
4569.0 0.55877
4570.0 0.55918
4571.0 0.55961
4572.0 0.56003
4573.0 0.56046
4574.0 0.56088
4575.0 0.56128
4576.0 0.56179
4577.0 0.56226
4578.0 0.56273
4579.0 0.56324
4580.0 0.56375
4581.0 0.56413
4582.0 0.56447
4583.0 0.56484
4584.0 0.56523
4585.0 0.56561
4586.0 0.56605
4587.0 0.56646
4588.0 0.56692
4589.0 0.56738
4590.0 0.56782
4591.0 0.56812
4592.0 0.56843
4593.0 0.56877
4594.0 0.56909
4595.0 0.56941
4596.0 0.56972
4597.0 0.57008
4598.0 0.57043
4599.0 0.57077
4600.0 0.57111
4601.0 0.5714
4602.0 0.57172
4603.0 0.57204
4604.0 0.57235
4605.0 0.57266
4606.0 0.57296
4607.0 0.57313
4608.0 0.57326
4609.0 0.5734
4610.0 0.57353
4611.0 0.57374
4612.0 0.57395
4613.0 0.57416
4614.0 0.57435
4615.0 0.57454
4616.0 0.57474
4617.0 0.57495
4618.0 0.57515
4619.0 0.57536
4620.0 0.57556
4621.0 0.57581
4622.0 0.57605
4623.0 0.57628
4624.0 0.57652
4625.0 0.57677
4626.0 0.57695
4627.0 0.57713
4628.0 0.57731
4629.0 0.57749
4630.0 0.57768
4631.0 0.57792
4632.0 0.57816
4633.0 0.57839
4634.0 0.57862
4635.0 0.57885
4636.0 0.57903
4637.0 0.57926
4638.0 0.57945
4639.0 0.57963
4640.0 0.5798
4641.0 0.57998
4642.0 0.58018
4643.0 0.58037
4644.0 0.58056
4645.0 0.58074
4646.0 0.58093
4647.0 0.58113
4648.0 0.58137
4649.0 0.58157
4650.0 0.58178
4651.0 0.58194
4652.0 0.58209
4653.0 0.58224
4654.0 0.58239
4655.0 0.58256
4656.0 0.58288
4657.0 0.5832
4658.0 0.58351
4659.0 0.58383
4660.0 0.58414
4661.0 0.58429
4662.0 0.58441
4663.0 0.58455
4664.0 0.58471
4665.0 0.58487
4666.0 0.58513
4667.0 0.5854
4668.0 0.58565
4669.0 0.5859
4670.0 0.58612
4671.0 0.58636
4672.0 0.5866
4673.0 0.58685
4674.0 0.58706
4675.0 0.58725
4676.0 0.58756
4677.0 0.58785
4678.0 0.58814
4679.0 0.58839
4680.0 0.58866
4681.0 0.58897
4682.0 0.58927
4683.0 0.58959
4684.0 0.58987
4685.0 0.59018
4686.0 0.59042
4687.0 0.59057
4688.0 0.59085
4689.0 0.59111
4690.0 0.59131
4691.0 0.59158
4692.0 0.5918
4693.0 0.59211
4694.0 0.59234
4695.0 0.59266
4696.0 0.5928
4697.0 0.59294
4698.0 0.59309
4699.0 0.59345
4700.0 0.59365
4701.0 0.59372
4702.0 0.59394
4703.0 0.59409
4704.0 0.59426
4705.0 0.59442
4706.0 0.59454
4707.0 0.59468
4708.0 0.59496
4709.0 0.59521
4710.0 0.59545
4711.0 0.59569
4712.0 0.59586
4713.0 0.59627
4714.0 0.59653
4715.0 0.59679
4716.0 0.59703
4717.0 0.59721
4718.0 0.59738
4719.0 0.59758
4720.0 0.59781
4721.0 0.59806
4722.0 0.5983
4723.0 0.59855
4724.0 0.59883
4725.0 0.59909
4726.0 0.59938
4727.0 0.59969
4728.0 0.60002
4729.0 0.60031
4730.0 0.60061
4731.0 0.6009
4732.0 0.60117
4733.0 0.60142
4734.0 0.60165
4735.0 0.60192
4736.0 0.60217
4737.0 0.60241
4738.0 0.60266
4739.0 0.6029
4740.0 0.60315
4741.0 0.60353
4742.0 0.60391
4743.0 0.60429
4744.0 0.60462
4745.0 0.605
4746.0 0.60528
4747.0 0.60558
4748.0 0.60586
4749.0 0.60611
4750.0 0.60638
4751.0 0.6067
4752.0 0.60702
4753.0 0.60735
4754.0 0.60767
4755.0 0.60799
4756.0 0.6083
4757.0 0.60862
4758.0 0.60893
4759.0 0.6092
4760.0 0.60947
4761.0 0.60974
4762.0 0.60996
4763.0 0.6102
4764.0 0.61051
4765.0 0.61081
4766.0 0.61119
4767.0 0.61163
4768.0 0.61207
4769.0 0.6125
4770.0 0.61294
4771.0 0.6133
4772.0 0.61366
4773.0 0.61404
4774.0 0.61445
4775.0 0.61486
4776.0 0.61525
4777.0 0.61564
4778.0 0.61603
4779.0 0.61642
4780.0 0.61682
4781.0 0.61723
4782.0 0.61767
4783.0 0.61811
4784.0 0.61854
4785.0 0.61898
4786.0 0.61935
4787.0 0.61972
4788.0 0.62013
4789.0 0.62054
4790.0 0.62095
4791.0 0.6214
4792.0 0.62184
4793.0 0.62229
4794.0 0.62273
4795.0 0.62317
4796.0 0.62349
4797.0 0.62384
4798.0 0.62421
4799.0 0.62458
4800.0 0.62496
4801.0 0.62533
4802.0 0.62571
4803.0 0.62609
4804.0 0.62647
4805.0 0.62685
4806.0 0.6272
4807.0 0.6275
4808.0 0.62779
4809.0 0.628
4810.0 0.62821
4811.0 0.62849
4812.0 0.62877
4813.0 0.62905
4814.0 0.62931
4815.0 0.62956
4816.0 0.62983
4817.0 0.63013
4818.0 0.63041
4819.0 0.63067
4820.0 0.63098
4821.0 0.63122
4822.0 0.63146
4823.0 0.63167
4824.0 0.63188
4825.0 0.63213
4826.0 0.63236
4827.0 0.63258
4828.0 0.63285
4829.0 0.63309
4830.0 0.63331
4831.0 0.63355
4832.0 0.6338
4833.0 0.63404
4834.0 0.63426
4835.0 0.63446
4836.0 0.63474
4837.0 0.63502
4838.0 0.63531
4839.0 0.63554
4840.0 0.63579
4841.0 0.63606
4842.0 0.6363
4843.0 0.63652
4844.0 0.63679
4845.0 0.63706
4846.0 0.63727
4847.0 0.63744
4848.0 0.6376
4849.0 0.63779
4850.0 0.63796
4851.0 0.63819
4852.0 0.63844
4853.0 0.63866
4854.0 0.63886
4855.0 0.63909
4856.0 0.6393
4857.0 0.63953
4858.0 0.63966
4859.0 0.63991
4860.0 0.64009
4861.0 0.64037
4862.0 0.64068
4863.0 0.64096
4864.0 0.64123
4865.0 0.64149
4866.0 0.6416
4867.0 0.6417
4868.0 0.64182
4869.0 0.64194
4870.0 0.64205
4871.0 0.64226
4872.0 0.64245
4873.0 0.64269
4874.0 0.64291
4875.0 0.64308
4876.0 0.64334
4877.0 0.64355
4878.0 0.64373
4879.0 0.64377
4880.0 0.64405
4881.0 0.64424
4882.0 0.64444
4883.0 0.64465
4884.0 0.64484
4885.0 0.64485
4886.0 0.64521
4887.0 0.64543
4888.0 0.64566
4889.0 0.64589
4890.0 0.64608
4891.0 0.6462
4892.0 0.64651
4893.0 0.64674
4894.0 0.64701
4895.0 0.64721
4896.0 0.64745
4897.0 0.6478
4898.0 0.64807
4899.0 0.64837
4900.0 0.64863
4901.0 0.64885
4902.0 0.64907
4903.0 0.64928
4904.0 0.64947
4905.0 0.64966
4906.0 0.64983
4907.0 0.65
4908.0 0.65017
4909.0 0.65029
4910.0 0.65037
4911.0 0.65045
4912.0 0.65057
4913.0 0.6507
4914.0 0.65083
4915.0 0.65096
4916.0 0.65106
4917.0 0.65116
4918.0 0.65127
4919.0 0.65136
4920.0 0.65145
4921.0 0.65155
4922.0 0.65161
4923.0 0.65167
4924.0 0.65177
4925.0 0.65186
4926.0 0.65186
4927.0 0.65187
4928.0 0.65187
4929.0 0.65187
4930.0 0.65188
4931.0 0.65198
4932.0 0.65206
4933.0 0.65214
4934.0 0.65226
4935.0 0.65237
4936.0 0.65241
4937.0 0.65245
4938.0 0.65249
4939.0 0.65253
4940.0 0.65253
4941.0 0.65266
4942.0 0.65283
4943.0 0.653
4944.0 0.65318
4945.0 0.65335
4946.0 0.65352
4947.0 0.65368
4948.0 0.65382
4949.0 0.65394
4950.0 0.6541
4951.0 0.65422
4952.0 0.65433
4953.0 0.65441
4954.0 0.65447
4955.0 0.65458
4956.0 0.65469
4957.0 0.65477
4958.0 0.65488
4959.0 0.655
4960.0 0.65513
4961.0 0.65528
4962.0 0.65542
4963.0 0.65555
4964.0 0.65568
4965.0 0.65586
4966.0 0.6559
4967.0 0.65591
4968.0 0.65596
4969.0 0.65602
4970.0 0.65603
4971.0 0.6562
4972.0 0.65639
4973.0 0.65654
4974.0 0.65668
4975.0 0.65682
4976.0 0.65687
4977.0 0.65691
4978.0 0.65699
4979.0 0.65707
4980.0 0.65711
4981.0 0.65721
4982.0 0.65731
4983.0 0.65741
4984.0 0.6575
4985.0 0.6576
4986.0 0.65775
4987.0 0.65791
4988.0 0.65806
4989.0 0.65821
4990.0 0.65837
4991.0 0.65849
4992.0 0.65862
4993.0 0.65874
4994.0 0.65887
4995.0 0.65899
4996.0 0.65906
4997.0 0.65912
4998.0 0.65918
4999.0 0.65923
5000.0 0.65932
5001.0 0.65904
5002.0 0.65883
5003.0 0.65853
5004.0 0.65827
5005.0 0.65804
5006.0 0.6578
5007.0 0.65756
5008.0 0.65733
5009.0 0.65708
5010.0 0.6569
5011.0 0.65654
5012.0 0.65624
5013.0 0.65589
5014.0 0.65548
5015.0 0.65516
5016.0 0.65489
5017.0 0.65453
5018.0 0.65411
5019.0 0.65385
5020.0 0.65334
5021.0 0.65293
5022.0 0.65291
5023.0 0.65268
5024.0 0.65241
5025.0 0.65211
5026.0 0.6514
5027.0 0.65143
5028.0 0.65122
5029.0 0.65092
5030.0 0.64951
5031.0 0.64952
5032.0 0.65026
5033.0 0.6501
5034.0 0.64954
5035.0 0.64964
5036.0 0.64632
5037.0 0.64814
5038.0 0.64958
5039.0 0.64786
5040.0 0.6497
5041.0 0.6486
5042.0 0.64955
5043.0 0.64975
5044.0 0.65019
5045.0 0.65028
5046.0 0.65046
5047.0 0.65059
5048.0 0.65109
5049.0 0.65092
5050.0 0.651
5051.0 0.65174
5052.0 0.65177
5053.0 0.65235
5054.0 0.65197
5055.0 0.65255
5056.0 0.65324
5057.0 0.65356
5058.0 0.6522
5059.0 0.65099
5060.0 0.65449
5061.0 0.65427
5062.0 0.65507
5063.0 0.6553
5064.0 0.6556
5065.0 0.6559
5066.0 0.65613
5067.0 0.65638
5068.0 0.65629
5069.0 0.65693
5070.0 0.6567
5071.0 0.65737
5072.0 0.65764
5073.0 0.65789
5074.0 0.65736
5075.0 0.65817
5076.0 0.65841
5077.0 0.65842
5078.0 0.65672
5079.0 0.65802
5080.0 0.65848
5081.0 0.65774
5082.0 0.659
5083.0 0.65907
5084.0 0.65917
5085.0 0.65887
5086.0 0.6589
5087.0 0.65927
5088.0 0.65808
5089.0 0.65925
5090.0 0.65929
5091.0 0.65924
5092.0 0.6591
5093.0 0.65899
5094.0 0.65772
5095.0 0.65887
5096.0 0.65872
5097.0 0.65875
5098.0 0.65864
5099.0 0.65861
5100.0 0.65842
5101.0 0.65841
5102.0 0.65837
5103.0 0.65811
5104.0 0.65757
5105.0 0.65807
5106.0 0.65802
5107.0 0.65795
5108.0 0.65786
5109.0 0.65767
5110.0 0.65764
5111.0 0.65734
5112.0 0.6572
5113.0 0.65699
5114.0 0.65676
5115.0 0.65651
5116.0 0.65623
5117.0 0.65615
5118.0 0.65586
5119.0 0.65579
5120.0 0.6556
5121.0 0.65554
5122.0 0.65544
5123.0 0.65546
5124.0 0.65534
5125.0 0.65534
5126.0 0.65523
5127.0 0.65513
5128.0 0.65503
5129.0 0.65492
5130.0 0.65477
5131.0 0.65477
5132.0 0.65479
5133.0 0.65481
5134.0 0.6548
5135.0 0.65478
5136.0 0.65474
5137.0 0.65473
5138.0 0.65469
5139.0 0.65463
5140.0 0.65462
5141.0 0.65456
5142.0 0.65446
5143.0 0.6544
5144.0 0.65436
5145.0 0.65431
5146.0 0.65426
5147.0 0.65417
5148.0 0.65408
5149.0 0.65399
5150.0 0.65393
5151.0 0.6539
5152.0 0.65382
5153.0 0.65376
5154.0 0.65374
5155.0 0.65371
5156.0 0.65362
5157.0 0.6535
5158.0 0.65337
5159.0 0.65329
5160.0 0.65321
5161.0 0.65314
5162.0 0.65303
5163.0 0.65291
5164.0 0.65284
5165.0 0.65276
5166.0 0.65263
5167.0 0.65252
5168.0 0.65244
5169.0 0.65235
5170.0 0.65226
5171.0 0.65215
5172.0 0.65206
5173.0 0.65199
5174.0 0.65193
5175.0 0.65187
5176.0 0.65178
5177.0 0.65169
5178.0 0.65165
5179.0 0.65158
5180.0 0.65148
5181.0 0.65138
5182.0 0.65128
5183.0 0.65115
5184.0 0.65102
5185.0 0.65093
5186.0 0.65078
5187.0 0.65063
5188.0 0.65044
5189.0 0.65025
5190.0 0.6501
5191.0 0.64985
5192.0 0.64956
5193.0 0.6493
5194.0 0.64906
5195.0 0.64878
5196.0 0.64844
5197.0 0.64814
5198.0 0.64784
5199.0 0.64754
5200.0 0.6472
5201.0 0.64673
5202.0 0.64625
5203.0 0.64579
5204.0 0.64536
5205.0 0.64491
5206.0 0.64447
5207.0 0.64402
5208.0 0.64358
5209.0 0.64314
5210.0 0.64271
5211.0 0.64236
5212.0 0.64199
5213.0 0.64159
5214.0 0.6412
5215.0 0.64081
5216.0 0.64047
5217.0 0.64014
5218.0 0.63981
5219.0 0.63947
5220.0 0.63914
5221.0 0.63893
5222.0 0.63871
5223.0 0.63841
5224.0 0.63813
5225.0 0.63787
5226.0 0.63774
5227.0 0.6376
5228.0 0.63746
5229.0 0.63733
5230.0 0.63719
5231.0 0.63716
5232.0 0.63713
5233.0 0.6371
5234.0 0.63707
5235.0 0.63704
5236.0 0.63713
5237.0 0.63722
5238.0 0.6373
5239.0 0.63735
5240.0 0.63743
5241.0 0.63755
5242.0 0.63763
5243.0 0.63776
5244.0 0.63781
5245.0 0.63784
5246.0 0.63804
5247.0 0.63812
5248.0 0.63819
5249.0 0.63827
5250.0 0.63828
5251.0 0.63836
5252.0 0.63838
5253.0 0.63839
5254.0 0.63845
5255.0 0.63848
5256.0 0.6385
5257.0 0.63851
5258.0 0.63856
5259.0 0.63861
5260.0 0.63866
5261.0 0.63853
5262.0 0.6384
5263.0 0.63831
5264.0 0.63822
5265.0 0.63813
5266.0 0.63808
5267.0 0.63799
5268.0 0.63781
5269.0 0.63791
5270.0 0.63784
5271.0 0.63772
5272.0 0.63765
5273.0 0.63758
5274.0 0.63751
5275.0 0.63744
5276.0 0.63735
5277.0 0.63722
5278.0 0.63709
5279.0 0.637
5280.0 0.63691
5281.0 0.63674
5282.0 0.63653
5283.0 0.63631
5284.0 0.63613
5285.0 0.63595
5286.0 0.63583
5287.0 0.6357
5288.0 0.63558
5289.0 0.63545
5290.0 0.63532
5291.0 0.63513
5292.0 0.6348
5293.0 0.63468
5294.0 0.63445
5295.0 0.63425
5296.0 0.63407
5297.0 0.63388
5298.0 0.6337
5299.0 0.63352
5300.0 0.63333
5301.0 0.63307
5302.0 0.6328
5303.0 0.63253
5304.0 0.63226
5305.0 0.632
5306.0 0.6317
5307.0 0.6314
5308.0 0.63111
5309.0 0.63082
5310.0 0.63054
5311.0 0.63044
5312.0 0.63032
5313.0 0.63017
5314.0 0.63003
5315.0 0.62988
5316.0 0.62969
5317.0 0.62952
5318.0 0.62938
5319.0 0.62922
5320.0 0.62903
5321.0 0.62897
5322.0 0.62892
5323.0 0.62883
5324.0 0.62874
5325.0 0.6287
5326.0 0.62871
5327.0 0.62873
5328.0 0.62872
5329.0 0.62869
5330.0 0.6287
5331.0 0.62866
5332.0 0.62863
5333.0 0.6286
5334.0 0.62856
5335.0 0.62853
5336.0 0.62845
5337.0 0.62837
5338.0 0.62829
5339.0 0.62821
5340.0 0.62813
5341.0 0.62806
5342.0 0.62799
5343.0 0.62792
5344.0 0.62785
5345.0 0.62777
5346.0 0.6277
5347.0 0.62763
5348.0 0.62751
5349.0 0.6274
5350.0 0.62728
5351.0 0.62723
5352.0 0.6272
5353.0 0.62713
5354.0 0.62706
5355.0 0.62698
5356.0 0.62695
5357.0 0.62695
5358.0 0.62693
5359.0 0.62689
5360.0 0.62685
5361.0 0.62682
5362.0 0.62679
5363.0 0.62677
5364.0 0.62674
5365.0 0.62672
5366.0 0.62676
5367.0 0.62677
5368.0 0.62676
5369.0 0.62675
5370.0 0.62674
5371.0 0.62663
5372.0 0.62652
5373.0 0.6264
5374.0 0.62629
5375.0 0.62617
5376.0 0.626
5377.0 0.62582
5378.0 0.62564
5379.0 0.62546
5380.0 0.62529
5381.0 0.62501
5382.0 0.6247
5383.0 0.6244
5384.0 0.62413
5385.0 0.62386
5386.0 0.62333
5387.0 0.6228
5388.0 0.62226
5389.0 0.62168
5390.0 0.62111
5391.0 0.62054
5392.0 0.61993
5393.0 0.61934
5394.0 0.61875
5395.0 0.61818
5396.0 0.61764
5397.0 0.61708
5398.0 0.61656
5399.0 0.61606
5400.0 0.61532
5401.0 0.61516
5402.0 0.61473
5403.0 0.61435
5404.0 0.6137
5405.0 0.61357
5406.0 0.61323
5407.0 0.61288
5408.0 0.61251
5409.0 0.61216
5410.0 0.61178
5411.0 0.61091
5412.0 0.61181
5413.0 0.61174
5414.0 0.61167
5415.0 0.61172
5416.0 0.61098
5417.0 0.61187
5418.0 0.61205
5419.0 0.61222
5420.0 0.61213
5421.0 0.6117
5422.0 0.61209
5423.0 0.61275
5424.0 0.61302
5425.0 0.61322
5426.0 0.61339
5427.0 0.61352
5428.0 0.6136
5429.0 0.61377
5430.0 0.61361
5431.0 0.61391
5432.0 0.61394
5433.0 0.61362
5434.0 0.61398
5435.0 0.61395
5436.0 0.61384
5437.0 0.61309
5438.0 0.6135
5439.0 0.61375
5440.0 0.61371
5441.0 0.61356
5442.0 0.61347
5443.0 0.61314
5444.0 0.61302
5445.0 0.61284
5446.0 0.61278
5447.0 0.61259
5448.0 0.61235
5449.0 0.6121
5450.0 0.61193
5451.0 0.61099
5452.0 0.61086
5453.0 0.61036
5454.0 0.60984
5455.0 0.60936
5456.0 0.60843
5457.0 0.60746
5458.0 0.60556
5459.0 0.60514
5460.0 0.60445
5461.0 0.60286
5462.0 0.60243
5463.0 0.6013
5464.0 0.59917
5465.0 0.59888
5466.0 0.59802
5467.0 0.59697
5468.0 0.59616
5469.0 0.59496
5470.0 0.59428
5471.0 0.59438
5472.0 0.59405
5473.0 0.59451
5474.0 0.5946
5475.0 0.59453
5476.0 0.5946
5477.0 0.59451
5478.0 0.59438
5479.0 0.59433
5480.0 0.59428
5481.0 0.58821
5482.0 0.58198
5483.0 0.57594
5484.0 0.56984
5485.0 0.56374
5486.0 0.5424
5487.0 0.52114
5488.0 0.49985
5489.0 0.47859
5490.0 0.45735
5491.0 0.42548
5492.0 0.3936
5493.0 0.36173
5494.0 0.3299
5495.0 0.29809
5496.0 0.26917
5497.0 0.2404
5498.0 0.21166
5499.0 0.18287
5500.0 0.15411
5501.0 0.13704
5502.0 0.11997
5503.0 0.10292
5504.0 0.08588
5505.0 0.06885
5506.0 0.0612
5507.0 0.05356
5508.0 0.04593
5509.0 0.0383
5510.0 0.03067
5511.0 0.02738
5512.0 0.02409
5513.0 0.0208
5514.0 0.01751
5515.0 0.01422
5516.0 0.01281
5517.0 0.0114
5518.0 0.00999
5519.0 0.00858
5520.0 0.00718
5521.0 0.00652
5522.0 0.00586
5523.0 0.0052
5524.0 0.00454
5525.0 0.00389
5526.0 0.00355
5527.0 0.00321
5528.0 0.00287
5529.0 0.00253
5530.0 0.00219
5531.0 0.00202
5532.0 0.00184
5533.0 0.00167
5534.0 0.00149
5535.0 0.00132
5536.0 0.00122
5537.0 0.00112
5538.0 0.00102
5539.0 0.00092
5540.0 0.00082
5541.0 0.00076
5542.0 0.00071
5543.0 0.00065
5544.0 0.0006
5545.0 0.00054
5546.0 0.00051
5547.0 0.00047
5548.0 0.00044
5549.0 0.00041
5550.0 0.00037
5551.0 0.00035
5552.0 0.00033
5553.0 0.00031
5554.0 0.00028
5555.0 0.00026
5556.0 0.00025
5557.0 0.00023
5558.0 0.00022
5559.0 0.0002
5560.0 0.00019
5561.0 0.00018
5562.0 0.00017
5563.0 0.00016
5564.0 0.00015
5565.0 0.00015
5566.0 0.00014
5567.0 0.00013
5568.0 0.00012
5569.0 0.00012
5570.0 0.00011
5571.0 0.00011
5572.0 0.0001
5573.0 0.0001
5574.0 9e-05
5575.0 9e-05
5576.0 9e-05
5577.0 8e-05
5578.0 8e-05
5579.0 8e-05
5580.0 7e-05
5581.0 7e-05
5582.0 7e-05
5583.0 7e-05
5584.0 6e-05
5585.0 6e-05
5586.0 6e-05
5587.0 6e-05
5588.0 6e-05
5589.0 6e-05
5590.0 5e-05
5591.0 5e-05
5592.0 5e-05
5593.0 5e-05
5594.0 5e-05
5595.0 5e-05
5596.0 5e-05
5597.0 5e-05
5598.0 4e-05
5599.0 4e-05
5600.0 4e-05
5601.0 4e-05
5602.0 4e-05
5603.0 4e-05
5604.0 4e-05
5605.0 4e-05
5606.0 4e-05
5607.0 4e-05
5608.0 4e-05
5609.0 4e-05
5610.0 4e-05
5611.0 4e-05
5612.0 4e-05
5613.0 4e-05
5614.0 4e-05
5615.0 4e-05
5616.0 4e-05
5617.0 4e-05
5618.0 4e-05
5619.0 4e-05
5620.0 4e-05
5621.0 4e-05
5622.0 4e-05
5623.0 4e-05
5624.0 4e-05
5625.0 4e-05
5626.0 4e-05
5627.0 4e-05
5628.0 4e-05
5629.0 4e-05
5630.0 4e-05
5631.0 4e-05
5632.0 4e-05
5633.0 5e-05
5634.0 5e-05
5635.0 5e-05
5636.0 5e-05
5637.0 5e-05
5638.0 5e-05
5639.0 5e-05
5640.0 5e-05
5641.0 5e-05
5642.0 5e-05
5643.0 5e-05
5644.0 5e-05
5645.0 5e-05
5646.0 5e-05
5647.0 5e-05
5648.0 5e-05
5649.0 5e-05
5650.0 5e-05
5651.0 5e-05
5652.0 5e-05
5653.0 5e-05
5654.0 5e-05
5655.0 5e-05
5656.0 5e-05
5657.0 5e-05
5658.0 5e-05
5659.0 5e-05
5660.0 5e-05
5661.0 5e-05
5662.0 5e-05
5663.0 5e-05
5664.0 5e-05
5665.0 5e-05
5666.0 5e-05
5667.0 4e-05
5668.0 4e-05
5669.0 4e-05
5670.0 4e-05
5671.0 4e-05
5672.0 4e-05
5673.0 4e-05
5674.0 4e-05
5675.0 4e-05
5676.0 4e-05
5677.0 4e-05
5678.0 4e-05
5679.0 4e-05
5680.0 4e-05
5681.0 4e-05
5682.0 4e-05
5683.0 4e-05
5684.0 4e-05
5685.0 3e-05
5686.0 3e-05
5687.0 3e-05
5688.0 3e-05
5689.0 3e-05
5690.0 3e-05
5691.0 3e-05
5692.0 3e-05
5693.0 3e-05
5694.0 3e-05
5695.0 3e-05
5696.0 3e-05
5697.0 3e-05
5698.0 3e-05
5699.0 3e-05
5700.0 3e-05
5701.0 3e-05
5702.0 3e-05
5703.0 3e-05
5704.0 3e-05
5705.0 3e-05
5706.0 3e-05
5707.0 3e-05
5708.0 3e-05
5709.0 3e-05
5710.0 3e-05
5711.0 3e-05
5712.0 3e-05
5713.0 3e-05
5714.0 3e-05
5715.0 3e-05
5716.0 3e-05
5717.0 3e-05
5718.0 3e-05
5719.0 3e-05
5720.0 3e-05
5721.0 3e-05
5722.0 3e-05
5723.0 3e-05
5724.0 2e-05
5725.0 2e-05
5726.0 2e-05
5727.0 2e-05
5728.0 2e-05
5729.0 2e-05
5730.0 2e-05
5731.0 2e-05
5732.0 1e-05
5733.0 1e-05
5734.0 1e-05
5735.0 1e-05
5736.0 1e-05
5737.0 1e-05
5738.0 1e-05
5739.0 1e-05
5740.0 1e-05
5741.0 1e-05
5742.0 1e-05
5743.0 1e-05
5744.0 1e-05
5745.0 1e-05
5746.0 1e-05
5747.0 1e-05
5748.0 1e-05
5749.0 1e-05
5750.0 1e-05
5751.0 1e-05
5752.0 1e-05
5753.0 1e-05
5754.0 1e-05
5755.0 1e-05
5756.0 0
5757.0 0
5758.0 0
5759.0 0
5760.0 0
5761.0 0
5762.0 0
5763.0 0
5764.0 0
5765.0 0
5766.0 0
5767.0 0
5768.0 0
5769.0 0
5770.0 0
5771.0 0
5772.0 0
5773.0 0
5774.0 0
5775.0 0
5776.0 0
5777.0 0
5778.0 0
5779.0 0
5780.0 0
5781.0 0
5782.0 0
5783.0 0
5784.0 0
5785.0 0
5786.0 0
5787.0 0
5788.0 0
5789.0 0
5790.0 0
5791.0 0
5792.0 0
5793.0 0
5794.0 0
5795.0 0
5796.0 0
5797.0 0
5798.0 0
5799.0 0
5800.0 0
5801.0 0
5802.0 0
5803.0 0
5804.0 0
5805.0 0
5806.0 0
5807.0 0
5808.0 0
5809.0 0
5810.0 0
5811.0 0
5812.0 0
5813.0 0
5814.0 0
5815.0 0
5816.0 0
5817.0 0
5818.0 0
5819.0 0
5820.0 0
5821.0 0
5822.0 0
5823.0 0
5824.0 0
5825.0 0
5826.0 0
5827.0 0
5828.0 0
5829.0 0
5830.0 0
5831.0 0
5832.0 0
5833.0 0
5834.0 0
5835.0 1e-05
5836.0 1e-05
5837.0 1e-05
5838.0 1e-05
5839.0 1e-05
5840.0 1e-05
5841.0 1e-05
5842.0 1e-05
5843.0 1e-05
5844.0 1e-05
5845.0 1e-05
5846.0 1e-05
5847.0 1e-05
5848.0 1e-05
5849.0 1e-05
5850.0 1e-05
5851.0 1e-05
5852.0 1e-05
5853.0 1e-05
5854.0 2e-05
5855.0 2e-05
5856.0 2e-05
5857.0 2e-05
5858.0 2e-05
5859.0 2e-05
5860.0 2e-05
5861.0 2e-05
5862.0 3e-05
5863.0 3e-05
5864.0 3e-05
5865.0 3e-05
5866.0 3e-05
5867.0 3e-05
5868.0 3e-05
5869.0 3e-05
5870.0 3e-05
5871.0 3e-05
5872.0 3e-05
5873.0 3e-05
5874.0 3e-05
5875.0 3e-05
5876.0 3e-05
5877.0 3e-05
5878.0 2e-05
5879.0 2e-05
5880.0 2e-05
5881.0 2e-05
5882.0 2e-05
5883.0 2e-05
5884.0 2e-05
5885.0 2e-05
5886.0 2e-05
5887.0 1e-05
5888.0 1e-05
5889.0 1e-05
5890.0 1e-05
5891.0 1e-05
5892.0 1e-05
5893.0 1e-05
5894.0 1e-05
5895.0 1e-05
5896.0 1e-05
5897.0 1e-05
5898.0 1e-05
5899.0 1e-05
5900.0 1e-05
5901.0 1e-05
5902.0 1e-05
5903.0 1e-05
5904.0 1e-05
5905.0 1e-05
5906.0 1e-05
5907.0 1e-05
5908.0 1e-05
5909.0 1e-05
5910.0 1e-05
5911.0 1e-05
5912.0 1e-05
5913.0 1e-05
5914.0 2e-05
5915.0 2e-05
5916.0 2e-05
5917.0 2e-05
5918.0 2e-05
5919.0 2e-05
5920.0 2e-05
5921.0 2e-05
5922.0 2e-05
5923.0 2e-05
5924.0 2e-05
5925.0 2e-05
5926.0 2e-05
5927.0 2e-05
5928.0 2e-05
5929.0 2e-05
5930.0 2e-05
5931.0 2e-05
5932.0 2e-05
5933.0 2e-05
5934.0 2e-05
5935.0 2e-05
5936.0 2e-05
5937.0 1e-05
5938.0 1e-05
5939.0 1e-05
5940.0 1e-05
5941.0 1e-05
5942.0 1e-05
5943.0 1e-05
5944.0 1e-05
5945.0 1e-05
5946.0 1e-05
5947.0 1e-05
5948.0 1e-05
5949.0 1e-05
5950.0 1e-05
5951.0 0
5952.0 0
5953.0 0
5954.0 0
5955.0 0
5956.0 0
5957.0 0
5958.0 0
5959.0 0
5960.0 0
5961.0 0
5962.0 0
5963.0 0
5964.0 0
5965.0 0
5966.0 0
5967.0 0
5968.0 0
5969.0 0
5970.0 0
5971.0 0
5972.0 0
5973.0 0
5974.0 0
5975.0 0
5976.0 0
5977.0 0
5978.0 0
5979.0 0
5980.0 0
5981.0 0
5982.0 0
5983.0 0
5984.0 0
5985.0 0
5986.0 0
5987.0 0
5988.0 0
5989.0 0
5990.0 0
5991.0 0
5992.0 0
5993.0 0
5994.0 0
5995.0 0
5996.0 0
5997.0 0
5998.0 0
5999.0 0
6000.0 0
6001.0 0
6002.0 0
6003.0 0
6004.0 0
6005.0 0
6006.0 0
6007.0 0
6008.0 0
6009.0 0
6010.0 0
6011.0 0
6012.0 0
6013.0 0
6014.0 0
6015.0 0
6016.0 0
6017.0 0
6018.0 0
6019.0 0
6020.0 0
6021.0 0
6022.0 0
6023.0 0
6024.0 0
6025.0 0
6026.0 0
6027.0 0
6028.0 0
6029.0 0
6030.0 0
6031.0 0
6032.0 0
6033.0 0
6034.0 0
6035.0 0
6036.0 0
6037.0 0
6038.0 0
6039.0 0
6040.0 0
6041.0 0
6042.0 0
6043.0 0
6044.0 0
6045.0 0
6046.0 0
6047.0 0
6048.0 0
6049.0 0
6050.0 0
6051.0 0
6052.0 0
6053.0 0
6054.0 0
6055.0 0
6056.0 0
6057.0 0
6058.0 0
6059.0 0
6060.0 1e-05
6061.0 1e-05
6062.0 1e-05
6063.0 1e-05
6064.0 1e-05
6065.0 1e-05
6066.0 1e-05
6067.0 1e-05
6068.0 1e-05
6069.0 1e-05
6070.0 1e-05
6071.0 1e-05
6072.0 1e-05
6073.0 1e-05
6074.0 1e-05
6075.0 1e-05
6076.0 1e-05
6077.0 1e-05
6078.0 1e-05
6079.0 1e-05
6080.0 2e-05
6081.0 2e-05
6082.0 2e-05
6083.0 2e-05
6084.0 2e-05
6085.0 2e-05
6086.0 2e-05
6087.0 2e-05
6088.0 2e-05
6089.0 2e-05
6090.0 3e-05
6091.0 3e-05
6092.0 3e-05
6093.0 3e-05
6094.0 3e-05
6095.0 3e-05
6096.0 3e-05
6097.0 3e-05
6098.0 3e-05
6099.0 3e-05
6100.0 3e-05
6101.0 2e-05
6102.0 2e-05
6103.0 2e-05
6104.0 2e-05
6105.0 2e-05
6106.0 2e-05
6107.0 2e-05
6108.0 2e-05
6109.0 2e-05
6110.0 2e-05
6111.0 2e-05
6112.0 2e-05
6113.0 2e-05
6114.0 2e-05
6115.0 2e-05
6116.0 2e-05
6117.0 2e-05
6118.0 2e-05
6119.0 2e-05
6120.0 2e-05
6121.0 2e-05
6122.0 2e-05
6123.0 2e-05
6124.0 2e-05
6125.0 3e-05
6126.0 3e-05
6127.0 3e-05
6128.0 3e-05
6129.0 3e-05
6130.0 3e-05
6131.0 3e-05
6132.0 3e-05
6133.0 3e-05
6134.0 3e-05
6135.0 3e-05
6136.0 4e-05
6137.0 4e-05
6138.0 4e-05
6139.0 4e-05
6140.0 4e-05
6141.0 4e-05
6142.0 4e-05
6143.0 4e-05
6144.0 4e-05
6145.0 4e-05
6146.0 4e-05
6147.0 4e-05
6148.0 4e-05
6149.0 4e-05
6150.0 3e-05
6151.0 3e-05
6152.0 3e-05
6153.0 3e-05
6154.0 3e-05
6155.0 3e-05
6156.0 3e-05
6157.0 3e-05
6158.0 3e-05
6159.0 3e-05
6160.0 2e-05
6161.0 2e-05
6162.0 2e-05
6163.0 2e-05
6164.0 2e-05
6165.0 1e-05
6166.0 1e-05
6167.0 1e-05
6168.0 1e-05
6169.0 1e-05
6170.0 1e-05
6171.0 1e-05
6172.0 1e-05
6173.0 1e-05
6174.0 1e-05
6175.0 1e-05
6176.0 1e-05
6177.0 1e-05
6178.0 1e-05
6179.0 1e-05
6180.0 1e-05
6181.0 1e-05
6182.0 1e-05
6183.0 1e-05
6184.0 1e-05
6185.0 1e-05
6186.0 1e-05
6187.0 1e-05
6188.0 1e-05
6189.0 1e-05
6190.0 0
6191.0 0
6192.0 0
6193.0 0
6194.0 0
6195.0 0
6196.0 0
6197.0 0
6198.0 0
6199.0 0
6200.0 0
6201.0 0
6202.0 0
6203.0 0
6204.0 0
6205.0 0
6206.0 0
6207.0 0
6208.0 0
6209.0 0
6210.0 0
6211.0 0
6212.0 0
6213.0 0
6214.0 0
6215.0 0
6216.0 0
6217.0 0
6218.0 0
6219.0 0
6220.0 0
6221.0 1e-05
6222.0 1e-05
6223.0 1e-05
6224.0 1e-05
6225.0 1e-05
6226.0 1e-05
6227.0 1e-05
6228.0 1e-05
6229.0 1e-05
6230.0 1e-05
6231.0 1e-05
6232.0 1e-05
6233.0 1e-05
6234.0 1e-05
6235.0 1e-05
6236.0 1e-05
6237.0 1e-05
6238.0 1e-05
6239.0 1e-05
6240.0 1e-05
6241.0 2e-05
6242.0 2e-05
6243.0 2e-05
6244.0 2e-05
6245.0 2e-05
6246.0 2e-05
6247.0 2e-05
6248.0 2e-05
6249.0 2e-05
6250.0 2e-05
6251.0 2e-05
6252.0 2e-05
6253.0 2e-05
6254.0 2e-05
6255.0 2e-05
6256.0 2e-05
6257.0 3e-05
6258.0 3e-05
6259.0 3e-05
6260.0 3e-05
6261.0 3e-05
6262.0 3e-05
6263.0 3e-05
6264.0 3e-05
6265.0 3e-05
6266.0 3e-05
6267.0 3e-05
6268.0 3e-05
6269.0 3e-05
6270.0 3e-05
6271.0 3e-05
6272.0 3e-05
6273.0 3e-05
6274.0 3e-05
6275.0 3e-05
6276.0 3e-05
6277.0 3e-05
6278.0 3e-05
6279.0 3e-05
6280.0 3e-05
6281.0 3e-05
6282.0 3e-05
6283.0 2e-05
6284.0 2e-05
6285.0 2e-05
6286.0 2e-05
6287.0 2e-05
6288.0 2e-05
6289.0 2e-05
6290.0 2e-05
6291.0 2e-05
6292.0 2e-05
6293.0 2e-05
6294.0 2e-05
6295.0 2e-05
6296.0 2e-05
6297.0 2e-05
6298.0 2e-05
6299.0 2e-05
6300.0 2e-05
6301.0 2e-05
6302.0 2e-05
6303.0 2e-05
6304.0 2e-05
6305.0 2e-05
6306.0 2e-05
6307.0 2e-05
6308.0 2e-05
6309.0 2e-05
6310.0 2e-05
6311.0 2e-05
6312.0 2e-05
6313.0 2e-05
6314.0 2e-05
6315.0 2e-05
6316.0 2e-05
6317.0 2e-05
6318.0 2e-05
6319.0 2e-05
6320.0 2e-05
6321.0 2e-05
6322.0 2e-05
6323.0 2e-05
6324.0 2e-05
6325.0 2e-05
6326.0 2e-05
6327.0 2e-05
6328.0 2e-05
6329.0 2e-05
6330.0 2e-05
6331.0 2e-05
6332.0 2e-05
6333.0 2e-05
6334.0 2e-05
6335.0 2e-05
6336.0 2e-05
6337.0 2e-05
6338.0 2e-05
6339.0 2e-05
6340.0 2e-05
6341.0 2e-05
6342.0 2e-05
6343.0 2e-05
6344.0 2e-05
6345.0 2e-05
6346.0 2e-05
6347.0 2e-05
6348.0 2e-05
6349.0 2e-05
6350.0 2e-05
6351.0 2e-05
6352.0 2e-05
6353.0 2e-05
6354.0 2e-05
6355.0 2e-05
6356.0 2e-05
6357.0 2e-05
6358.0 2e-05
6359.0 2e-05
6360.0 2e-05
6361.0 2e-05
6362.0 2e-05
6363.0 2e-05
6364.0 2e-05
6365.0 2e-05
6366.0 2e-05
6367.0 2e-05
6368.0 2e-05
6369.0 2e-05
6370.0 2e-05
6371.0 2e-05
6372.0 2e-05
6373.0 3e-05
6374.0 3e-05
6375.0 3e-05
6376.0 3e-05
6377.0 3e-05
6378.0 3e-05
6379.0 3e-05
6380.0 3e-05
6381.0 3e-05
6382.0 3e-05
6383.0 3e-05
6384.0 3e-05
6385.0 3e-05
6386.0 3e-05
6387.0 3e-05
6388.0 3e-05
6389.0 3e-05
6390.0 3e-05
6391.0 3e-05
6392.0 3e-05
6393.0 3e-05
6394.0 3e-05
6395.0 3e-05
6396.0 3e-05
6397.0 3e-05
6398.0 3e-05
6399.0 3e-05
6400.0 3e-05
6401.0 3e-05
6402.0 3e-05
6403.0 3e-05
6404.0 3e-05
6405.0 3e-05
6406.0 3e-05
6407.0 3e-05
6408.0 3e-05
6409.0 3e-05
6410.0 3e-05
6411.0 3e-05
6412.0 3e-05
6413.0 3e-05
6414.0 3e-05
6415.0 3e-05
6416.0 3e-05
6417.0 3e-05
6418.0 3e-05
6419.0 3e-05
6420.0 3e-05
6421.0 3e-05
6422.0 3e-05
6423.0 3e-05
6424.0 3e-05
6425.0 3e-05
6426.0 3e-05
6427.0 3e-05
6428.0 3e-05
6429.0 3e-05
6430.0 3e-05
6431.0 3e-05
6432.0 2e-05
6433.0 2e-05
6434.0 2e-05
6435.0 2e-05
6436.0 2e-05
6437.0 2e-05
6438.0 2e-05
6439.0 2e-05
6440.0 2e-05
6441.0 2e-05
6442.0 2e-05
6443.0 2e-05
6444.0 2e-05
6445.0 2e-05
6446.0 2e-05
6447.0 2e-05
6448.0 2e-05
6449.0 2e-05
6450.0 2e-05
6451.0 2e-05
6452.0 2e-05
6453.0 2e-05
6454.0 2e-05
6455.0 2e-05
6456.0 2e-05
6457.0 2e-05
6458.0 2e-05
6459.0 2e-05
6460.0 2e-05
6461.0 2e-05
6462.0 2e-05
6463.0 2e-05
6464.0 2e-05
6465.0 2e-05
6466.0 2e-05
6467.0 2e-05
6468.0 2e-05
6469.0 2e-05
6470.0 2e-05
6471.0 2e-05
6472.0 2e-05
6473.0 2e-05
6474.0 2e-05
6475.0 2e-05
6476.0 2e-05
6477.0 2e-05
6478.0 2e-05
6479.0 2e-05
6480.0 2e-05
6481.0 2e-05
6482.0 2e-05
6483.0 2e-05
6484.0 2e-05
6485.0 2e-05
6486.0 2e-05
6487.0 2e-05
6488.0 2e-05
6489.0 2e-05
6490.0 2e-05
6491.0 2e-05
6492.0 2e-05
6493.0 2e-05
6494.0 2e-05
6495.0 2e-05
6496.0 2e-05
6497.0 2e-05
6498.0 2e-05
6499.0 2e-05
6500.0 2e-05
6501.0 2e-05
6502.0 2e-05
6503.0 2e-05
6504.0 2e-05
6505.0 2e-05
6506.0 2e-05
6507.0 2e-05
6508.0 2e-05
6509.0 2e-05
6510.0 2e-05
6511.0 2e-05
6512.0 2e-05
6513.0 2e-05
6514.0 2e-05
6515.0 2e-05
6516.0 2e-05
6517.0 2e-05
6518.0 2e-05
6519.0 2e-05
6520.0 3e-05
6521.0 3e-05
6522.0 3e-05
6523.0 3e-05
6524.0 3e-05
6525.0 3e-05
6526.0 3e-05
6527.0 3e-05
6528.0 3e-05
6529.0 3e-05
6530.0 3e-05
6531.0 3e-05
6532.0 3e-05
6533.0 3e-05
6534.0 3e-05
6535.0 3e-05
6536.0 3e-05
6537.0 3e-05
6538.0 3e-05
6539.0 3e-05
6540.0 3e-05
6541.0 3e-05
6542.0 3e-05
6543.0 3e-05
6544.0 3e-05
6545.0 3e-05
6546.0 3e-05
6547.0 3e-05
6548.0 3e-05
6549.0 3e-05
6550.0 3e-05
6551.0 3e-05
6552.0 3e-05
6553.0 3e-05
6554.0 3e-05
6555.0 3e-05
6556.0 3e-05
6557.0 3e-05
6558.0 3e-05
6559.0 2e-05
6560.0 3e-05
6561.0 3e-05
6562.0 3e-05
6563.0 3e-05
6564.0 3e-05
6565.0 3e-05
6566.0 2e-05
6567.0 3e-05
6568.0 3e-05
6569.0 3e-05
6570.0 2e-05
6571.0 2e-05
6572.0 2e-05
6573.0 2e-05
6574.0 2e-05
6575.0 2e-05
6576.0 2e-05
6577.0 2e-05
6578.0 2e-05
6579.0 2e-05
6580.0 2e-05
6581.0 2e-05
6582.0 2e-05
6583.0 2e-05
6584.0 2e-05
6585.0 2e-05
6586.0 2e-05
6587.0 2e-05
6588.0 2e-05
6589.0 2e-05
6590.0 2e-05
6591.0 2e-05
6592.0 2e-05
6593.0 2e-05
6594.0 2e-05
6595.0 2e-05
6596.0 2e-05
6597.0 2e-05
6598.0 2e-05
6599.0 2e-05
6600.0 2e-05
6601.0 2e-05
6602.0 2e-05
6603.0 2e-05
6604.0 2e-05
6605.0 2e-05
6606.0 2e-05
6607.0 2e-05
6608.0 2e-05
6609.0 2e-05
6610.0 2e-05
6611.0 2e-05
6612.0 2e-05
6613.0 2e-05
6614.0 2e-05
6615.0 2e-05
6616.0 2e-05
6617.0 2e-05
6618.0 2e-05
6619.0 2e-05
6620.0 2e-05
6621.0 2e-05
6622.0 2e-05
6623.0 2e-05
6624.0 2e-05
6625.0 2e-05
6626.0 2e-05
6627.0 2e-05
6628.0 2e-05
6629.0 2e-05
6630.0 2e-05
6631.0 2e-05
6632.0 2e-05
6633.0 2e-05
6634.0 2e-05
6635.0 2e-05
6636.0 2e-05
6637.0 2e-05
6638.0 2e-05
6639.0 2e-05
6640.0 2e-05
6641.0 2e-05
6642.0 2e-05
6643.0 2e-05
6644.0 2e-05
6645.0 2e-05
6646.0 2e-05
6647.0 2e-05
6648.0 2e-05
6649.0 2e-05
6650.0 2e-05
6651.0 2e-05
6652.0 2e-05
6653.0 2e-05
6654.0 2e-05
6655.0 2e-05
6656.0 2e-05
6657.0 2e-05
6658.0 2e-05
6659.0 2e-05
6660.0 2e-05
6661.0 2e-05
6662.0 2e-05
6663.0 2e-05
6664.0 2e-05
6665.0 2e-05
6666.0 2e-05
6667.0 2e-05
6668.0 2e-05
6669.0 2e-05
6670.0 2e-05
6671.0 2e-05
6672.0 2e-05
6673.0 2e-05
6674.0 2e-05
6675.0 2e-05
6676.0 2e-05
6677.0 3e-05
6678.0 3e-05
6679.0 3e-05
6680.0 3e-05
6681.0 3e-05
6682.0 3e-05
6683.0 3e-05
6684.0 3e-05
6685.0 3e-05
6686.0 3e-05
6687.0 3e-05
6688.0 3e-05
6689.0 3e-05
6690.0 3e-05
6691.0 3e-05
6692.0 3e-05
6693.0 3e-05
6694.0 3e-05
6695.0 3e-05
6696.0 3e-05
6697.0 3e-05
6698.0 2e-05
6699.0 2e-05
6700.0 2e-05
6701.0 2e-05
6702.0 2e-05
6703.0 2e-05
6704.0 2e-05
6705.0 2e-05
6706.0 2e-05
6707.0 2e-05
6708.0 2e-05
6709.0 2e-05
6710.0 2e-05
6711.0 2e-05
6712.0 2e-05
6713.0 2e-05
6714.0 2e-05
6715.0 2e-05
6716.0 1e-05
6717.0 1e-05
6718.0 1e-05
6719.0 1e-05
6720.0 1e-05
6721.0 1e-05
6722.0 1e-05
6723.0 1e-05
6724.0 1e-05
6725.0 1e-05
6726.0 1e-05
6727.0 1e-05
6728.0 1e-05
6729.0 1e-05
6730.0 1e-05
6731.0 1e-05
6732.0 1e-05
6733.0 1e-05
6734.0 1e-05
6735.0 1e-05
6736.0 1e-05
6737.0 1e-05
6738.0 1e-05
6739.0 1e-05
6740.0 1e-05
6741.0 1e-05
6742.0 1e-05
6743.0 1e-05
6744.0 0
6745.0 0
6746.0 0
6747.0 0
6748.0 0
6749.0 0
6750.0 0
6751.0 0
6752.0 0
6753.0 0
6754.0 0
6755.0 0
6756.0 0
6757.0 0
6758.0 0
6759.0 0
6760.0 0
6761.0 0
6762.0 0
6763.0 0
6764.0 0
6765.0 0
6766.0 0
6767.0 0
6768.0 0
6769.0 0
6770.0 0
6771.0 0
6772.0 0
6773.0 0
6774.0 0
6775.0 0
6776.0 0
6777.0 0
6778.0 0
6779.0 0
6780.0 0
6781.0 0
6782.0 0
6783.0 0
6784.0 0
6785.0 0
6786.0 0
6787.0 0
6788.0 0
6789.0 0
6790.0 0
6791.0 0
6792.0 0
6793.0 0
6794.0 0
6795.0 0
6796.0 0
6797.0 0
6798.0 0
6799.0 0
6800.0 0
6801.0 0
6802.0 0
6803.0 0
6804.0 0
6805.0 0
6806.0 0
6807.0 1e-05
6808.0 1e-05
6809.0 1e-05
6810.0 1e-05
6811.0 1e-05
6812.0 1e-05
6813.0 1e-05
6814.0 1e-05
6815.0 1e-05
6816.0 1e-05
6817.0 1e-05
6818.0 1e-05
6819.0 1e-05
6820.0 1e-05
6821.0 1e-05
6822.0 1e-05
6823.0 1e-05
6824.0 1e-05
6825.0 1e-05
6826.0 1e-05
6827.0 1e-05
6828.0 1e-05
6829.0 1e-05
6830.0 1e-05
6831.0 1e-05
6832.0 1e-05
6833.0 1e-05
6834.0 1e-05
6835.0 1e-05
6836.0 1e-05
6837.0 1e-05
6838.0 1e-05
6839.0 1e-05
6840.0 1e-05
6841.0 2e-05
6842.0 2e-05
6843.0 2e-05
6844.0 2e-05
6845.0 2e-05
6846.0 2e-05
6847.0 2e-05
6848.0 2e-05
6849.0 2e-05
6850.0 2e-05
6851.0 2e-05
6852.0 2e-05
6853.0 2e-05
6854.0 2e-05
6855.0 2e-05
6856.0 2e-05
6857.0 2e-05
6858.0 2e-05
6859.0 2e-05
6860.0 2e-05
6861.0 2e-05
6862.0 2e-05
6863.0 2e-05
6864.0 2e-05
6865.0 2e-05
6866.0 2e-05
6867.0 2e-05
6868.0 2e-05
6869.0 2e-05
6870.0 1e-05
6871.0 1e-05
6872.0 2e-05
6873.0 1e-05
6874.0 2e-05
6875.0 2e-05
6876.0 2e-05
6877.0 2e-05
6878.0 2e-05
6879.0 2e-05
6880.0 2e-05
6881.0 1e-05
6882.0 2e-05
6883.0 2e-05
6884.0 2e-05
6885.0 2e-05
6886.0 2e-05
6887.0 2e-05
6888.0 2e-05
6889.0 2e-05
6890.0 2e-05
6891.0 1e-05
6892.0 2e-05
6893.0 2e-05
6894.0 2e-05
6895.0 1e-05
6896.0 2e-05
6897.0 2e-05
6898.0 1e-05
6899.0 1e-05
6900.0 2e-05
6901.0 2e-05
6902.0 1e-05
6903.0 1e-05
6904.0 2e-05
6905.0 2e-05
6906.0 1e-05
6907.0 1e-05
6908.0 2e-05
6909.0 2e-05
6910.0 2e-05
6911.0 2e-05
6912.0 2e-05
6913.0 2e-05
6914.0 2e-05
6915.0 1e-05
6916.0 1e-05
6917.0 2e-05
6918.0 2e-05
6919.0 2e-05
6920.0 1e-05
6921.0 1e-05
6922.0 2e-05
6923.0 2e-05
6924.0 2e-05
6925.0 2e-05
6926.0 2e-05
6927.0 2e-05
6928.0 2e-05
6929.0 2e-05
6930.0 2e-05
6931.0 2e-05
6932.0 2e-05
6933.0 2e-05
6934.0 2e-05
6935.0 2e-05
6936.0 2e-05
6937.0 2e-05
6938.0 2e-05
6939.0 2e-05
6940.0 2e-05
6941.0 2e-05
6942.0 2e-05
6943.0 2e-05
6944.0 2e-05
6945.0 2e-05
6946.0 2e-05
6947.0 2e-05
6948.0 2e-05
6949.0 2e-05
6950.0 2e-05
6951.0 2e-05
6952.0 2e-05
6953.0 2e-05
6954.0 2e-05
6955.0 2e-05
6956.0 2e-05
6957.0 2e-05
6958.0 2e-05
6959.0 3e-05
6960.0 3e-05
6961.0 3e-05
6962.0 3e-05
6963.0 2e-05
6964.0 2e-05
6965.0 2e-05
6966.0 2e-05
6967.0 2e-05
6968.0 2e-05
6969.0 2e-05
6970.0 2e-05
6971.0 2e-05
6972.0 2e-05
6973.0 2e-05
6974.0 2e-05
6975.0 2e-05
6976.0 2e-05
6977.0 2e-05
6978.0 2e-05
6979.0 2e-05
6980.0 2e-05
6981.0 2e-05
6982.0 2e-05
6983.0 2e-05
6984.0 2e-05
6985.0 2e-05
6986.0 2e-05
6987.0 2e-05
6988.0 2e-05
6989.0 2e-05
6990.0 2e-05
6991.0 2e-05
6992.0 2e-05
6993.0 2e-05
6994.0 2e-05
6995.0 2e-05
6996.0 2e-05
6997.0 2e-05
6998.0 2e-05
6999.0 2e-05
7000.0 2e-05
7001.0 2e-05
7002.0 2e-05
7003.0 2e-05
7004.0 2e-05
7005.0 2e-05
7006.0 2e-05
7007.0 2e-05
7008.0 2e-05
7009.0 2e-05
7010.0 2e-05
7011.0 2e-05
7012.0 2e-05
7013.0 2e-05
7014.0 2e-05
7015.0 2e-05
7016.0 2e-05
7017.0 2e-05
7018.0 2e-05
7019.0 2e-05
7020.0 2e-05
7021.0 2e-05
7022.0 2e-05
7023.0 2e-05
7024.0 2e-05
7025.0 2e-05
7026.0 2e-05
7027.0 2e-05
7028.0 2e-05
7029.0 2e-05
7030.0 2e-05
7031.0 2e-05
7032.0 2e-05
7033.0 2e-05
7034.0 2e-05
7035.0 2e-05
7036.0 2e-05
7037.0 2e-05
7038.0 2e-05
7039.0 2e-05
7040.0 2e-05
7041.0 2e-05
7042.0 2e-05
7043.0 2e-05
7044.0 2e-05
7045.0 2e-05
7046.0 2e-05
7047.0 2e-05
7048.0 2e-05
7049.0 2e-05
7050.0 2e-05
7051.0 2e-05
7052.0 2e-05
7053.0 2e-05
7054.0 2e-05
7055.0 2e-05
7056.0 2e-05
7057.0 2e-05
7058.0 2e-05
7059.0 2e-05
7060.0 2e-05
7061.0 2e-05
7062.0 2e-05
7063.0 2e-05
7064.0 2e-05
7065.0 2e-05
7066.0 2e-05
7067.0 2e-05
7068.0 2e-05
7069.0 2e-05
7070.0 2e-05
7071.0 2e-05
7072.0 2e-05
7073.0 2e-05
7074.0 2e-05
7075.0 2e-05
7076.0 2e-05
7077.0 2e-05
7078.0 2e-05
7079.0 2e-05
7080.0 2e-05
7081.0 2e-05
7082.0 2e-05
7083.0 2e-05
7084.0 2e-05
7085.0 2e-05
7086.0 2e-05
7087.0 2e-05
7088.0 2e-05
7089.0 2e-05
7090.0 2e-05
7091.0 2e-05
7092.0 2e-05
7093.0 2e-05
7094.0 2e-05
7095.0 2e-05
7096.0 2e-05
7097.0 2e-05
7098.0 2e-05
7099.0 2e-05
7100.0 2e-05
7101.0 2e-05
7102.0 2e-05
7103.0 2e-05
7104.0 2e-05
7105.0 2e-05
7106.0 2e-05
7107.0 2e-05
7108.0 2e-05
7109.0 2e-05
7110.0 2e-05
7111.0 2e-05
7112.0 2e-05
7113.0 2e-05
7114.0 2e-05
7115.0 2e-05
7116.0 2e-05
7117.0 2e-05
7118.0 2e-05
7119.0 2e-05
7120.0 2e-05
7121.0 2e-05
7122.0 2e-05
7123.0 2e-05
7124.0 2e-05
7125.0 2e-05
7126.0 2e-05
7127.0 2e-05
7128.0 2e-05
7129.0 2e-05
7130.0 2e-05
7131.0 2e-05
7132.0 2e-05
7133.0 2e-05
7134.0 2e-05
7135.0 2e-05
7136.0 2e-05
7137.0 2e-05
7138.0 2e-05
7139.0 2e-05
7140.0 2e-05
7141.0 2e-05
7142.0 2e-05
7143.0 2e-05
7144.0 2e-05
7145.0 2e-05
7146.0 2e-05
7147.0 2e-05
7148.0 2e-05
7149.0 2e-05
7150.0 2e-05
7151.0 2e-05
7152.0 2e-05
7153.0 2e-05
7154.0 2e-05
7155.0 2e-05
7156.0 2e-05
7157.0 2e-05
7158.0 2e-05
7159.0 2e-05
7160.0 2e-05
7161.0 2e-05
7162.0 2e-05
7163.0 2e-05
7164.0 2e-05
7165.0 2e-05
7166.0 2e-05
7167.0 2e-05
7168.0 1e-05
7169.0 1e-05
7170.0 1e-05
7171.0 1e-05
7172.0 1e-05
7173.0 1e-05
7174.0 1e-05
7175.0 1e-05
7176.0 1e-05
7177.0 1e-05
7178.0 1e-05
7179.0 1e-05
7180.0 1e-05
7181.0 1e-05
7182.0 1e-05
7183.0 1e-05
7184.0 1e-05
7185.0 1e-05
7186.0 1e-05
7187.0 1e-05
7188.0 1e-05
7189.0 1e-05
7190.0 1e-05
7191.0 1e-05
7192.0 1e-05
7193.0 1e-05
7194.0 1e-05
7195.0 1e-05
7196.0 1e-05
7197.0 1e-05
7198.0 1e-05
7199.0 1e-05
7200.0 1e-05
7201.0 1e-05
7202.0 1e-05
7203.0 1e-05
7204.0 1e-05
7205.0 1e-05
7206.0 1e-05
7207.0 1e-05
7208.0 1e-05
7209.0 1e-05
7210.0 1e-05
7211.0 1e-05
7212.0 1e-05
7213.0 1e-05
7214.0 2e-05
7215.0 2e-05
7216.0 2e-05
7217.0 2e-05
7218.0 2e-05
7219.0 2e-05
7220.0 2e-05
7221.0 2e-05
7222.0 2e-05
7223.0 2e-05
7224.0 2e-05
7225.0 2e-05
7226.0 2e-05
7227.0 2e-05
7228.0 2e-05
7229.0 2e-05
7230.0 2e-05
7231.0 2e-05
7232.0 2e-05
7233.0 2e-05
7234.0 2e-05
7235.0 1e-05
7236.0 2e-05
7237.0 2e-05
7238.0 2e-05
7239.0 2e-05
7240.0 2e-05
7241.0 2e-05
7242.0 2e-05
7243.0 2e-05
7244.0 2e-05
7245.0 2e-05
7246.0 2e-05
7247.0 2e-05
7248.0 2e-05
7249.0 2e-05
7250.0 2e-05
7251.0 2e-05
7252.0 2e-05
7253.0 2e-05
7254.0 2e-05
7255.0 2e-05
7256.0 2e-05
7257.0 2e-05
7258.0 2e-05
7259.0 2e-05
7260.0 2e-05
7261.0 2e-05
7262.0 2e-05
7263.0 2e-05
7264.0 2e-05
7265.0 2e-05
7266.0 2e-05
7267.0 2e-05
7268.0 2e-05
7269.0 2e-05
7270.0 2e-05
7271.0 2e-05
7272.0 2e-05
7273.0 2e-05
7274.0 2e-05
7275.0 1e-05
7276.0 2e-05
7277.0 2e-05
7278.0 2e-05
7279.0 1e-05
7280.0 1e-05
7281.0 1e-05
7282.0 2e-05
7283.0 1e-05
7284.0 1e-05
7285.0 1e-05
7286.0 2e-05
7287.0 2e-05
7288.0 2e-05
7289.0 1e-05
7290.0 1e-05
7291.0 1e-05
7292.0 1e-05
7293.0 1e-05
7294.0 1e-05
7295.0 1e-05
7296.0 1e-05
7297.0 1e-05
7298.0 1e-05
7299.0 1e-05
7300.0 1e-05
7301.0 1e-05
7302.0 1e-05
7303.0 1e-05
7304.0 1e-05
7305.0 1e-05
7306.0 1e-05
7307.0 1e-05
7308.0 1e-05
7309.0 1e-05
7310.0 1e-05
7311.0 1e-05
7312.0 1e-05
7313.0 1e-05
7314.0 1e-05
7315.0 1e-05
7316.0 1e-05
7317.0 1e-05
7318.0 1e-05
7319.0 1e-05
7320.0 1e-05
7321.0 1e-05
7322.0 1e-05
7323.0 1e-05
7324.0 1e-05
7325.0 1e-05
7326.0 1e-05
7327.0 1e-05
7328.0 1e-05
7329.0 1e-05
7330.0 1e-05
7331.0 1e-05
7332.0 1e-05
7333.0 1e-05
7334.0 1e-05
7335.0 1e-05
7336.0 1e-05
7337.0 1e-05
7338.0 1e-05
7339.0 1e-05
7340.0 1e-05
7341.0 1e-05
7342.0 1e-05
7343.0 1e-05
7344.0 1e-05
7345.0 1e-05
7346.0 1e-05
7347.0 1e-05
7348.0 1e-05
7349.0 1e-05
7350.0 1e-05
7351.0 1e-05
7352.0 1e-05
7353.0 1e-05
7354.0 1e-05
7355.0 1e-05
7356.0 1e-05
7357.0 1e-05
7358.0 1e-05
7359.0 1e-05
7360.0 1e-05
7361.0 1e-05
7362.0 1e-05
7363.0 1e-05
7364.0 1e-05
7365.0 1e-05
7366.0 1e-05
7367.0 1e-05
7368.0 1e-05
7369.0 1e-05
7370.0 1e-05
7371.0 1e-05
7372.0 1e-05
7373.0 1e-05
7374.0 1e-05
7375.0 1e-05
7376.0 1e-05
7377.0 1e-05
7378.0 1e-05
7379.0 1e-05
7380.0 1e-05
7381.0 1e-05
7382.0 1e-05
7383.0 1e-05
7384.0 1e-05
7385.0 1e-05
7386.0 1e-05
7387.0 1e-05
7388.0 1e-05
7389.0 1e-05
7390.0 1e-05
7391.0 1e-05
7392.0 1e-05
7393.0 1e-05
7394.0 1e-05
7395.0 1e-05
7396.0 1e-05
7397.0 1e-05
7398.0 1e-05
7399.0 1e-05
7400.0 1e-05
7401.0 1e-05
7402.0 1e-05
7403.0 1e-05
7404.0 2e-05
7405.0 2e-05
7406.0 2e-05
7407.0 2e-05
7408.0 2e-05
7409.0 2e-05
7410.0 2e-05
7411.0 2e-05
7412.0 2e-05
7413.0 2e-05
7414.0 2e-05
7415.0 2e-05
7416.0 2e-05
7417.0 2e-05
7418.0 2e-05
7419.0 2e-05
7420.0 2e-05
7421.0 2e-05
7422.0 2e-05
7423.0 2e-05
7424.0 2e-05
7425.0 2e-05
7426.0 2e-05
7427.0 2e-05
7428.0 2e-05
7429.0 2e-05
7430.0 2e-05
7431.0 1e-05
7432.0 1e-05
7433.0 1e-05
7434.0 1e-05
7435.0 1e-05
7436.0 1e-05
7437.0 1e-05
7438.0 1e-05
7439.0 1e-05
7440.0 1e-05
7441.0 1e-05
7442.0 1e-05
7443.0 1e-05
7444.0 1e-05
7445.0 1e-05
7446.0 1e-05
7447.0 1e-05
7448.0 1e-05
7449.0 1e-05
7450.0 1e-05
7451.0 1e-05
7452.0 1e-05
7453.0 1e-05
7454.0 1e-05
7455.0 1e-05
7456.0 1e-05
7457.0 1e-05
7458.0 1e-05
7459.0 1e-05
7460.0 1e-05
7461.0 1e-05
7462.0 1e-05
7463.0 1e-05
7464.0 1e-05
7465.0 1e-05
7466.0 1e-05
7467.0 1e-05
7468.0 1e-05
7469.0 1e-05
7470.0 1e-05
7471.0 1e-05
7472.0 1e-05
7473.0 1e-05
7474.0 1e-05
7475.0 1e-05
7476.0 1e-05
7477.0 1e-05
7478.0 1e-05
7479.0 1e-05
7480.0 1e-05
7481.0 1e-05
7482.0 1e-05
7483.0 1e-05
7484.0 1e-05
7485.0 1e-05
7486.0 1e-05
7487.0 1e-05
7488.0 1e-05
7489.0 1e-05
7490.0 1e-05
7491.0 1e-05
7492.0 1e-05
7493.0 1e-05
7494.0 1e-05
7495.0 1e-05
7496.0 1e-05
7497.0 1e-05
7498.0 1e-05
7499.0 1e-05
7500.0 1e-05
7501.0 1e-05
7502.0 1e-05
7503.0 1e-05
7504.0 1e-05
7505.0 1e-05
7506.0 1e-05
7507.0 1e-05
7508.0 1e-05
7509.0 1e-05
7510.0 1e-05
7511.0 1e-05
7512.0 1e-05
7513.0 1e-05
7514.0 1e-05
7515.0 1e-05
7516.0 1e-05
7517.0 1e-05
7518.0 1e-05
7519.0 1e-05
7520.0 1e-05
7521.0 1e-05
7522.0 1e-05
7523.0 1e-05
7524.0 1e-05
7525.0 1e-05
7526.0 1e-05
7527.0 1e-05
7528.0 1e-05
7529.0 1e-05
7530.0 1e-05
7531.0 1e-05
7532.0 1e-05
7533.0 1e-05
7534.0 1e-05
7535.0 1e-05
7536.0 1e-05
7537.0 1e-05
7538.0 1e-05
7539.0 1e-05
7540.0 1e-05
7541.0 1e-05
7542.0 1e-05
7543.0 1e-05
7544.0 1e-05
7545.0 1e-05
7546.0 1e-05
7547.0 1e-05
7548.0 1e-05
7549.0 1e-05
7550.0 1e-05
7551.0 1e-05
7552.0 1e-05
7553.0 1e-05
7554.0 1e-05
7555.0 1e-05
7556.0 1e-05
7557.0 1e-05
7558.0 1e-05
7559.0 1e-05
7560.0 1e-05
7561.0 1e-05
7562.0 1e-05
7563.0 1e-05
7564.0 1e-05
7565.0 1e-05
7566.0 1e-05
7567.0 1e-05
7568.0 1e-05
7569.0 1e-05
7570.0 1e-05
7571.0 1e-05
7572.0 1e-05
7573.0 1e-05
7574.0 1e-05
7575.0 1e-05
7576.0 1e-05
7577.0 1e-05
7578.0 1e-05
7579.0 1e-05
7580.0 1e-05
7581.0 1e-05
7582.0 1e-05
7583.0 1e-05
7584.0 1e-05
7585.0 1e-05
7586.0 1e-05
7587.0 1e-05
7588.0 1e-05
7589.0 1e-05
7590.0 1e-05
7591.0 1e-05
7592.0 1e-05
7593.0 1e-05
7594.0 1e-05
7595.0 1e-05
7596.0 1e-05
7597.0 1e-05
7598.0 0
7599.0 1e-05
7600.0 1e-05
7601.0 0
7602.0 0
7603.0 1e-05
7604.0 0
7605.0 1e-05
7606.0 0
7607.0 0
7608.0 0
7609.0 0
7610.0 0
7611.0 0
7612.0 0
7613.0 1e-05
7614.0 0
7615.0 1e-05
7616.0 1e-05
7617.0 0
7618.0 1e-05
7619.0 1e-05
7620.0 1e-05
7621.0 1e-05
7622.0 1e-05
7623.0 0
7624.0 1e-05
7625.0 1e-05
7626.0 1e-05
7627.0 1e-05
7628.0 1e-05
7629.0 0
7630.0 0
7631.0 1e-05
7632.0 1e-05
7633.0 0
7634.0 0
7635.0 1e-05
7636.0 1e-05
7637.0 0
7638.0 0
7639.0 1e-05
7640.0 1e-05
7641.0 1e-05
7642.0 0
7643.0 0
7644.0 1e-05
7645.0 1e-05
7646.0 0
7647.0 1e-05
7648.0 1e-05
7649.0 1e-05
7650.0 1e-05
7651.0 0
7652.0 0
7653.0 1e-05
7654.0 1e-05
7655.0 1e-05
7656.0 0
7657.0 0
7658.0 1e-05
7659.0 1e-05
7660.0 1e-05
7661.0 1e-05
7662.0 1e-05
7663.0 1e-05
7664.0 1e-05
7665.0 1e-05
7666.0 1e-05
7667.0 0
7668.0 0
7669.0 1e-05
7670.0 1e-05
7671.0 1e-05
7672.0 1e-05
7673.0 0
7674.0 0
7675.0 1e-05
7676.0 0
