# 7DT r band -- total system transmission.
# Columns: wavelength [Angstrom]   transmission [dimensionless].
# Source: 7DT_transmission_23bands/r.csv, delivered 2026-08-27 by
#   Eunjae Herr (Im Lab, Seoul National University) for the NGC 1380 program.
#   Source file sha256 71ad013149ff4c8544f7ccda2a2a3a726344fcc1b4b096e2485aa78edf54c80a.
# Conversion: wavelength multiplied by 10 (delivered in nanometers on a uniform
#   0.1 nm grid, 300-1000 nm); transmission untouched. Leading and trailing runs
#   of exact zeros trimmed, one zero row kept on each side as an edge anchor.
# Peak transmission is 0.6018, well below 1: detector QE and optics are
#   already folded into these curves. Do not renormalize. For AB synthetic
#   photometry the overall scale cancels in the ratio of the two bandpass
#   integrals, so only the shape matters.
4474.0 0
4475.0 1e-05
4476.0 1e-05
4477.0 1e-05
4478.0 1e-05
4479.0 1e-05
4480.0 1e-05
4481.0 1e-05
4482.0 1e-05
4483.0 1e-05
4484.0 1e-05
4485.0 1e-05
4486.0 1e-05
4487.0 1e-05
4488.0 1e-05
4489.0 1e-05
4490.0 1e-05
4491.0 0
4492.0 0
4493.0 0
4494.0 0
4495.0 0
4496.0 0
4497.0 0
4498.0 0
4499.0 0
4500.0 0
4501.0 0
4502.0 0
4503.0 0
4504.0 0
4505.0 0
4506.0 0
4507.0 0
4508.0 0
4509.0 0
4510.0 0
4511.0 0
4512.0 0
4513.0 0
4514.0 0
4515.0 0
4516.0 0
4517.0 0
4518.0 0
4519.0 0
4520.0 0
4521.0 0
4522.0 0
4523.0 0
4524.0 0
4525.0 0
4526.0 0
4527.0 0
4528.0 0
4529.0 0
4530.0 0
4531.0 0
4532.0 0
4533.0 0
4534.0 0
4535.0 0
4536.0 0
4537.0 0
4538.0 0
4539.0 0
4540.0 0
4541.0 0
4542.0 0
4543.0 0
4544.0 0
4545.0 0
4546.0 0
4547.0 0
4548.0 0
4549.0 0
4550.0 0
4551.0 0
4552.0 0
4553.0 0
4554.0 0
4555.0 0
4556.0 0
4557.0 0
4558.0 0
4559.0 0
4560.0 0
4561.0 0
4562.0 0
4563.0 0
4564.0 0
4565.0 0
4566.0 0
4567.0 0
4568.0 0
4569.0 1e-05
4570.0 1e-05
4571.0 1e-05
4572.0 0
4573.0 0
4574.0 0
4575.0 0
4576.0 0
4577.0 0
4578.0 0
4579.0 0
4580.0 0
4581.0 0
4582.0 0
4583.0 0
4584.0 0
4585.0 0
4586.0 0
4587.0 0
4588.0 0
4589.0 0
4590.0 0
4591.0 0
4592.0 0
4593.0 0
4594.0 0
4595.0 0
4596.0 0
4597.0 0
4598.0 0
4599.0 0
4600.0 0
4601.0 0
4602.0 0
4603.0 0
4604.0 0
4605.0 0
4606.0 0
4607.0 0
4608.0 0
4609.0 0
4610.0 0
4611.0 0
4612.0 0
4613.0 0
4614.0 0
4615.0 0
4616.0 0
4617.0 0
4618.0 0
4619.0 0
4620.0 0
4621.0 0
4622.0 0
4623.0 0
4624.0 0
4625.0 0
4626.0 0
4627.0 0
4628.0 0
4629.0 0
4630.0 0
4631.0 0
4632.0 0
4633.0 0
4634.0 0
4635.0 0
4636.0 0
4637.0 0
4638.0 0
4639.0 0
4640.0 0
4641.0 0
4642.0 0
4643.0 0
4644.0 0
4645.0 0
4646.0 0
4647.0 0
4648.0 0
4649.0 0
4650.0 0
4651.0 0
4652.0 0
4653.0 0
4654.0 0
4655.0 0
4656.0 0
4657.0 0
4658.0 0
4659.0 0
4660.0 0
4661.0 0
4662.0 0
4663.0 0
4664.0 0
4665.0 0
4666.0 0
4667.0 0
4668.0 0
4669.0 0
4670.0 0
4671.0 0
4672.0 0
4673.0 0
4674.0 0
4675.0 0
4676.0 0
4677.0 0
4678.0 0
4679.0 0
4680.0 0
4681.0 0
4682.0 0
4683.0 0
4684.0 0
4685.0 0
4686.0 0
4687.0 0
4688.0 0
4689.0 0
4690.0 0
4691.0 0
4692.0 0
4693.0 0
4694.0 0
4695.0 0
4696.0 0
4697.0 0
4698.0 0
4699.0 0
4700.0 0
4701.0 0
4702.0 0
4703.0 0
4704.0 0
4705.0 0
4706.0 0
4707.0 0
4708.0 0
4709.0 0
4710.0 0
4711.0 0
4712.0 0
4713.0 0
4714.0 0
4715.0 0
4716.0 0
4717.0 0
4718.0 0
4719.0 0
4720.0 0
4721.0 0
4722.0 0
4723.0 0
4724.0 0
4725.0 0
4726.0 0
4727.0 0
4728.0 0
4729.0 0
4730.0 0
4731.0 0
4732.0 0
4733.0 0
4734.0 0
4735.0 0
4736.0 0
4737.0 0
4738.0 0
4739.0 0
4740.0 0
4741.0 0
4742.0 0
4743.0 0
4744.0 0
4745.0 0
4746.0 0
4747.0 0
4748.0 0
4749.0 0
4750.0 0
4751.0 0
4752.0 0
4753.0 0
4754.0 0
4755.0 0
4756.0 0
4757.0 0
4758.0 0
4759.0 0
4760.0 0
4761.0 0
4762.0 0
4763.0 0
4764.0 0
4765.0 0
4766.0 0
4767.0 0
4768.0 0
4769.0 0
4770.0 0
4771.0 0
4772.0 0
4773.0 0
4774.0 0
4775.0 0
4776.0 0
4777.0 0
4778.0 0
4779.0 0
4780.0 0
4781.0 0
4782.0 0
4783.0 0
4784.0 0
4785.0 0
4786.0 0
4787.0 0
4788.0 0
4789.0 0
4790.0 0
4791.0 0
4792.0 0
4793.0 0
4794.0 0
4795.0 0
4796.0 0
4797.0 0
4798.0 0
4799.0 0
4800.0 0
4801.0 0
4802.0 0
4803.0 0
4804.0 0
4805.0 0
4806.0 0
4807.0 0
4808.0 0
4809.0 0
4810.0 0
4811.0 0
4812.0 0
4813.0 0
4814.0 0
4815.0 0
4816.0 0
4817.0 0
4818.0 0
4819.0 0
4820.0 0
4821.0 0
4822.0 0
4823.0 0
4824.0 0
4825.0 0
4826.0 0
4827.0 0
4828.0 0
4829.0 0
4830.0 0
4831.0 0
4832.0 0
4833.0 0
4834.0 0
4835.0 0
4836.0 0
4837.0 0
4838.0 0
4839.0 0
4840.0 0
4841.0 0
4842.0 0
4843.0 0
4844.0 0
4845.0 0
4846.0 0
4847.0 0
4848.0 0
4849.0 0
4850.0 0
4851.0 0
4852.0 0
4853.0 0
4854.0 0
4855.0 0
4856.0 0
4857.0 0
4858.0 0
4859.0 0
4860.0 0
4861.0 0
4862.0 0
4863.0 0
4864.0 0
4865.0 0
4866.0 0
4867.0 0
4868.0 0
4869.0 0
4870.0 0
4871.0 0
4872.0 0
4873.0 0
4874.0 0
4875.0 0
4876.0 0
4877.0 0
4878.0 0
4879.0 0
4880.0 0
4881.0 0
4882.0 0
4883.0 0
4884.0 0
4885.0 0
4886.0 0
4887.0 0
4888.0 0
4889.0 0
4890.0 0
4891.0 0
4892.0 0
4893.0 0
4894.0 0
4895.0 0
4896.0 0
4897.0 0
4898.0 0
4899.0 0
4900.0 0
4901.0 0
4902.0 0
4903.0 0
4904.0 0
4905.0 0
4906.0 0
4907.0 0
4908.0 0
4909.0 0
4910.0 0
4911.0 0
4912.0 0
4913.0 0
4914.0 0
4915.0 0
4916.0 0
4917.0 0
4918.0 0
4919.0 0
4920.0 0
4921.0 0
4922.0 0
4923.0 0
4924.0 0
4925.0 0
4926.0 0
4927.0 0
4928.0 0
4929.0 0
4930.0 0
4931.0 0
4932.0 0
4933.0 0
4934.0 0
4935.0 0
4936.0 0
4937.0 0
4938.0 0
4939.0 0
4940.0 0
4941.0 0
4942.0 0
4943.0 0
4944.0 0
4945.0 0
4946.0 0
4947.0 0
4948.0 0
4949.0 0
4950.0 0
4951.0 0
4952.0 0
4953.0 0
4954.0 0
4955.0 0
4956.0 0
4957.0 0
4958.0 0
4959.0 0
4960.0 0
4961.0 0
4962.0 0
4963.0 0
4964.0 0
4965.0 0
4966.0 0
4967.0 0
4968.0 0
4969.0 0
4970.0 0
4971.0 0
4972.0 0
4973.0 0
4974.0 0
4975.0 0
4976.0 0
4977.0 0
4978.0 0
4979.0 0
4980.0 0
4981.0 0
4982.0 0
4983.0 0
4984.0 0
4985.0 0
4986.0 0
4987.0 0
4988.0 0
4989.0 0
4990.0 0
4991.0 0
4992.0 0
4993.0 0
4994.0 0
4995.0 0
4996.0 0
4997.0 0
4998.0 0
4999.0 0
5000.0 0
5001.0 0
5002.0 0
5003.0 0
5004.0 0
5005.0 0
5006.0 0
5007.0 0
5008.0 0
5009.0 0
5010.0 0
5011.0 0
5012.0 0
5013.0 0
5014.0 0
5015.0 0
5016.0 0
5017.0 0
5018.0 0
5019.0 0
5020.0 0
5021.0 0
5022.0 0
5023.0 0
5024.0 0
5025.0 0
5026.0 0
5027.0 0
5028.0 0
5029.0 0
5030.0 0
5031.0 0
5032.0 0
5033.0 0
5034.0 0
5035.0 0
5036.0 0
5037.0 0
5038.0 0
5039.0 0
5040.0 0
5041.0 0
5042.0 0
5043.0 0
5044.0 0
5045.0 0
5046.0 0
5047.0 0
5048.0 0
5049.0 0
5050.0 0
5051.0 0
5052.0 0
5053.0 0
5054.0 0
5055.0 0
5056.0 0
5057.0 0
5058.0 0
5059.0 0
5060.0 0
5061.0 0
5062.0 0
5063.0 0
5064.0 0
5065.0 0
5066.0 0
5067.0 0
5068.0 0
5069.0 0
5070.0 0
5071.0 0
5072.0 0
5073.0 0
5074.0 0
5075.0 0
5076.0 0
5077.0 0
5078.0 0
5079.0 0
5080.0 0
5081.0 0
5082.0 0
5083.0 0
5084.0 0
5085.0 0
5086.0 0
5087.0 0
5088.0 0
5089.0 0
5090.0 0
5091.0 0
5092.0 0
5093.0 0
5094.0 0
5095.0 0
5096.0 0
5097.0 0
5098.0 0
5099.0 0
5100.0 0
5101.0 0
5102.0 0
5103.0 0
5104.0 0
5105.0 0
5106.0 0
5107.0 0
5108.0 0
5109.0 0
5110.0 0
5111.0 0
5112.0 0
5113.0 0
5114.0 0
5115.0 0
5116.0 0
5117.0 0
5118.0 0
5119.0 0
5120.0 0
5121.0 0
5122.0 0
5123.0 0
5124.0 0
5125.0 0
5126.0 0
5127.0 0
5128.0 0
5129.0 0
5130.0 0
5131.0 0
5132.0 0
5133.0 0
5134.0 0
5135.0 0
5136.0 0
5137.0 0
5138.0 0
5139.0 0
5140.0 0
5141.0 0
5142.0 0
5143.0 0
5144.0 0
5145.0 0
5146.0 0
5147.0 0
5148.0 0
5149.0 0
5150.0 0
5151.0 0
5152.0 0
5153.0 0
5154.0 0
5155.0 0
5156.0 0
5157.0 0
5158.0 0
5159.0 0
5160.0 0
5161.0 0
5162.0 0
5163.0 0
5164.0 0
5165.0 0
5166.0 0
5167.0 0
5168.0 0
5169.0 0
5170.0 0
5171.0 0
5172.0 0
5173.0 0
5174.0 0
5175.0 0
5176.0 0
5177.0 0
5178.0 0
5179.0 0
5180.0 0
5181.0 0
5182.0 0
5183.0 0
5184.0 0
5185.0 0
5186.0 0
5187.0 0
5188.0 0
5189.0 0
5190.0 0
5191.0 0
5192.0 0
5193.0 0
5194.0 0
5195.0 0
5196.0 0
5197.0 0
5198.0 0
5199.0 0
5200.0 0
5201.0 0
5202.0 0
5203.0 0
5204.0 0
5205.0 0
5206.0 0
5207.0 0
5208.0 0
5209.0 0
5210.0 0
5211.0 0
5212.0 0
5213.0 0
5214.0 0
5215.0 0
5216.0 0
5217.0 0
5218.0 0
5219.0 0
5220.0 0
5221.0 0
5222.0 0
5223.0 0
5224.0 0
5225.0 0
5226.0 0
5227.0 0
5228.0 0
5229.0 0
5230.0 0
5231.0 0
5232.0 0
5233.0 0
5234.0 0
5235.0 0
5236.0 0
5237.0 0
5238.0 0
5239.0 0
5240.0 0
5241.0 0
5242.0 0
5243.0 0
5244.0 0
5245.0 0
5246.0 0
5247.0 0
5248.0 0
5249.0 0
5250.0 0
5251.0 0
5252.0 0
5253.0 0
5254.0 0
5255.0 0
5256.0 0
5257.0 0
5258.0 0
5259.0 0
5260.0 0
5261.0 0
5262.0 0
5263.0 0
5264.0 0
5265.0 0
5266.0 0
5267.0 0
5268.0 0
5269.0 0
5270.0 0
5271.0 0
5272.0 0
5273.0 0
5274.0 0
5275.0 0
5276.0 0
5277.0 0
5278.0 0
5279.0 0
5280.0 0
5281.0 0
5282.0 0
5283.0 0
5284.0 0
5285.0 0
5286.0 0
5287.0 0
5288.0 0
5289.0 0
5290.0 0
5291.0 0
5292.0 0
5293.0 0
5294.0 0
5295.0 0
5296.0 0
5297.0 0
5298.0 0
5299.0 0
5300.0 0
5301.0 0
5302.0 0
5303.0 0
5304.0 0
5305.0 0
5306.0 0
5307.0 0
5308.0 0
5309.0 0
5310.0 0
5311.0 0
5312.0 0
5313.0 0
5314.0 0
5315.0 0
5316.0 0
5317.0 0
5318.0 0
5319.0 0
5320.0 0
5321.0 0
5322.0 0
5323.0 0
5324.0 0
5325.0 0
5326.0 0
5327.0 0
5328.0 0
5329.0 0
5330.0 0
5331.0 0
5332.0 0
5333.0 0
5334.0 0
5335.0 0
5336.0 0
5337.0 0
5338.0 0
5339.0 0
5340.0 0
5341.0 0
5342.0 0
5343.0 0
5344.0 0
5345.0 0
5346.0 0
5347.0 0
5348.0 0
5349.0 0
5350.0 0
5351.0 0
5352.0 0
5353.0 0
5354.0 0
5355.0 0
5356.0 0
5357.0 0
5358.0 1e-05
5359.0 1e-05
5360.0 1e-05
5361.0 1e-05
5362.0 1e-05
5363.0 0
5364.0 0
5365.0 0
5366.0 0
5367.0 0
5368.0 0
5369.0 0
5370.0 0
5371.0 0
5372.0 0
5373.0 0
5374.0 0
5375.0 0
5376.0 0
5377.0 0
5378.0 0
5379.0 0
5380.0 0
5381.0 0
5382.0 0
5383.0 0
5384.0 0
5385.0 0
5386.0 0
5387.0 0
5388.0 0
5389.0 0
5390.0 0
5391.0 0
5392.0 0
5393.0 0
5394.0 0
5395.0 0
5396.0 0
5397.0 0
5398.0 0
5399.0 0
5400.0 0
5401.0 0
5402.0 0
5403.0 0
5404.0 0
5405.0 0
5406.0 0
5407.0 0
5408.0 0
5409.0 0
5410.0 0
5411.0 0
5412.0 0
5413.0 0
5414.0 0
5415.0 0
5416.0 0
5417.0 0
5418.0 0
5419.0 0
5420.0 0
5421.0 0
5422.0 0
5423.0 0
5424.0 0
5425.0 0
5426.0 0
5427.0 0
5428.0 0
5429.0 0
5430.0 0
5431.0 0
5432.0 0
5433.0 0
5434.0 0
5435.0 0
5436.0 0
5437.0 0
5438.0 0
5439.0 0
5440.0 0
5441.0 0
5442.0 0
5443.0 0
5444.0 0
5445.0 0
5446.0 0
5447.0 0
5448.0 0
5449.0 0
5450.0 0
5451.0 0
5452.0 0
5453.0 0
5454.0 0
5455.0 0
5456.0 0
5457.0 0
5458.0 0
5459.0 0
5460.0 0
5461.0 0
5462.0 0
5463.0 0
5464.0 0
5465.0 0
5466.0 0
5467.0 0
5468.0 0
5469.0 0
5470.0 0
5471.0 0
5472.0 0
5473.0 0
5474.0 0
5475.0 0
5476.0 0
5477.0 0
5478.0 0
5479.0 0
5480.0 0
5481.0 0
5482.0 0
5483.0 0
5484.0 0
5485.0 0
5486.0 0
5487.0 0
5488.0 0
5489.0 1e-05
5490.0 1e-05
5491.0 1e-05
5492.0 1e-05
5493.0 1e-05
5494.0 1e-05
5495.0 2e-05
5496.0 2e-05
5497.0 2e-05
5498.0 2e-05
5499.0 2e-05
5500.0 2e-05
5501.0 3e-05
5502.0 4e-05
5503.0 5e-05
5504.0 6e-05
5505.0 7e-05
5506.0 8e-05
5507.0 9e-05
5508.0 0.0001
5509.0 0.00011
5510.0 0.00012
5511.0 0.00019
5512.0 0.00026
5513.0 0.00032
5514.0 0.00039
5515.0 0.00046
5516.0 0.00053
5517.0 0.00059
5518.0 0.00066
5519.0 0.00073
5520.0 0.0008
5521.0 0.00155
5522.0 0.00231
5523.0 0.00307
5524.0 0.00382
5525.0 0.00458
5526.0 0.00534
5527.0 0.00609
5528.0 0.00685
5529.0 0.0076
5530.0 0.00836
5531.0 0.02289
5532.0 0.03742
5533.0 0.05195
5534.0 0.06647
5535.0 0.08099
5536.0 0.0955
5537.0 0.11001
5538.0 0.12451
5539.0 0.139
5540.0 0.15348
5541.0 0.19655
5542.0 0.23962
5543.0 0.28267
5544.0 0.32569
5545.0 0.36869
5546.0 0.41167
5547.0 0.45464
5548.0 0.49758
5549.0 0.54053
5550.0 0.58348
5551.0 0.58518
5552.0 0.58687
5553.0 0.58855
5554.0 0.59024
5555.0 0.59193
5556.0 0.59361
5557.0 0.59529
5558.0 0.59699
5559.0 0.59872
5560.0 0.6004
5561.0 0.60016
5562.0 0.59994
5563.0 0.59974
5564.0 0.59957
5565.0 0.59941
5566.0 0.59921
5567.0 0.59901
5568.0 0.5988
5569.0 0.59859
5570.0 0.59835
5571.0 0.5981
5572.0 0.59787
5573.0 0.59765
5574.0 0.59742
5575.0 0.5972
5576.0 0.59697
5577.0 0.59675
5578.0 0.59652
5579.0 0.5963
5580.0 0.59607
5581.0 0.59666
5582.0 0.59724
5583.0 0.59778
5584.0 0.59834
5585.0 0.59892
5586.0 0.59951
5587.0 0.60009
5588.0 0.60065
5589.0 0.60119
5590.0 0.60176
5591.0 0.60095
5592.0 0.60014
5593.0 0.59932
5594.0 0.59847
5595.0 0.59762
5596.0 0.59681
5597.0 0.596
5598.0 0.59519
5599.0 0.59436
5600.0 0.59351
5601.0 0.59355
5602.0 0.5936
5603.0 0.59362
5604.0 0.59363
5605.0 0.59368
5606.0 0.59373
5607.0 0.59378
5608.0 0.59383
5609.0 0.59384
5610.0 0.59385
5611.0 0.59396
5612.0 0.59409
5613.0 0.59418
5614.0 0.59426
5615.0 0.59435
5616.0 0.59441
5617.0 0.59445
5618.0 0.59449
5619.0 0.59453
5620.0 0.59461
5621.0 0.59419
5622.0 0.59377
5623.0 0.59335
5624.0 0.59289
5625.0 0.59244
5626.0 0.59202
5627.0 0.59159
5628.0 0.59113
5629.0 0.59069
5630.0 0.59028
5631.0 0.58951
5632.0 0.58872
5633.0 0.58797
5634.0 0.58723
5635.0 0.58648
5636.0 0.58574
5637.0 0.58496
5638.0 0.58418
5639.0 0.58344
5640.0 0.58269
5641.0 0.58301
5642.0 0.58334
5643.0 0.5837
5644.0 0.58403
5645.0 0.58435
5646.0 0.58469
5647.0 0.58505
5648.0 0.5854
5649.0 0.58576
5650.0 0.58608
5651.0 0.58584
5652.0 0.58568
5653.0 0.5855
5654.0 0.58528
5655.0 0.58507
5656.0 0.58489
5657.0 0.5847
5658.0 0.58448
5659.0 0.58428
5660.0 0.58411
5661.0 0.58342
5662.0 0.58273
5663.0 0.58203
5664.0 0.5813
5665.0 0.58061
5666.0 0.57992
5667.0 0.57921
5668.0 0.57848
5669.0 0.57776
5670.0 0.57704
5671.0 0.57687
5672.0 0.57671
5673.0 0.57658
5674.0 0.57644
5675.0 0.57627
5676.0 0.57595
5677.0 0.57599
5678.0 0.57584
5679.0 0.57567
5680.0 0.57551
5681.0 0.57543
5682.0 0.57568
5683.0 0.57557
5684.0 0.57577
5685.0 0.57579
5686.0 0.57579
5687.0 0.57524
5688.0 0.57607
5689.0 0.57369
5690.0 0.57603
5691.0 0.57503
5692.0 0.57314
5693.0 0.57588
5694.0 0.57176
5695.0 0.57533
5696.0 0.57554
5697.0 0.57543
5698.0 0.57521
5699.0 0.57508
5700.0 0.57444
5701.0 0.57315
5702.0 0.57398
5703.0 0.57395
5704.0 0.57361
5705.0 0.57312
5706.0 0.57277
5707.0 0.57269
5708.0 0.57235
5709.0 0.57204
5710.0 0.57174
5711.0 0.57119
5712.0 0.57063
5713.0 0.56946
5714.0 0.56953
5715.0 0.56899
5716.0 0.56844
5717.0 0.56789
5718.0 0.56737
5719.0 0.56535
5720.0 0.56632
5721.0 0.56417
5722.0 0.56517
5723.0 0.56553
5724.0 0.56525
5725.0 0.56501
5726.0 0.56478
5727.0 0.56456
5728.0 0.5642
5729.0 0.56404
5730.0 0.56316
5731.0 0.56325
5732.0 0.56425
5733.0 0.56447
5734.0 0.56472
5735.0 0.56478
5736.0 0.5652
5737.0 0.5649
5738.0 0.56563
5739.0 0.56467
5740.0 0.56582
5741.0 0.56599
5742.0 0.56588
5743.0 0.56577
5744.0 0.56528
5745.0 0.56543
5746.0 0.56545
5747.0 0.56469
5748.0 0.56524
5749.0 0.56504
5750.0 0.56509
5751.0 0.56475
5752.0 0.5643
5753.0 0.56407
5754.0 0.56377
5755.0 0.56342
5756.0 0.56238
5757.0 0.56263
5758.0 0.56245
5759.0 0.5621
5760.0 0.56171
5761.0 0.5614
5762.0 0.56094
5763.0 0.56047
5764.0 0.56024
5765.0 0.55898
5766.0 0.55958
5767.0 0.55922
5768.0 0.55874
5769.0 0.55834
5770.0 0.55817
5771.0 0.55803
5772.0 0.55809
5773.0 0.55796
5774.0 0.5581
5775.0 0.55835
5776.0 0.55854
5777.0 0.55859
5778.0 0.55847
5779.0 0.55876
5780.0 0.55884
5781.0 0.55895
5782.0 0.55904
5783.0 0.55922
5784.0 0.55931
5785.0 0.55943
5786.0 0.55957
5787.0 0.55971
5788.0 0.55985
5789.0 0.55998
5790.0 0.5601
5791.0 0.5597
5792.0 0.55928
5793.0 0.55889
5794.0 0.55851
5795.0 0.55811
5796.0 0.55774
5797.0 0.5574
5798.0 0.55698
5799.0 0.55667
5800.0 0.55626
5801.0 0.55589
5802.0 0.55551
5803.0 0.55515
5804.0 0.55478
5805.0 0.55439
5806.0 0.55399
5807.0 0.55358
5808.0 0.5532
5809.0 0.55281
5810.0 0.55243
5811.0 0.5527
5812.0 0.55293
5813.0 0.55312
5814.0 0.55331
5815.0 0.55347
5816.0 0.55369
5817.0 0.55385
5818.0 0.55404
5819.0 0.55424
5820.0 0.55442
5821.0 0.55455
5822.0 0.55462
5823.0 0.55468
5824.0 0.55474
5825.0 0.55474
5826.0 0.55487
5827.0 0.55493
5828.0 0.55499
5829.0 0.55505
5830.0 0.55505
5831.0 0.55501
5832.0 0.55486
5833.0 0.55473
5834.0 0.55463
5835.0 0.55452
5836.0 0.5544
5837.0 0.55431
5838.0 0.55421
5839.0 0.55407
5840.0 0.55388
5841.0 0.55327
5842.0 0.55276
5843.0 0.55217
5844.0 0.55154
5845.0 0.55103
5846.0 0.55044
5847.0 0.54966
5848.0 0.54924
5849.0 0.54864
5850.0 0.54804
5851.0 0.54747
5852.0 0.54691
5853.0 0.54615
5854.0 0.54577
5855.0 0.5452
5856.0 0.5446
5857.0 0.54406
5858.0 0.54349
5859.0 0.54288
5860.0 0.54235
5861.0 0.54194
5862.0 0.54214
5863.0 0.54199
5864.0 0.54183
5865.0 0.54168
5866.0 0.54139
5867.0 0.54102
5868.0 0.54137
5869.0 0.54079
5870.0 0.54115
5871.0 0.54151
5872.0 0.54146
5873.0 0.54135
5874.0 0.54263
5875.0 0.54273
5876.0 0.54357
5877.0 0.5424
5878.0 0.54187
5879.0 0.54415
5880.0 0.54539
5881.0 0.54326
5882.0 0.54508
5883.0 0.54515
5884.0 0.54466
5885.0 0.54541
5886.0 0.54475
5887.0 0.54506
5888.0 0.54067
5889.0 0.53854
5890.0 0.54636
5891.0 0.54395
5892.0 0.54309
5893.0 0.54361
5894.0 0.54183
5895.0 0.54258
5896.0 0.54458
5897.0 0.54588
5898.0 0.54208
5899.0 0.54452
5900.0 0.54272
5901.0 0.54572
5902.0 0.54102
5903.0 0.52786
5904.0 0.54072
5905.0 0.54006
5906.0 0.54144
5907.0 0.53794
5908.0 0.5396
5909.0 0.53593
5910.0 0.5362
5911.0 0.53681
5912.0 0.53264
5913.0 0.53608
5914.0 0.53527
5915.0 0.53451
5916.0 0.53251
5917.0 0.53036
5918.0 0.53245
5919.0 0.53081
5920.0 0.52523
5921.0 0.52802
5922.0 0.52996
5923.0 0.53092
5924.0 0.52638
5925.0 0.52775
5926.0 0.52458
5927.0 0.53066
5928.0 0.53023
5929.0 0.5304
5930.0 0.52418
5931.0 0.52907
5932.0 0.53011
5933.0 0.53018
5934.0 0.5265
5935.0 0.53008
5936.0 0.5296
5937.0 0.52986
5938.0 0.53036
5939.0 0.52962
5940.0 0.52982
5941.0 0.53001
5942.0 0.52542
5943.0 0.52587
5944.0 0.51783
5945.0 0.52837
5946.0 0.5222
5947.0 0.52428
5948.0 0.52525
5949.0 0.52577
5950.0 0.52553
5951.0 0.52179
5952.0 0.52222
5953.0 0.52088
5954.0 0.52343
5955.0 0.52231
5956.0 0.52171
5957.0 0.52107
5958.0 0.5185
5959.0 0.51942
5960.0 0.51282
5961.0 0.51754
5962.0 0.51743
5963.0 0.51618
5964.0 0.51417
5965.0 0.51561
5966.0 0.51499
5967.0 0.51416
5968.0 0.51064
5969.0 0.51129
5970.0 0.50669
5971.0 0.5121
5972.0 0.51069
5973.0 0.50762
5974.0 0.51175
5975.0 0.51159
5976.0 0.51082
5977.0 0.50914
5978.0 0.51011
5979.0 0.5082
5980.0 0.51056
5981.0 0.5108
5982.0 0.51039
5983.0 0.50981
5984.0 0.51112
5985.0 0.51088
5986.0 0.51082
5987.0 0.50976
5988.0 0.5116
5989.0 0.51142
5990.0 0.51024
5991.0 0.50956
5992.0 0.51136
5993.0 0.51212
5994.0 0.51212
5995.0 0.51237
5996.0 0.51125
5997.0 0.51273
5998.0 0.51281
5999.0 0.51175
6000.0 0.51278
6001.0 0.5124
6002.0 0.512
6003.0 0.51155
6004.0 0.51086
6005.0 0.51095
6006.0 0.51051
6007.0 0.51008
6008.0 0.50967
6009.0 0.50921
6010.0 0.50867
6011.0 0.50799
6012.0 0.50812
6013.0 0.50772
6014.0 0.50742
6015.0 0.50708
6016.0 0.50676
6017.0 0.50604
6018.0 0.50598
6019.0 0.50578
6020.0 0.50544
6021.0 0.50514
6022.0 0.50505
6023.0 0.50483
6024.0 0.50463
6025.0 0.50443
6026.0 0.50422
6027.0 0.50401
6028.0 0.50369
6029.0 0.50359
6030.0 0.50333
6031.0 0.50334
6032.0 0.50329
6033.0 0.50318
6034.0 0.50317
6035.0 0.5031
6036.0 0.50302
6037.0 0.50296
6038.0 0.50292
6039.0 0.50287
6040.0 0.50279
6041.0 0.50298
6042.0 0.50319
6043.0 0.50339
6044.0 0.50357
6045.0 0.50375
6046.0 0.50396
6047.0 0.50416
6048.0 0.50433
6049.0 0.50451
6050.0 0.50468
6051.0 0.5044
6052.0 0.50413
6053.0 0.50387
6054.0 0.50361
6055.0 0.50335
6056.0 0.50309
6057.0 0.50281
6058.0 0.50252
6059.0 0.50223
6060.0 0.50197
6061.0 0.50185
6062.0 0.50173
6063.0 0.50161
6064.0 0.50149
6065.0 0.50137
6066.0 0.50125
6067.0 0.50113
6068.0 0.50098
6069.0 0.50084
6070.0 0.50075
6071.0 0.50037
6072.0 0.49997
6073.0 0.49957
6074.0 0.49916
6075.0 0.49876
6076.0 0.49835
6077.0 0.49795
6078.0 0.49755
6079.0 0.49715
6080.0 0.49674
6081.0 0.49642
6082.0 0.49606
6083.0 0.49571
6084.0 0.49541
6085.0 0.49512
6086.0 0.4948
6087.0 0.49448
6088.0 0.49415
6089.0 0.49383
6090.0 0.49351
6091.0 0.4934
6092.0 0.49329
6093.0 0.49318
6094.0 0.49307
6095.0 0.49297
6096.0 0.49286
6097.0 0.49275
6098.0 0.49264
6099.0 0.49253
6100.0 0.49242
6101.0 0.49242
6102.0 0.49245
6103.0 0.49248
6104.0 0.49249
6105.0 0.49249
6106.0 0.49249
6107.0 0.49249
6108.0 0.49248
6109.0 0.49248
6110.0 0.49248
6111.0 0.49225
6112.0 0.49203
6113.0 0.49181
6114.0 0.49159
6115.0 0.49136
6116.0 0.49114
6117.0 0.49092
6118.0 0.49069
6119.0 0.49047
6120.0 0.49025
6121.0 0.48965
6122.0 0.48906
6123.0 0.48846
6124.0 0.48787
6125.0 0.48728
6126.0 0.48668
6127.0 0.48609
6128.0 0.4855
6129.0 0.4849
6130.0 0.48431
6131.0 0.48381
6132.0 0.4833
6133.0 0.48277
6134.0 0.48224
6135.0 0.48174
6136.0 0.48124
6137.0 0.48074
6138.0 0.48024
6139.0 0.47974
6140.0 0.47924
6141.0 0.47927
6142.0 0.47931
6143.0 0.47931
6144.0 0.47931
6145.0 0.47934
6146.0 0.47937
6147.0 0.4794
6148.0 0.47944
6149.0 0.47947
6150.0 0.4795
6151.0 0.47947
6152.0 0.47945
6153.0 0.4794
6154.0 0.47934
6155.0 0.47931
6156.0 0.47928
6157.0 0.47925
6158.0 0.47923
6159.0 0.47918
6160.0 0.47912
6161.0 0.47927
6162.0 0.47944
6163.0 0.4796
6164.0 0.47977
6165.0 0.47992
6166.0 0.48005
6167.0 0.48019
6168.0 0.48036
6169.0 0.48051
6170.0 0.48064
6171.0 0.48066
6172.0 0.4807
6173.0 0.48074
6174.0 0.48075
6175.0 0.48077
6176.0 0.48081
6177.0 0.48085
6178.0 0.48086
6179.0 0.48087
6180.0 0.48091
6181.0 0.48054
6182.0 0.48014
6183.0 0.47974
6184.0 0.47934
6185.0 0.47894
6186.0 0.47856
6187.0 0.47819
6188.0 0.4778
6189.0 0.4774
6190.0 0.477
6191.0 0.47648
6192.0 0.47599
6193.0 0.4755
6194.0 0.475
6195.0 0.47448
6196.0 0.47397
6197.0 0.47345
6198.0 0.47294
6199.0 0.47243
6200.0 0.47191
6201.0 0.47158
6202.0 0.47124
6203.0 0.47091
6204.0 0.47058
6205.0 0.47024
6206.0 0.46992
6207.0 0.46968
6208.0 0.46945
6209.0 0.46922
6210.0 0.46898
6211.0 0.4691
6212.0 0.46922
6213.0 0.46934
6214.0 0.46946
6215.0 0.46958
6216.0 0.4697
6217.0 0.46982
6218.0 0.46994
6219.0 0.47005
6220.0 0.47017
6221.0 0.47018
6222.0 0.47017
6223.0 0.47019
6224.0 0.47021
6225.0 0.47024
6226.0 0.47026
6227.0 0.47029
6228.0 0.47031
6229.0 0.47033
6230.0 0.47032
6231.0 0.47028
6232.0 0.47026
6233.0 0.47023
6234.0 0.47021
6235.0 0.47019
6236.0 0.47017
6237.0 0.47014
6238.0 0.47012
6239.0 0.4701
6240.0 0.47004
6241.0 0.46966
6242.0 0.46931
6243.0 0.46896
6244.0 0.46861
6245.0 0.46826
6246.0 0.46789
6247.0 0.46751
6248.0 0.46715
6249.0 0.46681
6250.0 0.46646
6251.0 0.4663
6252.0 0.46615
6253.0 0.46599
6254.0 0.46584
6255.0 0.46568
6256.0 0.46552
6257.0 0.46534
6258.0 0.46516
6259.0 0.465
6260.0 0.4648
6261.0 0.46482
6262.0 0.46479
6263.0 0.46468
6264.0 0.46455
6265.0 0.46469
6266.0 0.46456
6267.0 0.46461
6268.0 0.4646
6269.0 0.46445
6270.0 0.4644
6271.0 0.46453
6272.0 0.46428
6273.0 0.46464
6274.0 0.4639
6275.0 0.46477
6276.0 0.46485
6277.0 0.46435
6278.0 0.46471
6279.0 0.42502
6280.0 0.42463
6281.0 0.43977
6282.0 0.44355
6283.0 0.45016
6284.0 0.46164
6285.0 0.46589
6286.0 0.464
6287.0 0.46643
6288.0 0.46663
6289.0 0.46661
6290.0 0.46703
6291.0 0.4575
6292.0 0.44843
6293.0 0.46657
6294.0 0.45361
6295.0 0.46159
6296.0 0.466
6297.0 0.44192
6298.0 0.45363
6299.0 0.46402
6300.0 0.44971
6301.0 0.43415
6302.0 0.46459
6303.0 0.46422
6304.0 0.45389
6305.0 0.46331
6306.0 0.46308
6307.0 0.46215
6308.0 0.45894
6309.0 0.46151
6310.0 0.46094
6311.0 0.45983
6312.0 0.45752
6313.0 0.4592
6314.0 0.45857
6315.0 0.45801
6316.0 0.45184
6317.0 0.45274
6318.0 0.45429
6319.0 0.45351
6320.0 0.45508
6321.0 0.45308
6322.0 0.45398
6323.0 0.4538
6324.0 0.45361
6325.0 0.45377
6326.0 0.45289
6327.0 0.45318
6328.0 0.45276
6329.0 0.4527
6330.0 0.45247
6331.0 0.45206
6332.0 0.45225
6333.0 0.45213
6334.0 0.45123
6335.0 0.45164
6336.0 0.45117
6337.0 0.45163
6338.0 0.45126
6339.0 0.45158
6340.0 0.45149
6341.0 0.45147
6342.0 0.45126
6343.0 0.45088
6344.0 0.45015
6345.0 0.45113
6346.0 0.45119
6347.0 0.45107
6348.0 0.451
6349.0 0.44987
6350.0 0.45096
6351.0 0.45072
6352.0 0.4504
6353.0 0.45005
6354.0 0.44993
6355.0 0.44975
6356.0 0.44953
6357.0 0.44872
6358.0 0.44906
6359.0 0.44881
6360.0 0.44845
6361.0 0.44797
6362.0 0.44819
6363.0 0.44722
6364.0 0.44786
6365.0 0.4477
6366.0 0.44753
6367.0 0.44736
6368.0 0.4472
6369.0 0.44703
6370.0 0.44651
6371.0 0.44626
6372.0 0.44568
6373.0 0.44446
6374.0 0.44434
6375.0 0.4438
6376.0 0.44334
6377.0 0.44269
6378.0 0.44219
6379.0 0.4416
6380.0 0.44101
6381.0 0.44036
6382.0 0.44001
6383.0 0.43948
6384.0 0.43894
6385.0 0.43841
6386.0 0.43804
6387.0 0.43756
6388.0 0.43708
6389.0 0.4366
6390.0 0.43613
6391.0 0.43577
6392.0 0.43543
6393.0 0.43519
6394.0 0.43489
6395.0 0.43447
6396.0 0.43425
6397.0 0.43395
6398.0 0.43367
6399.0 0.43322
6400.0 0.43305
6401.0 0.43285
6402.0 0.4325
6403.0 0.43254
6404.0 0.43239
6405.0 0.43208
6406.0 0.43201
6407.0 0.43192
6408.0 0.43188
6409.0 0.43183
6410.0 0.43133
6411.0 0.43185
6412.0 0.43216
6413.0 0.43233
6414.0 0.4326
6415.0 0.43274
6416.0 0.4328
6417.0 0.43316
6418.0 0.43322
6419.0 0.43356
6420.0 0.43375
6421.0 0.43344
6422.0 0.43334
6423.0 0.43314
6424.0 0.43289
6425.0 0.43263
6426.0 0.43248
6427.0 0.43219
6428.0 0.43203
6429.0 0.43178
6430.0 0.43159
6431.0 0.43126
6432.0 0.43087
6433.0 0.43082
6434.0 0.43049
6435.0 0.43
6436.0 0.43001
6437.0 0.42977
6438.0 0.4295
6439.0 0.42923
6440.0 0.42896
6441.0 0.42834
6442.0 0.42783
6443.0 0.42766
6444.0 0.42723
6445.0 0.42669
6446.0 0.42604
6447.0 0.42579
6448.0 0.42548
6449.0 0.42502
6450.0 0.42421
6451.0 0.4243
6452.0 0.42422
6453.0 0.4238
6454.0 0.42376
6455.0 0.42327
6456.0 0.42173
6457.0 0.42283
6458.0 0.42285
6459.0 0.4218
6460.0 0.42233
6461.0 0.42143
6462.0 0.42113
6463.0 0.42204
6464.0 0.42145
6465.0 0.42086
6466.0 0.42032
6467.0 0.4215
6468.0 0.41894
6469.0 0.42133
6470.0 0.42073
6471.0 0.42024
6472.0 0.42025
6473.0 0.42154
6474.0 0.42039
6475.0 0.41859
6476.0 0.42164
6477.0 0.41126
6478.0 0.42206
6479.0 0.41977
6480.0 0.42275
6481.0 0.41887
6482.0 0.41487
6483.0 0.42223
6484.0 0.42281
6485.0 0.41587
6486.0 0.42005
6487.0 0.42247
6488.0 0.42254
6489.0 0.42188
6490.0 0.42151
6491.0 0.41921
6492.0 0.42274
6493.0 0.42235
6494.0 0.42285
6495.0 0.41772
6496.0 0.42202
6497.0 0.42289
6498.0 0.41967
6499.0 0.42257
6500.0 0.42322
6501.0 0.42278
6502.0 0.42226
6503.0 0.42174
6504.0 0.42121
6505.0 0.42052
6506.0 0.41827
6507.0 0.41992
6508.0 0.41926
6509.0 0.4188
6510.0 0.41775
6511.0 0.41762
6512.0 0.4171
6513.0 0.41651
6514.0 0.4125
6515.0 0.41525
6516.0 0.41264
6517.0 0.41386
6518.0 0.41082
6519.0 0.4083
6520.0 0.40978
6521.0 0.4079
6522.0 0.41134
6523.0 0.41089
6524.0 0.40936
6525.0 0.4087
6526.0 0.40731
6527.0 0.40888
6528.0 0.40826
6529.0 0.40782
6530.0 0.40739
6531.0 0.40728
6532.0 0.40712
6533.0 0.40698
6534.0 0.40314
6535.0 0.40685
6536.0 0.4034
6537.0 0.40606
6538.0 0.40629
6539.0 0.40625
6540.0 0.40636
6541.0 0.40625
6542.0 0.40606
6543.0 0.40629
6544.0 0.40295
6545.0 0.40599
6546.0 0.40349
6547.0 0.40608
6548.0 0.40611
6549.0 0.40613
6550.0 0.40552
6551.0 0.40533
6552.0 0.40604
6553.0 0.40615
6554.0 0.40409
6555.0 0.40591
6556.0 0.40563
6557.0 0.40556
6558.0 0.40594
6559.0 0.40282
6560.0 0.40452
6561.0 0.4058
6562.0 0.40486
6563.0 0.40431
6564.0 0.40469
6565.0 0.40463
6566.0 0.3981
6567.0 0.40444
6568.0 0.40425
6569.0 0.40404
6570.0 0.40373
6571.0 0.40276
6572.0 0.40253
6573.0 0.40203
6574.0 0.39552
6575.0 0.40108
6576.0 0.40063
6577.0 0.39822
6578.0 0.39938
6579.0 0.39914
6580.0 0.39863
6581.0 0.3979
6582.0 0.39768
6583.0 0.39676
6584.0 0.39658
6585.0 0.39551
6586.0 0.39602
6587.0 0.39521
6588.0 0.39458
6589.0 0.39447
6590.0 0.39421
6591.0 0.39399
6592.0 0.3938
6593.0 0.3934
6594.0 0.39329
6595.0 0.39271
6596.0 0.39225
6597.0 0.39265
6598.0 0.39222
6599.0 0.39198
6600.0 0.39195
6601.0 0.39091
6602.0 0.39193
6603.0 0.39198
6604.0 0.39091
6605.0 0.39198
6606.0 0.39202
6607.0 0.39178
6608.0 0.39201
6609.0 0.39195
6610.0 0.39192
6611.0 0.39201
6612.0 0.3921
6613.0 0.39225
6614.0 0.39204
6615.0 0.39253
6616.0 0.39266
6617.0 0.39276
6618.0 0.39287
6619.0 0.39297
6620.0 0.39311
6621.0 0.39309
6622.0 0.39309
6623.0 0.39298
6624.0 0.39304
6625.0 0.39304
6626.0 0.39304
6627.0 0.39302
6628.0 0.39278
6629.0 0.39301
6630.0 0.39269
6631.0 0.39281
6632.0 0.39276
6633.0 0.3926
6634.0 0.39237
6635.0 0.39209
6636.0 0.39226
6637.0 0.39211
6638.0 0.39198
6639.0 0.39187
6640.0 0.39171
6641.0 0.39105
6642.0 0.39035
6643.0 0.38966
6644.0 0.38868
6645.0 0.38824
6646.0 0.38759
6647.0 0.38694
6648.0 0.38623
6649.0 0.38554
6650.0 0.38486
6651.0 0.38409
6652.0 0.38339
6653.0 0.38265
6654.0 0.38188
6655.0 0.38115
6656.0 0.3804
6657.0 0.37959
6658.0 0.3789
6659.0 0.37818
6660.0 0.37742
6661.0 0.3769
6662.0 0.37636
6663.0 0.37586
6664.0 0.3753
6665.0 0.37481
6666.0 0.37427
6667.0 0.37363
6668.0 0.37322
6669.0 0.3727
6670.0 0.37219
6671.0 0.37204
6672.0 0.37187
6673.0 0.37155
6674.0 0.37154
6675.0 0.37139
6676.0 0.37124
6677.0 0.37107
6678.0 0.3709
6679.0 0.37075
6680.0 0.3706
6681.0 0.3708
6682.0 0.371
6683.0 0.37118
6684.0 0.37135
6685.0 0.37153
6686.0 0.37173
6687.0 0.37193
6688.0 0.37212
6689.0 0.37231
6690.0 0.37248
6691.0 0.37253
6692.0 0.37259
6693.0 0.37265
6694.0 0.3727
6695.0 0.37274
6696.0 0.37279
6697.0 0.37285
6698.0 0.37291
6699.0 0.37297
6700.0 0.37303
6701.0 0.37291
6702.0 0.37282
6703.0 0.37272
6704.0 0.37263
6705.0 0.37254
6706.0 0.37243
6707.0 0.37232
6708.0 0.37223
6709.0 0.37224
6710.0 0.37225
6711.0 0.3722
6712.0 0.37216
6713.0 0.37213
6714.0 0.3721
6715.0 0.37207
6716.0 0.37204
6717.0 0.37199
6718.0 0.37193
6719.0 0.3719
6720.0 0.37187
6721.0 0.37149
6722.0 0.3711
6723.0 0.37072
6724.0 0.37035
6725.0 0.36999
6726.0 0.36962
6727.0 0.36925
6728.0 0.36887
6729.0 0.36848
6730.0 0.36811
6731.0 0.36784
6732.0 0.36756
6733.0 0.36727
6734.0 0.36699
6735.0 0.36672
6736.0 0.36645
6737.0 0.36616
6738.0 0.36588
6739.0 0.3656
6740.0 0.36533
6741.0 0.36513
6742.0 0.36491
6743.0 0.3647
6744.0 0.3645
6745.0 0.3643
6746.0 0.36409
6747.0 0.36387
6748.0 0.36367
6749.0 0.36347
6750.0 0.36326
6751.0 0.36342
6752.0 0.36358
6753.0 0.36376
6754.0 0.36393
6755.0 0.36409
6756.0 0.36425
6757.0 0.36442
6758.0 0.36459
6759.0 0.36476
6760.0 0.36491
6761.0 0.36483
6762.0 0.36477
6763.0 0.3647
6764.0 0.36462
6765.0 0.36453
6766.0 0.36446
6767.0 0.3644
6768.0 0.36432
6769.0 0.36424
6770.0 0.36415
6771.0 0.36384
6772.0 0.36353
6773.0 0.36319
6774.0 0.36286
6775.0 0.36254
6776.0 0.36222
6777.0 0.3619
6778.0 0.36157
6779.0 0.36124
6780.0 0.36092
6781.0 0.36032
6782.0 0.3597
6783.0 0.35907
6784.0 0.35846
6785.0 0.35785
6786.0 0.35724
6787.0 0.35663
6788.0 0.35601
6789.0 0.35539
6790.0 0.35477
6791.0 0.35443
6792.0 0.35409
6793.0 0.35374
6794.0 0.35338
6795.0 0.35303
6796.0 0.3527
6797.0 0.35236
6798.0 0.352
6799.0 0.35164
6800.0 0.35128
6801.0 0.3511
6802.0 0.35093
6803.0 0.35078
6804.0 0.35062
6805.0 0.35045
6806.0 0.35026
6807.0 0.35009
6808.0 0.34992
6809.0 0.34974
6810.0 0.3496
6811.0 0.34961
6812.0 0.34962
6813.0 0.34962
6814.0 0.34962
6815.0 0.34962
6816.0 0.34964
6817.0 0.34966
6818.0 0.34966
6819.0 0.34957
6820.0 0.34966
6821.0 0.34978
6822.0 0.34989
6823.0 0.35001
6824.0 0.35016
6825.0 0.35023
6826.0 0.35037
6827.0 0.35045
6828.0 0.35061
6829.0 0.35067
6830.0 0.35083
6831.0 0.35023
6832.0 0.34992
6833.0 0.34948
6834.0 0.34901
6835.0 0.34848
6836.0 0.3481
6837.0 0.34764
6838.0 0.34718
6839.0 0.34674
6840.0 0.34628
6841.0 0.34544
6842.0 0.34484
6843.0 0.34406
6844.0 0.34328
6845.0 0.34265
6846.0 0.34194
6847.0 0.34123
6848.0 0.34044
6849.0 0.33979
6850.0 0.33903
6851.0 0.33842
6852.0 0.3378
6853.0 0.33718
6854.0 0.33656
6855.0 0.33582
6856.0 0.33515
6857.0 0.33467
6858.0 0.33405
6859.0 0.33343
6860.0 0.33272
6861.0 0.33255
6862.0 0.33242
6863.0 0.33225
6864.0 0.33206
6865.0 0.33173
6866.0 0.33149
6867.0 0.33126
6868.0 0.3305
6869.0 0.25764
6870.0 0.16405
6871.0 0.18505
6872.0 0.23479
6873.0 0.17487
6874.0 0.22392
6875.0 0.25697
6876.0 0.26481
6877.0 0.30136
6878.0 0.31599
6879.0 0.30476
6880.0 0.32044
6881.0 0.21706
6882.0 0.28567
6883.0 0.32365
6884.0 0.3226
6885.0 0.32083
6886.0 0.27513
6887.0 0.31659
6888.0 0.28541
6889.0 0.29216
6890.0 0.31249
6891.0 0.2196
6892.0 0.2447
6893.0 0.31012
6894.0 0.25956
6895.0 0.21926
6896.0 0.30445
6897.0 0.30306
6898.0 0.21555
6899.0 0.20127
6900.0 0.29983
6901.0 0.29853
6902.0 0.21795
6903.0 0.26042
6904.0 0.29555
6905.0 0.29396
6906.0 0.23085
6907.0 0.22756
6908.0 0.28909
6909.0 0.28883
6910.0 0.27881
6911.0 0.27833
6912.0 0.28676
6913.0 0.28766
6914.0 0.28836
6915.0 0.2397
6916.0 0.24699
6917.0 0.2884
6918.0 0.28863
6919.0 0.28823
6920.0 0.23349
6921.0 0.24077
6922.0 0.28969
6923.0 0.28977
6924.0 0.28969
6925.0 0.26447
6926.0 0.26749
6927.0 0.29163
6928.0 0.29257
6929.0 0.29205
6930.0 0.29354
6931.0 0.2793
6932.0 0.28897
6933.0 0.28933
6934.0 0.28837
6935.0 0.29054
6936.0 0.28181
6937.0 0.2839
6938.0 0.28945
6939.0 0.28944
6940.0 0.28226
6941.0 0.28922
6942.0 0.27402
6943.0 0.28129
6944.0 0.28072
6945.0 0.29123
6946.0 0.28857
6947.0 0.29232
6948.0 0.29275
6949.0 0.29131
6950.0 0.29219
6951.0 0.27148
6952.0 0.26727
6953.0 0.25272
6954.0 0.24143
6955.0 0.22683
6956.0 0.21399
6957.0 0.20251
6958.0 0.18431
6959.0 0.17636
6960.0 0.16379
6961.0 0.15337
6962.0 0.14632
6963.0 0.13224
6964.0 0.12897
6965.0 0.12035
6966.0 0.11152
6967.0 0.10256
6968.0 0.09431
6969.0 0.08561
6970.0 0.07697
6971.0 0.07023
6972.0 0.06347
6973.0 0.05628
6974.0 0.04992
6975.0 0.04328
6976.0 0.03657
6977.0 0.02988
6978.0 0.02317
6979.0 0.0165
6980.0 0.00984
6981.0 0.00909
6982.0 0.0084
6983.0 0.00766
6984.0 0.00696
6985.0 0.00626
6986.0 0.00553
6987.0 0.0048
6988.0 0.0041
6989.0 0.0034
6990.0 0.00267
6991.0 0.00234
6992.0 0.00229
6993.0 0.00208
6994.0 0.0019
6995.0 0.0017
6996.0 0.00148
6997.0 0.00132
6998.0 0.00112
6999.0 0.00093
7000.0 0.00072
7001.0 0.00066
7002.0 0.00063
7003.0 0.00058
7004.0 0.00053
7005.0 0.00049
7006.0 0.00044
7007.0 0.00038
7008.0 0.00034
7009.0 0.00029
7010.0 0.00024
7011.0 0.00023
7012.0 0.00021
7013.0 0.00019
7014.0 0.00018
7015.0 0.00017
7016.0 0.00015
7017.0 0.00014
7018.0 0.00012
7019.0 0.00011
7020.0 9e-05
7021.0 9e-05
7022.0 8e-05
7023.0 8e-05
7024.0 7e-05
7025.0 6e-05
7026.0 6e-05
7027.0 5e-05
7028.0 5e-05
7029.0 4e-05
7030.0 4e-05
7031.0 4e-05
7032.0 3e-05
7033.0 3e-05
7034.0 3e-05
7035.0 3e-05
7036.0 3e-05
7037.0 2e-05
7038.0 2e-05
7039.0 2e-05
7040.0 2e-05
7041.0 2e-05
7042.0 2e-05
7043.0 2e-05
7044.0 1e-05
7045.0 1e-05
7046.0 1e-05
7047.0 1e-05
7048.0 1e-05
7049.0 1e-05
7050.0 1e-05
7051.0 1e-05
7052.0 1e-05
7053.0 1e-05
7054.0 1e-05
7055.0 1e-05
7056.0 1e-05
7057.0 1e-05
7058.0 1e-05
7059.0 1e-05
7060.0 1e-05
7061.0 1e-05
7062.0 1e-05
7063.0 1e-05
7064.0 0
