# 7DT m850 band -- total system transmission.
# Columns: wavelength [Angstrom]   transmission [dimensionless].
# Source: 7DT_transmission_23bands/m850.csv, delivered 2026-08-27 by
#   Eunjae Herr (Im Lab, Seoul National University) for the NGC 1380 program.
#   Source file sha256 000044ec6926cb4cf90bdc047e3d2f956bec02a11d056b2bdf9d8124ebed6c82.
# Conversion: wavelength multiplied by 10 (delivered in nanometers on a uniform
#   0.1 nm grid, 300-1000 nm); transmission untouched. Leading and trailing runs
#   of exact zeros trimmed, one zero row kept on each side as an edge anchor.
# Peak transmission is 0.0917, well below 1: detector QE and optics are
#   already folded into these curves. Do not renormalize. For AB synthetic
#   photometry the overall scale cancels in the ratio of the two bandpass
#   integrals, so only the shape matters.
3758.0 0
3759.0 1e-05
3760.0 1e-05
3761.0 1e-05
3762.0 1e-05
3763.0 0
3764.0 0
3765.0 0
3766.0 0
3767.0 0
3768.0 0
3769.0 0
3770.0 0
3771.0 0
3772.0 0
3773.0 0
3774.0 0
3775.0 0
3776.0 0
3777.0 0
3778.0 0
3779.0 0
3780.0 0
3781.0 0
3782.0 0
3783.0 0
3784.0 0
3785.0 0
3786.0 0
3787.0 0
3788.0 0
3789.0 0
3790.0 0
3791.0 0
3792.0 0
3793.0 0
3794.0 0
3795.0 0
3796.0 0
3797.0 0
3798.0 0
3799.0 0
3800.0 0
3801.0 0
3802.0 0
3803.0 0
3804.0 0
3805.0 0
3806.0 0
3807.0 0
3808.0 0
3809.0 0
3810.0 0
3811.0 0
3812.0 0
3813.0 0
3814.0 0
3815.0 0
3816.0 0
3817.0 0
3818.0 0
3819.0 0
3820.0 0
3821.0 0
3822.0 0
3823.0 0
3824.0 0
3825.0 0
3826.0 0
3827.0 0
3828.0 0
3829.0 0
3830.0 0
3831.0 0
3832.0 0
3833.0 0
3834.0 0
3835.0 0
3836.0 0
3837.0 0
3838.0 0
3839.0 0
3840.0 0
3841.0 0
3842.0 0
3843.0 0
3844.0 0
3845.0 0
3846.0 0
3847.0 0
3848.0 0
3849.0 0
3850.0 0
3851.0 0
3852.0 0
3853.0 0
3854.0 0
3855.0 0
3856.0 0
3857.0 0
3858.0 0
3859.0 0
3860.0 0
3861.0 0
3862.0 0
3863.0 0
3864.0 0
3865.0 0
3866.0 0
3867.0 0
3868.0 0
3869.0 0
3870.0 0
3871.0 0
3872.0 0
3873.0 0
3874.0 0
3875.0 0
3876.0 0
3877.0 0
3878.0 0
3879.0 0
3880.0 0
3881.0 0
3882.0 0
3883.0 0
3884.0 0
3885.0 0
3886.0 0
3887.0 0
3888.0 0
3889.0 0
3890.0 0
3891.0 0
3892.0 0
3893.0 0
3894.0 0
3895.0 0
3896.0 0
3897.0 0
3898.0 0
3899.0 0
3900.0 0
3901.0 0
3902.0 0
3903.0 0
3904.0 0
3905.0 0
3906.0 0
3907.0 0
3908.0 0
3909.0 0
3910.0 0
3911.0 0
3912.0 0
3913.0 0
3914.0 0
3915.0 0
3916.0 0
3917.0 0
3918.0 0
3919.0 0
3920.0 0
3921.0 0
3922.0 0
3923.0 0
3924.0 0
3925.0 0
3926.0 0
3927.0 0
3928.0 0
3929.0 0
3930.0 0
3931.0 0
3932.0 0
3933.0 0
3934.0 0
3935.0 0
3936.0 0
3937.0 0
3938.0 0
3939.0 0
3940.0 0
3941.0 0
3942.0 0
3943.0 0
3944.0 0
3945.0 0
3946.0 0
3947.0 0
3948.0 0
3949.0 0
3950.0 0
3951.0 0
3952.0 0
3953.0 0
3954.0 0
3955.0 0
3956.0 0
3957.0 0
3958.0 0
3959.0 0
3960.0 1e-05
3961.0 1e-05
3962.0 0
3963.0 0
3964.0 0
3965.0 0
3966.0 0
3967.0 0
3968.0 0
3969.0 0
3970.0 0
3971.0 0
3972.0 0
3973.0 0
3974.0 0
3975.0 0
3976.0 0
3977.0 0
3978.0 0
3979.0 0
3980.0 0
3981.0 0
3982.0 0
3983.0 0
3984.0 0
3985.0 0
3986.0 0
3987.0 0
3988.0 0
3989.0 0
3990.0 0
3991.0 0
3992.0 0
3993.0 0
3994.0 0
3995.0 0
3996.0 0
3997.0 0
3998.0 0
3999.0 0
4000.0 0
4001.0 1e-05
4002.0 2e-05
4003.0 3e-05
4004.0 4e-05
4005.0 5e-05
4006.0 6e-05
4007.0 7e-05
4008.0 8e-05
4009.0 9e-05
4010.0 0.0001
4011.0 9e-05
4012.0 8e-05
4013.0 7e-05
4014.0 6e-05
4015.0 5e-05
4016.0 4e-05
4017.0 3e-05
4018.0 2e-05
4019.0 1e-05
4020.0 0
4021.0 0
4022.0 0
4023.0 0
4024.0 0
4025.0 0
4026.0 0
4027.0 0
4028.0 0
4029.0 0
4030.0 0
4031.0 0
4032.0 0
4033.0 0
4034.0 0
4035.0 0
4036.0 0
4037.0 0
4038.0 0
4039.0 0
4040.0 0
4041.0 0
4042.0 0
4043.0 0
4044.0 0
4045.0 0
4046.0 0
4047.0 0
4048.0 0
4049.0 0
4050.0 0
4051.0 0
4052.0 0
4053.0 0
4054.0 0
4055.0 0
4056.0 0
4057.0 0
4058.0 0
4059.0 0
4060.0 0
4061.0 0
4062.0 0
4063.0 0
4064.0 0
4065.0 0
4066.0 0
4067.0 0
4068.0 0
4069.0 0
4070.0 0
4071.0 0
4072.0 1e-05
4073.0 1e-05
4074.0 2e-05
4075.0 2e-05
4076.0 2e-05
4077.0 3e-05
4078.0 3e-05
4079.0 4e-05
4080.0 4e-05
4081.0 4e-05
4082.0 4e-05
4083.0 3e-05
4084.0 3e-05
4085.0 3e-05
4086.0 3e-05
4087.0 2e-05
4088.0 2e-05
4089.0 2e-05
4090.0 2e-05
4091.0 2e-05
4092.0 1e-05
4093.0 1e-05
4094.0 1e-05
4095.0 1e-05
4096.0 1e-05
4097.0 1e-05
4098.0 1e-05
4099.0 0
4100.0 0
4101.0 0
4102.0 0
4103.0 0
4104.0 0
4105.0 0
4106.0 0
4107.0 0
4108.0 0
4109.0 0
4110.0 0
4111.0 0
4112.0 0
4113.0 0
4114.0 0
4115.0 0
4116.0 0
4117.0 0
4118.0 0
4119.0 0
4120.0 0
4121.0 0
4122.0 0
4123.0 0
4124.0 0
4125.0 0
4126.0 0
4127.0 0
4128.0 0
4129.0 0
4130.0 0
4131.0 0
4132.0 0
4133.0 0
4134.0 0
4135.0 0
4136.0 0
4137.0 0
4138.0 0
4139.0 0
4140.0 0
4141.0 0
4142.0 0
4143.0 0
4144.0 0
4145.0 0
4146.0 0
4147.0 0
4148.0 0
4149.0 0
4150.0 0
4151.0 0
4152.0 0
4153.0 0
4154.0 0
4155.0 0
4156.0 0
4157.0 0
4158.0 0
4159.0 0
4160.0 0
4161.0 0
4162.0 0
4163.0 0
4164.0 0
4165.0 0
4166.0 0
4167.0 0
4168.0 0
4169.0 0
4170.0 0
4171.0 0
4172.0 0
4173.0 0
4174.0 0
4175.0 0
4176.0 0
4177.0 0
4178.0 0
4179.0 0
4180.0 0
4181.0 0
4182.0 0
4183.0 0
4184.0 0
4185.0 0
4186.0 0
4187.0 0
4188.0 0
4189.0 0
4190.0 0
4191.0 0
4192.0 0
4193.0 0
4194.0 0
4195.0 0
4196.0 0
4197.0 0
4198.0 0
4199.0 0
4200.0 0
4201.0 0
4202.0 0
4203.0 0
4204.0 0
4205.0 0
4206.0 0
4207.0 0
4208.0 0
4209.0 0
4210.0 0
4211.0 0
4212.0 0
4213.0 0
4214.0 0
4215.0 0
4216.0 0
4217.0 0
4218.0 0
4219.0 0
4220.0 0
4221.0 0
4222.0 0
4223.0 0
4224.0 0
4225.0 0
4226.0 0
4227.0 0
4228.0 0
4229.0 0
4230.0 0
4231.0 0
4232.0 0
4233.0 0
4234.0 0
4235.0 0
4236.0 0
4237.0 0
4238.0 0
4239.0 0
4240.0 0
4241.0 0
4242.0 0
4243.0 0
4244.0 0
4245.0 0
4246.0 0
4247.0 0
4248.0 0
4249.0 0
4250.0 0
4251.0 0
4252.0 0
4253.0 0
4254.0 0
4255.0 0
4256.0 0
4257.0 0
4258.0 0
4259.0 0
4260.0 0
4261.0 0
4262.0 0
4263.0 0
4264.0 0
4265.0 0
4266.0 0
4267.0 0
4268.0 0
4269.0 0
4270.0 0
4271.0 0
4272.0 0
4273.0 0
4274.0 0
4275.0 0
4276.0 0
4277.0 0
4278.0 0
4279.0 0
4280.0 0
4281.0 0
4282.0 0
4283.0 0
4284.0 0
4285.0 0
4286.0 0
4287.0 0
4288.0 0
4289.0 0
4290.0 0
4291.0 0
4292.0 0
4293.0 0
4294.0 0
4295.0 0
4296.0 0
4297.0 0
4298.0 0
4299.0 0
4300.0 0
4301.0 0
4302.0 0
4303.0 0
4304.0 0
4305.0 0
4306.0 0
4307.0 0
4308.0 0
4309.0 0
4310.0 0
4311.0 0
4312.0 0
4313.0 0
4314.0 0
4315.0 0
4316.0 0
4317.0 0
4318.0 0
4319.0 0
4320.0 0
4321.0 0
4322.0 0
4323.0 0
4324.0 0
4325.0 0
4326.0 0
4327.0 0
4328.0 0
4329.0 0
4330.0 0
4331.0 0
4332.0 0
4333.0 0
4334.0 0
4335.0 0
4336.0 0
4337.0 0
4338.0 0
4339.0 0
4340.0 0
4341.0 0
4342.0 0
4343.0 0
4344.0 0
4345.0 0
4346.0 0
4347.0 0
4348.0 0
4349.0 0
4350.0 0
4351.0 0
4352.0 0
4353.0 0
4354.0 0
4355.0 0
4356.0 0
4357.0 0
4358.0 0
4359.0 0
4360.0 0
4361.0 1e-05
4362.0 1e-05
4363.0 1e-05
4364.0 1e-05
4365.0 1e-05
4366.0 1e-05
4367.0 1e-05
4368.0 1e-05
4369.0 1e-05
4370.0 1e-05
4371.0 1e-05
4372.0 1e-05
4373.0 1e-05
4374.0 1e-05
4375.0 1e-05
4376.0 1e-05
4377.0 0
4378.0 0
4379.0 0
4380.0 0
4381.0 0
4382.0 0
4383.0 0
4384.0 0
4385.0 0
4386.0 0
4387.0 0
4388.0 0
4389.0 0
4390.0 0
4391.0 0
4392.0 0
4393.0 0
4394.0 0
4395.0 0
4396.0 0
4397.0 0
4398.0 0
4399.0 0
4400.0 0
4401.0 0
4402.0 0
4403.0 0
4404.0 0
4405.0 0
4406.0 0
4407.0 0
4408.0 0
4409.0 0
4410.0 0
4411.0 0
4412.0 0
4413.0 0
4414.0 0
4415.0 0
4416.0 0
4417.0 0
4418.0 0
4419.0 0
4420.0 1e-05
4421.0 3e-05
4422.0 6e-05
4423.0 8e-05
4424.0 0.00011
4425.0 0.00014
4426.0 0.00016
4427.0 0.00019
4428.0 0.00021
4429.0 0.00024
4430.0 0.00027
4431.0 0.00024
4432.0 0.00022
4433.0 0.00019
4434.0 0.00016
4435.0 0.00014
4436.0 0.00011
4437.0 8e-05
4438.0 6e-05
4439.0 3e-05
4440.0 1e-05
4441.0 1e-05
4442.0 1e-05
4443.0 1e-05
4444.0 1e-05
4445.0 1e-05
4446.0 1e-05
4447.0 1e-05
4448.0 1e-05
4449.0 1e-05
4450.0 1e-05
4451.0 0
4452.0 0
4453.0 0
4454.0 0
4455.0 0
4456.0 0
4457.0 0
4458.0 0
4459.0 0
4460.0 0
4461.0 0
4462.0 0
4463.0 0
4464.0 0
4465.0 0
4466.0 0
4467.0 0
4468.0 0
4469.0 0
4470.0 0
4471.0 0
4472.0 0
4473.0 0
4474.0 0
4475.0 0
4476.0 0
4477.0 0
4478.0 0
4479.0 0
4480.0 0
4481.0 0
4482.0 0
4483.0 0
4484.0 0
4485.0 0
4486.0 0
4487.0 0
4488.0 0
4489.0 0
4490.0 0
4491.0 0
4492.0 0
4493.0 0
4494.0 0
4495.0 0
4496.0 0
4497.0 0
4498.0 0
4499.0 0
4500.0 0
4501.0 0
4502.0 1e-05
4503.0 1e-05
4504.0 2e-05
4505.0 2e-05
4506.0 3e-05
4507.0 3e-05
4508.0 4e-05
4509.0 4e-05
4510.0 5e-05
4511.0 4e-05
4512.0 4e-05
4513.0 3e-05
4514.0 3e-05
4515.0 2e-05
4516.0 2e-05
4517.0 1e-05
4518.0 1e-05
4519.0 0
4520.0 0
4521.0 0
4522.0 0
4523.0 0
4524.0 0
4525.0 0
4526.0 0
4527.0 0
4528.0 0
4529.0 0
4530.0 0
4531.0 0
4532.0 0
4533.0 0
4534.0 0
4535.0 0
4536.0 0
4537.0 0
4538.0 0
4539.0 0
4540.0 0
4541.0 0
4542.0 0
4543.0 0
4544.0 0
4545.0 0
4546.0 0
4547.0 0
4548.0 0
4549.0 0
4550.0 0
4551.0 0
4552.0 0
4553.0 0
4554.0 0
4555.0 0
4556.0 0
4557.0 0
4558.0 0
4559.0 0
4560.0 0
4561.0 0
4562.0 0
4563.0 0
4564.0 0
4565.0 0
4566.0 0
4567.0 0
4568.0 0
4569.0 0
4570.0 0
4571.0 0
4572.0 0
4573.0 0
4574.0 0
4575.0 0
4576.0 0
4577.0 0
4578.0 0
4579.0 0
4580.0 0
4581.0 0
4582.0 0
4583.0 1e-05
4584.0 1e-05
4585.0 1e-05
4586.0 1e-05
4587.0 1e-05
4588.0 1e-05
4589.0 2e-05
4590.0 2e-05
4591.0 2e-05
4592.0 1e-05
4593.0 1e-05
4594.0 1e-05
4595.0 1e-05
4596.0 1e-05
4597.0 1e-05
4598.0 0
4599.0 0
4600.0 0
4601.0 0
4602.0 0
4603.0 0
4604.0 0
4605.0 0
4606.0 0
4607.0 0
4608.0 0
4609.0 0
4610.0 0
4611.0 0
4612.0 0
4613.0 0
4614.0 0
4615.0 0
4616.0 0
4617.0 0
4618.0 0
4619.0 0
4620.0 0
4621.0 0
4622.0 0
4623.0 0
4624.0 0
4625.0 0
4626.0 0
4627.0 0
4628.0 0
4629.0 1e-05
4630.0 1e-05
4631.0 1e-05
4632.0 1e-05
4633.0 1e-05
4634.0 1e-05
4635.0 1e-05
4636.0 2e-05
4637.0 2e-05
4638.0 2e-05
4639.0 2e-05
4640.0 2e-05
4641.0 2e-05
4642.0 2e-05
4643.0 3e-05
4644.0 3e-05
4645.0 3e-05
4646.0 3e-05
4647.0 3e-05
4648.0 3e-05
4649.0 3e-05
4650.0 3e-05
4651.0 3e-05
4652.0 2e-05
4653.0 2e-05
4654.0 2e-05
4655.0 2e-05
4656.0 2e-05
4657.0 1e-05
4658.0 1e-05
4659.0 1e-05
4660.0 1e-05
4661.0 1e-05
4662.0 1e-05
4663.0 1e-05
4664.0 1e-05
4665.0 1e-05
4666.0 1e-05
4667.0 1e-05
4668.0 1e-05
4669.0 1e-05
4670.0 1e-05
4671.0 1e-05
4672.0 1e-05
4673.0 1e-05
4674.0 1e-05
4675.0 1e-05
4676.0 1e-05
4677.0 1e-05
4678.0 1e-05
4679.0 1e-05
4680.0 1e-05
4681.0 1e-05
4682.0 2e-05
4683.0 2e-05
4684.0 2e-05
4685.0 2e-05
4686.0 2e-05
4687.0 2e-05
4688.0 3e-05
4689.0 3e-05
4690.0 3e-05
4691.0 3e-05
4692.0 3e-05
4693.0 3e-05
4694.0 3e-05
4695.0 3e-05
4696.0 3e-05
4697.0 3e-05
4698.0 3e-05
4699.0 3e-05
4700.0 3e-05
4701.0 3e-05
4702.0 3e-05
4703.0 4e-05
4704.0 4e-05
4705.0 4e-05
4706.0 4e-05
4707.0 4e-05
4708.0 4e-05
4709.0 5e-05
4710.0 5e-05
4711.0 7e-05
4712.0 0.0001
4713.0 0.00012
4714.0 0.00014
4715.0 0.00017
4716.0 0.00019
4717.0 0.00021
4718.0 0.00024
4719.0 0.00026
4720.0 0.00028
4721.0 0.00026
4722.0 0.00023
4723.0 0.0002
4724.0 0.00018
4725.0 0.00015
4726.0 0.00012
4727.0 9e-05
4728.0 7e-05
4729.0 4e-05
4730.0 1e-05
4731.0 1e-05
4732.0 1e-05
4733.0 1e-05
4734.0 1e-05
4735.0 1e-05
4736.0 0
4737.0 0
4738.0 0
4739.0 0
4740.0 0
4741.0 0
4742.0 0
4743.0 0
4744.0 0
4745.0 0
4746.0 0
4747.0 0
4748.0 0
4749.0 0
4750.0 0
4751.0 0
4752.0 0
4753.0 0
4754.0 0
4755.0 0
4756.0 0
4757.0 0
4758.0 0
4759.0 0
4760.0 0
4761.0 0
4762.0 0
4763.0 0
4764.0 0
4765.0 0
4766.0 0
4767.0 0
4768.0 0
4769.0 0
4770.0 0
4771.0 0
4772.0 0
4773.0 0
4774.0 0
4775.0 0
4776.0 0
4777.0 0
4778.0 0
4779.0 0
4780.0 0
4781.0 0
4782.0 0
4783.0 0
4784.0 0
4785.0 0
4786.0 0
4787.0 0
4788.0 0
4789.0 0
4790.0 0
4791.0 0
4792.0 0
4793.0 0
4794.0 0
4795.0 0
4796.0 0
4797.0 0
4798.0 1e-05
4799.0 1e-05
4800.0 1e-05
4801.0 1e-05
4802.0 1e-05
4803.0 1e-05
4804.0 1e-05
4805.0 1e-05
4806.0 1e-05
4807.0 1e-05
4808.0 1e-05
4809.0 1e-05
4810.0 1e-05
4811.0 3e-05
4812.0 6e-05
4813.0 8e-05
4814.0 0.0001
4815.0 0.00012
4816.0 0.00015
4817.0 0.00017
4818.0 0.00019
4819.0 0.00021
4820.0 0.00024
4821.0 0.00022
4822.0 0.0002
4823.0 0.00017
4824.0 0.00015
4825.0 0.00013
4826.0 0.00011
4827.0 9e-05
4828.0 7e-05
4829.0 5e-05
4830.0 3e-05
4831.0 3e-05
4832.0 3e-05
4833.0 2e-05
4834.0 2e-05
4835.0 2e-05
4836.0 2e-05
4837.0 1e-05
4838.0 1e-05
4839.0 1e-05
4840.0 1e-05
4841.0 1e-05
4842.0 1e-05
4843.0 1e-05
4844.0 1e-05
4845.0 1e-05
4846.0 1e-05
4847.0 1e-05
4848.0 1e-05
4849.0 1e-05
4850.0 1e-05
4851.0 1e-05
4852.0 1e-05
4853.0 0
4854.0 0
4855.0 0
4856.0 0
4857.0 0
4858.0 0
4859.0 0
4860.0 0
4861.0 0
4862.0 0
4863.0 0
4864.0 0
4865.0 0
4866.0 0
4867.0 0
4868.0 0
4869.0 0
4870.0 0
4871.0 0
4872.0 0
4873.0 0
4874.0 0
4875.0 0
4876.0 0
4877.0 0
4878.0 0
4879.0 0
4880.0 0
4881.0 0
4882.0 0
4883.0 0
4884.0 0
4885.0 0
4886.0 0
4887.0 0
4888.0 1e-05
4889.0 1e-05
4890.0 1e-05
4891.0 1e-05
4892.0 1e-05
4893.0 1e-05
4894.0 1e-05
4895.0 1e-05
4896.0 1e-05
4897.0 1e-05
4898.0 1e-05
4899.0 1e-05
4900.0 1e-05
4901.0 1e-05
4902.0 1e-05
4903.0 1e-05
4904.0 1e-05
4905.0 1e-05
4906.0 1e-05
4907.0 1e-05
4908.0 1e-05
4909.0 1e-05
4910.0 1e-05
4911.0 2e-05
4912.0 3e-05
4913.0 4e-05
4914.0 5e-05
4915.0 6e-05
4916.0 7e-05
4917.0 8e-05
4918.0 9e-05
4919.0 0.0001
4920.0 0.00011
4921.0 0.0001
4922.0 9e-05
4923.0 8e-05
4924.0 7e-05
4925.0 6e-05
4926.0 5e-05
4927.0 4e-05
4928.0 3e-05
4929.0 2e-05
4930.0 1e-05
4931.0 1e-05
4932.0 1e-05
4933.0 1e-05
4934.0 1e-05
4935.0 1e-05
4936.0 1e-05
4937.0 0
4938.0 0
4939.0 0
4940.0 0
4941.0 0
4942.0 0
4943.0 0
4944.0 0
4945.0 0
4946.0 0
4947.0 0
4948.0 0
4949.0 0
4950.0 0
4951.0 0
4952.0 0
4953.0 0
4954.0 0
4955.0 0
4956.0 0
4957.0 0
4958.0 0
4959.0 0
4960.0 0
4961.0 0
4962.0 0
4963.0 0
4964.0 0
4965.0 0
4966.0 0
4967.0 0
4968.0 0
4969.0 0
4970.0 0
4971.0 0
4972.0 0
4973.0 0
4974.0 0
4975.0 0
4976.0 0
4977.0 0
4978.0 0
4979.0 0
4980.0 0
4981.0 0
4982.0 0
4983.0 0
4984.0 0
4985.0 0
4986.0 0
4987.0 0
4988.0 0
4989.0 0
4990.0 0
4991.0 0
4992.0 0
4993.0 0
4994.0 0
4995.0 0
4996.0 0
4997.0 0
4998.0 0
4999.0 0
5000.0 0
5001.0 0
5002.0 0
5003.0 0
5004.0 0
5005.0 0
5006.0 0
5007.0 0
5008.0 0
5009.0 0
5010.0 0
5011.0 0
5012.0 0
5013.0 0
5014.0 0
5015.0 0
5016.0 0
5017.0 0
5018.0 0
5019.0 0
5020.0 0
5021.0 0
5022.0 0
5023.0 0
5024.0 0
5025.0 0
5026.0 0
5027.0 0
5028.0 0
5029.0 0
5030.0 0
5031.0 0
5032.0 0
5033.0 0
5034.0 0
5035.0 0
5036.0 0
5037.0 0
5038.0 0
5039.0 0
5040.0 0
5041.0 0
5042.0 0
5043.0 0
5044.0 0
5045.0 0
5046.0 0
5047.0 0
5048.0 0
5049.0 0
5050.0 0
5051.0 0
5052.0 0
5053.0 0
5054.0 0
5055.0 0
5056.0 0
5057.0 0
5058.0 0
5059.0 0
5060.0 0
5061.0 0
5062.0 0
5063.0 0
5064.0 0
5065.0 0
5066.0 0
5067.0 0
5068.0 0
5069.0 0
5070.0 0
5071.0 0
5072.0 0
5073.0 0
5074.0 0
5075.0 0
5076.0 0
5077.0 0
5078.0 0
5079.0 0
5080.0 0
5081.0 0
5082.0 0
5083.0 0
5084.0 0
5085.0 0
5086.0 0
5087.0 0
5088.0 0
5089.0 0
5090.0 0
5091.0 0
5092.0 0
5093.0 0
5094.0 0
5095.0 0
5096.0 0
5097.0 0
5098.0 0
5099.0 0
5100.0 0
5101.0 0
5102.0 0
5103.0 0
5104.0 0
5105.0 0
5106.0 0
5107.0 0
5108.0 0
5109.0 0
5110.0 0
5111.0 0
5112.0 0
5113.0 0
5114.0 0
5115.0 0
5116.0 0
5117.0 0
5118.0 0
5119.0 0
5120.0 0
5121.0 0
5122.0 0
5123.0 0
5124.0 0
5125.0 0
5126.0 0
5127.0 0
5128.0 0
5129.0 0
5130.0 0
5131.0 0
5132.0 0
5133.0 0
5134.0 0
5135.0 0
5136.0 0
5137.0 0
5138.0 0
5139.0 0
5140.0 0
5141.0 0
5142.0 0
5143.0 1e-05
5144.0 1e-05
5145.0 1e-05
5146.0 1e-05
5147.0 1e-05
5148.0 2e-05
5149.0 2e-05
5150.0 2e-05
5151.0 2e-05
5152.0 2e-05
5153.0 1e-05
5154.0 1e-05
5155.0 1e-05
5156.0 1e-05
5157.0 1e-05
5158.0 0
5159.0 0
5160.0 0
5161.0 0
5162.0 0
5163.0 0
5164.0 0
5165.0 0
5166.0 0
5167.0 0
5168.0 0
5169.0 0
5170.0 0
5171.0 0
5172.0 0
5173.0 0
5174.0 0
5175.0 0
5176.0 0
5177.0 0
5178.0 0
5179.0 0
5180.0 0
5181.0 0
5182.0 0
5183.0 0
5184.0 0
5185.0 0
5186.0 0
5187.0 0
5188.0 0
5189.0 0
5190.0 0
5191.0 0
5192.0 0
5193.0 0
5194.0 0
5195.0 0
5196.0 0
5197.0 0
5198.0 0
5199.0 0
5200.0 0
5201.0 0
5202.0 0
5203.0 0
5204.0 0
5205.0 0
5206.0 0
5207.0 0
5208.0 0
5209.0 0
5210.0 0
5211.0 0
5212.0 0
5213.0 0
5214.0 0
5215.0 0
5216.0 0
5217.0 0
5218.0 0
5219.0 0
5220.0 0
5221.0 0
5222.0 0
5223.0 0
5224.0 1e-05
5225.0 1e-05
5226.0 1e-05
5227.0 1e-05
5228.0 1e-05
5229.0 1e-05
5230.0 1e-05
5231.0 1e-05
5232.0 2e-05
5233.0 2e-05
5234.0 2e-05
5235.0 2e-05
5236.0 2e-05
5237.0 3e-05
5238.0 3e-05
5239.0 3e-05
5240.0 3e-05
5241.0 3e-05
5242.0 3e-05
5243.0 2e-05
5244.0 2e-05
5245.0 2e-05
5246.0 2e-05
5247.0 1e-05
5248.0 1e-05
5249.0 1e-05
5250.0 1e-05
5251.0 1e-05
5252.0 1e-05
5253.0 1e-05
5254.0 1e-05
5255.0 1e-05
5256.0 1e-05
5257.0 1e-05
5258.0 1e-05
5259.0 1e-05
5260.0 1e-05
5261.0 1e-05
5262.0 2e-05
5263.0 2e-05
5264.0 3e-05
5265.0 3e-05
5266.0 4e-05
5267.0 4e-05
5268.0 5e-05
5269.0 5e-05
5270.0 6e-05
5271.0 5e-05
5272.0 5e-05
5273.0 5e-05
5274.0 5e-05
5275.0 4e-05
5276.0 4e-05
5277.0 4e-05
5278.0 3e-05
5279.0 3e-05
5280.0 3e-05
5281.0 2e-05
5282.0 2e-05
5283.0 2e-05
5284.0 2e-05
5285.0 2e-05
5286.0 1e-05
5287.0 1e-05
5288.0 1e-05
5289.0 1e-05
5290.0 1e-05
5291.0 1e-05
5292.0 1e-05
5293.0 1e-05
5294.0 1e-05
5295.0 1e-05
5296.0 1e-05
5297.0 1e-05
5298.0 1e-05
5299.0 1e-05
5300.0 1e-05
5301.0 1e-05
5302.0 1e-05
5303.0 1e-05
5304.0 1e-05
5305.0 1e-05
5306.0 1e-05
5307.0 1e-05
5308.0 1e-05
5309.0 1e-05
5310.0 1e-05
5311.0 1e-05
5312.0 1e-05
5313.0 0
5314.0 0
5315.0 0
5316.0 0
5317.0 0
5318.0 0
5319.0 0
5320.0 0
5321.0 0
5322.0 0
5323.0 0
5324.0 0
5325.0 0
5326.0 0
5327.0 0
5328.0 0
5329.0 0
5330.0 0
5331.0 0
5332.0 0
5333.0 0
5334.0 0
5335.0 0
5336.0 0
5337.0 0
5338.0 0
5339.0 0
5340.0 0
5341.0 0
5342.0 0
5343.0 0
5344.0 0
5345.0 0
5346.0 0
5347.0 0
5348.0 0
5349.0 0
5350.0 0
5351.0 0
5352.0 0
5353.0 0
5354.0 0
5355.0 0
5356.0 0
5357.0 0
5358.0 0
5359.0 0
5360.0 0
5361.0 0
5362.0 0
5363.0 0
5364.0 0
5365.0 0
5366.0 0
5367.0 0
5368.0 0
5369.0 0
5370.0 0
5371.0 0
5372.0 0
5373.0 0
5374.0 0
5375.0 0
5376.0 0
5377.0 0
5378.0 0
5379.0 0
5380.0 0
5381.0 0
5382.0 0
5383.0 0
5384.0 0
5385.0 0
5386.0 0
5387.0 0
5388.0 0
5389.0 0
5390.0 0
5391.0 0
5392.0 0
5393.0 0
5394.0 0
5395.0 0
5396.0 0
5397.0 0
5398.0 1e-05
5399.0 1e-05
5400.0 1e-05
5401.0 5e-05
5402.0 9e-05
5403.0 0.00014
5404.0 0.00018
5405.0 0.00023
5406.0 0.00027
5407.0 0.00032
5408.0 0.00036
5409.0 0.0004
5410.0 0.00045
5411.0 0.0004
5412.0 0.00036
5413.0 0.00032
5414.0 0.00027
5415.0 0.00023
5416.0 0.00019
5417.0 0.00014
5418.0 0.0001
5419.0 6e-05
5420.0 1e-05
5421.0 1e-05
5422.0 1e-05
5423.0 1e-05
5424.0 1e-05
5425.0 1e-05
5426.0 1e-05
5427.0 1e-05
5428.0 1e-05
5429.0 1e-05
5430.0 1e-05
5431.0 1e-05
5432.0 1e-05
5433.0 1e-05
5434.0 1e-05
5435.0 1e-05
5436.0 1e-05
5437.0 1e-05
5438.0 1e-05
5439.0 1e-05
5440.0 1e-05
5441.0 1e-05
5442.0 1e-05
5443.0 1e-05
5444.0 1e-05
5445.0 1e-05
5446.0 1e-05
5447.0 1e-05
5448.0 1e-05
5449.0 1e-05
5450.0 1e-05
5451.0 1e-05
5452.0 1e-05
5453.0 1e-05
5454.0 1e-05
5455.0 1e-05
5456.0 1e-05
5457.0 1e-05
5458.0 1e-05
5459.0 1e-05
5460.0 1e-05
5461.0 1e-05
5462.0 1e-05
5463.0 1e-05
5464.0 1e-05
5465.0 1e-05
5466.0 1e-05
5467.0 1e-05
5468.0 1e-05
5469.0 1e-05
5470.0 1e-05
5471.0 1e-05
5472.0 1e-05
5473.0 1e-05
5474.0 1e-05
5475.0 1e-05
5476.0 1e-05
5477.0 1e-05
5478.0 1e-05
5479.0 1e-05
5480.0 1e-05
5481.0 1e-05
5482.0 1e-05
5483.0 1e-05
5484.0 1e-05
5485.0 1e-05
5486.0 1e-05
5487.0 1e-05
5488.0 1e-05
5489.0 1e-05
5490.0 1e-05
5491.0 1e-05
5492.0 1e-05
5493.0 1e-05
5494.0 1e-05
5495.0 1e-05
5496.0 1e-05
5497.0 1e-05
5498.0 1e-05
5499.0 1e-05
5500.0 1e-05
5501.0 1e-05
5502.0 1e-05
5503.0 1e-05
5504.0 1e-05
5505.0 1e-05
5506.0 1e-05
5507.0 1e-05
5508.0 1e-05
5509.0 1e-05
5510.0 1e-05
5511.0 1e-05
5512.0 1e-05
5513.0 1e-05
5514.0 1e-05
5515.0 1e-05
5516.0 1e-05
5517.0 1e-05
5518.0 1e-05
5519.0 1e-05
5520.0 1e-05
5521.0 1e-05
5522.0 1e-05
5523.0 1e-05
5524.0 1e-05
5525.0 1e-05
5526.0 1e-05
5527.0 1e-05
5528.0 1e-05
5529.0 1e-05
5530.0 1e-05
5531.0 1e-05
5532.0 1e-05
5533.0 1e-05
5534.0 1e-05
5535.0 1e-05
5536.0 1e-05
5537.0 1e-05
5538.0 1e-05
5539.0 1e-05
5540.0 1e-05
5541.0 1e-05
5542.0 1e-05
5543.0 1e-05
5544.0 1e-05
5545.0 1e-05
5546.0 1e-05
5547.0 1e-05
5548.0 1e-05
5549.0 1e-05
5550.0 1e-05
5551.0 1e-05
5552.0 1e-05
5553.0 2e-05
5554.0 2e-05
5555.0 2e-05
5556.0 2e-05
5557.0 2e-05
5558.0 2e-05
5559.0 2e-05
5560.0 2e-05
5561.0 3e-05
5562.0 4e-05
5563.0 4e-05
5564.0 5e-05
5565.0 6e-05
5566.0 6e-05
5567.0 7e-05
5568.0 8e-05
5569.0 8e-05
5570.0 9e-05
5571.0 0.00011
5572.0 0.00013
5573.0 0.00014
5574.0 0.00016
5575.0 0.00018
5576.0 0.0002
5577.0 0.00021
5578.0 0.00023
5579.0 0.00025
5580.0 0.00027
5581.0 0.00025
5582.0 0.00022
5583.0 0.0002
5584.0 0.00018
5585.0 0.00016
5586.0 0.00014
5587.0 0.00012
5588.0 0.0001
5589.0 8e-05
5590.0 6e-05
5591.0 6e-05
5592.0 5e-05
5593.0 5e-05
5594.0 5e-05
5595.0 4e-05
5596.0 4e-05
5597.0 3e-05
5598.0 3e-05
5599.0 3e-05
5600.0 2e-05
5601.0 2e-05
5602.0 2e-05
5603.0 2e-05
5604.0 2e-05
5605.0 2e-05
5606.0 2e-05
5607.0 2e-05
5608.0 1e-05
5609.0 1e-05
5610.0 1e-05
5611.0 1e-05
5612.0 1e-05
5613.0 1e-05
5614.0 1e-05
5615.0 1e-05
5616.0 1e-05
5617.0 1e-05
5618.0 1e-05
5619.0 1e-05
5620.0 1e-05
5621.0 1e-05
5622.0 1e-05
5623.0 1e-05
5624.0 1e-05
5625.0 1e-05
5626.0 1e-05
5627.0 1e-05
5628.0 1e-05
5629.0 1e-05
5630.0 1e-05
5631.0 1e-05
5632.0 1e-05
5633.0 1e-05
5634.0 1e-05
5635.0 1e-05
5636.0 2e-05
5637.0 2e-05
5638.0 2e-05
5639.0 2e-05
5640.0 2e-05
5641.0 2e-05
5642.0 2e-05
5643.0 2e-05
5644.0 2e-05
5645.0 2e-05
5646.0 2e-05
5647.0 2e-05
5648.0 2e-05
5649.0 2e-05
5650.0 2e-05
5651.0 2e-05
5652.0 2e-05
5653.0 3e-05
5654.0 3e-05
5655.0 3e-05
5656.0 3e-05
5657.0 3e-05
5658.0 3e-05
5659.0 3e-05
5660.0 3e-05
5661.0 3e-05
5662.0 3e-05
5663.0 3e-05
5664.0 3e-05
5665.0 3e-05
5666.0 3e-05
5667.0 3e-05
5668.0 3e-05
5669.0 3e-05
5670.0 3e-05
5671.0 3e-05
5672.0 3e-05
5673.0 3e-05
5674.0 3e-05
5675.0 3e-05
5676.0 3e-05
5677.0 3e-05
5678.0 3e-05
5679.0 3e-05
5680.0 4e-05
5681.0 4e-05
5682.0 4e-05
5683.0 4e-05
5684.0 4e-05
5685.0 4e-05
5686.0 4e-05
5687.0 4e-05
5688.0 4e-05
5689.0 5e-05
5690.0 5e-05
5691.0 5e-05
5692.0 5e-05
5693.0 5e-05
5694.0 5e-05
5695.0 5e-05
5696.0 5e-05
5697.0 5e-05
5698.0 6e-05
5699.0 6e-05
5700.0 6e-05
5701.0 6e-05
5702.0 6e-05
5703.0 6e-05
5704.0 6e-05
5705.0 7e-05
5706.0 7e-05
5707.0 7e-05
5708.0 7e-05
5709.0 7e-05
5710.0 8e-05
5711.0 8e-05
5712.0 8e-05
5713.0 8e-05
5714.0 8e-05
5715.0 8e-05
5716.0 9e-05
5717.0 9e-05
5718.0 9e-05
5719.0 9e-05
5720.0 9e-05
5721.0 9e-05
5722.0 9e-05
5723.0 9e-05
5724.0 9e-05
5725.0 9e-05
5726.0 0.0001
5727.0 0.0001
5728.0 0.0001
5729.0 0.0001
5730.0 0.0001
5731.0 9e-05
5732.0 9e-05
5733.0 9e-05
5734.0 8e-05
5735.0 8e-05
5736.0 7e-05
5737.0 7e-05
5738.0 7e-05
5739.0 6e-05
5740.0 6e-05
5741.0 5e-05
5742.0 5e-05
5743.0 5e-05
5744.0 5e-05
5745.0 4e-05
5746.0 4e-05
5747.0 4e-05
5748.0 3e-05
5749.0 3e-05
5750.0 3e-05
5751.0 3e-05
5752.0 3e-05
5753.0 3e-05
5754.0 2e-05
5755.0 2e-05
5756.0 2e-05
5757.0 2e-05
5758.0 2e-05
5759.0 2e-05
5760.0 2e-05
5761.0 2e-05
5762.0 2e-05
5763.0 2e-05
5764.0 1e-05
5765.0 1e-05
5766.0 1e-05
5767.0 1e-05
5768.0 1e-05
5769.0 1e-05
5770.0 1e-05
5771.0 1e-05
5772.0 1e-05
5773.0 1e-05
5774.0 1e-05
5775.0 1e-05
5776.0 1e-05
5777.0 1e-05
5778.0 1e-05
5779.0 1e-05
5780.0 1e-05
5781.0 1e-05
5782.0 1e-05
5783.0 1e-05
5784.0 1e-05
5785.0 1e-05
5786.0 1e-05
5787.0 1e-05
5788.0 1e-05
5789.0 1e-05
5790.0 1e-05
5791.0 1e-05
5792.0 0
5793.0 0
5794.0 0
5795.0 0
5796.0 0
5797.0 0
5798.0 0
5799.0 0
5800.0 0
5801.0 0
5802.0 0
5803.0 0
5804.0 0
5805.0 0
5806.0 0
5807.0 0
5808.0 0
5809.0 0
5810.0 0
5811.0 0
5812.0 0
5813.0 0
5814.0 0
5815.0 0
5816.0 0
5817.0 0
5818.0 0
5819.0 0
5820.0 0
5821.0 0
5822.0 0
5823.0 0
5824.0 0
5825.0 0
5826.0 0
5827.0 0
5828.0 0
5829.0 0
5830.0 0
5831.0 0
5832.0 0
5833.0 0
5834.0 0
5835.0 0
5836.0 0
5837.0 0
5838.0 0
5839.0 0
5840.0 0
5841.0 0
5842.0 0
5843.0 0
5844.0 0
5845.0 0
5846.0 0
5847.0 0
5848.0 0
5849.0 0
5850.0 0
5851.0 0
5852.0 0
5853.0 0
5854.0 0
5855.0 0
5856.0 0
5857.0 0
5858.0 0
5859.0 0
5860.0 0
5861.0 0
5862.0 0
5863.0 0
5864.0 0
5865.0 0
5866.0 0
5867.0 0
5868.0 0
5869.0 0
5870.0 0
5871.0 0
5872.0 0
5873.0 0
5874.0 0
5875.0 0
5876.0 0
5877.0 0
5878.0 0
5879.0 0
5880.0 0
5881.0 0
5882.0 0
5883.0 0
5884.0 0
5885.0 0
5886.0 0
5887.0 0
5888.0 0
5889.0 0
5890.0 0
5891.0 0
5892.0 0
5893.0 0
5894.0 0
5895.0 0
5896.0 0
5897.0 0
5898.0 0
5899.0 0
5900.0 0
5901.0 0
5902.0 0
5903.0 0
5904.0 0
5905.0 0
5906.0 0
5907.0 0
5908.0 0
5909.0 0
5910.0 0
5911.0 0
5912.0 0
5913.0 0
5914.0 0
5915.0 0
5916.0 0
5917.0 0
5918.0 0
5919.0 0
5920.0 0
5921.0 0
5922.0 0
5923.0 0
5924.0 0
5925.0 0
5926.0 0
5927.0 0
5928.0 0
5929.0 0
5930.0 0
5931.0 0
5932.0 0
5933.0 0
5934.0 0
5935.0 0
5936.0 0
5937.0 0
5938.0 0
5939.0 0
5940.0 0
5941.0 0
5942.0 0
5943.0 0
5944.0 0
5945.0 0
5946.0 0
5947.0 0
5948.0 0
5949.0 0
5950.0 0
5951.0 0
5952.0 0
5953.0 0
5954.0 0
5955.0 0
5956.0 0
5957.0 0
5958.0 0
5959.0 0
5960.0 0
5961.0 0
5962.0 0
5963.0 0
5964.0 0
5965.0 0
5966.0 0
5967.0 0
5968.0 0
5969.0 0
5970.0 0
5971.0 0
5972.0 0
5973.0 0
5974.0 0
5975.0 0
5976.0 0
5977.0 0
5978.0 0
5979.0 0
5980.0 0
5981.0 0
5982.0 0
5983.0 0
5984.0 0
5985.0 0
5986.0 0
5987.0 0
5988.0 0
5989.0 0
5990.0 0
5991.0 0
5992.0 0
5993.0 0
5994.0 0
5995.0 0
5996.0 0
5997.0 0
5998.0 0
5999.0 0
6000.0 1e-05
6001.0 1e-05
6002.0 1e-05
6003.0 1e-05
6004.0 1e-05
6005.0 1e-05
6006.0 1e-05
6007.0 1e-05
6008.0 1e-05
6009.0 1e-05
6010.0 1e-05
6011.0 1e-05
6012.0 1e-05
6013.0 1e-05
6014.0 1e-05
6015.0 1e-05
6016.0 1e-05
6017.0 1e-05
6018.0 1e-05
6019.0 1e-05
6020.0 1e-05
6021.0 1e-05
6022.0 1e-05
6023.0 1e-05
6024.0 1e-05
6025.0 1e-05
6026.0 1e-05
6027.0 1e-05
6028.0 1e-05
6029.0 2e-05
6030.0 2e-05
6031.0 2e-05
6032.0 2e-05
6033.0 2e-05
6034.0 2e-05
6035.0 2e-05
6036.0 2e-05
6037.0 2e-05
6038.0 2e-05
6039.0 2e-05
6040.0 2e-05
6041.0 2e-05
6042.0 2e-05
6043.0 2e-05
6044.0 2e-05
6045.0 2e-05
6046.0 2e-05
6047.0 2e-05
6048.0 2e-05
6049.0 2e-05
6050.0 2e-05
6051.0 2e-05
6052.0 2e-05
6053.0 2e-05
6054.0 2e-05
6055.0 2e-05
6056.0 2e-05
6057.0 2e-05
6058.0 2e-05
6059.0 2e-05
6060.0 2e-05
6061.0 2e-05
6062.0 2e-05
6063.0 2e-05
6064.0 2e-05
6065.0 2e-05
6066.0 2e-05
6067.0 2e-05
6068.0 2e-05
6069.0 2e-05
6070.0 2e-05
6071.0 2e-05
6072.0 2e-05
6073.0 2e-05
6074.0 2e-05
6075.0 2e-05
6076.0 2e-05
6077.0 2e-05
6078.0 2e-05
6079.0 2e-05
6080.0 2e-05
6081.0 2e-05
6082.0 2e-05
6083.0 2e-05
6084.0 2e-05
6085.0 2e-05
6086.0 2e-05
6087.0 2e-05
6088.0 2e-05
6089.0 2e-05
6090.0 2e-05
6091.0 2e-05
6092.0 2e-05
6093.0 2e-05
6094.0 2e-05
6095.0 2e-05
6096.0 2e-05
6097.0 2e-05
6098.0 2e-05
6099.0 2e-05
6100.0 2e-05
6101.0 2e-05
6102.0 2e-05
6103.0 2e-05
6104.0 2e-05
6105.0 2e-05
6106.0 2e-05
6107.0 2e-05
6108.0 2e-05
6109.0 2e-05
6110.0 3e-05
6111.0 3e-05
6112.0 3e-05
6113.0 3e-05
6114.0 3e-05
6115.0 3e-05
6116.0 3e-05
6117.0 3e-05
6118.0 3e-05
6119.0 3e-05
6120.0 4e-05
6121.0 4e-05
6122.0 4e-05
6123.0 4e-05
6124.0 4e-05
6125.0 4e-05
6126.0 4e-05
6127.0 4e-05
6128.0 4e-05
6129.0 4e-05
6130.0 5e-05
6131.0 5e-05
6132.0 5e-05
6133.0 5e-05
6134.0 5e-05
6135.0 6e-05
6136.0 6e-05
6137.0 6e-05
6138.0 6e-05
6139.0 7e-05
6140.0 7e-05
6141.0 7e-05
6142.0 8e-05
6143.0 8e-05
6144.0 8e-05
6145.0 9e-05
6146.0 9e-05
6147.0 9e-05
6148.0 0.0001
6149.0 0.0001
6150.0 0.0001
6151.0 0.00011
6152.0 0.00011
6153.0 0.00011
6154.0 0.00012
6155.0 0.00012
6156.0 0.00012
6157.0 0.00013
6158.0 0.00013
6159.0 0.00014
6160.0 0.00014
6161.0 0.00014
6162.0 0.00014
6163.0 0.00014
6164.0 0.00014
6165.0 0.00014
6166.0 0.00014
6167.0 0.00013
6168.0 0.00013
6169.0 0.00013
6170.0 0.00013
6171.0 0.00013
6172.0 0.00013
6173.0 0.00013
6174.0 0.00012
6175.0 0.00012
6176.0 0.00012
6177.0 0.00012
6178.0 0.00011
6179.0 0.00011
6180.0 0.00011
6181.0 0.00011
6182.0 0.0001
6183.0 0.0001
6184.0 0.0001
6185.0 0.0001
6186.0 9e-05
6187.0 9e-05
6188.0 9e-05
6189.0 9e-05
6190.0 8e-05
6191.0 8e-05
6192.0 8e-05
6193.0 8e-05
6194.0 7e-05
6195.0 7e-05
6196.0 7e-05
6197.0 7e-05
6198.0 7e-05
6199.0 7e-05
6200.0 6e-05
6201.0 6e-05
6202.0 6e-05
6203.0 6e-05
6204.0 6e-05
6205.0 6e-05
6206.0 5e-05
6207.0 5e-05
6208.0 5e-05
6209.0 5e-05
6210.0 5e-05
6211.0 5e-05
6212.0 5e-05
6213.0 4e-05
6214.0 4e-05
6215.0 4e-05
6216.0 4e-05
6217.0 4e-05
6218.0 4e-05
6219.0 4e-05
6220.0 3e-05
6221.0 3e-05
6222.0 3e-05
6223.0 3e-05
6224.0 3e-05
6225.0 3e-05
6226.0 3e-05
6227.0 2e-05
6228.0 2e-05
6229.0 2e-05
6230.0 2e-05
6231.0 2e-05
6232.0 2e-05
6233.0 2e-05
6234.0 2e-05
6235.0 2e-05
6236.0 2e-05
6237.0 2e-05
6238.0 2e-05
6239.0 1e-05
6240.0 1e-05
6241.0 1e-05
6242.0 1e-05
6243.0 1e-05
6244.0 1e-05
6245.0 1e-05
6246.0 1e-05
6247.0 1e-05
6248.0 1e-05
6249.0 1e-05
6250.0 1e-05
6251.0 1e-05
6252.0 1e-05
6253.0 1e-05
6254.0 1e-05
6255.0 1e-05
6256.0 1e-05
6257.0 1e-05
6258.0 1e-05
6259.0 1e-05
6260.0 1e-05
6261.0 1e-05
6262.0 1e-05
6263.0 1e-05
6264.0 1e-05
6265.0 1e-05
6266.0 1e-05
6267.0 1e-05
6268.0 1e-05
6269.0 1e-05
6270.0 1e-05
6271.0 1e-05
6272.0 1e-05
6273.0 1e-05
6274.0 1e-05
6275.0 1e-05
6276.0 1e-05
6277.0 1e-05
6278.0 1e-05
6279.0 1e-05
6280.0 1e-05
6281.0 1e-05
6282.0 1e-05
6283.0 1e-05
6284.0 1e-05
6285.0 1e-05
6286.0 1e-05
6287.0 1e-05
6288.0 1e-05
6289.0 1e-05
6290.0 1e-05
6291.0 1e-05
6292.0 1e-05
6293.0 1e-05
6294.0 1e-05
6295.0 1e-05
6296.0 1e-05
6297.0 1e-05
6298.0 1e-05
6299.0 1e-05
6300.0 1e-05
6301.0 1e-05
6302.0 2e-05
6303.0 2e-05
6304.0 2e-05
6305.0 2e-05
6306.0 2e-05
6307.0 2e-05
6308.0 2e-05
6309.0 2e-05
6310.0 2e-05
6311.0 2e-05
6312.0 2e-05
6313.0 2e-05
6314.0 2e-05
6315.0 2e-05
6316.0 2e-05
6317.0 3e-05
6318.0 3e-05
6319.0 3e-05
6320.0 3e-05
6321.0 3e-05
6322.0 3e-05
6323.0 3e-05
6324.0 3e-05
6325.0 3e-05
6326.0 3e-05
6327.0 3e-05
6328.0 4e-05
6329.0 4e-05
6330.0 4e-05
6331.0 4e-05
6332.0 4e-05
6333.0 4e-05
6334.0 4e-05
6335.0 4e-05
6336.0 4e-05
6337.0 4e-05
6338.0 4e-05
6339.0 5e-05
6340.0 5e-05
6341.0 5e-05
6342.0 5e-05
6343.0 5e-05
6344.0 5e-05
6345.0 5e-05
6346.0 5e-05
6347.0 5e-05
6348.0 5e-05
6349.0 5e-05
6350.0 5e-05
6351.0 5e-05
6352.0 4e-05
6353.0 4e-05
6354.0 4e-05
6355.0 4e-05
6356.0 4e-05
6357.0 4e-05
6358.0 4e-05
6359.0 4e-05
6360.0 4e-05
6361.0 4e-05
6362.0 3e-05
6363.0 3e-05
6364.0 3e-05
6365.0 3e-05
6366.0 3e-05
6367.0 3e-05
6368.0 3e-05
6369.0 3e-05
6370.0 3e-05
6371.0 3e-05
6372.0 3e-05
6373.0 2e-05
6374.0 2e-05
6375.0 2e-05
6376.0 2e-05
6377.0 2e-05
6378.0 2e-05
6379.0 2e-05
6380.0 2e-05
6381.0 2e-05
6382.0 2e-05
6383.0 2e-05
6384.0 2e-05
6385.0 2e-05
6386.0 2e-05
6387.0 2e-05
6388.0 2e-05
6389.0 2e-05
6390.0 2e-05
6391.0 2e-05
6392.0 2e-05
6393.0 2e-05
6394.0 2e-05
6395.0 2e-05
6396.0 2e-05
6397.0 1e-05
6398.0 1e-05
6399.0 1e-05
6400.0 1e-05
6401.0 1e-05
6402.0 1e-05
6403.0 1e-05
6404.0 1e-05
6405.0 1e-05
6406.0 1e-05
6407.0 1e-05
6408.0 1e-05
6409.0 1e-05
6410.0 1e-05
6411.0 1e-05
6412.0 1e-05
6413.0 1e-05
6414.0 1e-05
6415.0 1e-05
6416.0 1e-05
6417.0 1e-05
6418.0 1e-05
6419.0 1e-05
6420.0 1e-05
6421.0 1e-05
6422.0 1e-05
6423.0 1e-05
6424.0 1e-05
6425.0 1e-05
6426.0 1e-05
6427.0 1e-05
6428.0 1e-05
6429.0 1e-05
6430.0 1e-05
6431.0 1e-05
6432.0 1e-05
6433.0 1e-05
6434.0 1e-05
6435.0 1e-05
6436.0 1e-05
6437.0 1e-05
6438.0 1e-05
6439.0 1e-05
6440.0 1e-05
6441.0 1e-05
6442.0 1e-05
6443.0 1e-05
6444.0 1e-05
6445.0 1e-05
6446.0 1e-05
6447.0 1e-05
6448.0 1e-05
6449.0 1e-05
6450.0 1e-05
6451.0 1e-05
6452.0 1e-05
6453.0 1e-05
6454.0 1e-05
6455.0 2e-05
6456.0 2e-05
6457.0 2e-05
6458.0 2e-05
6459.0 2e-05
6460.0 2e-05
6461.0 2e-05
6462.0 2e-05
6463.0 2e-05
6464.0 2e-05
6465.0 2e-05
6466.0 2e-05
6467.0 2e-05
6468.0 2e-05
6469.0 2e-05
6470.0 2e-05
6471.0 2e-05
6472.0 2e-05
6473.0 2e-05
6474.0 2e-05
6475.0 2e-05
6476.0 2e-05
6477.0 2e-05
6478.0 2e-05
6479.0 2e-05
6480.0 2e-05
6481.0 2e-05
6482.0 2e-05
6483.0 2e-05
6484.0 2e-05
6485.0 2e-05
6486.0 2e-05
6487.0 2e-05
6488.0 3e-05
6489.0 3e-05
6490.0 3e-05
6491.0 3e-05
6492.0 3e-05
6493.0 3e-05
6494.0 3e-05
6495.0 3e-05
6496.0 3e-05
6497.0 3e-05
6498.0 3e-05
6499.0 3e-05
6500.0 3e-05
6501.0 4e-05
6502.0 4e-05
6503.0 4e-05
6504.0 4e-05
6505.0 4e-05
6506.0 4e-05
6507.0 4e-05
6508.0 4e-05
6509.0 4e-05
6510.0 4e-05
6511.0 4e-05
6512.0 5e-05
6513.0 5e-05
6514.0 5e-05
6515.0 5e-05
6516.0 5e-05
6517.0 5e-05
6518.0 5e-05
6519.0 5e-05
6520.0 6e-05
6521.0 6e-05
6522.0 6e-05
6523.0 6e-05
6524.0 6e-05
6525.0 6e-05
6526.0 6e-05
6527.0 6e-05
6528.0 6e-05
6529.0 6e-05
6530.0 6e-05
6531.0 6e-05
6532.0 6e-05
6533.0 6e-05
6534.0 6e-05
6535.0 6e-05
6536.0 6e-05
6537.0 6e-05
6538.0 6e-05
6539.0 6e-05
6540.0 6e-05
6541.0 6e-05
6542.0 6e-05
6543.0 6e-05
6544.0 6e-05
6545.0 5e-05
6546.0 5e-05
6547.0 5e-05
6548.0 5e-05
6549.0 5e-05
6550.0 5e-05
6551.0 5e-05
6552.0 5e-05
6553.0 5e-05
6554.0 4e-05
6555.0 4e-05
6556.0 4e-05
6557.0 4e-05
6558.0 4e-05
6559.0 3e-05
6560.0 3e-05
6561.0 3e-05
6562.0 3e-05
6563.0 3e-05
6564.0 3e-05
6565.0 3e-05
6566.0 3e-05
6567.0 2e-05
6568.0 2e-05
6569.0 2e-05
6570.0 2e-05
6571.0 2e-05
6572.0 2e-05
6573.0 2e-05
6574.0 2e-05
6575.0 2e-05
6576.0 2e-05
6577.0 1e-05
6578.0 1e-05
6579.0 1e-05
6580.0 1e-05
6581.0 1e-05
6582.0 1e-05
6583.0 1e-05
6584.0 1e-05
6585.0 1e-05
6586.0 1e-05
6587.0 1e-05
6588.0 1e-05
6589.0 1e-05
6590.0 1e-05
6591.0 1e-05
6592.0 1e-05
6593.0 1e-05
6594.0 1e-05
6595.0 1e-05
6596.0 1e-05
6597.0 1e-05
6598.0 1e-05
6599.0 1e-05
6600.0 1e-05
6601.0 1e-05
6602.0 1e-05
6603.0 1e-05
6604.0 1e-05
6605.0 1e-05
6606.0 1e-05
6607.0 1e-05
6608.0 1e-05
6609.0 1e-05
6610.0 1e-05
6611.0 1e-05
6612.0 1e-05
6613.0 1e-05
6614.0 1e-05
6615.0 1e-05
6616.0 1e-05
6617.0 1e-05
6618.0 1e-05
6619.0 1e-05
6620.0 1e-05
6621.0 1e-05
6622.0 1e-05
6623.0 1e-05
6624.0 1e-05
6625.0 1e-05
6626.0 1e-05
6627.0 1e-05
6628.0 1e-05
6629.0 1e-05
6630.0 1e-05
6631.0 1e-05
6632.0 1e-05
6633.0 1e-05
6634.0 1e-05
6635.0 1e-05
6636.0 1e-05
6637.0 1e-05
6638.0 1e-05
6639.0 1e-05
6640.0 1e-05
6641.0 1e-05
6642.0 1e-05
6643.0 1e-05
6644.0 1e-05
6645.0 1e-05
6646.0 1e-05
6647.0 1e-05
6648.0 1e-05
6649.0 1e-05
6650.0 1e-05
6651.0 1e-05
6652.0 1e-05
6653.0 1e-05
6654.0 1e-05
6655.0 1e-05
6656.0 1e-05
6657.0 1e-05
6658.0 1e-05
6659.0 1e-05
6660.0 1e-05
6661.0 1e-05
6662.0 1e-05
6663.0 1e-05
6664.0 1e-05
6665.0 1e-05
6666.0 1e-05
6667.0 1e-05
6668.0 1e-05
6669.0 1e-05
6670.0 1e-05
6671.0 1e-05
6672.0 1e-05
6673.0 1e-05
6674.0 1e-05
6675.0 1e-05
6676.0 1e-05
6677.0 1e-05
6678.0 1e-05
6679.0 1e-05
6680.0 1e-05
6681.0 1e-05
6682.0 1e-05
6683.0 1e-05
6684.0 1e-05
6685.0 1e-05
6686.0 1e-05
6687.0 1e-05
6688.0 1e-05
6689.0 1e-05
6690.0 1e-05
6691.0 1e-05
6692.0 1e-05
6693.0 1e-05
6694.0 1e-05
6695.0 1e-05
6696.0 1e-05
6697.0 1e-05
6698.0 1e-05
6699.0 1e-05
6700.0 1e-05
6701.0 1e-05
6702.0 1e-05
6703.0 1e-05
6704.0 1e-05
6705.0 1e-05
6706.0 1e-05
6707.0 0
6708.0 0
6709.0 0
6710.0 0
6711.0 0
6712.0 0
6713.0 0
6714.0 0
6715.0 0
6716.0 0
6717.0 0
6718.0 0
6719.0 0
6720.0 0
6721.0 0
6722.0 0
6723.0 0
6724.0 0
6725.0 0
6726.0 0
6727.0 0
6728.0 0
6729.0 0
6730.0 0
6731.0 0
6732.0 0
6733.0 0
6734.0 0
6735.0 0
6736.0 0
6737.0 0
6738.0 0
6739.0 0
6740.0 0
6741.0 0
6742.0 0
6743.0 0
6744.0 0
6745.0 0
6746.0 0
6747.0 0
6748.0 0
6749.0 0
6750.0 0
6751.0 0
6752.0 0
6753.0 0
6754.0 0
6755.0 0
6756.0 0
6757.0 0
6758.0 0
6759.0 0
6760.0 0
6761.0 0
6762.0 0
6763.0 0
6764.0 0
6765.0 0
6766.0 0
6767.0 0
6768.0 0
6769.0 0
6770.0 0
6771.0 0
6772.0 0
6773.0 0
6774.0 0
6775.0 0
6776.0 0
6777.0 0
6778.0 0
6779.0 0
6780.0 0
6781.0 0
6782.0 0
6783.0 0
6784.0 0
6785.0 0
6786.0 0
6787.0 0
6788.0 0
6789.0 0
6790.0 0
6791.0 0
6792.0 0
6793.0 0
6794.0 0
6795.0 0
6796.0 0
6797.0 0
6798.0 0
6799.0 0
6800.0 0
6801.0 0
6802.0 0
6803.0 0
6804.0 1e-05
6805.0 1e-05
6806.0 1e-05
6807.0 1e-05
6808.0 1e-05
6809.0 1e-05
6810.0 1e-05
6811.0 1e-05
6812.0 1e-05
6813.0 1e-05
6814.0 1e-05
6815.0 1e-05
6816.0 1e-05
6817.0 1e-05
6818.0 1e-05
6819.0 1e-05
6820.0 1e-05
6821.0 1e-05
6822.0 1e-05
6823.0 1e-05
6824.0 1e-05
6825.0 1e-05
6826.0 1e-05
6827.0 1e-05
6828.0 1e-05
6829.0 1e-05
6830.0 1e-05
6831.0 1e-05
6832.0 1e-05
6833.0 1e-05
6834.0 1e-05
6835.0 1e-05
6836.0 1e-05
6837.0 1e-05
6838.0 1e-05
6839.0 1e-05
6840.0 1e-05
6841.0 1e-05
6842.0 1e-05
6843.0 1e-05
6844.0 1e-05
6845.0 1e-05
6846.0 1e-05
6847.0 0
6848.0 0
6849.0 0
6850.0 0
6851.0 0
6852.0 0
6853.0 0
6854.0 0
6855.0 0
6856.0 0
6857.0 0
6858.0 0
6859.0 0
6860.0 0
6861.0 0
6862.0 0
6863.0 0
6864.0 0
6865.0 0
6866.0 0
6867.0 0
6868.0 0
6869.0 0
6870.0 0
6871.0 0
6872.0 0
6873.0 0
6874.0 0
6875.0 0
6876.0 0
6877.0 0
6878.0 0
6879.0 0
6880.0 0
6881.0 0
6882.0 0
6883.0 0
6884.0 0
6885.0 0
6886.0 0
6887.0 0
6888.0 0
6889.0 0
6890.0 0
6891.0 0
6892.0 0
6893.0 0
6894.0 0
6895.0 0
6896.0 0
6897.0 0
6898.0 0
6899.0 0
6900.0 0
6901.0 0
6902.0 0
6903.0 0
6904.0 0
6905.0 0
6906.0 0
6907.0 0
6908.0 0
6909.0 0
6910.0 0
6911.0 0
6912.0 0
6913.0 0
6914.0 0
6915.0 0
6916.0 0
6917.0 0
6918.0 0
6919.0 0
6920.0 0
6921.0 0
6922.0 0
6923.0 0
6924.0 0
6925.0 0
6926.0 0
6927.0 0
6928.0 0
6929.0 0
6930.0 0
6931.0 0
6932.0 0
6933.0 0
6934.0 0
6935.0 0
6936.0 0
6937.0 0
6938.0 0
6939.0 0
6940.0 0
6941.0 0
6942.0 0
6943.0 0
6944.0 0
6945.0 1e-05
6946.0 1e-05
6947.0 1e-05
6948.0 1e-05
6949.0 1e-05
6950.0 1e-05
6951.0 1e-05
6952.0 1e-05
6953.0 1e-05
6954.0 1e-05
6955.0 1e-05
6956.0 1e-05
6957.0 1e-05
6958.0 1e-05
6959.0 1e-05
6960.0 1e-05
6961.0 1e-05
6962.0 1e-05
6963.0 1e-05
6964.0 1e-05
6965.0 1e-05
6966.0 2e-05
6967.0 2e-05
6968.0 2e-05
6969.0 2e-05
6970.0 2e-05
6971.0 2e-05
6972.0 2e-05
6973.0 3e-05
6974.0 3e-05
6975.0 3e-05
6976.0 3e-05
6977.0 4e-05
6978.0 4e-05
6979.0 4e-05
6980.0 4e-05
6981.0 5e-05
6982.0 5e-05
6983.0 5e-05
6984.0 6e-05
6985.0 6e-05
6986.0 6e-05
6987.0 6e-05
6988.0 7e-05
6989.0 7e-05
6990.0 7e-05
6991.0 7e-05
6992.0 7e-05
6993.0 7e-05
6994.0 7e-05
6995.0 7e-05
6996.0 7e-05
6997.0 7e-05
6998.0 6e-05
6999.0 6e-05
7000.0 6e-05
7001.0 6e-05
7002.0 6e-05
7003.0 5e-05
7004.0 5e-05
7005.0 5e-05
7006.0 5e-05
7007.0 4e-05
7008.0 4e-05
7009.0 4e-05
7010.0 3e-05
7011.0 3e-05
7012.0 3e-05
7013.0 3e-05
7014.0 3e-05
7015.0 3e-05
7016.0 3e-05
7017.0 3e-05
7018.0 2e-05
7019.0 2e-05
7020.0 2e-05
7021.0 2e-05
7022.0 2e-05
7023.0 2e-05
7024.0 2e-05
7025.0 2e-05
7026.0 2e-05
7027.0 2e-05
7028.0 2e-05
7029.0 2e-05
7030.0 2e-05
7031.0 2e-05
7032.0 2e-05
7033.0 1e-05
7034.0 1e-05
7035.0 1e-05
7036.0 1e-05
7037.0 1e-05
7038.0 1e-05
7039.0 1e-05
7040.0 1e-05
7041.0 1e-05
7042.0 1e-05
7043.0 1e-05
7044.0 1e-05
7045.0 1e-05
7046.0 1e-05
7047.0 1e-05
7048.0 1e-05
7049.0 1e-05
7050.0 1e-05
7051.0 1e-05
7052.0 1e-05
7053.0 1e-05
7054.0 1e-05
7055.0 1e-05
7056.0 1e-05
7057.0 1e-05
7058.0 1e-05
7059.0 1e-05
7060.0 1e-05
7061.0 1e-05
7062.0 1e-05
7063.0 1e-05
7064.0 1e-05
7065.0 1e-05
7066.0 1e-05
7067.0 1e-05
7068.0 1e-05
7069.0 1e-05
7070.0 1e-05
7071.0 1e-05
7072.0 1e-05
7073.0 1e-05
7074.0 1e-05
7075.0 1e-05
7076.0 1e-05
7077.0 1e-05
7078.0 1e-05
7079.0 1e-05
7080.0 1e-05
7081.0 1e-05
7082.0 1e-05
7083.0 1e-05
7084.0 1e-05
7085.0 1e-05
7086.0 1e-05
7087.0 1e-05
7088.0 1e-05
7089.0 1e-05
7090.0 1e-05
7091.0 1e-05
7092.0 1e-05
7093.0 1e-05
7094.0 1e-05
7095.0 1e-05
7096.0 1e-05
7097.0 1e-05
7098.0 1e-05
7099.0 1e-05
7100.0 1e-05
7101.0 1e-05
7102.0 1e-05
7103.0 1e-05
7104.0 1e-05
7105.0 1e-05
7106.0 1e-05
7107.0 1e-05
7108.0 1e-05
7109.0 1e-05
7110.0 1e-05
7111.0 1e-05
7112.0 1e-05
7113.0 1e-05
7114.0 1e-05
7115.0 1e-05
7116.0 1e-05
7117.0 1e-05
7118.0 1e-05
7119.0 1e-05
7120.0 1e-05
7121.0 1e-05
7122.0 1e-05
7123.0 1e-05
7124.0 1e-05
7125.0 1e-05
7126.0 1e-05
7127.0 1e-05
7128.0 1e-05
7129.0 1e-05
7130.0 1e-05
7131.0 1e-05
7132.0 1e-05
7133.0 1e-05
7134.0 1e-05
7135.0 1e-05
7136.0 1e-05
7137.0 1e-05
7138.0 1e-05
7139.0 1e-05
7140.0 1e-05
7141.0 1e-05
7142.0 1e-05
7143.0 0
7144.0 0
7145.0 0
7146.0 0
7147.0 0
7148.0 0
7149.0 0
7150.0 0
7151.0 0
7152.0 0
7153.0 0
7154.0 0
7155.0 0
7156.0 0
7157.0 0
7158.0 0
7159.0 0
7160.0 0
7161.0 0
7162.0 0
7163.0 0
7164.0 0
7165.0 0
7166.0 0
7167.0 0
7168.0 0
7169.0 0
7170.0 0
7171.0 0
7172.0 0
7173.0 0
7174.0 0
7175.0 0
7176.0 0
7177.0 0
7178.0 0
7179.0 0
7180.0 0
7181.0 0
7182.0 0
7183.0 0
7184.0 0
7185.0 0
7186.0 0
7187.0 0
7188.0 0
7189.0 0
7190.0 0
7191.0 0
7192.0 0
7193.0 0
7194.0 0
7195.0 0
7196.0 0
7197.0 0
7198.0 0
7199.0 0
7200.0 0
7201.0 0
7202.0 0
7203.0 0
7204.0 0
7205.0 0
7206.0 0
7207.0 0
7208.0 0
7209.0 0
7210.0 0
7211.0 0
7212.0 0
7213.0 0
7214.0 0
7215.0 0
7216.0 0
7217.0 0
7218.0 0
7219.0 0
7220.0 0
7221.0 0
7222.0 0
7223.0 0
7224.0 0
7225.0 0
7226.0 0
7227.0 0
7228.0 0
7229.0 0
7230.0 0
7231.0 0
7232.0 0
7233.0 0
7234.0 0
7235.0 0
7236.0 0
7237.0 0
7238.0 0
7239.0 0
7240.0 0
7241.0 0
7242.0 0
7243.0 0
7244.0 0
7245.0 0
7246.0 0
7247.0 0
7248.0 0
7249.0 0
7250.0 1e-05
7251.0 1e-05
7252.0 1e-05
7253.0 1e-05
7254.0 0
7255.0 0
7256.0 0
7257.0 1e-05
7258.0 1e-05
7259.0 0
7260.0 0
7261.0 1e-05
7262.0 1e-05
7263.0 0
7264.0 0
7265.0 0
7266.0 1e-05
7267.0 0
7268.0 0
7269.0 1e-05
7270.0 1e-05
7271.0 1e-05
7272.0 1e-05
7273.0 1e-05
7274.0 1e-05
7275.0 1e-05
7276.0 1e-05
7277.0 1e-05
7278.0 1e-05
7279.0 1e-05
7280.0 1e-05
7281.0 1e-05
7282.0 1e-05
7283.0 1e-05
7284.0 1e-05
7285.0 1e-05
7286.0 1e-05
7287.0 1e-05
7288.0 1e-05
7289.0 1e-05
7290.0 1e-05
7291.0 1e-05
7292.0 1e-05
7293.0 1e-05
7294.0 1e-05
7295.0 1e-05
7296.0 1e-05
7297.0 1e-05
7298.0 1e-05
7299.0 1e-05
7300.0 0
7301.0 0
7302.0 0
7303.0 0
7304.0 0
7305.0 0
7306.0 0
7307.0 0
7308.0 0
7309.0 0
7310.0 0
7311.0 0
7312.0 0
7313.0 0
7314.0 0
7315.0 0
7316.0 0
7317.0 0
7318.0 0
7319.0 0
7320.0 0
7321.0 0
7322.0 0
7323.0 0
7324.0 0
7325.0 0
7326.0 0
7327.0 0
7328.0 0
7329.0 0
7330.0 0
7331.0 0
7332.0 0
7333.0 0
7334.0 0
7335.0 0
7336.0 0
7337.0 0
7338.0 0
7339.0 0
7340.0 0
7341.0 0
7342.0 1e-05
7343.0 1e-05
7344.0 1e-05
7345.0 1e-05
7346.0 1e-05
7347.0 1e-05
7348.0 1e-05
7349.0 1e-05
7350.0 1e-05
7351.0 1e-05
7352.0 1e-05
7353.0 1e-05
7354.0 1e-05
7355.0 1e-05
7356.0 1e-05
7357.0 1e-05
7358.0 1e-05
7359.0 1e-05
7360.0 1e-05
7361.0 1e-05
7362.0 1e-05
7363.0 1e-05
7364.0 1e-05
7365.0 1e-05
7366.0 1e-05
7367.0 1e-05
7368.0 1e-05
7369.0 1e-05
7370.0 1e-05
7371.0 1e-05
7372.0 1e-05
7373.0 1e-05
7374.0 1e-05
7375.0 1e-05
7376.0 1e-05
7377.0 1e-05
7378.0 1e-05
7379.0 1e-05
7380.0 1e-05
7381.0 1e-05
7382.0 1e-05
7383.0 2e-05
7384.0 2e-05
7385.0 2e-05
7386.0 2e-05
7387.0 2e-05
7388.0 2e-05
7389.0 2e-05
7390.0 2e-05
7391.0 2e-05
7392.0 2e-05
7393.0 2e-05
7394.0 2e-05
7395.0 3e-05
7396.0 3e-05
7397.0 3e-05
7398.0 3e-05
7399.0 3e-05
7400.0 3e-05
7401.0 3e-05
7402.0 3e-05
7403.0 3e-05
7404.0 4e-05
7405.0 4e-05
7406.0 4e-05
7407.0 4e-05
7408.0 4e-05
7409.0 4e-05
7410.0 4e-05
7411.0 4e-05
7412.0 4e-05
7413.0 4e-05
7414.0 4e-05
7415.0 4e-05
7416.0 4e-05
7417.0 4e-05
7418.0 5e-05
7419.0 5e-05
7420.0 5e-05
7421.0 5e-05
7422.0 5e-05
7423.0 4e-05
7424.0 4e-05
7425.0 4e-05
7426.0 4e-05
7427.0 4e-05
7428.0 4e-05
7429.0 4e-05
7430.0 4e-05
7431.0 4e-05
7432.0 4e-05
7433.0 4e-05
7434.0 4e-05
7435.0 4e-05
7436.0 4e-05
7437.0 4e-05
7438.0 4e-05
7439.0 4e-05
7440.0 4e-05
7441.0 4e-05
7442.0 4e-05
7443.0 4e-05
7444.0 4e-05
7445.0 4e-05
7446.0 4e-05
7447.0 4e-05
7448.0 4e-05
7449.0 3e-05
7450.0 3e-05
7451.0 3e-05
7452.0 3e-05
7453.0 3e-05
7454.0 3e-05
7455.0 3e-05
7456.0 3e-05
7457.0 3e-05
7458.0 3e-05
7459.0 3e-05
7460.0 3e-05
7461.0 3e-05
7462.0 3e-05
7463.0 3e-05
7464.0 3e-05
7465.0 3e-05
7466.0 3e-05
7467.0 3e-05
7468.0 3e-05
7469.0 3e-05
7470.0 3e-05
7471.0 3e-05
7472.0 3e-05
7473.0 3e-05
7474.0 3e-05
7475.0 3e-05
7476.0 3e-05
7477.0 3e-05
7478.0 3e-05
7479.0 3e-05
7480.0 3e-05
7481.0 3e-05
7482.0 3e-05
7483.0 3e-05
7484.0 3e-05
7485.0 2e-05
7486.0 2e-05
7487.0 2e-05
7488.0 2e-05
7489.0 2e-05
7490.0 2e-05
7491.0 2e-05
7492.0 2e-05
7493.0 2e-05
7494.0 2e-05
7495.0 2e-05
7496.0 2e-05
7497.0 2e-05
7498.0 2e-05
7499.0 2e-05
7500.0 2e-05
7501.0 2e-05
7502.0 3e-05
7503.0 3e-05
7504.0 3e-05
7505.0 3e-05
7506.0 3e-05
7507.0 3e-05
7508.0 3e-05
7509.0 3e-05
7510.0 3e-05
7511.0 3e-05
7512.0 3e-05
7513.0 3e-05
7514.0 3e-05
7515.0 3e-05
7516.0 3e-05
7517.0 3e-05
7518.0 3e-05
7519.0 3e-05
7520.0 3e-05
7521.0 3e-05
7522.0 3e-05
7523.0 3e-05
7524.0 3e-05
7525.0 3e-05
7526.0 3e-05
7527.0 3e-05
7528.0 3e-05
7529.0 3e-05
7530.0 3e-05
7531.0 3e-05
7532.0 3e-05
7533.0 3e-05
7534.0 3e-05
7535.0 3e-05
7536.0 3e-05
7537.0 3e-05
7538.0 3e-05
7539.0 3e-05
7540.0 3e-05
7541.0 3e-05
7542.0 3e-05
7543.0 3e-05
7544.0 3e-05
7545.0 3e-05
7546.0 3e-05
7547.0 3e-05
7548.0 3e-05
7549.0 4e-05
7550.0 4e-05
7551.0 4e-05
7552.0 4e-05
7553.0 4e-05
7554.0 4e-05
7555.0 4e-05
7556.0 4e-05
7557.0 4e-05
7558.0 4e-05
7559.0 4e-05
7560.0 4e-05
7561.0 4e-05
7562.0 4e-05
7563.0 4e-05
7564.0 4e-05
7565.0 4e-05
7566.0 5e-05
7567.0 5e-05
7568.0 5e-05
7569.0 5e-05
7570.0 5e-05
7571.0 5e-05
7572.0 5e-05
7573.0 5e-05
7574.0 5e-05
7575.0 5e-05
7576.0 6e-05
7577.0 6e-05
7578.0 6e-05
7579.0 6e-05
7580.0 6e-05
7581.0 6e-05
7582.0 7e-05
7583.0 7e-05
7584.0 7e-05
7585.0 7e-05
7586.0 7e-05
7587.0 7e-05
7588.0 8e-05
7589.0 8e-05
7590.0 8e-05
7591.0 8e-05
7592.0 8e-05
7593.0 9e-05
7594.0 9e-05
7595.0 9e-05
7596.0 5e-05
7597.0 5e-05
7598.0 4e-05
7599.0 7e-05
7600.0 6e-05
7601.0 2e-05
7602.0 3e-05
7603.0 5e-05
7604.0 1e-05
7605.0 6e-05
7606.0 3e-05
7607.0 6e-05
7608.0 4e-05
7609.0 2e-05
7610.0 1e-05
7611.0 5e-05
7612.0 6e-05
7613.0 8e-05
7614.0 4e-05
7615.0 7e-05
7616.0 0.00013
7617.0 7e-05
7618.0 0.0001
7619.0 0.00017
7620.0 0.00018
7621.0 0.00019
7622.0 0.00018
7623.0 6e-05
7624.0 0.00017
7625.0 0.00011
7626.0 0.00014
7627.0 0.00011
7628.0 0.00019
7629.0 4e-05
7630.0 7e-05
7631.0 0.00016
7632.0 0.00019
7633.0 5e-05
7634.0 6e-05
7635.0 0.00016
7636.0 0.00019
7637.0 8e-05
7638.0 9e-05
7639.0 0.00016
7640.0 0.0002
7641.0 0.00017
7642.0 9e-05
7643.0 7e-05
7644.0 0.00019
7645.0 0.00019
7646.0 9e-05
7647.0 0.00011
7648.0 0.00014
7649.0 0.00018
7650.0 0.00018
7651.0 7e-05
7652.0 8e-05
7653.0 0.00015
7654.0 0.00016
7655.0 0.00016
7656.0 8e-05
7657.0 0.0001
7658.0 0.00013
7659.0 0.00014
7660.0 0.00013
7661.0 0.00011
7662.0 0.00011
7663.0 0.0001
7664.0 0.00012
7665.0 0.00011
7666.0 0.00011
7667.0 6e-05
7668.0 5e-05
7669.0 0.0001
7670.0 9e-05
7671.0 9e-05
7672.0 9e-05
7673.0 7e-05
7674.0 6e-05
7675.0 8e-05
7676.0 8e-05
7677.0 7e-05
7678.0 7e-05
7679.0 6e-05
7680.0 6e-05
7681.0 6e-05
7682.0 6e-05
7683.0 6e-05
7684.0 6e-05
7685.0 4e-05
7686.0 5e-05
7687.0 5e-05
7688.0 5e-05
7689.0 5e-05
7690.0 4e-05
7691.0 4e-05
7692.0 4e-05
7693.0 4e-05
7694.0 4e-05
7695.0 4e-05
7696.0 4e-05
7697.0 4e-05
7698.0 3e-05
7699.0 3e-05
7700.0 3e-05
7701.0 3e-05
7702.0 3e-05
7703.0 3e-05
7704.0 3e-05
7705.0 3e-05
7706.0 3e-05
7707.0 3e-05
7708.0 3e-05
7709.0 2e-05
7710.0 2e-05
7711.0 2e-05
7712.0 2e-05
7713.0 2e-05
7714.0 2e-05
7715.0 2e-05
7716.0 2e-05
7717.0 2e-05
7718.0 2e-05
7719.0 2e-05
7720.0 2e-05
7721.0 2e-05
7722.0 2e-05
7723.0 2e-05
7724.0 2e-05
7725.0 2e-05
7726.0 2e-05
7727.0 1e-05
7728.0 1e-05
7729.0 1e-05
7730.0 1e-05
7731.0 1e-05
7732.0 1e-05
7733.0 1e-05
7734.0 1e-05
7735.0 1e-05
7736.0 1e-05
7737.0 1e-05
7738.0 1e-05
7739.0 1e-05
7740.0 1e-05
7741.0 1e-05
7742.0 1e-05
7743.0 1e-05
7744.0 1e-05
7745.0 1e-05
7746.0 1e-05
7747.0 1e-05
7748.0 1e-05
7749.0 1e-05
7750.0 1e-05
7751.0 1e-05
7752.0 1e-05
7753.0 1e-05
7754.0 1e-05
7755.0 1e-05
7756.0 1e-05
7757.0 1e-05
7758.0 1e-05
7759.0 1e-05
7760.0 1e-05
7761.0 1e-05
7762.0 1e-05
7763.0 1e-05
7764.0 1e-05
7765.0 1e-05
7766.0 1e-05
7767.0 1e-05
7768.0 1e-05
7769.0 1e-05
7770.0 1e-05
7771.0 1e-05
7772.0 1e-05
7773.0 1e-05
7774.0 1e-05
7775.0 1e-05
7776.0 1e-05
7777.0 1e-05
7778.0 1e-05
7779.0 0
7780.0 0
7781.0 0
7782.0 0
7783.0 0
7784.0 0
7785.0 0
7786.0 0
7787.0 0
7788.0 0
7789.0 0
7790.0 0
7791.0 0
7792.0 0
7793.0 0
7794.0 0
7795.0 0
7796.0 0
7797.0 0
7798.0 0
7799.0 0
7800.0 0
7801.0 0
7802.0 0
7803.0 0
7804.0 0
7805.0 0
7806.0 0
7807.0 0
7808.0 0
7809.0 0
7810.0 0
7811.0 0
7812.0 0
7813.0 0
7814.0 0
7815.0 0
7816.0 0
7817.0 0
7818.0 0
7819.0 0
7820.0 0
7821.0 0
7822.0 0
7823.0 0
7824.0 0
7825.0 0
7826.0 0
7827.0 0
7828.0 0
7829.0 0
7830.0 0
7831.0 0
7832.0 0
7833.0 0
7834.0 0
7835.0 0
7836.0 0
7837.0 0
7838.0 0
7839.0 0
7840.0 0
7841.0 0
7842.0 0
7843.0 0
7844.0 0
7845.0 0
7846.0 0
7847.0 0
7848.0 0
7849.0 0
7850.0 0
7851.0 0
7852.0 0
7853.0 0
7854.0 0
7855.0 0
7856.0 0
7857.0 0
7858.0 0
7859.0 0
7860.0 0
7861.0 0
7862.0 0
7863.0 0
7864.0 0
7865.0 0
7866.0 0
7867.0 0
7868.0 0
7869.0 0
7870.0 0
7871.0 0
7872.0 0
7873.0 0
7874.0 0
7875.0 0
7876.0 0
7877.0 0
7878.0 0
7879.0 0
7880.0 0
7881.0 0
7882.0 0
7883.0 0
7884.0 0
7885.0 0
7886.0 0
7887.0 0
7888.0 0
7889.0 0
7890.0 0
7891.0 0
7892.0 0
7893.0 0
7894.0 0
7895.0 0
7896.0 0
7897.0 0
7898.0 0
7899.0 0
7900.0 0
7901.0 0
7902.0 0
7903.0 0
7904.0 0
7905.0 0
7906.0 0
7907.0 0
7908.0 0
7909.0 0
7910.0 0
7911.0 0
7912.0 0
7913.0 0
7914.0 0
7915.0 0
7916.0 0
7917.0 0
7918.0 0
7919.0 0
7920.0 0
7921.0 0
7922.0 0
7923.0 0
7924.0 0
7925.0 0
7926.0 0
7927.0 0
7928.0 0
7929.0 0
7930.0 0
7931.0 0
7932.0 0
7933.0 0
7934.0 0
7935.0 0
7936.0 0
7937.0 0
7938.0 0
7939.0 0
7940.0 0
7941.0 0
7942.0 0
7943.0 0
7944.0 0
7945.0 0
7946.0 0
7947.0 0
7948.0 0
7949.0 0
7950.0 0
7951.0 0
7952.0 0
7953.0 0
7954.0 0
7955.0 0
7956.0 0
7957.0 0
7958.0 0
7959.0 0
7960.0 0
7961.0 0
7962.0 0
7963.0 0
7964.0 0
7965.0 0
7966.0 0
7967.0 0
7968.0 0
7969.0 0
7970.0 0
7971.0 0
7972.0 0
7973.0 0
7974.0 0
7975.0 0
7976.0 0
7977.0 0
7978.0 0
7979.0 0
7980.0 0
7981.0 0
7982.0 0
7983.0 0
7984.0 0
7985.0 0
7986.0 0
7987.0 0
7988.0 0
7989.0 0
7990.0 0
7991.0 0
7992.0 0
7993.0 0
7994.0 0
7995.0 0
7996.0 0
7997.0 0
7998.0 0
7999.0 0
8000.0 0
8001.0 0
8002.0 0
8003.0 0
8004.0 0
8005.0 0
8006.0 0
8007.0 0
8008.0 0
8009.0 0
8010.0 0
8011.0 0
8012.0 0
8013.0 0
8014.0 0
8015.0 0
8016.0 0
8017.0 0
8018.0 0
8019.0 0
8020.0 0
8021.0 0
8022.0 0
8023.0 0
8024.0 0
8025.0 0
8026.0 0
8027.0 0
8028.0 0
8029.0 0
8030.0 0
8031.0 0
8032.0 0
8033.0 0
8034.0 0
8035.0 0
8036.0 0
8037.0 0
8038.0 0
8039.0 0
8040.0 0
8041.0 0
8042.0 0
8043.0 0
8044.0 0
8045.0 0
8046.0 0
8047.0 0
8048.0 0
8049.0 0
8050.0 0
8051.0 0
8052.0 0
8053.0 0
8054.0 0
8055.0 0
8056.0 0
8057.0 0
8058.0 0
8059.0 0
8060.0 0
8061.0 0
8062.0 0
8063.0 0
8064.0 0
8065.0 0
8066.0 0
8067.0 0
8068.0 0
8069.0 0
8070.0 0
8071.0 0
8072.0 0
8073.0 0
8074.0 0
8075.0 0
8076.0 0
8077.0 0
8078.0 0
8079.0 0
8080.0 0
8081.0 0
8082.0 0
8083.0 0
8084.0 0
8085.0 0
8086.0 0
8087.0 0
8088.0 0
8089.0 0
8090.0 0
8091.0 0
8092.0 1e-05
8093.0 1e-05
8094.0 1e-05
8095.0 1e-05
8096.0 1e-05
8097.0 1e-05
8098.0 1e-05
8099.0 1e-05
8100.0 1e-05
8101.0 1e-05
8102.0 1e-05
8103.0 1e-05
8104.0 1e-05
8105.0 1e-05
8106.0 1e-05
8107.0 1e-05
8108.0 1e-05
8109.0 1e-05
8110.0 1e-05
8111.0 1e-05
8112.0 1e-05
8113.0 1e-05
8114.0 1e-05
8115.0 1e-05
8116.0 1e-05
8117.0 1e-05
8118.0 1e-05
8119.0 1e-05
8120.0 1e-05
8121.0 1e-05
8122.0 1e-05
8123.0 1e-05
8124.0 1e-05
8125.0 1e-05
8126.0 1e-05
8127.0 1e-05
8128.0 1e-05
8129.0 1e-05
8130.0 1e-05
8131.0 1e-05
8132.0 1e-05
8133.0 1e-05
8134.0 1e-05
8135.0 1e-05
8136.0 1e-05
8137.0 1e-05
8138.0 1e-05
8139.0 1e-05
8140.0 1e-05
8141.0 1e-05
8142.0 1e-05
8143.0 1e-05
8144.0 1e-05
8145.0 1e-05
8146.0 1e-05
8147.0 1e-05
8148.0 1e-05
8149.0 1e-05
8150.0 1e-05
8151.0 1e-05
8152.0 1e-05
8153.0 1e-05
8154.0 2e-05
8155.0 1e-05
8156.0 1e-05
8157.0 1e-05
8158.0 2e-05
8159.0 2e-05
8160.0 1e-05
8161.0 2e-05
8162.0 2e-05
8163.0 2e-05
8164.0 2e-05
8165.0 2e-05
8166.0 2e-05
8167.0 2e-05
8168.0 2e-05
8169.0 2e-05
8170.0 2e-05
8171.0 2e-05
8172.0 2e-05
8173.0 2e-05
8174.0 2e-05
8175.0 3e-05
8176.0 3e-05
8177.0 3e-05
8178.0 3e-05
8179.0 2e-05
8180.0 2e-05
8181.0 3e-05
8182.0 3e-05
8183.0 3e-05
8184.0 3e-05
8185.0 3e-05
8186.0 3e-05
8187.0 3e-05
8188.0 3e-05
8189.0 3e-05
8190.0 4e-05
8191.0 4e-05
8192.0 4e-05
8193.0 4e-05
8194.0 4e-05
8195.0 4e-05
8196.0 4e-05
8197.0 4e-05
8198.0 5e-05
8199.0 5e-05
8200.0 4e-05
8201.0 5e-05
8202.0 5e-05
8203.0 5e-05
8204.0 5e-05
8205.0 6e-05
8206.0 6e-05
8207.0 6e-05
8208.0 6e-05
8209.0 6e-05
8210.0 6e-05
8211.0 7e-05
8212.0 7e-05
8213.0 7e-05
8214.0 7e-05
8215.0 7e-05
8216.0 8e-05
8217.0 8e-05
8218.0 8e-05
8219.0 8e-05
8220.0 8e-05
8221.0 9e-05
8222.0 9e-05
8223.0 9e-05
8224.0 9e-05
8225.0 0.0001
8226.0 9e-05
8227.0 0.0001
8228.0 0.0001
8229.0 9e-05
8230.0 0.0001
8231.0 9e-05
8232.0 0.00011
8233.0 0.00012
8234.0 0.00011
8235.0 0.00014
8236.0 0.00012
8237.0 0.00014
8238.0 0.00015
8239.0 0.00015
8240.0 0.00015
8241.0 0.00016
8242.0 0.00016
8243.0 0.00018
8244.0 0.00018
8245.0 0.00019
8246.0 0.00016
8247.0 0.0002
8248.0 0.00021
8249.0 0.00021
8250.0 0.00022
8251.0 0.00023
8252.0 0.00024
8253.0 0.00025
8254.0 0.00025
8255.0 0.00024
8256.0 0.00027
8257.0 0.00028
8258.0 0.00029
8259.0 0.00026
8260.0 0.00031
8261.0 0.00032
8262.0 0.00029
8263.0 0.00035
8264.0 0.00036
8265.0 0.00037
8266.0 0.00037
8267.0 0.0004
8268.0 0.00042
8269.0 0.00043
8270.0 0.00044
8271.0 0.00046
8272.0 0.00049
8273.0 0.00051
8274.0 0.00051
8275.0 0.00054
8276.0 0.00056
8277.0 0.00052
8278.0 0.00061
8279.0 0.00053
8280.0 0.00065
8281.0 0.00067
8282.0 0.00063
8283.0 0.00075
8284.0 0.0007
8285.0 0.0008
8286.0 0.00084
8287.0 0.00088
8288.0 0.00091
8289.0 0.00094
8290.0 0.00076
8291.0 0.00101
8292.0 0.001
8293.0 0.00112
8294.0 0.00118
8295.0 0.00123
8296.0 0.00122
8297.0 0.00124
8298.0 0.00136
8299.0 0.00143
8300.0 0.00148
8301.0 0.00156
8302.0 0.00164
8303.0 0.00163
8304.0 0.00181
8305.0 0.00189
8306.0 0.00196
8307.0 0.00183
8308.0 0.00213
8309.0 0.00222
8310.0 0.0023
8311.0 0.00246
8312.0 0.0026
8313.0 0.00274
8314.0 0.00269
8315.0 0.00304
8316.0 0.00314
8317.0 0.00333
8318.0 0.00342
8319.0 0.00356
8320.0 0.00372
8321.0 0.00398
8322.0 0.00426
8323.0 0.00438
8324.0 0.00409
8325.0 0.005
8326.0 0.00525
8327.0 0.0055
8328.0 0.00573
8329.0 0.00594
8330.0 0.00624
8331.0 0.00661
8332.0 0.00641
8333.0 0.00747
8334.0 0.00789
8335.0 0.00825
8336.0 0.0084
8337.0 0.00917
8338.0 0.00932
8339.0 0.01004
8340.0 0.01046
8341.0 0.01022
8342.0 0.01181
8343.0 0.01259
8344.0 0.01317
8345.0 0.01397
8346.0 0.01467
8347.0 0.01539
8348.0 0.01611
8349.0 0.01681
8350.0 0.0175
8351.0 0.01846
8352.0 0.01948
8353.0 0.02084
8354.0 0.02197
8355.0 0.0229
8356.0 0.02347
8357.0 0.02496
8358.0 0.02641
8359.0 0.02673
8360.0 0.02835
8361.0 0.03018
8362.0 0.03151
8363.0 0.03324
8364.0 0.03414
8365.0 0.03599
8366.0 0.03784
8367.0 0.03938
8368.0 0.04093
8369.0 0.04221
8370.0 0.04355
8371.0 0.04573
8372.0 0.04732
8373.0 0.04896
8374.0 0.05094
8375.0 0.05262
8376.0 0.0527
8377.0 0.05588
8378.0 0.05766
8379.0 0.05835
8380.0 0.06115
8381.0 0.06283
8382.0 0.06437
8383.0 0.06586
8384.0 0.06712
8385.0 0.06882
8386.0 0.07006
8387.0 0.07154
8388.0 0.07258
8389.0 0.07472
8390.0 0.07594
8391.0 0.07732
8392.0 0.07819
8393.0 0.0794
8394.0 0.08039
8395.0 0.08137
8396.0 0.08177
8397.0 0.08288
8398.0 0.0843
8399.0 0.08528
8400.0 0.08599
8401.0 0.08687
8402.0 0.08725
8403.0 0.0876
8404.0 0.08845
8405.0 0.0889
8406.0 0.08946
8407.0 0.08998
8408.0 0.08942
8409.0 0.09092
8410.0 0.0912
8411.0 0.08965
8412.0 0.09049
8413.0 0.09138
8414.0 0.09149
8415.0 0.09155
8416.0 0.09158
8417.0 0.09162
8418.0 0.09061
8419.0 0.09172
8420.0 0.09172
8421.0 0.09065
8422.0 0.09168
8423.0 0.0915
8424.0 0.09148
8425.0 0.0914
8426.0 0.09132
8427.0 0.09124
8428.0 0.09109
8429.0 0.09101
8430.0 0.09067
8431.0 0.0908
8432.0 0.09042
8433.0 0.08942
8434.0 0.09041
8435.0 0.09017
8436.0 0.09013
8437.0 0.08976
8438.0 0.08977
8439.0 0.08907
8440.0 0.08924
8441.0 0.08937
8442.0 0.08923
8443.0 0.08886
8444.0 0.08896
8445.0 0.08819
8446.0 0.08865
8447.0 0.08809
8448.0 0.0883
8449.0 0.08814
8450.0 0.08801
8451.0 0.08789
8452.0 0.08773
8453.0 0.08749
8454.0 0.08734
8455.0 0.0873
8456.0 0.08717
8457.0 0.08701
8458.0 0.08689
8459.0 0.08668
8460.0 0.08659
8461.0 0.08647
8462.0 0.08626
8463.0 0.08595
8464.0 0.08602
8465.0 0.08577
8466.0 0.08573
8467.0 0.08567
8468.0 0.08553
8469.0 0.0854
8470.0 0.08524
8471.0 0.08514
8472.0 0.085
8473.0 0.08489
8474.0 0.08477
8475.0 0.08465
8476.0 0.08447
8477.0 0.08435
8478.0 0.08428
8479.0 0.08415
8480.0 0.08392
8481.0 0.08385
8482.0 0.08333
8483.0 0.08362
8484.0 0.08356
8485.0 0.08338
8486.0 0.08333
8487.0 0.0832
8488.0 0.08309
8489.0 0.08271
8490.0 0.08282
8491.0 0.08269
8492.0 0.0826
8493.0 0.08248
8494.0 0.08182
8495.0 0.08223
8496.0 0.08193
8497.0 0.08199
8498.0 0.08185
8499.0 0.08156
8500.0 0.08162
8501.0 0.08147
8502.0 0.08114
8503.0 0.08122
8504.0 0.08108
8505.0 0.08092
8506.0 0.0808
8507.0 0.08068
8508.0 0.0801
8509.0 0.08041
8510.0 0.08029
8511.0 0.08015
8512.0 0.0799
8513.0 0.07985
8514.0 0.07917
8515.0 0.07923
8516.0 0.07937
8517.0 0.07929
8518.0 0.07904
8519.0 0.07893
8520.0 0.07883
8521.0 0.07868
8522.0 0.07783
8523.0 0.07842
8524.0 0.07827
8525.0 0.07799
8526.0 0.07797
8527.0 0.07776
8528.0 0.07768
8529.0 0.07741
8530.0 0.07739
8531.0 0.07724
8532.0 0.07701
8533.0 0.07693
8534.0 0.07668
8535.0 0.07664
8536.0 0.07649
8537.0 0.07598
8538.0 0.07619
8539.0 0.07583
8540.0 0.0759
8541.0 0.07575
8542.0 0.0754
8543.0 0.07479
8544.0 0.07533
8545.0 0.0752
8546.0 0.07505
8547.0 0.07492
8548.0 0.07477
8549.0 0.07461
8550.0 0.07449
8551.0 0.07436
8552.0 0.07417
8553.0 0.07405
8554.0 0.07398
8555.0 0.07381
8556.0 0.07346
8557.0 0.07351
8558.0 0.07343
8559.0 0.07325
8560.0 0.07319
8561.0 0.07296
8562.0 0.07293
8563.0 0.0728
8564.0 0.07267
8565.0 0.07244
8566.0 0.07242
8567.0 0.07229
8568.0 0.07217
8569.0 0.07203
8570.0 0.0719
8571.0 0.07166
8572.0 0.0716
8573.0 0.07135
8574.0 0.07123
8575.0 0.07114
8576.0 0.07098
8577.0 0.07084
8578.0 0.07062
8579.0 0.07055
8580.0 0.07039
8581.0 0.07017
8582.0 0.06995
8583.0 0.0697
8584.0 0.06948
8585.0 0.06926
8586.0 0.06905
8587.0 0.06883
8588.0 0.06861
8589.0 0.06836
8590.0 0.06816
8591.0 0.06777
8592.0 0.06739
8593.0 0.06695
8594.0 0.0666
8595.0 0.06621
8596.0 0.06586
8597.0 0.06548
8598.0 0.0651
8599.0 0.06472
8600.0 0.06434
8601.0 0.06369
8602.0 0.06304
8603.0 0.06238
8604.0 0.06175
8605.0 0.06113
8606.0 0.06059
8607.0 0.06005
8608.0 0.05947
8609.0 0.05896
8610.0 0.05841
8611.0 0.05753
8612.0 0.05663
8613.0 0.05572
8614.0 0.05489
8615.0 0.05401
8616.0 0.05313
8617.0 0.05225
8618.0 0.05136
8619.0 0.05049
8620.0 0.04961
8621.0 0.04848
8622.0 0.04734
8623.0 0.04622
8624.0 0.04508
8625.0 0.04397
8626.0 0.04284
8627.0 0.04169
8628.0 0.04059
8629.0 0.03944
8630.0 0.03833
8631.0 0.0372
8632.0 0.03605
8633.0 0.03493
8634.0 0.03379
8635.0 0.03266
8636.0 0.03153
8637.0 0.0304
8638.0 0.02927
8639.0 0.02813
8640.0 0.02701
8641.0 0.02608
8642.0 0.02515
8643.0 0.02423
8644.0 0.0233
8645.0 0.02238
8646.0 0.02145
8647.0 0.02052
8648.0 0.0196
8649.0 0.01868
8650.0 0.01775
8651.0 0.0171
8652.0 0.01645
8653.0 0.0158
8654.0 0.01514
8655.0 0.01449
8656.0 0.01384
8657.0 0.01319
8658.0 0.01253
8659.0 0.01189
8660.0 0.01124
8661.0 0.01081
8662.0 0.01039
8663.0 0.00996
8664.0 0.00955
8665.0 0.00912
8666.0 0.0087
8667.0 0.00828
8668.0 0.00786
8669.0 0.00744
8670.0 0.00702
8671.0 0.00676
8672.0 0.00649
8673.0 0.00623
8674.0 0.00597
8675.0 0.00571
8676.0 0.00545
8677.0 0.00518
8678.0 0.00492
8679.0 0.00466
8680.0 0.0044
8681.0 0.00424
8682.0 0.00408
8683.0 0.00392
8684.0 0.00376
8685.0 0.0036
8686.0 0.00344
8687.0 0.00328
8688.0 0.00312
8689.0 0.00296
8690.0 0.0028
8691.0 0.0027
8692.0 0.0026
8693.0 0.0025
8694.0 0.0024
8695.0 0.0023
8696.0 0.0022
8697.0 0.0021
8698.0 0.00201
8699.0 0.00191
8700.0 0.00181
8701.0 0.00175
8702.0 0.00168
8703.0 0.00162
8704.0 0.00156
8705.0 0.0015
8706.0 0.00144
8707.0 0.00137
8708.0 0.00131
8709.0 0.00125
8710.0 0.00119
8711.0 0.00115
8712.0 0.00111
8713.0 0.00107
8714.0 0.00103
8715.0 0.00099
8716.0 0.00095
8717.0 0.00091
8718.0 0.00087
8719.0 0.00083
8720.0 0.00079
8721.0 0.00076
8722.0 0.00074
8723.0 0.00071
8724.0 0.00069
8725.0 0.00066
8726.0 0.00064
8727.0 0.00061
8728.0 0.00059
8729.0 0.00056
8730.0 0.00054
8731.0 0.00052
8732.0 0.0005
8733.0 0.00049
8734.0 0.00047
8735.0 0.00045
8736.0 0.00044
8737.0 0.00042
8738.0 0.0004
8739.0 0.00039
8740.0 0.00037
8741.0 0.00036
8742.0 0.00035
8743.0 0.00034
8744.0 0.00033
8745.0 0.00032
8746.0 0.0003
8747.0 0.00029
8748.0 0.00028
8749.0 0.00027
8750.0 0.00026
8751.0 0.00025
8752.0 0.00025
8753.0 0.00024
8754.0 0.00023
8755.0 0.00022
8756.0 0.00022
8757.0 0.00021
8758.0 0.0002
8759.0 0.00019
8760.0 0.00019
8761.0 0.00018
8762.0 0.00018
8763.0 0.00017
8764.0 0.00016
8765.0 0.00016
8766.0 0.00015
8767.0 0.00015
8768.0 0.00014
8769.0 0.00014
8770.0 0.00013
8771.0 0.00013
8772.0 0.00013
8773.0 0.00012
8774.0 0.00012
8775.0 0.00012
8776.0 0.00011
8777.0 0.00011
8778.0 0.00011
8779.0 0.0001
8780.0 0.0001
8781.0 0.0001
8782.0 9e-05
8783.0 9e-05
8784.0 9e-05
8785.0 9e-05
8786.0 8e-05
8787.0 8e-05
8788.0 8e-05
8789.0 8e-05
8790.0 7e-05
8791.0 7e-05
8792.0 7e-05
8793.0 7e-05
8794.0 7e-05
8795.0 6e-05
8796.0 6e-05
8797.0 6e-05
8798.0 6e-05
8799.0 6e-05
8800.0 6e-05
8801.0 5e-05
8802.0 5e-05
8803.0 5e-05
8804.0 5e-05
8805.0 5e-05
8806.0 5e-05
8807.0 5e-05
8808.0 4e-05
8809.0 4e-05
8810.0 4e-05
8811.0 4e-05
8812.0 4e-05
8813.0 4e-05
8814.0 4e-05
8815.0 4e-05
8816.0 4e-05
8817.0 3e-05
8818.0 3e-05
8819.0 3e-05
8820.0 3e-05
8821.0 3e-05
8822.0 3e-05
8823.0 3e-05
8824.0 3e-05
8825.0 3e-05
8826.0 3e-05
8827.0 3e-05
8828.0 3e-05
8829.0 2e-05
8830.0 2e-05
8831.0 2e-05
8832.0 2e-05
8833.0 2e-05
8834.0 2e-05
8835.0 2e-05
8836.0 2e-05
8837.0 2e-05
8838.0 2e-05
8839.0 2e-05
8840.0 2e-05
8841.0 2e-05
8842.0 2e-05
8843.0 2e-05
8844.0 2e-05
8845.0 2e-05
8846.0 2e-05
8847.0 2e-05
8848.0 2e-05
8849.0 2e-05
8850.0 1e-05
8851.0 1e-05
8852.0 1e-05
8853.0 1e-05
8854.0 1e-05
8855.0 1e-05
8856.0 1e-05
8857.0 1e-05
8858.0 1e-05
8859.0 1e-05
8860.0 1e-05
8861.0 1e-05
8862.0 1e-05
8863.0 1e-05
8864.0 1e-05
8865.0 1e-05
8866.0 1e-05
8867.0 1e-05
8868.0 1e-05
8869.0 1e-05
8870.0 1e-05
8871.0 1e-05
8872.0 1e-05
8873.0 1e-05
8874.0 1e-05
8875.0 1e-05
8876.0 1e-05
8877.0 1e-05
8878.0 1e-05
8879.0 1e-05
8880.0 1e-05
8881.0 1e-05
8882.0 1e-05
8883.0 1e-05
8884.0 1e-05
8885.0 1e-05
8886.0 1e-05
8887.0 1e-05
8888.0 1e-05
8889.0 1e-05
8890.0 1e-05
8891.0 1e-05
8892.0 1e-05
8893.0 1e-05
8894.0 1e-05
8895.0 1e-05
8896.0 1e-05
8897.0 1e-05
8898.0 1e-05
8899.0 0
