# 7DT m825 band -- total system transmission.
# Columns: wavelength [Angstrom]   transmission [dimensionless].
# Source: 7DT_transmission_23bands/m825.csv, delivered 2026-08-27 by
#   Eunjae Herr (Im Lab, Seoul National University) for the NGC 1380 program.
#   Source file sha256 4300fa19f4c80401cf7fe35c4b4b163f6bf8c919aa5012ac58486a18cd354825.
# Conversion: wavelength multiplied by 10 (delivered in nanometers on a uniform
#   0.1 nm grid, 300-1000 nm); transmission untouched. Leading and trailing runs
#   of exact zeros trimmed, one zero row kept on each side as an edge anchor.
# Peak transmission is 0.1090, well below 1: detector QE and optics are
#   already folded into these curves. Do not renormalize. For AB synthetic
#   photometry the overall scale cancels in the ratio of the two bandpass
#   integrals, so only the shape matters.
3391.0 0
3392.0 1e-05
3393.0 0
3394.0 0
3395.0 0
3396.0 0
3397.0 0
3398.0 0
3399.0 0
3400.0 0
3401.0 0
3402.0 0
3403.0 0
3404.0 0
3405.0 0
3406.0 0
3407.0 0
3408.0 0
3409.0 0
3410.0 0
3411.0 0
3412.0 0
3413.0 0
3414.0 0
3415.0 0
3416.0 0
3417.0 0
3418.0 0
3419.0 0
3420.0 0
3421.0 0
3422.0 0
3423.0 0
3424.0 0
3425.0 0
3426.0 0
3427.0 0
3428.0 0
3429.0 0
3430.0 0
3431.0 0
3432.0 0
3433.0 0
3434.0 0
3435.0 0
3436.0 0
3437.0 0
3438.0 0
3439.0 0
3440.0 0
3441.0 0
3442.0 0
3443.0 0
3444.0 0
3445.0 0
3446.0 0
3447.0 0
3448.0 0
3449.0 0
3450.0 0
3451.0 0
3452.0 0
3453.0 0
3454.0 0
3455.0 0
3456.0 0
3457.0 0
3458.0 0
3459.0 0
3460.0 0
3461.0 0
3462.0 0
3463.0 0
3464.0 0
3465.0 0
3466.0 0
3467.0 0
3468.0 0
3469.0 0
3470.0 0
3471.0 0
3472.0 0
3473.0 0
3474.0 0
3475.0 0
3476.0 0
3477.0 0
3478.0 0
3479.0 0
3480.0 0
3481.0 0
3482.0 0
3483.0 0
3484.0 0
3485.0 0
3486.0 0
3487.0 0
3488.0 0
3489.0 0
3490.0 0
3491.0 0
3492.0 0
3493.0 0
3494.0 0
3495.0 0
3496.0 0
3497.0 0
3498.0 0
3499.0 0
3500.0 0
3501.0 0
3502.0 0
3503.0 0
3504.0 0
3505.0 0
3506.0 0
3507.0 0
3508.0 0
3509.0 0
3510.0 0
3511.0 0
3512.0 0
3513.0 0
3514.0 0
3515.0 0
3516.0 0
3517.0 0
3518.0 0
3519.0 0
3520.0 0
3521.0 0
3522.0 0
3523.0 0
3524.0 0
3525.0 0
3526.0 0
3527.0 0
3528.0 0
3529.0 0
3530.0 0
3531.0 0
3532.0 0
3533.0 0
3534.0 0
3535.0 0
3536.0 0
3537.0 0
3538.0 0
3539.0 0
3540.0 0
3541.0 0
3542.0 0
3543.0 0
3544.0 0
3545.0 0
3546.0 0
3547.0 0
3548.0 0
3549.0 0
3550.0 0
3551.0 0
3552.0 0
3553.0 0
3554.0 0
3555.0 0
3556.0 0
3557.0 0
3558.0 0
3559.0 0
3560.0 0
3561.0 0
3562.0 0
3563.0 0
3564.0 0
3565.0 0
3566.0 0
3567.0 0
3568.0 0
3569.0 0
3570.0 0
3571.0 0
3572.0 0
3573.0 0
3574.0 0
3575.0 0
3576.0 0
3577.0 0
3578.0 0
3579.0 0
3580.0 0
3581.0 0
3582.0 0
3583.0 0
3584.0 0
3585.0 0
3586.0 0
3587.0 0
3588.0 0
3589.0 0
3590.0 0
3591.0 0
3592.0 0
3593.0 0
3594.0 0
3595.0 0
3596.0 0
3597.0 0
3598.0 0
3599.0 0
3600.0 0
3601.0 0
3602.0 0
3603.0 0
3604.0 0
3605.0 0
3606.0 0
3607.0 0
3608.0 0
3609.0 0
3610.0 0
3611.0 0
3612.0 0
3613.0 0
3614.0 0
3615.0 0
3616.0 0
3617.0 1e-05
3618.0 2e-05
3619.0 1e-05
3620.0 0
3621.0 0
3622.0 0
3623.0 0
3624.0 0
3625.0 0
3626.0 0
3627.0 0
3628.0 0
3629.0 0
3630.0 0
3631.0 0
3632.0 0
3633.0 0
3634.0 0
3635.0 0
3636.0 0
3637.0 0
3638.0 0
3639.0 0
3640.0 0
3641.0 0
3642.0 0
3643.0 0
3644.0 0
3645.0 0
3646.0 0
3647.0 0
3648.0 0
3649.0 0
3650.0 0
3651.0 0
3652.0 0
3653.0 0
3654.0 0
3655.0 0
3656.0 0
3657.0 0
3658.0 0
3659.0 0
3660.0 0
3661.0 0
3662.0 0
3663.0 0
3664.0 0
3665.0 0
3666.0 0
3667.0 0
3668.0 0
3669.0 0
3670.0 0
3671.0 0
3672.0 0
3673.0 0
3674.0 0
3675.0 0
3676.0 0
3677.0 0
3678.0 0
3679.0 0
3680.0 0
3681.0 0
3682.0 0
3683.0 0
3684.0 0
3685.0 0
3686.0 0
3687.0 0
3688.0 0
3689.0 0
3690.0 0
3691.0 0
3692.0 0
3693.0 0
3694.0 0
3695.0 0
3696.0 0
3697.0 0
3698.0 0
3699.0 0
3700.0 0
3701.0 0
3702.0 0
3703.0 0
3704.0 0
3705.0 0
3706.0 0
3707.0 0
3708.0 0
3709.0 0
3710.0 0
3711.0 0
3712.0 0
3713.0 0
3714.0 0
3715.0 0
3716.0 0
3717.0 0
3718.0 0
3719.0 0
3720.0 0
3721.0 0
3722.0 0
3723.0 0
3724.0 0
3725.0 0
3726.0 0
3727.0 0
3728.0 0
3729.0 0
3730.0 0
3731.0 0
3732.0 0
3733.0 0
3734.0 0
3735.0 0
3736.0 0
3737.0 0
3738.0 0
3739.0 0
3740.0 0
3741.0 0
3742.0 0
3743.0 0
3744.0 0
3745.0 0
3746.0 0
3747.0 0
3748.0 0
3749.0 0
3750.0 0
3751.0 0
3752.0 0
3753.0 0
3754.0 0
3755.0 0
3756.0 1e-05
3757.0 0
3758.0 0
3759.0 0
3760.0 0
3761.0 0
3762.0 0
3763.0 0
3764.0 0
3765.0 0
3766.0 0
3767.0 0
3768.0 0
3769.0 0
3770.0 0
3771.0 0
3772.0 0
3773.0 0
3774.0 0
3775.0 0
3776.0 0
3777.0 0
3778.0 0
3779.0 0
3780.0 0
3781.0 0
3782.0 0
3783.0 0
3784.0 0
3785.0 0
3786.0 0
3787.0 0
3788.0 0
3789.0 0
3790.0 0
3791.0 0
3792.0 0
3793.0 0
3794.0 0
3795.0 0
3796.0 0
3797.0 7e-05
3798.0 0.00013
3799.0 7e-05
3800.0 0
3801.0 0
3802.0 0
3803.0 0
3804.0 0
3805.0 0
3806.0 0
3807.0 0
3808.0 0
3809.0 0
3810.0 0
3811.0 0
3812.0 0
3813.0 0
3814.0 0
3815.0 0
3816.0 0
3817.0 0
3818.0 0
3819.0 0
3820.0 0
3821.0 0
3822.0 0
3823.0 0
3824.0 0
3825.0 0
3826.0 0
3827.0 0
3828.0 0
3829.0 0
3830.0 0
3831.0 0
3832.0 0
3833.0 0
3834.0 0
3835.0 0
3836.0 0
3837.0 1e-05
3838.0 1e-05
3839.0 3e-05
3840.0 5e-05
3841.0 3e-05
3842.0 0
3843.0 0
3844.0 0
3845.0 0
3846.0 0
3847.0 0
3848.0 0
3849.0 0
3850.0 0
3851.0 0
3852.0 0
3853.0 2e-05
3854.0 4e-05
3855.0 2e-05
3856.0 0
3857.0 0
3858.0 0
3859.0 0
3860.0 0
3861.0 0
3862.0 0
3863.0 0
3864.0 0
3865.0 0
3866.0 0
3867.0 0
3868.0 0
3869.0 0
3870.0 0
3871.0 0
3872.0 0
3873.0 0
3874.0 0
3875.0 0
3876.0 0
3877.0 0
3878.0 0
3879.0 0
3880.0 0
3881.0 0
3882.0 0
3883.0 0
3884.0 0
3885.0 0
3886.0 0
3887.0 0
3888.0 0
3889.0 0
3890.0 0
3891.0 0
3892.0 0
3893.0 0
3894.0 0
3895.0 0
3896.0 0
3897.0 0
3898.0 0
3899.0 0
3900.0 0
3901.0 0
3902.0 0
3903.0 0
3904.0 0
3905.0 1e-05
3906.0 3e-05
3907.0 2e-05
3908.0 0
3909.0 0
3910.0 0
3911.0 0
3912.0 0
3913.0 0
3914.0 0
3915.0 0
3916.0 0
3917.0 0
3918.0 0
3919.0 0
3920.0 0
3921.0 0
3922.0 0
3923.0 0
3924.0 0
3925.0 0
3926.0 0
3927.0 0
3928.0 0
3929.0 0
3930.0 1e-05
3931.0 2e-05
3932.0 3e-05
3933.0 2e-05
3934.0 0
3935.0 0
3936.0 0
3937.0 0
3938.0 0
3939.0 0
3940.0 0
3941.0 0
3942.0 0
3943.0 0
3944.0 0
3945.0 0
3946.0 0
3947.0 0
3948.0 0
3949.0 0
3950.0 0
3951.0 0.0002
3952.0 0.0004
3953.0 0.0002
3954.0 1e-05
3955.0 0
3956.0 0
3957.0 0
3958.0 0
3959.0 0
3960.0 0
3961.0 0
3962.0 0
3963.0 0
3964.0 0
3965.0 0
3966.0 0
3967.0 0
3968.0 0
3969.0 0
3970.0 0
3971.0 0
3972.0 0
3973.0 0
3974.0 0
3975.0 0
3976.0 0
3977.0 0
3978.0 0
3979.0 0
3980.0 0
3981.0 0
3982.0 0
3983.0 1e-05
3984.0 2e-05
3985.0 1e-05
3986.0 0
3987.0 0
3988.0 0
3989.0 0
3990.0 0
3991.0 0
3992.0 0
3993.0 0
3994.0 0
3995.0 0
3996.0 0
3997.0 0
3998.0 0
3999.0 0
4000.0 0
4001.0 0
4002.0 0
4003.0 0
4004.0 0
4005.0 0
4006.0 0
4007.0 0
4008.0 0
4009.0 0
4010.0 0
4011.0 0
4012.0 0
4013.0 0
4014.0 0
4015.0 0
4016.0 0
4017.0 0
4018.0 0
4019.0 0
4020.0 0
4021.0 0
4022.0 0
4023.0 0
4024.0 0
4025.0 0
4026.0 0
4027.0 0
4028.0 0
4029.0 0
4030.0 0
4031.0 0
4032.0 0
4033.0 0
4034.0 0
4035.0 1e-05
4036.0 1e-05
4037.0 1e-05
4038.0 0
4039.0 0
4040.0 0
4041.0 0
4042.0 0
4043.0 0
4044.0 0
4045.0 0
4046.0 0
4047.0 0
4048.0 0
4049.0 0
4050.0 0
4051.0 0
4052.0 0
4053.0 0
4054.0 0
4055.0 0
4056.0 0
4057.0 0
4058.0 0
4059.0 0
4060.0 0
4061.0 0
4062.0 0
4063.0 0
4064.0 0
4065.0 0
4066.0 0
4067.0 0
4068.0 0
4069.0 0
4070.0 0
4071.0 0
4072.0 0
4073.0 3e-05
4074.0 5e-05
4075.0 3e-05
4076.0 1e-05
4077.0 1e-05
4078.0 0
4079.0 0
4080.0 0
4081.0 0
4082.0 0
4083.0 0
4084.0 0
4085.0 0
4086.0 0
4087.0 0
4088.0 0
4089.0 0
4090.0 0
4091.0 0
4092.0 0
4093.0 0
4094.0 0
4095.0 0
4096.0 0
4097.0 0
4098.0 0
4099.0 0
4100.0 0
4101.0 0
4102.0 0
4103.0 4e-05
4104.0 8e-05
4105.0 4e-05
4106.0 1e-05
4107.0 1e-05
4108.0 0
4109.0 0
4110.0 0
4111.0 0
4112.0 0
4113.0 0
4114.0 0
4115.0 0
4116.0 0
4117.0 0
4118.0 0
4119.0 0
4120.0 0
4121.0 0
4122.0 0
4123.0 0
4124.0 0
4125.0 0
4126.0 0
4127.0 0
4128.0 0
4129.0 0
4130.0 0
4131.0 0
4132.0 0
4133.0 1e-05
4134.0 1e-05
4135.0 0.00012
4136.0 0.00023
4137.0 0.00013
4138.0 3e-05
4139.0 2e-05
4140.0 1e-05
4141.0 1e-05
4142.0 0
4143.0 0
4144.0 0
4145.0 0
4146.0 0
4147.0 0
4148.0 0
4149.0 0
4150.0 0
4151.0 0
4152.0 0
4153.0 0
4154.0 0
4155.0 0
4156.0 0
4157.0 0
4158.0 0
4159.0 1e-05
4160.0 1e-05
4161.0 1e-05
4162.0 0
4163.0 0
4164.0 0
4165.0 0
4166.0 0
4167.0 0
4168.0 0
4169.0 0
4170.0 0
4171.0 0
4172.0 0
4173.0 0
4174.0 0
4175.0 0
4176.0 0
4177.0 0
4178.0 0
4179.0 0
4180.0 0
4181.0 0
4182.0 0
4183.0 0
4184.0 0
4185.0 0
4186.0 0
4187.0 0
4188.0 0
4189.0 0
4190.0 0
4191.0 0
4192.0 0
4193.0 1e-05
4194.0 1e-05
4195.0 1e-05
4196.0 2e-05
4197.0 2e-05
4198.0 2e-05
4199.0 1e-05
4200.0 1e-05
4201.0 1e-05
4202.0 0
4203.0 0
4204.0 0
4205.0 0
4206.0 0
4207.0 0
4208.0 0
4209.0 0
4210.0 0
4211.0 0
4212.0 0
4213.0 0
4214.0 0
4215.0 2e-05
4216.0 4e-05
4217.0 3e-05
4218.0 2e-05
4219.0 1e-05
4220.0 0
4221.0 0
4222.0 0
4223.0 0
4224.0 0
4225.0 0
4226.0 0
4227.0 0
4228.0 0
4229.0 0
4230.0 0
4231.0 0
4232.0 0
4233.0 0
4234.0 0
4235.0 0
4236.0 0
4237.0 0
4238.0 0
4239.0 0
4240.0 0
4241.0 0
4242.0 0
4243.0 0
4244.0 0
4245.0 0
4246.0 0
4247.0 0
4248.0 0
4249.0 0
4250.0 0
4251.0 2e-05
4252.0 4e-05
4253.0 2e-05
4254.0 0
4255.0 0
4256.0 0
4257.0 0
4258.0 0
4259.0 0
4260.0 0
4261.0 0
4262.0 0
4263.0 0
4264.0 0
4265.0 0
4266.0 0
4267.0 0
4268.0 0
4269.0 0
4270.0 0
4271.0 0
4272.0 0
4273.0 0
4274.0 0
4275.0 0
4276.0 0
4277.0 0
4278.0 0
4279.0 0
4280.0 0
4281.0 1e-05
4282.0 1e-05
4283.0 1e-05
4284.0 0
4285.0 0
4286.0 0
4287.0 0
4288.0 0
4289.0 0
4290.0 0
4291.0 0
4292.0 0
4293.0 0
4294.0 0
4295.0 0
4296.0 0
4297.0 0
4298.0 0
4299.0 0
4300.0 0
4301.0 0
4302.0 0
4303.0 0
4304.0 0
4305.0 0
4306.0 0
4307.0 0
4308.0 0
4309.0 0
4310.0 0
4311.0 0
4312.0 0
4313.0 0
4314.0 0
4315.0 0
4316.0 0
4317.0 0
4318.0 0
4319.0 0
4320.0 0
4321.0 0
4322.0 0
4323.0 0
4324.0 0
4325.0 0
4326.0 0
4327.0 0
4328.0 0
4329.0 0
4330.0 0
4331.0 0
4332.0 0
4333.0 0
4334.0 0
4335.0 0
4336.0 0
4337.0 0
4338.0 0
4339.0 0
4340.0 0
4341.0 0
4342.0 0
4343.0 0
4344.0 0
4345.0 0
4346.0 1e-05
4347.0 0
4348.0 0
4349.0 0
4350.0 0
4351.0 0
4352.0 0
4353.0 0
4354.0 0
4355.0 0
4356.0 0
4357.0 0
4358.0 0
4359.0 0
4360.0 0
4361.0 0
4362.0 0
4363.0 0
4364.0 0
4365.0 0
4366.0 0
4367.0 0
4368.0 0
4369.0 0
4370.0 0
4371.0 0
4372.0 0
4373.0 0
4374.0 0
4375.0 0
4376.0 0
4377.0 0
4378.0 0
4379.0 0
4380.0 0
4381.0 0
4382.0 0
4383.0 0
4384.0 0
4385.0 0
4386.0 0
4387.0 0
4388.0 0
4389.0 0
4390.0 0
4391.0 0
4392.0 0
4393.0 0
4394.0 0
4395.0 0
4396.0 0
4397.0 0
4398.0 0
4399.0 0
4400.0 0
4401.0 0
4402.0 0
4403.0 0
4404.0 0
4405.0 0
4406.0 0
4407.0 0
4408.0 0
4409.0 0
4410.0 0
4411.0 0
4412.0 0
4413.0 0
4414.0 0
4415.0 0
4416.0 0
4417.0 0
4418.0 0
4419.0 0
4420.0 0
4421.0 0
4422.0 0
4423.0 1e-05
4424.0 1e-05
4425.0 2e-05
4426.0 2e-05
4427.0 1e-05
4428.0 1e-05
4429.0 0
4430.0 0
4431.0 0
4432.0 0
4433.0 0
4434.0 0
4435.0 0
4436.0 0
4437.0 0
4438.0 0
4439.0 0
4440.0 0
4441.0 0
4442.0 0
4443.0 0
4444.0 0
4445.0 0
4446.0 0
4447.0 0
4448.0 0
4449.0 0
4450.0 0
4451.0 0
4452.0 0
4453.0 0
4454.0 0
4455.0 0
4456.0 0
4457.0 0
4458.0 0
4459.0 0
4460.0 1e-05
4461.0 1e-05
4462.0 2e-05
4463.0 2e-05
4464.0 3e-05
4465.0 2e-05
4466.0 1e-05
4467.0 1e-05
4468.0 1e-05
4469.0 0
4470.0 0
4471.0 0
4472.0 0
4473.0 0
4474.0 0
4475.0 0
4476.0 0
4477.0 0
4478.0 0
4479.0 0
4480.0 0
4481.0 0
4482.0 0
4483.0 0
4484.0 0
4485.0 0
4486.0 0
4487.0 0
4488.0 0
4489.0 0
4490.0 0
4491.0 0
4492.0 0
4493.0 0
4494.0 0
4495.0 0
4496.0 0
4497.0 0
4498.0 0
4499.0 0
4500.0 0
4501.0 0
4502.0 0
4503.0 0
4504.0 0
4505.0 0
4506.0 0
4507.0 0
4508.0 0
4509.0 0
4510.0 0
4511.0 0
4512.0 0
4513.0 0
4514.0 0
4515.0 0
4516.0 0
4517.0 0
4518.0 0
4519.0 0
4520.0 0
4521.0 0
4522.0 0
4523.0 0
4524.0 0
4525.0 0
4526.0 0
4527.0 0
4528.0 0
4529.0 0
4530.0 0
4531.0 0
4532.0 1e-05
4533.0 1e-05
4534.0 2e-05
4535.0 5e-05
4536.0 7e-05
4537.0 6e-05
4538.0 5e-05
4539.0 4e-05
4540.0 3e-05
4541.0 3e-05
4542.0 3e-05
4543.0 2e-05
4544.0 2e-05
4545.0 1e-05
4546.0 1e-05
4547.0 0
4548.0 0
4549.0 0
4550.0 0
4551.0 0
4552.0 0
4553.0 0
4554.0 0
4555.0 0
4556.0 0
4557.0 0
4558.0 0
4559.0 0
4560.0 0
4561.0 0
4562.0 0
4563.0 0
4564.0 0
4565.0 0
4566.0 0
4567.0 0
4568.0 0
4569.0 0
4570.0 0
4571.0 0
4572.0 0
4573.0 0
4574.0 0
4575.0 0
4576.0 0
4577.0 0
4578.0 0
4579.0 0
4580.0 0
4581.0 0
4582.0 0
4583.0 0
4584.0 0
4585.0 0
4586.0 0
4587.0 0
4588.0 0
4589.0 0
4590.0 0
4591.0 0
4592.0 0
4593.0 0
4594.0 0
4595.0 0
4596.0 1e-05
4597.0 1e-05
4598.0 1e-05
4599.0 1e-05
4600.0 1e-05
4601.0 1e-05
4602.0 1e-05
4603.0 1e-05
4604.0 1e-05
4605.0 1e-05
4606.0 1e-05
4607.0 1e-05
4608.0 1e-05
4609.0 1e-05
4610.0 1e-05
4611.0 1e-05
4612.0 1e-05
4613.0 1e-05
4614.0 1e-05
4615.0 1e-05
4616.0 2e-05
4617.0 2e-05
4618.0 3e-05
4619.0 3e-05
4620.0 3e-05
4621.0 3e-05
4622.0 2e-05
4623.0 2e-05
4624.0 2e-05
4625.0 2e-05
4626.0 2e-05
4627.0 2e-05
4628.0 2e-05
4629.0 2e-05
4630.0 2e-05
4631.0 2e-05
4632.0 2e-05
4633.0 2e-05
4634.0 2e-05
4635.0 1e-05
4636.0 1e-05
4637.0 1e-05
4638.0 1e-05
4639.0 1e-05
4640.0 1e-05
4641.0 1e-05
4642.0 1e-05
4643.0 0
4644.0 0
4645.0 0
4646.0 0
4647.0 0
4648.0 0
4649.0 0
4650.0 0
4651.0 0
4652.0 0
4653.0 0
4654.0 0
4655.0 0
4656.0 0
4657.0 0
4658.0 0
4659.0 0
4660.0 0
4661.0 0
4662.0 0
4663.0 0
4664.0 0
4665.0 0
4666.0 0
4667.0 0
4668.0 0
4669.0 0
4670.0 0
4671.0 0
4672.0 0
4673.0 0
4674.0 0
4675.0 0
4676.0 0
4677.0 0
4678.0 0
4679.0 0
4680.0 0
4681.0 0
4682.0 1e-05
4683.0 1e-05
4684.0 1e-05
4685.0 1e-05
4686.0 2e-05
4687.0 1e-05
4688.0 1e-05
4689.0 1e-05
4690.0 1e-05
4691.0 1e-05
4692.0 1e-05
4693.0 1e-05
4694.0 1e-05
4695.0 0
4696.0 0
4697.0 0
4698.0 0
4699.0 0
4700.0 1e-05
4701.0 1e-05
4702.0 1e-05
4703.0 1e-05
4704.0 1e-05
4705.0 1e-05
4706.0 1e-05
4707.0 1e-05
4708.0 1e-05
4709.0 1e-05
4710.0 1e-05
4711.0 1e-05
4712.0 1e-05
4713.0 1e-05
4714.0 1e-05
4715.0 1e-05
4716.0 1e-05
4717.0 1e-05
4718.0 1e-05
4719.0 1e-05
4720.0 1e-05
4721.0 1e-05
4722.0 1e-05
4723.0 1e-05
4724.0 1e-05
4725.0 1e-05
4726.0 1e-05
4727.0 1e-05
4728.0 1e-05
4729.0 1e-05
4730.0 1e-05
4731.0 1e-05
4732.0 1e-05
4733.0 1e-05
4734.0 1e-05
4735.0 1e-05
4736.0 1e-05
4737.0 1e-05
4738.0 1e-05
4739.0 1e-05
4740.0 1e-05
4741.0 1e-05
4742.0 1e-05
4743.0 1e-05
4744.0 1e-05
4745.0 0
4746.0 0
4747.0 0
4748.0 0
4749.0 0
4750.0 0
4751.0 0
4752.0 0
4753.0 0
4754.0 0
4755.0 0
4756.0 0
4757.0 0
4758.0 0
4759.0 0
4760.0 0
4761.0 0
4762.0 0
4763.0 0
4764.0 0
4765.0 0
4766.0 0
4767.0 0
4768.0 0
4769.0 0
4770.0 0
4771.0 0
4772.0 0
4773.0 0
4774.0 0
4775.0 0
4776.0 0
4777.0 0
4778.0 0
4779.0 0
4780.0 1e-05
4781.0 1e-05
4782.0 1e-05
4783.0 1e-05
4784.0 1e-05
4785.0 0
4786.0 0
4787.0 0
4788.0 0
4789.0 0
4790.0 0
4791.0 0
4792.0 0
4793.0 0
4794.0 0
4795.0 0
4796.0 0
4797.0 0
4798.0 1e-05
4799.0 1e-05
4800.0 1e-05
4801.0 7e-05
4802.0 0.00013
4803.0 7e-05
4804.0 1e-05
4805.0 1e-05
4806.0 0
4807.0 0
4808.0 0
4809.0 0
4810.0 0
4811.0 0
4812.0 0
4813.0 0
4814.0 0
4815.0 0
4816.0 0
4817.0 0
4818.0 0
4819.0 0
4820.0 0
4821.0 0
4822.0 0
4823.0 0
4824.0 0
4825.0 0
4826.0 0
4827.0 0
4828.0 0
4829.0 0
4830.0 0
4831.0 0
4832.0 0
4833.0 0
4834.0 0
4835.0 0
4836.0 0
4837.0 0
4838.0 0
4839.0 0
4840.0 0
4841.0 0
4842.0 0
4843.0 0
4844.0 0
4845.0 0
4846.0 0
4847.0 0
4848.0 0
4849.0 0
4850.0 0
4851.0 0
4852.0 0
4853.0 0
4854.0 0
4855.0 0
4856.0 0
4857.0 0
4858.0 0
4859.0 0
4860.0 0
4861.0 0
4862.0 0
4863.0 0
4864.0 0
4865.0 0
4866.0 0
4867.0 0
4868.0 0
4869.0 0
4870.0 0
4871.0 0
4872.0 0
4873.0 0
4874.0 1e-05
4875.0 2e-05
4876.0 3e-05
4877.0 6e-05
4878.0 0.0001
4879.0 6e-05
4880.0 3e-05
4881.0 2e-05
4882.0 1e-05
4883.0 1e-05
4884.0 1e-05
4885.0 1e-05
4886.0 1e-05
4887.0 1e-05
4888.0 1e-05
4889.0 1e-05
4890.0 1e-05
4891.0 1e-05
4892.0 1e-05
4893.0 1e-05
4894.0 1e-05
4895.0 2e-05
4896.0 2e-05
4897.0 3e-05
4898.0 4e-05
4899.0 0.0001
4900.0 0.00016
4901.0 0.00022
4902.0 0.00028
4903.0 0.00017
4904.0 6e-05
4905.0 4e-05
4906.0 3e-05
4907.0 2e-05
4908.0 1e-05
4909.0 1e-05
4910.0 1e-05
4911.0 1e-05
4912.0 1e-05
4913.0 1e-05
4914.0 1e-05
4915.0 1e-05
4916.0 1e-05
4917.0 1e-05
4918.0 1e-05
4919.0 1e-05
4920.0 1e-05
4921.0 1e-05
4922.0 1e-05
4923.0 2e-05
4924.0 2e-05
4925.0 3e-05
4926.0 5e-05
4927.0 7e-05
4928.0 0.0001
4929.0 0.00011
4930.0 0.00011
4931.0 8e-05
4932.0 5e-05
4933.0 4e-05
4934.0 3e-05
4935.0 2e-05
4936.0 1e-05
4937.0 1e-05
4938.0 1e-05
4939.0 1e-05
4940.0 1e-05
4941.0 1e-05
4942.0 1e-05
4943.0 1e-05
4944.0 1e-05
4945.0 1e-05
4946.0 1e-05
4947.0 1e-05
4948.0 1e-05
4949.0 1e-05
4950.0 1e-05
4951.0 1e-05
4952.0 1e-05
4953.0 1e-05
4954.0 1e-05
4955.0 1e-05
4956.0 1e-05
4957.0 2e-05
4958.0 2e-05
4959.0 2e-05
4960.0 2e-05
4961.0 2e-05
4962.0 3e-05
4963.0 3e-05
4964.0 3e-05
4965.0 4e-05
4966.0 4e-05
4967.0 4e-05
4968.0 4e-05
4969.0 4e-05
4970.0 3e-05
4971.0 3e-05
4972.0 3e-05
4973.0 3e-05
4974.0 3e-05
4975.0 3e-05
4976.0 3e-05
4977.0 3e-05
4978.0 3e-05
4979.0 3e-05
4980.0 3e-05
4981.0 3e-05
4982.0 3e-05
4983.0 3e-05
4984.0 3e-05
4985.0 3e-05
4986.0 3e-05
4987.0 3e-05
4988.0 3e-05
4989.0 3e-05
4990.0 3e-05
4991.0 3e-05
4992.0 3e-05
4993.0 3e-05
4994.0 3e-05
4995.0 2e-05
4996.0 2e-05
4997.0 2e-05
4998.0 2e-05
4999.0 2e-05
5000.0 2e-05
5001.0 2e-05
5002.0 1e-05
5003.0 1e-05
5004.0 1e-05
5005.0 1e-05
5006.0 1e-05
5007.0 1e-05
5008.0 1e-05
5009.0 1e-05
5010.0 1e-05
5011.0 1e-05
5012.0 1e-05
5013.0 1e-05
5014.0 1e-05
5015.0 1e-05
5016.0 1e-05
5017.0 1e-05
5018.0 1e-05
5019.0 1e-05
5020.0 1e-05
5021.0 1e-05
5022.0 1e-05
5023.0 2e-05
5024.0 2e-05
5025.0 3e-05
5026.0 3e-05
5027.0 4e-05
5028.0 5e-05
5029.0 6e-05
5030.0 7e-05
5031.0 6e-05
5032.0 6e-05
5033.0 5e-05
5034.0 4e-05
5035.0 3e-05
5036.0 3e-05
5037.0 2e-05
5038.0 2e-05
5039.0 2e-05
5040.0 1e-05
5041.0 1e-05
5042.0 1e-05
5043.0 1e-05
5044.0 1e-05
5045.0 1e-05
5046.0 1e-05
5047.0 1e-05
5048.0 1e-05
5049.0 1e-05
5050.0 1e-05
5051.0 1e-05
5052.0 1e-05
5053.0 1e-05
5054.0 1e-05
5055.0 1e-05
5056.0 1e-05
5057.0 1e-05
5058.0 1e-05
5059.0 2e-05
5060.0 2e-05
5061.0 2e-05
5062.0 2e-05
5063.0 2e-05
5064.0 2e-05
5065.0 2e-05
5066.0 2e-05
5067.0 2e-05
5068.0 2e-05
5069.0 2e-05
5070.0 2e-05
5071.0 2e-05
5072.0 2e-05
5073.0 2e-05
5074.0 2e-05
5075.0 2e-05
5076.0 3e-05
5077.0 3e-05
5078.0 3e-05
5079.0 4e-05
5080.0 5e-05
5081.0 6e-05
5082.0 7e-05
5083.0 7e-05
5084.0 8e-05
5085.0 7e-05
5086.0 6e-05
5087.0 5e-05
5088.0 3e-05
5089.0 3e-05
5090.0 2e-05
5091.0 2e-05
5092.0 1e-05
5093.0 1e-05
5094.0 1e-05
5095.0 1e-05
5096.0 1e-05
5097.0 1e-05
5098.0 1e-05
5099.0 1e-05
5100.0 1e-05
5101.0 0
5102.0 0
5103.0 0
5104.0 0
5105.0 0
5106.0 0
5107.0 0
5108.0 0
5109.0 0
5110.0 1e-05
5111.0 1e-05
5112.0 1e-05
5113.0 1e-05
5114.0 1e-05
5115.0 1e-05
5116.0 1e-05
5117.0 1e-05
5118.0 1e-05
5119.0 2e-05
5120.0 2e-05
5121.0 3e-05
5122.0 4e-05
5123.0 4e-05
5124.0 4e-05
5125.0 3e-05
5126.0 2e-05
5127.0 2e-05
5128.0 1e-05
5129.0 1e-05
5130.0 1e-05
5131.0 1e-05
5132.0 1e-05
5133.0 1e-05
5134.0 1e-05
5135.0 1e-05
5136.0 1e-05
5137.0 0
5138.0 0
5139.0 0
5140.0 0
5141.0 0
5142.0 0
5143.0 0
5144.0 1e-05
5145.0 1e-05
5146.0 1e-05
5147.0 1e-05
5148.0 1e-05
5149.0 1e-05
5150.0 1e-05
5151.0 1e-05
5152.0 1e-05
5153.0 2e-05
5154.0 2e-05
5155.0 3e-05
5156.0 5e-05
5157.0 8e-05
5158.0 0.00012
5159.0 0.00011
5160.0 9e-05
5161.0 6e-05
5162.0 3e-05
5163.0 3e-05
5164.0 2e-05
5165.0 2e-05
5166.0 1e-05
5167.0 1e-05
5168.0 1e-05
5169.0 1e-05
5170.0 1e-05
5171.0 1e-05
5172.0 1e-05
5173.0 1e-05
5174.0 1e-05
5175.0 1e-05
5176.0 1e-05
5177.0 1e-05
5178.0 1e-05
5179.0 1e-05
5180.0 1e-05
5181.0 1e-05
5182.0 1e-05
5183.0 1e-05
5184.0 1e-05
5185.0 1e-05
5186.0 1e-05
5187.0 1e-05
5188.0 1e-05
5189.0 1e-05
5190.0 1e-05
5191.0 1e-05
5192.0 1e-05
5193.0 1e-05
5194.0 1e-05
5195.0 1e-05
5196.0 1e-05
5197.0 1e-05
5198.0 1e-05
5199.0 1e-05
5200.0 1e-05
5201.0 1e-05
5202.0 1e-05
5203.0 1e-05
5204.0 1e-05
5205.0 1e-05
5206.0 1e-05
5207.0 1e-05
5208.0 1e-05
5209.0 1e-05
5210.0 1e-05
5211.0 1e-05
5212.0 1e-05
5213.0 1e-05
5214.0 1e-05
5215.0 1e-05
5216.0 1e-05
5217.0 1e-05
5218.0 1e-05
5219.0 2e-05
5220.0 2e-05
5221.0 2e-05
5222.0 2e-05
5223.0 2e-05
5224.0 2e-05
5225.0 2e-05
5226.0 1e-05
5227.0 1e-05
5228.0 1e-05
5229.0 1e-05
5230.0 1e-05
5231.0 1e-05
5232.0 1e-05
5233.0 1e-05
5234.0 1e-05
5235.0 0
5236.0 0
5237.0 0
5238.0 0
5239.0 0
5240.0 0
5241.0 0
5242.0 0
5243.0 0
5244.0 0
5245.0 0
5246.0 0
5247.0 0
5248.0 1e-05
5249.0 1e-05
5250.0 1e-05
5251.0 1e-05
5252.0 1e-05
5253.0 1e-05
5254.0 1e-05
5255.0 1e-05
5256.0 1e-05
5257.0 1e-05
5258.0 1e-05
5259.0 0
5260.0 0
5261.0 0
5262.0 0
5263.0 0
5264.0 0
5265.0 0
5266.0 0
5267.0 0
5268.0 0
5269.0 0
5270.0 0
5271.0 0
5272.0 0
5273.0 0
5274.0 0
5275.0 0
5276.0 0
5277.0 0
5278.0 0
5279.0 0
5280.0 0
5281.0 0
5282.0 0
5283.0 0
5284.0 0
5285.0 0
5286.0 0
5287.0 0
5288.0 0
5289.0 0
5290.0 0
5291.0 0
5292.0 0
5293.0 0
5294.0 0
5295.0 0
5296.0 0
5297.0 0
5298.0 0
5299.0 0
5300.0 0
5301.0 0
5302.0 0
5303.0 0
5304.0 0
5305.0 0
5306.0 0
5307.0 0
5308.0 0
5309.0 0
5310.0 0
5311.0 0
5312.0 0
5313.0 0
5314.0 0
5315.0 0
5316.0 1e-05
5317.0 1e-05
5318.0 1e-05
5319.0 0
5320.0 0
5321.0 0
5322.0 0
5323.0 0
5324.0 0
5325.0 0
5326.0 0
5327.0 0
5328.0 0
5329.0 0
5330.0 0
5331.0 0
5332.0 0
5333.0 0
5334.0 0
5335.0 0
5336.0 0
5337.0 0
5338.0 0
5339.0 0
5340.0 0
5341.0 0
5342.0 0
5343.0 0
5344.0 0
5345.0 0
5346.0 0
5347.0 0
5348.0 0
5349.0 0
5350.0 0
5351.0 0
5352.0 0
5353.0 0
5354.0 0
5355.0 0
5356.0 0
5357.0 0
5358.0 1e-05
5359.0 1e-05
5360.0 1e-05
5361.0 1e-05
5362.0 1e-05
5363.0 1e-05
5364.0 1e-05
5365.0 2e-05
5366.0 2e-05
5367.0 2e-05
5368.0 2e-05
5369.0 2e-05
5370.0 1e-05
5371.0 1e-05
5372.0 1e-05
5373.0 1e-05
5374.0 1e-05
5375.0 1e-05
5376.0 1e-05
5377.0 1e-05
5378.0 1e-05
5379.0 2e-05
5380.0 2e-05
5381.0 2e-05
5382.0 3e-05
5383.0 3e-05
5384.0 4e-05
5385.0 4e-05
5386.0 5e-05
5387.0 5e-05
5388.0 6e-05
5389.0 5e-05
5390.0 4e-05
5391.0 4e-05
5392.0 3e-05
5393.0 3e-05
5394.0 2e-05
5395.0 2e-05
5396.0 1e-05
5397.0 1e-05
5398.0 1e-05
5399.0 1e-05
5400.0 1e-05
5401.0 1e-05
5402.0 1e-05
5403.0 1e-05
5404.0 1e-05
5405.0 1e-05
5406.0 1e-05
5407.0 1e-05
5408.0 1e-05
5409.0 1e-05
5410.0 1e-05
5411.0 1e-05
5412.0 1e-05
5413.0 2e-05
5414.0 2e-05
5415.0 2e-05
5416.0 2e-05
5417.0 2e-05
5418.0 3e-05
5419.0 3e-05
5420.0 3e-05
5421.0 3e-05
5422.0 3e-05
5423.0 3e-05
5424.0 3e-05
5425.0 3e-05
5426.0 3e-05
5427.0 3e-05
5428.0 3e-05
5429.0 2e-05
5430.0 2e-05
5431.0 2e-05
5432.0 2e-05
5433.0 2e-05
5434.0 2e-05
5435.0 2e-05
5436.0 2e-05
5437.0 2e-05
5438.0 1e-05
5439.0 1e-05
5440.0 1e-05
5441.0 1e-05
5442.0 1e-05
5443.0 1e-05
5444.0 1e-05
5445.0 1e-05
5446.0 1e-05
5447.0 1e-05
5448.0 1e-05
5449.0 1e-05
5450.0 1e-05
5451.0 1e-05
5452.0 1e-05
5453.0 1e-05
5454.0 1e-05
5455.0 1e-05
5456.0 1e-05
5457.0 1e-05
5458.0 1e-05
5459.0 1e-05
5460.0 1e-05
5461.0 1e-05
5462.0 1e-05
5463.0 1e-05
5464.0 1e-05
5465.0 1e-05
5466.0 1e-05
5467.0 1e-05
5468.0 1e-05
5469.0 1e-05
5470.0 1e-05
5471.0 1e-05
5472.0 1e-05
5473.0 1e-05
5474.0 1e-05
5475.0 1e-05
5476.0 1e-05
5477.0 1e-05
5478.0 1e-05
5479.0 0
5480.0 0
5481.0 0
5482.0 0
5483.0 0
5484.0 0
5485.0 0
5486.0 0
5487.0 0
5488.0 0
5489.0 0
5490.0 0
5491.0 0
5492.0 0
5493.0 0
5494.0 0
5495.0 0
5496.0 0
5497.0 0
5498.0 0
5499.0 0
5500.0 0
5501.0 0
5502.0 0
5503.0 0
5504.0 0
5505.0 0
5506.0 0
5507.0 0
5508.0 0
5509.0 0
5510.0 0
5511.0 0
5512.0 0
5513.0 0
5514.0 0
5515.0 0
5516.0 0
5517.0 0
5518.0 0
5519.0 0
5520.0 0
5521.0 0
5522.0 0
5523.0 0
5524.0 1e-05
5525.0 1e-05
5526.0 1e-05
5527.0 1e-05
5528.0 1e-05
5529.0 1e-05
5530.0 1e-05
5531.0 1e-05
5532.0 1e-05
5533.0 1e-05
5534.0 1e-05
5535.0 1e-05
5536.0 1e-05
5537.0 1e-05
5538.0 1e-05
5539.0 1e-05
5540.0 1e-05
5541.0 1e-05
5542.0 1e-05
5543.0 1e-05
5544.0 1e-05
5545.0 1e-05
5546.0 1e-05
5547.0 1e-05
5548.0 1e-05
5549.0 1e-05
5550.0 1e-05
5551.0 1e-05
5552.0 1e-05
5553.0 1e-05
5554.0 1e-05
5555.0 2e-05
5556.0 2e-05
5557.0 2e-05
5558.0 2e-05
5559.0 3e-05
5560.0 3e-05
5561.0 3e-05
5562.0 3e-05
5563.0 3e-05
5564.0 3e-05
5565.0 3e-05
5566.0 2e-05
5567.0 2e-05
5568.0 2e-05
5569.0 2e-05
5570.0 2e-05
5571.0 2e-05
5572.0 2e-05
5573.0 2e-05
5574.0 1e-05
5575.0 1e-05
5576.0 1e-05
5577.0 1e-05
5578.0 1e-05
5579.0 1e-05
5580.0 1e-05
5581.0 1e-05
5582.0 1e-05
5583.0 1e-05
5584.0 1e-05
5585.0 1e-05
5586.0 1e-05
5587.0 1e-05
5588.0 1e-05
5589.0 1e-05
5590.0 1e-05
5591.0 1e-05
5592.0 1e-05
5593.0 1e-05
5594.0 1e-05
5595.0 1e-05
5596.0 1e-05
5597.0 1e-05
5598.0 1e-05
5599.0 1e-05
5600.0 1e-05
5601.0 1e-05
5602.0 1e-05
5603.0 1e-05
5604.0 1e-05
5605.0 1e-05
5606.0 1e-05
5607.0 1e-05
5608.0 1e-05
5609.0 1e-05
5610.0 1e-05
5611.0 1e-05
5612.0 1e-05
5613.0 1e-05
5614.0 1e-05
5615.0 1e-05
5616.0 1e-05
5617.0 1e-05
5618.0 1e-05
5619.0 1e-05
5620.0 1e-05
5621.0 1e-05
5622.0 1e-05
5623.0 1e-05
5624.0 1e-05
5625.0 0
5626.0 0
5627.0 0
5628.0 0
5629.0 0
5630.0 0
5631.0 0
5632.0 0
5633.0 0
5634.0 0
5635.0 0
5636.0 0
5637.0 0
5638.0 0
5639.0 0
5640.0 0
5641.0 0
5642.0 0
5643.0 0
5644.0 0
5645.0 0
5646.0 0
5647.0 0
5648.0 0
5649.0 0
5650.0 0
5651.0 0
5652.0 0
5653.0 0
5654.0 0
5655.0 0
5656.0 0
5657.0 0
5658.0 0
5659.0 0
5660.0 0
5661.0 0
5662.0 0
5663.0 0
5664.0 1e-05
5665.0 1e-05
5666.0 1e-05
5667.0 1e-05
5668.0 1e-05
5669.0 1e-05
5670.0 1e-05
5671.0 1e-05
5672.0 1e-05
5673.0 1e-05
5674.0 1e-05
5675.0 1e-05
5676.0 1e-05
5677.0 1e-05
5678.0 1e-05
5679.0 1e-05
5680.0 1e-05
5681.0 1e-05
5682.0 1e-05
5683.0 1e-05
5684.0 1e-05
5685.0 1e-05
5686.0 1e-05
5687.0 1e-05
5688.0 1e-05
5689.0 2e-05
5690.0 2e-05
5691.0 4e-05
5692.0 6e-05
5693.0 9e-05
5694.0 0.00012
5695.0 8e-05
5696.0 3e-05
5697.0 2e-05
5698.0 1e-05
5699.0 1e-05
5700.0 1e-05
5701.0 1e-05
5702.0 1e-05
5703.0 0
5704.0 0
5705.0 0
5706.0 0
5707.0 0
5708.0 0
5709.0 0
5710.0 0
5711.0 0
5712.0 0
5713.0 0
5714.0 0
5715.0 0
5716.0 0
5717.0 0
5718.0 0
5719.0 0
5720.0 0
5721.0 0
5722.0 0
5723.0 0
5724.0 0
5725.0 0
5726.0 0
5727.0 0
5728.0 0
5729.0 0
5730.0 0
5731.0 0
5732.0 0
5733.0 0
5734.0 0
5735.0 0
5736.0 0
5737.0 0
5738.0 0
5739.0 0
5740.0 0
5741.0 0
5742.0 0
5743.0 0
5744.0 0
5745.0 0
5746.0 0
5747.0 0
5748.0 0
5749.0 0
5750.0 0
5751.0 0
5752.0 0
5753.0 0
5754.0 0
5755.0 0
5756.0 1e-05
5757.0 1e-05
5758.0 1e-05
5759.0 1e-05
5760.0 1e-05
5761.0 1e-05
5762.0 1e-05
5763.0 1e-05
5764.0 1e-05
5765.0 1e-05
5766.0 1e-05
5767.0 1e-05
5768.0 1e-05
5769.0 1e-05
5770.0 1e-05
5771.0 1e-05
5772.0 1e-05
5773.0 1e-05
5774.0 1e-05
5775.0 1e-05
5776.0 1e-05
5777.0 1e-05
5778.0 1e-05
5779.0 1e-05
5780.0 1e-05
5781.0 1e-05
5782.0 1e-05
5783.0 1e-05
5784.0 2e-05
5785.0 2e-05
5786.0 2e-05
5787.0 2e-05
5788.0 2e-05
5789.0 3e-05
5790.0 3e-05
5791.0 3e-05
5792.0 3e-05
5793.0 4e-05
5794.0 4e-05
5795.0 4e-05
5796.0 4e-05
5797.0 4e-05
5798.0 4e-05
5799.0 3e-05
5800.0 3e-05
5801.0 3e-05
5802.0 2e-05
5803.0 2e-05
5804.0 2e-05
5805.0 1e-05
5806.0 1e-05
5807.0 1e-05
5808.0 1e-05
5809.0 1e-05
5810.0 1e-05
5811.0 1e-05
5812.0 1e-05
5813.0 1e-05
5814.0 1e-05
5815.0 1e-05
5816.0 1e-05
5817.0 0
5818.0 0
5819.0 0
5820.0 0
5821.0 0
5822.0 0
5823.0 0
5824.0 0
5825.0 0
5826.0 0
5827.0 0
5828.0 0
5829.0 0
5830.0 0
5831.0 0
5832.0 0
5833.0 0
5834.0 0
5835.0 0
5836.0 0
5837.0 0
5838.0 0
5839.0 0
5840.0 0
5841.0 0
5842.0 0
5843.0 0
5844.0 0
5845.0 0
5846.0 0
5847.0 0
5848.0 0
5849.0 0
5850.0 0
5851.0 0
5852.0 0
5853.0 0
5854.0 1e-05
5855.0 1e-05
5856.0 1e-05
5857.0 1e-05
5858.0 1e-05
5859.0 1e-05
5860.0 1e-05
5861.0 1e-05
5862.0 1e-05
5863.0 2e-05
5864.0 2e-05
5865.0 4e-05
5866.0 6e-05
5867.0 9e-05
5868.0 0.00012
5869.0 0.0001
5870.0 9e-05
5871.0 7e-05
5872.0 4e-05
5873.0 4e-05
5874.0 3e-05
5875.0 2e-05
5876.0 2e-05
5877.0 1e-05
5878.0 1e-05
5879.0 1e-05
5880.0 1e-05
5881.0 1e-05
5882.0 1e-05
5883.0 1e-05
5884.0 1e-05
5885.0 1e-05
5886.0 1e-05
5887.0 1e-05
5888.0 1e-05
5889.0 1e-05
5890.0 1e-05
5891.0 1e-05
5892.0 1e-05
5893.0 1e-05
5894.0 1e-05
5895.0 1e-05
5896.0 1e-05
5897.0 1e-05
5898.0 1e-05
5899.0 1e-05
5900.0 2e-05
5901.0 2e-05
5902.0 2e-05
5903.0 2e-05
5904.0 2e-05
5905.0 1e-05
5906.0 1e-05
5907.0 1e-05
5908.0 1e-05
5909.0 1e-05
5910.0 1e-05
5911.0 1e-05
5912.0 1e-05
5913.0 1e-05
5914.0 1e-05
5915.0 1e-05
5916.0 1e-05
5917.0 1e-05
5918.0 1e-05
5919.0 1e-05
5920.0 1e-05
5921.0 0
5922.0 0
5923.0 0
5924.0 0
5925.0 0
5926.0 0
5927.0 0
5928.0 0
5929.0 0
5930.0 0
5931.0 0
5932.0 0
5933.0 0
5934.0 0
5935.0 0
5936.0 0
5937.0 0
5938.0 0
5939.0 0
5940.0 0
5941.0 0
5942.0 0
5943.0 0
5944.0 0
5945.0 0
5946.0 0
5947.0 0
5948.0 0
5949.0 0
5950.0 0
5951.0 0
5952.0 0
5953.0 0
5954.0 0
5955.0 0
5956.0 0
5957.0 0
5958.0 0
5959.0 0
5960.0 0
5961.0 0
5962.0 0
5963.0 0
5964.0 0
5965.0 0
5966.0 0
5967.0 0
5968.0 0
5969.0 0
5970.0 0
5971.0 0
5972.0 1e-05
5973.0 1e-05
5974.0 1e-05
5975.0 1e-05
5976.0 1e-05
5977.0 1e-05
5978.0 1e-05
5979.0 1e-05
5980.0 2e-05
5981.0 2e-05
5982.0 3e-05
5983.0 6e-05
5984.0 9e-05
5985.0 0.00011
5986.0 0.00014
5987.0 9e-05
5988.0 4e-05
5989.0 3e-05
5990.0 2e-05
5991.0 1e-05
5992.0 1e-05
5993.0 1e-05
5994.0 1e-05
5995.0 1e-05
5996.0 1e-05
5997.0 1e-05
5998.0 1e-05
5999.0 0
6000.0 0
6001.0 0
6002.0 0
6003.0 0
6004.0 0
6005.0 0
6006.0 0
6007.0 0
6008.0 0
6009.0 0
6010.0 0
6011.0 0
6012.0 0
6013.0 0
6014.0 0
6015.0 0
6016.0 0
6017.0 0
6018.0 0
6019.0 0
6020.0 0
6021.0 0
6022.0 0
6023.0 0
6024.0 0
6025.0 0
6026.0 0
6027.0 0
6028.0 0
6029.0 0
6030.0 0
6031.0 0
6032.0 0
6033.0 0
6034.0 0
6035.0 0
6036.0 1e-05
6037.0 1e-05
6038.0 1e-05
6039.0 1e-05
6040.0 1e-05
6041.0 1e-05
6042.0 1e-05
6043.0 1e-05
6044.0 1e-05
6045.0 1e-05
6046.0 1e-05
6047.0 1e-05
6048.0 1e-05
6049.0 1e-05
6050.0 1e-05
6051.0 1e-05
6052.0 1e-05
6053.0 1e-05
6054.0 1e-05
6055.0 1e-05
6056.0 1e-05
6057.0 1e-05
6058.0 2e-05
6059.0 2e-05
6060.0 2e-05
6061.0 2e-05
6062.0 2e-05
6063.0 2e-05
6064.0 2e-05
6065.0 3e-05
6066.0 3e-05
6067.0 4e-05
6068.0 5e-05
6069.0 7e-05
6070.0 9e-05
6071.0 0.00016
6072.0 0.00024
6073.0 0.00024
6074.0 0.00024
6075.0 0.00016
6076.0 8e-05
6077.0 5e-05
6078.0 3e-05
6079.0 2e-05
6080.0 2e-05
6081.0 1e-05
6082.0 1e-05
6083.0 1e-05
6084.0 1e-05
6085.0 1e-05
6086.0 1e-05
6087.0 1e-05
6088.0 1e-05
6089.0 0
6090.0 0
6091.0 0
6092.0 0
6093.0 0
6094.0 0
6095.0 0
6096.0 0
6097.0 0
6098.0 0
6099.0 0
6100.0 0
6101.0 0
6102.0 0
6103.0 0
6104.0 0
6105.0 0
6106.0 0
6107.0 0
6108.0 0
6109.0 0
6110.0 0
6111.0 0
6112.0 0
6113.0 0
6114.0 0
6115.0 0
6116.0 0
6117.0 0
6118.0 0
6119.0 0
6120.0 0
6121.0 0
6122.0 0
6123.0 0
6124.0 1e-05
6125.0 1e-05
6126.0 1e-05
6127.0 1e-05
6128.0 1e-05
6129.0 1e-05
6130.0 1e-05
6131.0 2e-05
6132.0 3e-05
6133.0 6e-05
6134.0 0.0001
6135.0 0.00021
6136.0 0.00032
6137.0 0.00019
6138.0 5e-05
6139.0 4e-05
6140.0 2e-05
6141.0 1e-05
6142.0 1e-05
6143.0 1e-05
6144.0 0
6145.0 0
6146.0 0
6147.0 0
6148.0 0
6149.0 0
6150.0 0
6151.0 0
6152.0 0
6153.0 0
6154.0 0
6155.0 0
6156.0 0
6157.0 0
6158.0 0
6159.0 0
6160.0 0
6161.0 0
6162.0 0
6163.0 0
6164.0 0
6165.0 0
6166.0 0
6167.0 0
6168.0 0
6169.0 0
6170.0 0
6171.0 0
6172.0 0
6173.0 0
6174.0 0
6175.0 0
6176.0 0
6177.0 0
6178.0 0
6179.0 0
6180.0 0
6181.0 0
6182.0 0
6183.0 0
6184.0 0
6185.0 0
6186.0 0
6187.0 0
6188.0 0
6189.0 1e-05
6190.0 1e-05
6191.0 1e-05
6192.0 1e-05
6193.0 1e-05
6194.0 1e-05
6195.0 2e-05
6196.0 2e-05
6197.0 2e-05
6198.0 2e-05
6199.0 3e-05
6200.0 3e-05
6201.0 3e-05
6202.0 3e-05
6203.0 3e-05
6204.0 3e-05
6205.0 3e-05
6206.0 3e-05
6207.0 3e-05
6208.0 3e-05
6209.0 3e-05
6210.0 3e-05
6211.0 3e-05
6212.0 3e-05
6213.0 3e-05
6214.0 3e-05
6215.0 3e-05
6216.0 3e-05
6217.0 3e-05
6218.0 3e-05
6219.0 4e-05
6220.0 4e-05
6221.0 4e-05
6222.0 4e-05
6223.0 5e-05
6224.0 5e-05
6225.0 5e-05
6226.0 5e-05
6227.0 5e-05
6228.0 5e-05
6229.0 5e-05
6230.0 4e-05
6231.0 4e-05
6232.0 4e-05
6233.0 4e-05
6234.0 3e-05
6235.0 3e-05
6236.0 3e-05
6237.0 3e-05
6238.0 2e-05
6239.0 2e-05
6240.0 2e-05
6241.0 2e-05
6242.0 2e-05
6243.0 2e-05
6244.0 1e-05
6245.0 1e-05
6246.0 1e-05
6247.0 1e-05
6248.0 1e-05
6249.0 1e-05
6250.0 1e-05
6251.0 1e-05
6252.0 1e-05
6253.0 1e-05
6254.0 1e-05
6255.0 1e-05
6256.0 1e-05
6257.0 1e-05
6258.0 1e-05
6259.0 1e-05
6260.0 1e-05
6261.0 1e-05
6262.0 1e-05
6263.0 1e-05
6264.0 1e-05
6265.0 1e-05
6266.0 1e-05
6267.0 1e-05
6268.0 1e-05
6269.0 1e-05
6270.0 1e-05
6271.0 1e-05
6272.0 1e-05
6273.0 1e-05
6274.0 1e-05
6275.0 1e-05
6276.0 0
6277.0 0
6278.0 0
6279.0 0
6280.0 0
6281.0 0
6282.0 0
6283.0 0
6284.0 0
6285.0 0
6286.0 0
6287.0 0
6288.0 0
6289.0 0
6290.0 0
6291.0 0
6292.0 0
6293.0 0
6294.0 0
6295.0 0
6296.0 0
6297.0 0
6298.0 0
6299.0 0
6300.0 0
6301.0 0
6302.0 0
6303.0 0
6304.0 0
6305.0 0
6306.0 0
6307.0 0
6308.0 0
6309.0 0
6310.0 0
6311.0 0
6312.0 0
6313.0 0
6314.0 0
6315.0 0
6316.0 0
6317.0 0
6318.0 0
6319.0 0
6320.0 0
6321.0 0
6322.0 0
6323.0 0
6324.0 0
6325.0 0
6326.0 0
6327.0 0
6328.0 0
6329.0 0
6330.0 0
6331.0 0
6332.0 0
6333.0 0
6334.0 0
6335.0 0
6336.0 0
6337.0 1e-05
6338.0 1e-05
6339.0 1e-05
6340.0 1e-05
6341.0 1e-05
6342.0 1e-05
6343.0 1e-05
6344.0 1e-05
6345.0 2e-05
6346.0 2e-05
6347.0 2e-05
6348.0 2e-05
6349.0 2e-05
6350.0 2e-05
6351.0 2e-05
6352.0 2e-05
6353.0 2e-05
6354.0 2e-05
6355.0 2e-05
6356.0 2e-05
6357.0 3e-05
6358.0 3e-05
6359.0 3e-05
6360.0 3e-05
6361.0 3e-05
6362.0 3e-05
6363.0 3e-05
6364.0 3e-05
6365.0 4e-05
6366.0 4e-05
6367.0 5e-05
6368.0 5e-05
6369.0 7e-05
6370.0 8e-05
6371.0 9e-05
6372.0 0.0001
6373.0 9e-05
6374.0 8e-05
6375.0 6e-05
6376.0 4e-05
6377.0 3e-05
6378.0 2e-05
6379.0 2e-05
6380.0 1e-05
6381.0 1e-05
6382.0 1e-05
6383.0 1e-05
6384.0 0
6385.0 0
6386.0 0
6387.0 0
6388.0 0
6389.0 0
6390.0 0
6391.0 0
6392.0 0
6393.0 0
6394.0 0
6395.0 0
6396.0 0
6397.0 0
6398.0 0
6399.0 0
6400.0 0
6401.0 0
6402.0 0
6403.0 0
6404.0 0
6405.0 0
6406.0 0
6407.0 0
6408.0 0
6409.0 0
6410.0 0
6411.0 0
6412.0 0
6413.0 0
6414.0 0
6415.0 0
6416.0 0
6417.0 0
6418.0 0
6419.0 0
6420.0 0
6421.0 0
6422.0 0
6423.0 0
6424.0 0
6425.0 0
6426.0 0
6427.0 0
6428.0 0
6429.0 0
6430.0 0
6431.0 0
6432.0 0
6433.0 0
6434.0 0
6435.0 0
6436.0 0
6437.0 0
6438.0 0
6439.0 0
6440.0 0
6441.0 0
6442.0 0
6443.0 0
6444.0 0
6445.0 0
6446.0 0
6447.0 0
6448.0 0
6449.0 0
6450.0 0
6451.0 0
6452.0 0
6453.0 0
6454.0 0
6455.0 0
6456.0 0
6457.0 0
6458.0 0
6459.0 0
6460.0 0
6461.0 0
6462.0 0
6463.0 0
6464.0 0
6465.0 0
6466.0 0
6467.0 0
6468.0 0
6469.0 1e-05
6470.0 1e-05
6471.0 1e-05
6472.0 1e-05
6473.0 1e-05
6474.0 2e-05
6475.0 2e-05
6476.0 3e-05
6477.0 3e-05
6478.0 4e-05
6479.0 6e-05
6480.0 7e-05
6481.0 9e-05
6482.0 0.00011
6483.0 0.00015
6484.0 0.00018
6485.0 0.0002
6486.0 0.00023
6487.0 0.00022
6488.0 0.00021
6489.0 0.00019
6490.0 0.00016
6491.0 0.00014
6492.0 0.00011
6493.0 9e-05
6494.0 8e-05
6495.0 7e-05
6496.0 6e-05
6497.0 5e-05
6498.0 4e-05
6499.0 4e-05
6500.0 3e-05
6501.0 3e-05
6502.0 3e-05
6503.0 3e-05
6504.0 3e-05
6505.0 2e-05
6506.0 2e-05
6507.0 2e-05
6508.0 2e-05
6509.0 2e-05
6510.0 2e-05
6511.0 2e-05
6512.0 2e-05
6513.0 2e-05
6514.0 2e-05
6515.0 2e-05
6516.0 2e-05
6517.0 2e-05
6518.0 2e-05
6519.0 1e-05
6520.0 1e-05
6521.0 1e-05
6522.0 1e-05
6523.0 1e-05
6524.0 1e-05
6525.0 1e-05
6526.0 0
6527.0 0
6528.0 0
6529.0 0
6530.0 0
6531.0 0
6532.0 0
6533.0 0
6534.0 0
6535.0 0
6536.0 0
6537.0 0
6538.0 0
6539.0 0
6540.0 0
6541.0 0
6542.0 0
6543.0 0
6544.0 0
6545.0 0
6546.0 0
6547.0 0
6548.0 0
6549.0 0
6550.0 0
6551.0 0
6552.0 0
6553.0 0
6554.0 0
6555.0 0
6556.0 0
6557.0 0
6558.0 0
6559.0 0
6560.0 0
6561.0 0
6562.0 0
6563.0 0
6564.0 0
6565.0 0
6566.0 0
6567.0 0
6568.0 0
6569.0 0
6570.0 0
6571.0 0
6572.0 0
6573.0 0
6574.0 0
6575.0 0
6576.0 0
6577.0 0
6578.0 0
6579.0 0
6580.0 0
6581.0 0
6582.0 0
6583.0 0
6584.0 0
6585.0 0
6586.0 0
6587.0 0
6588.0 0
6589.0 0
6590.0 0
6591.0 0
6592.0 0
6593.0 0
6594.0 0
6595.0 7e-05
6596.0 0.00014
6597.0 8e-05
6598.0 1e-05
6599.0 1e-05
6600.0 0
6601.0 0
6602.0 0
6603.0 0
6604.0 0
6605.0 0
6606.0 0
6607.0 0
6608.0 0
6609.0 0
6610.0 0
6611.0 0
6612.0 0
6613.0 0
6614.0 0
6615.0 0
6616.0 0
6617.0 0
6618.0 0
6619.0 0
6620.0 0
6621.0 0
6622.0 0
6623.0 0
6624.0 0
6625.0 0
6626.0 0
6627.0 0
6628.0 0
6629.0 0
6630.0 0
6631.0 0
6632.0 0
6633.0 0
6634.0 0
6635.0 0
6636.0 0
6637.0 0
6638.0 0
6639.0 0
6640.0 0
6641.0 0
6642.0 0
6643.0 0
6644.0 0
6645.0 0
6646.0 0
6647.0 0
6648.0 0
6649.0 0
6650.0 0
6651.0 0
6652.0 0
6653.0 0
6654.0 0
6655.0 0
6656.0 0
6657.0 0
6658.0 0
6659.0 0
6660.0 0
6661.0 0
6662.0 0
6663.0 0
6664.0 0
6665.0 0
6666.0 0
6667.0 0
6668.0 0
6669.0 0
6670.0 0
6671.0 0
6672.0 0
6673.0 0
6674.0 0
6675.0 0
6676.0 0
6677.0 0
6678.0 0
6679.0 0
6680.0 0
6681.0 0
6682.0 0
6683.0 0
6684.0 0
6685.0 0
6686.0 0
6687.0 0
6688.0 0
6689.0 0
6690.0 0
6691.0 0
6692.0 0
6693.0 0
6694.0 0
6695.0 0
6696.0 0
6697.0 0
6698.0 0
6699.0 0
6700.0 0
6701.0 0
6702.0 0
6703.0 0
6704.0 0
6705.0 0
6706.0 0
6707.0 0
6708.0 0
6709.0 0
6710.0 0
6711.0 0
6712.0 0
6713.0 0
6714.0 0
6715.0 0
6716.0 0
6717.0 0
6718.0 0
6719.0 0
6720.0 0
6721.0 0
6722.0 0
6723.0 0
6724.0 0
6725.0 0
6726.0 0
6727.0 0
6728.0 0
6729.0 0
6730.0 0
6731.0 0
6732.0 0
6733.0 0
6734.0 0
6735.0 5e-05
6736.0 9e-05
6737.0 5e-05
6738.0 1e-05
6739.0 0
6740.0 0
6741.0 0
6742.0 0
6743.0 0
6744.0 0
6745.0 0
6746.0 0
6747.0 0
6748.0 0
6749.0 0
6750.0 0
6751.0 0
6752.0 0
6753.0 0
6754.0 0
6755.0 0
6756.0 0
6757.0 0
6758.0 0
6759.0 0
6760.0 0
6761.0 0
6762.0 0
6763.0 0
6764.0 0
6765.0 0
6766.0 0
6767.0 0
6768.0 0
6769.0 0
6770.0 0
6771.0 0
6772.0 0
6773.0 0
6774.0 0
6775.0 0
6776.0 0
6777.0 0
6778.0 0
6779.0 0
6780.0 0
6781.0 0
6782.0 0
6783.0 0
6784.0 0
6785.0 0
6786.0 0
6787.0 0
6788.0 0
6789.0 0
6790.0 0
6791.0 0
6792.0 0
6793.0 0
6794.0 0
6795.0 0
6796.0 0
6797.0 0
6798.0 0
6799.0 0
6800.0 0
6801.0 0
6802.0 0
6803.0 0
6804.0 0
6805.0 0
6806.0 0
6807.0 0
6808.0 0
6809.0 0
6810.0 0
6811.0 0
6812.0 0
6813.0 0
6814.0 0
6815.0 0
6816.0 0
6817.0 0
6818.0 0
6819.0 0
6820.0 0
6821.0 0
6822.0 0
6823.0 0
6824.0 0
6825.0 0
6826.0 0
6827.0 0
6828.0 0
6829.0 0
6830.0 0
6831.0 0
6832.0 0
6833.0 0
6834.0 0
6835.0 1e-05
6836.0 1e-05
6837.0 1e-05
6838.0 1e-05
6839.0 1e-05
6840.0 1e-05
6841.0 2e-05
6842.0 3e-05
6843.0 3e-05
6844.0 3e-05
6845.0 3e-05
6846.0 3e-05
6847.0 2e-05
6848.0 1e-05
6849.0 1e-05
6850.0 1e-05
6851.0 1e-05
6852.0 0
6853.0 0
6854.0 0
6855.0 0
6856.0 0
6857.0 0
6858.0 0
6859.0 0
6860.0 0
6861.0 0
6862.0 0
6863.0 0
6864.0 0
6865.0 0
6866.0 0
6867.0 0
6868.0 0
6869.0 0
6870.0 0
6871.0 0
6872.0 0
6873.0 0
6874.0 0
6875.0 0
6876.0 0
6877.0 0
6878.0 0
6879.0 0
6880.0 0
6881.0 0
6882.0 0
6883.0 0
6884.0 0
6885.0 0
6886.0 0
6887.0 0
6888.0 0
6889.0 0
6890.0 0
6891.0 0
6892.0 0
6893.0 0
6894.0 0
6895.0 0
6896.0 0
6897.0 0
6898.0 0
6899.0 0
6900.0 0
6901.0 1e-05
6902.0 0
6903.0 1e-05
6904.0 1e-05
6905.0 1e-05
6906.0 1e-05
6907.0 1e-05
6908.0 1e-05
6909.0 1e-05
6910.0 1e-05
6911.0 1e-05
6912.0 1e-05
6913.0 1e-05
6914.0 1e-05
6915.0 0
6916.0 0
6917.0 0
6918.0 0
6919.0 0
6920.0 0
6921.0 0
6922.0 0
6923.0 0
6924.0 0
6925.0 0
6926.0 0
6927.0 0
6928.0 0
6929.0 0
6930.0 0
6931.0 0
6932.0 0
6933.0 0
6934.0 0
6935.0 0
6936.0 0
6937.0 0
6938.0 0
6939.0 0
6940.0 0
6941.0 0
6942.0 0
6943.0 0
6944.0 0
6945.0 0
6946.0 0
6947.0 0
6948.0 0
6949.0 0
6950.0 0
6951.0 0
6952.0 0
6953.0 0
6954.0 0
6955.0 0
6956.0 1e-05
6957.0 1e-05
6958.0 1e-05
6959.0 1e-05
6960.0 1e-05
6961.0 1e-05
6962.0 1e-05
6963.0 1e-05
6964.0 1e-05
6965.0 1e-05
6966.0 1e-05
6967.0 1e-05
6968.0 1e-05
6969.0 1e-05
6970.0 1e-05
6971.0 1e-05
6972.0 1e-05
6973.0 0
6974.0 0
6975.0 0
6976.0 0
6977.0 0
6978.0 0
6979.0 0
6980.0 0
6981.0 0
6982.0 0
6983.0 0
6984.0 0
6985.0 0
6986.0 0
6987.0 0
6988.0 0
6989.0 0
6990.0 0
6991.0 0
6992.0 0
6993.0 0
6994.0 0
6995.0 0
6996.0 0
6997.0 0
6998.0 0
6999.0 0
7000.0 0
7001.0 0
7002.0 0
7003.0 0
7004.0 0
7005.0 0
7006.0 0
7007.0 0
7008.0 0
7009.0 0
7010.0 0
7011.0 0
7012.0 0
7013.0 0
7014.0 0
7015.0 0
7016.0 0
7017.0 0
7018.0 0
7019.0 0
7020.0 0
7021.0 0
7022.0 0
7023.0 0
7024.0 0
7025.0 0
7026.0 0
7027.0 0
7028.0 0
7029.0 0
7030.0 0
7031.0 0
7032.0 0
7033.0 0
7034.0 0
7035.0 0
7036.0 0
7037.0 0
7038.0 1e-05
7039.0 1e-05
7040.0 1e-05
7041.0 1e-05
7042.0 1e-05
7043.0 1e-05
7044.0 2e-05
7045.0 3e-05
7046.0 4e-05
7047.0 8e-05
7048.0 0.00012
7049.0 0.00012
7050.0 0.00012
7051.0 7e-05
7052.0 3e-05
7053.0 2e-05
7054.0 1e-05
7055.0 1e-05
7056.0 1e-05
7057.0 0
7058.0 0
7059.0 0
7060.0 0
7061.0 0
7062.0 0
7063.0 0
7064.0 0
7065.0 0
7066.0 0
7067.0 0
7068.0 0
7069.0 0
7070.0 0
7071.0 0
7072.0 0
7073.0 0
7074.0 0
7075.0 0
7076.0 0
7077.0 0
7078.0 0
7079.0 0
7080.0 0
7081.0 0
7082.0 0
7083.0 0
7084.0 0
7085.0 0
7086.0 0
7087.0 0
7088.0 0
7089.0 0
7090.0 0
7091.0 0
7092.0 0
7093.0 0
7094.0 0
7095.0 0
7096.0 0
7097.0 0
7098.0 0
7099.0 0
7100.0 0
7101.0 0
7102.0 0
7103.0 0
7104.0 0
7105.0 0
7106.0 0
7107.0 0
7108.0 0
7109.0 0
7110.0 0
7111.0 0
7112.0 0
7113.0 0
7114.0 0
7115.0 0
7116.0 0
7117.0 0
7118.0 0
7119.0 0
7120.0 0
7121.0 0
7122.0 0
7123.0 0
7124.0 1e-05
7125.0 1e-05
7126.0 2e-05
7127.0 5e-05
7128.0 8e-05
7129.0 0.00013
7130.0 0.00017
7131.0 0.0001
7132.0 3e-05
7133.0 2e-05
7134.0 1e-05
7135.0 1e-05
7136.0 1e-05
7137.0 1e-05
7138.0 1e-05
7139.0 0
7140.0 0
7141.0 0
7142.0 0
7143.0 0
7144.0 0
7145.0 0
7146.0 0
7147.0 0
7148.0 0
7149.0 0
7150.0 0
7151.0 0
7152.0 0
7153.0 0
7154.0 1e-05
7155.0 1e-05
7156.0 1e-05
7157.0 1e-05
7158.0 1e-05
7159.0 3e-05
7160.0 4e-05
7161.0 4e-05
7162.0 5e-05
7163.0 3e-05
7164.0 1e-05
7165.0 1e-05
7166.0 1e-05
7167.0 0
7168.0 0
7169.0 0
7170.0 0
7171.0 0
7172.0 0
7173.0 0
7174.0 0
7175.0 0
7176.0 0
7177.0 0
7178.0 0
7179.0 0
7180.0 0
7181.0 0
7182.0 0
7183.0 0
7184.0 0
7185.0 0
7186.0 0
7187.0 0
7188.0 0
7189.0 0
7190.0 0
7191.0 0
7192.0 0
7193.0 0
7194.0 0
7195.0 0
7196.0 0
7197.0 0
7198.0 0
7199.0 0
7200.0 0
7201.0 0
7202.0 0
7203.0 0
7204.0 0
7205.0 0
7206.0 0
7207.0 0
7208.0 0
7209.0 0
7210.0 0
7211.0 0
7212.0 0
7213.0 0
7214.0 0
7215.0 0
7216.0 0
7217.0 0
7218.0 0
7219.0 0
7220.0 0
7221.0 0
7222.0 0
7223.0 0
7224.0 0
7225.0 0
7226.0 0
7227.0 0
7228.0 0
7229.0 0
7230.0 0
7231.0 0
7232.0 0
7233.0 0
7234.0 0
7235.0 0
7236.0 0
7237.0 0
7238.0 0
7239.0 0
7240.0 0
7241.0 0
7242.0 0
7243.0 0
7244.0 0
7245.0 0
7246.0 0
7247.0 0
7248.0 0
7249.0 0
7250.0 0
7251.0 0
7252.0 0
7253.0 0
7254.0 0
7255.0 0
7256.0 0
7257.0 0
7258.0 0
7259.0 0
7260.0 0
7261.0 0
7262.0 0
7263.0 0
7264.0 0
7265.0 0
7266.0 0
7267.0 0
7268.0 0
7269.0 0
7270.0 0
7271.0 0
7272.0 0
7273.0 0
7274.0 0
7275.0 0
7276.0 0
7277.0 0
7278.0 0
7279.0 0
7280.0 0
7281.0 0
7282.0 0
7283.0 0
7284.0 0
7285.0 0
7286.0 0
7287.0 0
7288.0 0
7289.0 0
7290.0 0
7291.0 0
7292.0 0
7293.0 0
7294.0 0
7295.0 0
7296.0 0
7297.0 0
7298.0 0
7299.0 0
7300.0 0
7301.0 0
7302.0 0
7303.0 0
7304.0 0
7305.0 0
7306.0 0
7307.0 0
7308.0 0
7309.0 0
7310.0 0
7311.0 0
7312.0 0
7313.0 0
7314.0 0
7315.0 0
7316.0 0
7317.0 0
7318.0 0
7319.0 0
7320.0 0
7321.0 0
7322.0 0
7323.0 0
7324.0 0
7325.0 0
7326.0 0
7327.0 0
7328.0 0
7329.0 0
7330.0 0
7331.0 0
7332.0 0
7333.0 0
7334.0 0
7335.0 0
7336.0 0
7337.0 0
7338.0 0
7339.0 0
7340.0 0
7341.0 0
7342.0 0
7343.0 0
7344.0 0
7345.0 0
7346.0 0
7347.0 0
7348.0 0
7349.0 0
7350.0 0
7351.0 0
7352.0 0
7353.0 0
7354.0 0
7355.0 0
7356.0 0
7357.0 0
7358.0 0
7359.0 0
7360.0 0
7361.0 0
7362.0 0
7363.0 0
7364.0 0
7365.0 0
7366.0 0
7367.0 0
7368.0 0
7369.0 0
7370.0 0
7371.0 0
7372.0 0
7373.0 0
7374.0 0
7375.0 0
7376.0 0
7377.0 0
7378.0 0
7379.0 0
7380.0 0
7381.0 0
7382.0 0
7383.0 0
7384.0 0
7385.0 0
7386.0 0
7387.0 0
7388.0 0
7389.0 0
7390.0 0
7391.0 0
7392.0 0
7393.0 0
7394.0 0
7395.0 0
7396.0 0
7397.0 0
7398.0 0
7399.0 0
7400.0 0
7401.0 0
7402.0 0
7403.0 0
7404.0 0
7405.0 0
7406.0 0
7407.0 0
7408.0 0
7409.0 0
7410.0 0
7411.0 0
7412.0 0
7413.0 0
7414.0 0
7415.0 0
7416.0 0
7417.0 0
7418.0 0
7419.0 0
7420.0 0
7421.0 0
7422.0 0
7423.0 0
7424.0 0
7425.0 0
7426.0 0
7427.0 0
7428.0 0
7429.0 0
7430.0 0
7431.0 0
7432.0 0
7433.0 0
7434.0 0
7435.0 0
7436.0 0
7437.0 0
7438.0 0
7439.0 0
7440.0 0
7441.0 0
7442.0 0
7443.0 0
7444.0 0
7445.0 0
7446.0 0
7447.0 0
7448.0 0
7449.0 0
7450.0 0
7451.0 0
7452.0 0
7453.0 0
7454.0 0
7455.0 0
7456.0 0
7457.0 0
7458.0 0
7459.0 0
7460.0 0
7461.0 0
7462.0 0
7463.0 0
7464.0 0
7465.0 0
7466.0 0
7467.0 0
7468.0 0
7469.0 0
7470.0 0
7471.0 0
7472.0 0
7473.0 0
7474.0 0
7475.0 0
7476.0 0
7477.0 0
7478.0 0
7479.0 0
7480.0 0
7481.0 0
7482.0 0
7483.0 0
7484.0 0
7485.0 0
7486.0 0
7487.0 0
7488.0 0
7489.0 0
7490.0 0
7491.0 0
7492.0 0
7493.0 0
7494.0 0
7495.0 0
7496.0 0
7497.0 0
7498.0 0
7499.0 0
7500.0 0
7501.0 0
7502.0 0
7503.0 0
7504.0 0
7505.0 0
7506.0 0
7507.0 0
7508.0 0
7509.0 0
7510.0 0
7511.0 0
7512.0 0
7513.0 0
7514.0 0
7515.0 0
7516.0 0
7517.0 0
7518.0 0
7519.0 0
7520.0 0
7521.0 0
7522.0 0
7523.0 0
7524.0 0
7525.0 0
7526.0 0
7527.0 4e-05
7528.0 8e-05
7529.0 4e-05
7530.0 0
7531.0 0
7532.0 0
7533.0 0
7534.0 0
7535.0 0
7536.0 0
7537.0 0
7538.0 0
7539.0 0
7540.0 0
7541.0 0
7542.0 0
7543.0 0
7544.0 0
7545.0 0
7546.0 0
7547.0 0
7548.0 0
7549.0 0
7550.0 0
7551.0 0
7552.0 0
7553.0 0
7554.0 0
7555.0 0
7556.0 0
7557.0 0
7558.0 0
7559.0 0
7560.0 0
7561.0 0
7562.0 0
7563.0 0
7564.0 0
7565.0 0
7566.0 0
7567.0 0
7568.0 0
7569.0 0
7570.0 0
7571.0 0
7572.0 0
7573.0 0
7574.0 0
7575.0 0
7576.0 0
7577.0 0
7578.0 0
7579.0 0
7580.0 0
7581.0 0
7582.0 0
7583.0 0
7584.0 0
7585.0 0
7586.0 0
7587.0 0
7588.0 0
7589.0 0
7590.0 0
7591.0 0
7592.0 0
7593.0 0
7594.0 0
7595.0 0
7596.0 0
7597.0 0
7598.0 0
7599.0 0
7600.0 0
7601.0 0
7602.0 0
7603.0 0
7604.0 0
7605.0 0
7606.0 0
7607.0 0
7608.0 0
7609.0 0
7610.0 0
7611.0 0
7612.0 0
7613.0 0
7614.0 0
7615.0 0
7616.0 0
7617.0 0
7618.0 0
7619.0 0
7620.0 0
7621.0 0
7622.0 0
7623.0 0
7624.0 0
7625.0 0
7626.0 0
7627.0 0
7628.0 0
7629.0 0
7630.0 0
7631.0 0
7632.0 0
7633.0 0
7634.0 0
7635.0 0
7636.0 0
7637.0 0
7638.0 0
7639.0 0
7640.0 0
7641.0 0
7642.0 0
7643.0 0
7644.0 0
7645.0 0
7646.0 0
7647.0 0
7648.0 0
7649.0 0
7650.0 0
7651.0 0
7652.0 0
7653.0 0
7654.0 0
7655.0 0
7656.0 0
7657.0 0
7658.0 1e-05
7659.0 1e-05
7660.0 1e-05
7661.0 2e-05
7662.0 2e-05
7663.0 2e-05
7664.0 3e-05
7665.0 4e-05
7666.0 5e-05
7667.0 3e-05
7668.0 3e-05
7669.0 5e-05
7670.0 4e-05
7671.0 4e-05
7672.0 3e-05
7673.0 2e-05
7674.0 2e-05
7675.0 2e-05
7676.0 2e-05
7677.0 1e-05
7678.0 1e-05
7679.0 1e-05
7680.0 1e-05
7681.0 1e-05
7682.0 1e-05
7683.0 1e-05
7684.0 1e-05
7685.0 1e-05
7686.0 1e-05
7687.0 1e-05
7688.0 1e-05
7689.0 1e-05
7690.0 1e-05
7691.0 0
7692.0 0
7693.0 1e-05
7694.0 1e-05
7695.0 1e-05
7696.0 1e-05
7697.0 1e-05
7698.0 0
7699.0 0
7700.0 1e-05
7701.0 1e-05
7702.0 1e-05
7703.0 1e-05
7704.0 1e-05
7705.0 0
7706.0 0
7707.0 1e-05
7708.0 1e-05
7709.0 1e-05
7710.0 1e-05
7711.0 1e-05
7712.0 0
7713.0 0
7714.0 1e-05
7715.0 1e-05
7716.0 1e-05
7717.0 1e-05
7718.0 1e-05
7719.0 1e-05
7720.0 1e-05
7721.0 1e-05
7722.0 0
7723.0 0
7724.0 0
7725.0 0
7726.0 0
7727.0 0
7728.0 0
7729.0 0
7730.0 0
7731.0 0
7732.0 0
7733.0 0
7734.0 0
7735.0 0
7736.0 0
7737.0 0
7738.0 0
7739.0 0
7740.0 0
7741.0 0
7742.0 0
7743.0 0
7744.0 0
7745.0 0
7746.0 0
7747.0 0
7748.0 0
7749.0 0
7750.0 0
7751.0 0
7752.0 0
7753.0 0
7754.0 0
7755.0 0
7756.0 0
7757.0 0
7758.0 0
7759.0 0
7760.0 0
7761.0 0
7762.0 0
7763.0 0
7764.0 0
7765.0 0
7766.0 0
7767.0 0
7768.0 0
7769.0 0
7770.0 0
7771.0 0
7772.0 0
7773.0 0
7774.0 0
7775.0 0
7776.0 0
7777.0 0
7778.0 0
7779.0 0
7780.0 0
7781.0 0
7782.0 0
7783.0 0
7784.0 0
7785.0 0
7786.0 0
7787.0 0
7788.0 0
7789.0 0
7790.0 0
7791.0 0
7792.0 0
7793.0 0
7794.0 0
7795.0 0
7796.0 0
7797.0 0
7798.0 0
7799.0 0
7800.0 0
7801.0 0
7802.0 0
7803.0 0
7804.0 0
7805.0 0
7806.0 0
7807.0 0
7808.0 0
7809.0 1e-05
7810.0 1e-05
7811.0 1e-05
7812.0 1e-05
7813.0 1e-05
7814.0 1e-05
7815.0 1e-05
7816.0 1e-05
7817.0 1e-05
7818.0 1e-05
7819.0 1e-05
7820.0 1e-05
7821.0 1e-05
7822.0 1e-05
7823.0 1e-05
7824.0 1e-05
7825.0 1e-05
7826.0 1e-05
7827.0 1e-05
7828.0 1e-05
7829.0 1e-05
7830.0 1e-05
7831.0 1e-05
7832.0 1e-05
7833.0 1e-05
7834.0 1e-05
7835.0 1e-05
7836.0 1e-05
7837.0 1e-05
7838.0 1e-05
7839.0 1e-05
7840.0 1e-05
7841.0 1e-05
7842.0 1e-05
7843.0 1e-05
7844.0 1e-05
7845.0 1e-05
7846.0 2e-05
7847.0 1e-05
7848.0 1e-05
7849.0 1e-05
7850.0 1e-05
7851.0 2e-05
7852.0 2e-05
7853.0 2e-05
7854.0 2e-05
7855.0 2e-05
7856.0 2e-05
7857.0 2e-05
7858.0 2e-05
7859.0 2e-05
7860.0 2e-05
7861.0 2e-05
7862.0 2e-05
7863.0 2e-05
7864.0 2e-05
7865.0 2e-05
7866.0 2e-05
7867.0 2e-05
7868.0 2e-05
7869.0 2e-05
7870.0 2e-05
7871.0 2e-05
7872.0 2e-05
7873.0 2e-05
7874.0 2e-05
7875.0 2e-05
7876.0 2e-05
7877.0 2e-05
7878.0 2e-05
7879.0 2e-05
7880.0 2e-05
7881.0 2e-05
7882.0 2e-05
7883.0 3e-05
7884.0 3e-05
7885.0 3e-05
7886.0 3e-05
7887.0 3e-05
7888.0 3e-05
7889.0 3e-05
7890.0 3e-05
7891.0 3e-05
7892.0 3e-05
7893.0 3e-05
7894.0 3e-05
7895.0 3e-05
7896.0 3e-05
7897.0 3e-05
7898.0 3e-05
7899.0 3e-05
7900.0 4e-05
7901.0 4e-05
7902.0 4e-05
7903.0 4e-05
7904.0 4e-05
7905.0 4e-05
7906.0 4e-05
7907.0 4e-05
7908.0 4e-05
7909.0 4e-05
7910.0 4e-05
7911.0 4e-05
7912.0 4e-05
7913.0 4e-05
7914.0 5e-05
7915.0 5e-05
7916.0 5e-05
7917.0 5e-05
7918.0 5e-05
7919.0 5e-05
7920.0 5e-05
7921.0 5e-05
7922.0 5e-05
7923.0 5e-05
7924.0 5e-05
7925.0 5e-05
7926.0 6e-05
7927.0 6e-05
7928.0 6e-05
7929.0 6e-05
7930.0 6e-05
7931.0 6e-05
7932.0 6e-05
7933.0 6e-05
7934.0 6e-05
7935.0 7e-05
7936.0 7e-05
7937.0 7e-05
7938.0 7e-05
7939.0 7e-05
7940.0 7e-05
7941.0 7e-05
7942.0 7e-05
7943.0 8e-05
7944.0 8e-05
7945.0 8e-05
7946.0 8e-05
7947.0 8e-05
7948.0 8e-05
7949.0 9e-05
7950.0 9e-05
7951.0 9e-05
7952.0 9e-05
7953.0 9e-05
7954.0 9e-05
7955.0 0.0001
7956.0 0.0001
7957.0 0.0001
7958.0 0.0001
7959.0 0.00011
7960.0 0.00011
7961.0 0.00011
7962.0 0.00011
7963.0 0.00011
7964.0 0.00012
7965.0 0.00012
7966.0 0.00012
7967.0 0.00013
7968.0 0.00013
7969.0 0.00013
7970.0 0.00014
7971.0 0.00014
7972.0 0.00014
7973.0 0.00015
7974.0 0.00015
7975.0 0.00016
7976.0 0.00016
7977.0 0.00016
7978.0 0.00017
7979.0 0.00017
7980.0 0.00018
7981.0 0.00018
7982.0 0.00019
7983.0 0.00019
7984.0 0.0002
7985.0 0.0002
7986.0 0.00021
7987.0 0.00021
7988.0 0.00022
7989.0 0.00023
7990.0 0.00023
7991.0 0.00024
7992.0 0.00025
7993.0 0.00025
7994.0 0.00026
7995.0 0.00027
7996.0 0.00027
7997.0 0.00028
7998.0 0.00029
7999.0 0.0003
8000.0 0.00031
8001.0 0.00032
8002.0 0.00033
8003.0 0.00034
8004.0 0.00035
8005.0 0.00036
8006.0 0.00038
8007.0 0.00039
8008.0 0.0004
8009.0 0.00042
8010.0 0.00042
8011.0 0.00045
8012.0 0.00046
8013.0 0.00047
8014.0 0.00049
8015.0 0.0005
8016.0 0.00052
8017.0 0.00055
8018.0 0.00057
8019.0 0.00059
8020.0 0.00061
8021.0 0.00063
8022.0 0.00066
8023.0 0.00067
8024.0 0.0007
8025.0 0.00073
8026.0 0.00076
8027.0 0.00079
8028.0 0.00082
8029.0 0.00085
8030.0 0.00088
8031.0 0.00091
8032.0 0.00095
8033.0 0.00099
8034.0 0.00103
8035.0 0.00107
8036.0 0.0011
8037.0 0.00116
8038.0 0.0012
8039.0 0.00124
8040.0 0.0013
8041.0 0.00135
8042.0 0.00139
8043.0 0.00146
8044.0 0.00151
8045.0 0.00157
8046.0 0.00163
8047.0 0.0017
8048.0 0.00175
8049.0 0.00184
8050.0 0.00192
8051.0 0.00199
8052.0 0.00208
8053.0 0.00216
8054.0 0.00225
8055.0 0.00233
8056.0 0.00243
8057.0 0.00252
8058.0 0.00263
8059.0 0.00274
8060.0 0.00286
8061.0 0.00297
8062.0 0.00308
8063.0 0.00323
8064.0 0.00336
8065.0 0.0035
8066.0 0.00365
8067.0 0.00381
8068.0 0.00396
8069.0 0.00415
8070.0 0.00432
8071.0 0.00452
8072.0 0.00467
8073.0 0.00492
8074.0 0.00515
8075.0 0.00539
8076.0 0.00563
8077.0 0.00588
8078.0 0.00615
8079.0 0.00646
8080.0 0.00676
8081.0 0.00707
8082.0 0.0074
8083.0 0.00779
8084.0 0.00814
8085.0 0.00856
8086.0 0.00899
8087.0 0.00937
8088.0 0.00983
8089.0 0.01043
8090.0 0.01094
8091.0 0.0115
8092.0 0.01209
8093.0 0.01266
8094.0 0.01337
8095.0 0.0141
8096.0 0.01475
8097.0 0.01554
8098.0 0.0164
8099.0 0.01712
8100.0 0.01815
8101.0 0.01897
8102.0 0.02014
8103.0 0.02122
8104.0 0.02225
8105.0 0.02344
8106.0 0.0247
8107.0 0.02584
8108.0 0.02724
8109.0 0.02869
8110.0 0.02944
8111.0 0.03161
8112.0 0.03309
8113.0 0.03458
8114.0 0.03655
8115.0 0.03829
8116.0 0.03857
8117.0 0.04176
8118.0 0.04395
8119.0 0.04592
8120.0 0.0478
8121.0 0.04896
8122.0 0.05213
8123.0 0.05368
8124.0 0.05598
8125.0 0.05746
8126.0 0.06041
8127.0 0.06272
8128.0 0.0652
8129.0 0.06644
8130.0 0.07004
8131.0 0.07231
8132.0 0.0732
8133.0 0.07383
8134.0 0.07843
8135.0 0.08047
8136.0 0.07207
8137.0 0.0816
8138.0 0.08679
8139.0 0.08679
8140.0 0.09091
8141.0 0.09129
8142.0 0.09203
8143.0 0.08409
8144.0 0.09049
8145.0 0.09859
8146.0 0.09492
8147.0 0.10055
8148.0 0.1009
8149.0 0.10043
8150.0 0.10265
8151.0 0.09973
8152.0 0.09026
8153.0 0.10647
8154.0 0.10693
8155.0 0.09808
8156.0 0.09971
8157.0 0.08588
8158.0 0.10804
8159.0 0.1081
8160.0 0.09469
8161.0 0.10845
8162.0 0.10902
8163.0 0.10834
8164.0 0.0877
8165.0 0.10279
8166.0 0.1063
8167.0 0.09113
8168.0 0.10807
8169.0 0.10818
8170.0 0.10841
8171.0 0.09654
8172.0 0.09111
8173.0 0.10742
8174.0 0.10759
8175.0 0.10736
8176.0 0.10711
8177.0 0.10547
8178.0 0.10726
8179.0 0.09036
8180.0 0.09366
8181.0 0.09822
8182.0 0.10584
8183.0 0.10674
8184.0 0.09322
8185.0 0.10533
8186.0 0.10653
8187.0 0.10664
8188.0 0.10522
8189.0 0.09882
8190.0 0.10535
8191.0 0.10077
8192.0 0.10112
8193.0 0.1061
8194.0 0.10611
8195.0 0.09697
8196.0 0.10408
8197.0 0.10621
8198.0 0.10626
8199.0 0.10584
8200.0 0.08227
8201.0 0.10265
8202.0 0.10244
8203.0 0.09581
8204.0 0.10575
8205.0 0.10604
8206.0 0.10601
8207.0 0.10463
8208.0 0.10579
8209.0 0.10552
8210.0 0.10545
8211.0 0.10523
8212.0 0.10323
8213.0 0.10453
8214.0 0.10131
8215.0 0.10411
8216.0 0.10415
8217.0 0.10381
8218.0 0.10411
8219.0 0.1036
8220.0 0.09965
8221.0 0.10262
8222.0 0.10322
8223.0 0.10284
8224.0 0.09694
8225.0 0.10254
8226.0 0.0942
8227.0 0.1012
8228.0 0.09677
8229.0 0.08402
8230.0 0.08578
8231.0 0.07639
8232.0 0.09045
8233.0 0.0981
8234.0 0.08234
8235.0 0.10075
8236.0 0.0875
8237.0 0.09843
8238.0 0.10002
8239.0 0.09995
8240.0 0.09812
8241.0 0.09973
8242.0 0.09561
8243.0 0.09967
8244.0 0.09949
8245.0 0.0984
8246.0 0.08295
8247.0 0.09892
8248.0 0.09891
8249.0 0.09826
8250.0 0.09851
8251.0 0.09808
8252.0 0.09815
8253.0 0.09796
8254.0 0.09771
8255.0 0.08956
8256.0 0.09741
8257.0 0.09702
8258.0 0.09643
8259.0 0.08451
8260.0 0.09571
8261.0 0.09648
8262.0 0.08265
8263.0 0.09571
8264.0 0.09581
8265.0 0.09537
8266.0 0.09194
8267.0 0.09496
8268.0 0.09529
8269.0 0.0951
8270.0 0.09496
8271.0 0.09465
8272.0 0.09453
8273.0 0.09429
8274.0 0.09107
8275.0 0.09291
8276.0 0.09277
8277.0 0.08325
8278.0 0.09284
8279.0 0.07872
8280.0 0.09279
8281.0 0.09168
8282.0 0.08177
8283.0 0.09208
8284.0 0.08257
8285.0 0.09086
8286.0 0.09166
8287.0 0.09147
8288.0 0.09127
8289.0 0.09077
8290.0 0.07069
8291.0 0.08979
8292.0 0.08426
8293.0 0.09021
8294.0 0.09007
8295.0 0.08993
8296.0 0.08548
8297.0 0.08341
8298.0 0.08829
8299.0 0.08921
8300.0 0.08903
8301.0 0.08868
8302.0 0.08813
8303.0 0.08348
8304.0 0.08836
8305.0 0.0881
8306.0 0.08725
8307.0 0.0784
8308.0 0.0873
8309.0 0.08783
8310.0 0.08759
8311.0 0.088
8312.0 0.08818
8313.0 0.08811
8314.0 0.08214
8315.0 0.08843
8316.0 0.08741
8317.0 0.08874
8318.0 0.08734
8319.0 0.0873
8320.0 0.08787
8321.0 0.08818
8322.0 0.08913
8323.0 0.08658
8324.0 0.07664
8325.0 0.08915
8326.0 0.08926
8327.0 0.08922
8328.0 0.08893
8329.0 0.08827
8330.0 0.08905
8331.0 0.08823
8332.0 0.08037
8333.0 0.08829
8334.0 0.08813
8335.0 0.08726
8336.0 0.08436
8337.0 0.08758
8338.0 0.08485
8339.0 0.08727
8340.0 0.08697
8341.0 0.07925
8342.0 0.08582
8343.0 0.08589
8344.0 0.08471
8345.0 0.08486
8346.0 0.08435
8347.0 0.08391
8348.0 0.08347
8349.0 0.08284
8350.0 0.08221
8351.0 0.08095
8352.0 0.07997
8353.0 0.08034
8354.0 0.07969
8355.0 0.07832
8356.0 0.0758
8357.0 0.0762
8358.0 0.07639
8359.0 0.07324
8360.0 0.07372
8361.0 0.07339
8362.0 0.07186
8363.0 0.07111
8364.0 0.06863
8365.0 0.06797
8366.0 0.06724
8367.0 0.06578
8368.0 0.06434
8369.0 0.06236
8370.0 0.06052
8371.0 0.05945
8372.0 0.05758
8373.0 0.05569
8374.0 0.05417
8375.0 0.05227
8376.0 0.04887
8377.0 0.04833
8378.0 0.04649
8379.0 0.04383
8380.0 0.04273
8381.0 0.04101
8382.0 0.03919
8383.0 0.0374
8384.0 0.03548
8385.0 0.0339
8386.0 0.03209
8387.0 0.03051
8388.0 0.02875
8389.0 0.02755
8390.0 0.02599
8391.0 0.0248
8392.0 0.02343
8393.0 0.02229
8394.0 0.02109
8395.0 0.02001
8396.0 0.01879
8397.0 0.01786
8398.0 0.01698
8399.0 0.01612
8400.0 0.01521
8401.0 0.01451
8402.0 0.01373
8403.0 0.01303
8404.0 0.01241
8405.0 0.0118
8406.0 0.01121
8407.0 0.01068
8408.0 0.01003
8409.0 0.00968
8410.0 0.00919
8411.0 0.0086
8412.0 0.00825
8413.0 0.00795
8414.0 0.00757
8415.0 0.00723
8416.0 0.00689
8417.0 0.00659
8418.0 0.00622
8419.0 0.00602
8420.0 0.00574
8421.0 0.00544
8422.0 0.00527
8423.0 0.00504
8424.0 0.00483
8425.0 0.00463
8426.0 0.00443
8427.0 0.00425
8428.0 0.00407
8429.0 0.0039
8430.0 0.00373
8431.0 0.00359
8432.0 0.00343
8433.0 0.00326
8434.0 0.00316
8435.0 0.00303
8436.0 0.00291
8437.0 0.00278
8438.0 0.00267
8439.0 0.00254
8440.0 0.00244
8441.0 0.00235
8442.0 0.00225
8443.0 0.00215
8444.0 0.00206
8445.0 0.00196
8446.0 0.00189
8447.0 0.0018
8448.0 0.00173
8449.0 0.00165
8450.0 0.00158
8451.0 0.00151
8452.0 0.00145
8453.0 0.00138
8454.0 0.00132
8455.0 0.00127
8456.0 0.00121
8457.0 0.00116
8458.0 0.00111
8459.0 0.00106
8460.0 0.00101
8461.0 0.00097
8462.0 0.00093
8463.0 0.00088
8464.0 0.00085
8465.0 0.00081
8466.0 0.00078
8467.0 0.00075
8468.0 0.00072
8469.0 0.00069
8470.0 0.00066
8471.0 0.00063
8472.0 0.00061
8473.0 0.00058
8474.0 0.00056
8475.0 0.00054
8476.0 0.00052
8477.0 0.0005
8478.0 0.00048
8479.0 0.00046
8480.0 0.00045
8481.0 0.00043
8482.0 0.00041
8483.0 0.0004
8484.0 0.00039
8485.0 0.00038
8486.0 0.00036
8487.0 0.00035
8488.0 0.00034
8489.0 0.00033
8490.0 0.00032
8491.0 0.00031
8492.0 0.0003
8493.0 0.00029
8494.0 0.00028
8495.0 0.00028
8496.0 0.00027
8497.0 0.00026
8498.0 0.00026
8499.0 0.00025
8500.0 0.00024
8501.0 0.00024
8502.0 0.00023
8503.0 0.00023
8504.0 0.00022
8505.0 0.00022
8506.0 0.00021
8507.0 0.00021
8508.0 0.0002
8509.0 0.0002
8510.0 0.00019
8511.0 0.00019
8512.0 0.00018
8513.0 0.00018
8514.0 0.00018
8515.0 0.00017
8516.0 0.00017
8517.0 0.00017
8518.0 0.00016
8519.0 0.00016
8520.0 0.00015
8521.0 0.00015
8522.0 0.00015
8523.0 0.00014
8524.0 0.00014
8525.0 0.00014
8526.0 0.00013
8527.0 0.00013
8528.0 0.00013
8529.0 0.00012
8530.0 0.00012
8531.0 0.00012
8532.0 0.00011
8533.0 0.00011
8534.0 0.00011
8535.0 0.0001
8536.0 0.0001
8537.0 0.0001
8538.0 9e-05
8539.0 9e-05
8540.0 9e-05
8541.0 9e-05
8542.0 8e-05
8543.0 8e-05
8544.0 8e-05
8545.0 8e-05
8546.0 7e-05
8547.0 7e-05
8548.0 7e-05
8549.0 7e-05
8550.0 6e-05
8551.0 6e-05
8552.0 6e-05
8553.0 6e-05
8554.0 6e-05
8555.0 5e-05
8556.0 5e-05
8557.0 5e-05
8558.0 5e-05
8559.0 5e-05
8560.0 5e-05
8561.0 5e-05
8562.0 4e-05
8563.0 4e-05
8564.0 4e-05
8565.0 4e-05
8566.0 4e-05
8567.0 4e-05
8568.0 4e-05
8569.0 4e-05
8570.0 4e-05
8571.0 3e-05
8572.0 3e-05
8573.0 3e-05
8574.0 3e-05
8575.0 3e-05
8576.0 3e-05
8577.0 3e-05
8578.0 3e-05
8579.0 3e-05
8580.0 3e-05
8581.0 3e-05
8582.0 3e-05
8583.0 3e-05
8584.0 3e-05
8585.0 3e-05
8586.0 3e-05
8587.0 3e-05
8588.0 2e-05
8589.0 2e-05
8590.0 2e-05
8591.0 2e-05
8592.0 2e-05
8593.0 2e-05
8594.0 2e-05
8595.0 2e-05
8596.0 2e-05
8597.0 2e-05
8598.0 2e-05
8599.0 2e-05
8600.0 2e-05
8601.0 2e-05
8602.0 2e-05
8603.0 2e-05
8604.0 2e-05
8605.0 2e-05
8606.0 2e-05
8607.0 2e-05
8608.0 2e-05
8609.0 2e-05
8610.0 2e-05
8611.0 2e-05
8612.0 2e-05
8613.0 2e-05
8614.0 2e-05
8615.0 2e-05
8616.0 2e-05
8617.0 2e-05
8618.0 2e-05
8619.0 2e-05
8620.0 2e-05
8621.0 1e-05
8622.0 1e-05
8623.0 1e-05
8624.0 1e-05
8625.0 1e-05
8626.0 1e-05
8627.0 1e-05
8628.0 1e-05
8629.0 1e-05
8630.0 1e-05
8631.0 1e-05
8632.0 1e-05
8633.0 1e-05
8634.0 1e-05
8635.0 1e-05
8636.0 1e-05
8637.0 1e-05
8638.0 1e-05
8639.0 1e-05
8640.0 1e-05
8641.0 1e-05
8642.0 1e-05
8643.0 1e-05
8644.0 1e-05
8645.0 1e-05
8646.0 1e-05
8647.0 1e-05
8648.0 1e-05
8649.0 1e-05
8650.0 1e-05
8651.0 1e-05
8652.0 1e-05
8653.0 1e-05
8654.0 1e-05
8655.0 1e-05
8656.0 1e-05
8657.0 1e-05
8658.0 1e-05
8659.0 1e-05
8660.0 1e-05
8661.0 1e-05
8662.0 1e-05
8663.0 1e-05
8664.0 1e-05
8665.0 1e-05
8666.0 1e-05
8667.0 1e-05
8668.0 1e-05
8669.0 1e-05
8670.0 1e-05
8671.0 1e-05
8672.0 1e-05
8673.0 1e-05
8674.0 1e-05
8675.0 1e-05
8676.0 1e-05
8677.0 1e-05
8678.0 1e-05
8679.0 1e-05
8680.0 1e-05
8681.0 1e-05
8682.0 1e-05
8683.0 1e-05
8684.0 1e-05
8685.0 1e-05
8686.0 1e-05
8687.0 1e-05
8688.0 1e-05
8689.0 1e-05
8690.0 1e-05
8691.0 1e-05
8692.0 1e-05
8693.0 1e-05
8694.0 1e-05
8695.0 1e-05
8696.0 1e-05
8697.0 1e-05
8698.0 0
8699.0 0
8700.0 0
8701.0 0
8702.0 0
8703.0 0
8704.0 0
8705.0 0
8706.0 0
8707.0 0
8708.0 0
8709.0 0
8710.0 0
8711.0 0
8712.0 0
8713.0 0
8714.0 0
8715.0 0
8716.0 0
8717.0 0
8718.0 0
8719.0 0
8720.0 0
8721.0 0
8722.0 0
8723.0 0
8724.0 0
8725.0 0
8726.0 0
8727.0 0
8728.0 0
8729.0 0
8730.0 0
8731.0 0
8732.0 0
8733.0 0
8734.0 0
8735.0 0
8736.0 0
8737.0 0
8738.0 0
8739.0 0
8740.0 0
8741.0 0
8742.0 0
8743.0 0
8744.0 0
8745.0 0
8746.0 0
8747.0 0
8748.0 0
8749.0 0
8750.0 0
8751.0 0
8752.0 0
8753.0 0
8754.0 0
8755.0 0
8756.0 0
8757.0 0
8758.0 0
8759.0 0
8760.0 0
8761.0 0
8762.0 0
8763.0 0
8764.0 0
8765.0 0
8766.0 0
8767.0 0
8768.0 0
8769.0 0
8770.0 0
8771.0 0
8772.0 0
8773.0 0
8774.0 0
8775.0 0
8776.0 0
8777.0 0
8778.0 0
8779.0 0
8780.0 0
8781.0 0
8782.0 0
8783.0 0
8784.0 0
8785.0 0
8786.0 0
8787.0 0
8788.0 0
8789.0 0
8790.0 0
8791.0 0
8792.0 0
8793.0 0
8794.0 0
8795.0 0
8796.0 0
8797.0 0
8798.0 0
8799.0 0
8800.0 0
8801.0 0
8802.0 0
8803.0 0
8804.0 0
8805.0 0
8806.0 0
8807.0 0
8808.0 0
8809.0 0
8810.0 0
8811.0 0
8812.0 0
8813.0 0
8814.0 0
8815.0 0
8816.0 0
8817.0 0
8818.0 0
8819.0 0
8820.0 0
8821.0 0
8822.0 0
8823.0 0
8824.0 0
8825.0 0
8826.0 0
8827.0 0
8828.0 0
8829.0 0
8830.0 0
8831.0 0
8832.0 0
8833.0 0
8834.0 0
8835.0 0
8836.0 0
8837.0 0
8838.0 0
8839.0 0
8840.0 0
8841.0 0
8842.0 0
8843.0 0
8844.0 0
8845.0 0
8846.0 0
8847.0 0
8848.0 0
8849.0 0
8850.0 0
8851.0 0
8852.0 0
8853.0 0
8854.0 0
8855.0 0
8856.0 0
8857.0 0
8858.0 0
8859.0 0
8860.0 0
8861.0 0
8862.0 0
8863.0 0
8864.0 0
8865.0 0
8866.0 0
8867.0 0
8868.0 0
8869.0 0
8870.0 0
8871.0 0
8872.0 0
8873.0 0
8874.0 0
8875.0 0
8876.0 0
8877.0 0
8878.0 0
8879.0 0
8880.0 0
8881.0 0
8882.0 0
8883.0 0
8884.0 0
8885.0 0
8886.0 0
8887.0 0
8888.0 0
8889.0 0
8890.0 0
8891.0 0
8892.0 0
8893.0 0
8894.0 0
8895.0 0
8896.0 0
8897.0 0
8898.0 0
8899.0 0
8900.0 0
8901.0 0
8902.0 0
8903.0 0
8904.0 0
8905.0 0
8906.0 0
8907.0 0
8908.0 0
8909.0 0
8910.0 0
8911.0 0
8912.0 0
8913.0 0
8914.0 0
8915.0 0
8916.0 0
8917.0 0
8918.0 0
8919.0 0
8920.0 0
8921.0 1e-05
8922.0 2e-05
8923.0 3e-05
8924.0 4e-05
8925.0 2e-05
8926.0 1e-05
8927.0 0
8928.0 0
8929.0 0
8930.0 0
8931.0 0
8932.0 0
8933.0 0
8934.0 0
8935.0 0
8936.0 0
8937.0 0
8938.0 0
8939.0 0
8940.0 0
8941.0 0
8942.0 0
8943.0 0
8944.0 0
8945.0 0
8946.0 0
8947.0 0
8948.0 0
8949.0 0
8950.0 0
8951.0 0
8952.0 0
8953.0 0
8954.0 0
8955.0 0
8956.0 0
8957.0 0
8958.0 0
8959.0 0
8960.0 0
8961.0 0
8962.0 0
8963.0 0
8964.0 0
8965.0 0
8966.0 0
8967.0 0
8968.0 0
8969.0 0
8970.0 0
8971.0 0
8972.0 0
8973.0 0
8974.0 0
8975.0 0
8976.0 0
8977.0 0
8978.0 0
8979.0 0
8980.0 0
8981.0 0
8982.0 0
8983.0 0
8984.0 0
8985.0 0
8986.0 0
8987.0 0
8988.0 0
8989.0 0
8990.0 0
8991.0 0
8992.0 0
8993.0 0
8994.0 0
8995.0 0
8996.0 0
8997.0 0
8998.0 0
8999.0 0
9000.0 0
9001.0 0
9002.0 0
9003.0 0
9004.0 0
9005.0 0
9006.0 0
9007.0 0
9008.0 0
9009.0 0
9010.0 0
9011.0 0
9012.0 0
9013.0 0
9014.0 0
9015.0 0
9016.0 0
9017.0 0
9018.0 0
9019.0 0
9020.0 0
9021.0 0
9022.0 0
9023.0 0
9024.0 0
9025.0 0
9026.0 0
9027.0 0
9028.0 0
9029.0 0
9030.0 0
9031.0 0
9032.0 0
9033.0 0
9034.0 0
9035.0 0
9036.0 0
9037.0 0
9038.0 0
9039.0 0
9040.0 0
9041.0 0
9042.0 0
9043.0 0
9044.0 0
9045.0 0
9046.0 0
9047.0 0
9048.0 0
9049.0 0
9050.0 0
9051.0 0
9052.0 0
9053.0 0
9054.0 0
9055.0 0
9056.0 0
9057.0 0
9058.0 0
9059.0 0
9060.0 0
9061.0 0
9062.0 0
9063.0 0
9064.0 0
9065.0 0
9066.0 0
9067.0 0
9068.0 0
9069.0 0
9070.0 0
9071.0 0
9072.0 0
9073.0 0
9074.0 0
9075.0 0
9076.0 0
9077.0 0
9078.0 0
9079.0 0
9080.0 0
9081.0 0
9082.0 0
9083.0 0
9084.0 0
9085.0 0
9086.0 0
9087.0 0
9088.0 0
9089.0 0
9090.0 0
9091.0 0
9092.0 0
9093.0 0
9094.0 0
9095.0 0
9096.0 0
9097.0 0
9098.0 0
9099.0 0
9100.0 0
9101.0 0
9102.0 0
9103.0 0
9104.0 0
9105.0 0
9106.0 0
9107.0 0
9108.0 0
9109.0 0
9110.0 0
9111.0 0
9112.0 0
9113.0 0
9114.0 0
9115.0 0
9116.0 0
9117.0 0
9118.0 0
9119.0 0
9120.0 0
9121.0 0
9122.0 0
9123.0 0
9124.0 0
9125.0 0
9126.0 0
9127.0 0
9128.0 0
9129.0 0
9130.0 0
9131.0 0
9132.0 0
9133.0 0
9134.0 0
9135.0 0
9136.0 0
9137.0 0
9138.0 0
9139.0 0
9140.0 0
9141.0 0
9142.0 0
9143.0 0
9144.0 0
9145.0 0
9146.0 0
9147.0 0
9148.0 0
9149.0 0
9150.0 0
9151.0 0
9152.0 0
9153.0 0
9154.0 0
9155.0 0
9156.0 0
9157.0 0
9158.0 0
9159.0 0
9160.0 0
9161.0 0
9162.0 0
9163.0 0
9164.0 0
9165.0 0
9166.0 0
9167.0 0
9168.0 0
9169.0 0
9170.0 0
9171.0 0
9172.0 0
9173.0 1e-05
9174.0 1e-05
9175.0 0
