# FSPS MIST isochrones + Chabrier IMF: per-age, per-metallicity surviving fraction
# IMF: Chabrier (2003)
# Isochrone: mist
# Spectral library: miles
# Layout: row 1 = log_age_yr (107 nodes), row 2 = z_absolute (12 nodes), rows 3-14 = mass_remaining[i_z, :]
# All columns %.17g format for exact round-trip
5 5.0499999999999998 5.0999999999999996 5.1500000000000004 5.2000000000000002 5.25 5.2999999999999998 5.3499999999999996 5.4000000000000004 5.4500000000000002 5.5 5.5499999999999998 5.5999999999999996 5.6500000000000004 5.7000000000000002 5.75 5.7999999999999998 5.8499999999999996 5.9000000000000004 5.9500000000000002 6 6.0499999999999998 6.0999999999999996 6.1500000000000004 6.2000000000000002 6.25 6.2999999999999998 6.3499999999999996 6.4000000000000004 6.4500000000000002 6.5 6.5499999999999998 6.5999999999999996 6.6500000000000004 6.7000000000000002 6.75 6.7999999999999998 6.8499999999999996 6.9000000000000004 6.9500000000000002 7 7.0499999999999998 7.0999999999999996 7.1500000000000004 7.2000000000000002 7.25 7.2999999999999998 7.3499999999999996 7.4000000000000004 7.4500000000000002 7.5 7.5499999999999998 7.5999999999999996 7.6500000000000004 7.7000000000000002 7.75 7.7999999999999998 7.8499999999999996 7.9000000000000004 7.9500000000000002 8 8.0500000000000007 8.0999999999999996 8.1500000000000004 8.1999999999999993 8.25 8.3000000000000007 8.3499999999999996 8.4000000000000004 8.4499999999999993 8.5 8.5500000000000007 8.5999999999999996 8.6500000000000004 8.6999999999999993 8.75 8.8000000000000007 8.8499999999999996 8.9000000000000004 8.9499999999999993 9 9.0500000000000007 9.0999999999999996 9.1500000000000004 9.1999999999999993 9.25 9.3000000000000007 9.3499999999999996 9.4000000000000004 9.4499999999999993 9.5 9.5500000000000007 9.5999999999999996 9.6500000000000004 9.6999999999999993 9.75 9.8000000000000007 9.8499999999999996 9.9000000000000004 9.9499999999999993 10 10.050000000000001 10.1 10.15 10.199999999999999 10.25 10.300000000000001
4.4904343066544962e-05 0.00014200000092387199 0.00025251567786842961 0.00044904343066544958 0.00079852468696560972 0.0014200000092387201 0.0025251567786842961 0.0044904343066544967 0.0079852468696560968 0.014200000092387199 0.025251567786842958 0.044904343066544963
1.0041887194774239 0.99140938785296917 1.0029561256908355 0.98850838228833449 0.99279069408767873 1.0036728333963985 0.98888045250721468 0.99185726188962231 1.0020086567764768 1.0003473838413253 0.99100240363068848 0.99917074271197326 1.0008939310785225 1.0005554973162336 0.99995631978004107 0.99992190743607434 1.003124020325153 1.0007239781399382 1.0020610994431356 0.99962596520963165 0.99972094689901814 0.9995660489787217 1.0003134529115634 1.0016476912160415 1.0023217555982988 1.0030105539066687 1.0017345606571764 1.004679008383496 1.0024195705365444 1.0008010838712835 1.000197701992358 0.99383583726300628 0.98856561433709045 0.98398891255784338 0.9782935303115865 0.97335674316309462 0.96913657078854754 0.95489316049801243 0.93935196263978471 0.92690171652666975 0.91879201158030332 0.90959831271866209 0.89904276421511631 0.88675407831999176 0.87765079434331628 0.86964533642915232 0.86201172619816024 0.85447228283655086 0.84753027075519138 0.84168827393085155 0.8366768405264785 0.83058206789981992 0.82275306621668032 0.81493033554789429 0.80821315426261986 0.80082195610179052 0.79429227540780545 0.78650652632574469 0.77974944913593158 0.77231839717661999 0.76602171565920663 0.7589378934028197 0.7515974051878489 0.74492390974392753 0.73802029006551118 0.73151984951101645 0.72492841190575441 0.71818716324470633 0.71151059967550867 0.70461704941001202 0.69791248346605506 0.69179614937252287 0.68554527126408638 0.67951823313963222 0.67368944914899231 0.6680668090571219 0.66252158482492973 0.65706824371902772 0.65183500476037148 0.64669936830329378 0.64160842790626127 0.63619600100956486 0.63067402201611045 0.62492762636150911 0.61894124437252496 0.61344657400490332 0.60837196012687755 0.60356169310123675 0.59884082910870751 0.5943657116691885 0.59008991928020926 0.58588306204673102 0.58184992446471195 0.57792478890340571 0.57410473898839953 0.57040636441173787 0.56688199203843548 0.56350835966810808 0.560316723265186 0.55731735809258454 0.55441913689371447 0.55174779838623 0.54923585266696839 0.5468918033994008 0.54472768872913646 0.54273953427788602 0.54093765273039285
0.98305269103031145 0.98769862166274591 1.0032413649043033 0.98576102687015876 0.99116326453850723 1.0038073725529491 0.98641486855828708 0.99162670449072166 1.0040035830922267 0.99017513862527984 0.99290361388988324 0.9984305011219643 1.0005760378568049 1.0037988437222385 0.99943375310675286 0.99172296382782554 1.0045415313262789 1.0002111858047935 1.0037921985576077 0.99904765087216207 1.0008176678270524 1.0043283444870539 0.99972862132913853 1.002796109290486 1.0038815810851607 1.003941220113439 1.0012400253030775 1.0012081810766378 1.0007133513486355 1.0012773046048573 0.99878455372229413 0.99272021628811036 0.98751048880029912 0.98239706895968004 0.97757213611219562 0.97324007332645079 0.96772273135432529 0.96156099930797034 0.94883712231233519 0.92493457419105052 0.91469379932562056 0.90343851277244114 0.8946351679045742 0.88611355866690766 0.87807533449744801 0.86997842971253303 0.86208328633932296 0.85498204285702661 0.84793519325589917 0.84180904521595412 0.83656433407058295 0.83018292801287086 0.82219611141119531 0.81526873195794058 0.80837324032901581 0.80238742765959714 0.79565308013111979 0.78837775612543848 0.78074761750715116 0.77352157120344245 0.76768744186868121 0.76034926634298583 0.75353735605284955 0.74660620123914334 0.73992736282137372 0.73336251936962216 0.72655749481622434 0.72013929611131355 0.71349185006902571 0.70689110482966599 0.70084199711775241 0.69446897402926511 0.68840722168606494 0.68207857464807087 0.67606918083707213 0.67002565027926375 0.66424309343398458 0.65882134147659133 0.65274317165651796 0.64684210543512488 0.64122531213508116 0.63557838302183356 0.62967289345931687 0.62396136880066744 0.61853063892952398 0.61318095120773852 0.60829901487412141 0.60357002854473063 0.59899220146619359 0.59460394463142652 0.59030359251197306 0.586091926247851 0.58205252585302192 0.5781192108821549 0.5743311196629387 0.57066874369201681 0.56713573483994228 0.56383178205009554 0.56054060269894768 0.5575039015853509 0.55464722066263183 0.55214533668673504 0.54971643774395862 0.54737537799122526 0.54510194601767836 0.54295788268532597 0.5410653415156812
0.9902848909558295 0.98638916011307409 0.98879097040331099 1.0030741814005129 0.99030447635028762 0.98909438897102864 0.98807990831389891 0.99101369431732378 1.0031160384486713 0.98894609913884379 0.99187371222637688 1.0041533066370032 0.98990141839131396 1.001935914117696 0.9879770261752352 0.9909389601643841 1.003426480000899 0.99773266977308794 1.0009779695726824 1.0044538409183783 0.99856332986738938 1.0027582927993108 0.99704788595518234 0.99982370796642572 1.0017989912868095 1.0015065139774915 0.99941818121686576 1.0015014240353142 1.0003930032087387 0.99849717285105122 0.99786647264571915 0.99186750062186468 0.98688552409406793 0.98189285377781854 0.9774874360915049 0.97281109543353128 0.96758519582754765 0.9570059194892051 0.93967439336531788 0.9271862843149381 0.9162562324394139 0.90390812679627996 0.89491497968026501 0.88620679253379764 0.87807000036453819 0.87037654948537224 0.86297532035543745 0.85539655103932177 0.84795071475932982 0.84164596932866942 0.83632100745647309 0.83003419971137493 0.82251806683053619 0.81561626651351027 0.80808810996803548 0.8016176394515635 0.7948933710879349 0.78764631673655738 0.7815685154513341 0.77450017437501639 0.76740689422440478 0.76109141499017352 0.75402866368479671 0.74761784036893764 0.74056552917627094 0.73405938453713526 0.72801439196699724 0.72149613358638054 0.71440847361693127 0.70805902802714749 0.70189715566533395 0.6959242495852328 0.68956383369214991 0.68326061269426674 0.67711581055238146 0.67113754078560373 0.66570503258705271 0.65978963355465792 0.65395612914445589 0.64737292333787722 0.64142165680722329 0.63551157614276055 0.62974764930839866 0.62406377217034115 0.61854998692256191 0.61340108093464552 0.60851875838780678 0.60376523640045299 0.59925687013489892 0.59487722666419662 0.59054626490633144 0.58638386022437228 0.58232772283168888 0.57841973850306949 0.57462445007190821 0.5709265210249409 0.56740925352261773 0.56401785576811847 0.5607921043888181 0.55787273372051183 0.55504082946564604 0.55226968665534348 0.54965496390158386 0.54728706129219729 0.54510100591009814 0.54308620560388199 0.54123171000674652
0.98838823730249148 0.99932160108917178 1.0012145139268505 1.0037802482728024 0.9907506219678287 1.0032208519408503 1.0039363206905645 0.99162435550735151 1.0033098158414415 1.0022949404621317 1.003016106481007 1.0038112407684139 0.99054334723720749 1.0032402644866727 1.0040558234289054 1.0027914669796767 1.0037318819799992 0.98954763053640815 0.99961798668524449 1.0009658373264927 0.98883987399219964 1.0033145044831131 1.0037976594808546 1.0012699658606103 1.0001906502780382 1.002504971944582 0.99977288424004618 1.002765697888808 1.001196023147275 1.0004850118795041 0.99657532376372004 0.9909426403469106 0.98625898064633377 0.98177948008535865 0.97732554524247561 0.97178011174068457 0.96718276858444319 0.95421729069767036 0.93962191192117528 0.92610156315988923 0.91380799806090285 0.90378015061368433 0.89483794260453065 0.88646603078865061 0.87826175673010864 0.87021877888934562 0.86236345504053247 0.85539912486998404 0.84776829295649792 0.84125401185315873 0.83562942558440534 0.82944115801760399 0.82251055789734628 0.81584354254427016 0.80822770375538266 0.80185221179289534 0.79521919818035303 0.78807922104690276 0.78134476519700791 0.77457318618825022 0.76824408677740619 0.76163201502367806 0.75487800856950282 0.74800600191307676 0.74156737919207327 0.73531861929108522 0.72857484264450711 0.72235036335991332 0.71607853527001775 0.70977397208465753 0.7034494347579987 0.69719774166623139 0.69076216384964095 0.68456138369183051 0.67854057129282142 0.67271360206737396 0.66689223166922795 0.6613534388747867 0.65568845737386472 0.64940035905448357 0.64202066927622137 0.63616131296250999 0.63033265775248593 0.62466359802789084 0.61915237859603423 0.61396461313164219 0.60901186394500251 0.60428459607228491 0.59980112970932475 0.59539613295953375 0.59112462102765639 0.58697078595947161 0.58293510362197154 0.57900036350177841 0.5751980144399953 0.57149225303369799 0.56794299694685302 0.56456272516942951 0.56129697764408959 0.55827239024285291 0.55534745597702684 0.55264500830652419 0.55005526521648096 0.5477788228397632 0.54558876159271152 0.54349930776550415 0.54154126057227092
0.98938225673032709 0.98762704214177788 1.0030740255498785 1.0009008550903549 0.99896058978153635 1.0040516010376599 0.99835285626059156 1.0013330644701925 0.98846824380900455 0.99891393322212296 1.0027977008911755 0.99358768751408977 0.99937662670311189 1.0042205336412739 0.99679594360088741 1.0015380796940607 0.99227423696985995 0.99684965714851015 1.0032600926589115 0.99389875398580629 0.99952847784270593 0.99117972918484154 1.0004246722859511 1.003120932622771 1.0011516189579992 1.0008849578122501 0.99882403014353849 0.99992571440022671 0.99855905229368513 0.99782561254048485 0.99505732266037916 0.98943761089196902 0.98560423299862054 0.98194214811325142 0.97696324919162891 0.9708033186463888 0.96583211503250732 0.95084454370701943 0.93906145459906176 0.92587627550122087 0.9138831280966756 0.90402933261806995 0.89507367794124171 0.88645499474698963 0.87832421448654741 0.87018029654836415 0.86244861982942089 0.85487271499610296 0.84774197229505299 0.84153794793782777 0.83600987519133907 0.8296313213112041 0.82223180861190437 0.81631074326445674 0.80868289440806695 0.80239796755874426 0.79607751481702715 0.78928889113395406 0.78197233090253049 0.7750217156562007 0.76840325386701291 0.76202336296215034 0.75550999956475695 0.74885975542527594 0.74270023396457718 0.73613776052223145 0.72982920806387952 0.72327686940316616 0.71693479820475081 0.71078009254585306 0.70456109534190958 0.69843879882217474 0.69250488432362645 0.68622568002331152 0.68048058597756722 0.67444848107753608 0.66874888780691322 0.66311120072517571 0.65768806592865481 0.65215057644543994 0.64438818520320784 0.63766163588852132 0.63166599457550643 0.62603760433655509 0.62052755274170546 0.61523856149209 0.61019262269187791 0.60543412544641018 0.60089800786126402 0.59645836329488033 0.59220783910622699 0.58805012711420945 0.58398781551820278 0.58007512830408836 0.57622369748886382 0.57252611089071692 0.56895181723171584 0.56551144067746395 0.56225920639554949 0.5591806898388485 0.55624761163013015 0.55349503152815005 0.55085259377313578 0.54849137541415949 0.54627556220078477 0.54414988422161348 0.54213791138130962
0.99136592268197621 0.9903948841537169 1.0011784213441532 0.98926175733941424 0.99050547359740915 1.0020342086851066 0.98943603759369192 1.0017873126820303 0.98838777720588611 0.98974485068427132 0.98907321225432099 0.98885642263114015 0.9902565576375052 0.987912326374218 0.9893356350966459 0.99065421845494606 0.99712446221411732 0.99865247077052743 1.0013000327265229 0.99751286435461528 0.99909972425465776 0.99645571398201749 1.0005289780343767 0.99977028262157164 0.99606581575505826 1.0009190981532869 0.9984285870067231 0.99948448673993728 0.99743943309512972 0.99553800411540272 0.99278564179639872 0.98823607189855389 0.98500585433664356 0.98081928361962933 0.97413471611755531 0.96966587479915922 0.96018700315499006 0.95060340233451956 0.93674652021779425 0.92330795407749011 0.9130771624224574 0.90392492276752101 0.89501043218074305 0.88635502228879537 0.87829630905453182 0.87040824638221015 0.86245495029191421 0.85498612914090211 0.84794623034527195 0.84171608893889949 0.83626592410454337 0.82994067607199329 0.82248464902075635 0.81521865211128008 0.80904904095168417 0.8027314038287432 0.79593568939097981 0.78872177688418399 0.78232211942693053 0.77570309023349537 0.7695066580419182 0.76328246551459189 0.75688034435174201 0.75041038628533341 0.74383030756083235 0.73753258911515707 0.73115470860719323 0.72509041886032177 0.71903988779645778 0.71254497558270335 0.70649108850784681 0.70051413943152585 0.69449097196981457 0.68851761893804742 0.68253651053544628 0.67679161158560941 0.67124784950425564 0.6657378407626533 0.66029738802670734 0.65518360830759359 0.64931011537429684 0.64013775574580534 0.63385246669833217 0.62813681274264876 0.62263640467815906 0.6172755936836537 0.61225265524272821 0.60737299547424173 0.60273177830568647 0.59830158088461405 0.59397080752854858 0.58976694683433317 0.58574130958309101 0.58174679446297795 0.57792180775838364 0.57420597474442236 0.57059139253557889 0.56713997554653239 0.56380119624354785 0.56065330492003485 0.55772819816432662 0.5548715388890586 0.55238520316102657 0.54997113536836029 0.54760815838435295 0.54533595864948614 0.54347128677585832
0.99193400503229467 0.98940783336295068 1.0002954515962246 0.99983322189067325 0.98954658857503375 0.98720180971209082 0.98846587675656827 0.98973984283295702 0.98750576936233436 1.0021359297451027 0.9879863874538154 1.0013647500387299 1.0024834859629252 0.98898357911349544 1.0016681478488241 1.0015091521213988 0.99946508695678637 1.0005612457412965 1.0016483120114514 0.99758910795710953 1.0040405667458572 0.99499943217489606 1.0010882310979392 1.0025839960291878 0.99557826344833555 0.99554798247416687 0.99879029279648801 0.9936695181410401 0.99652520894226804 0.99396121464398435 0.9902198583166365 0.98436536607171543 0.98235406191772301 0.97780146245842348 0.97155827750420132 0.96730575319171586 0.95878386858938025 0.94796796450464227 0.93385857112666748 0.92319593093104901 0.91317195863730261 0.90360243554600461 0.89482473337513213 0.88635819602518129 0.8781708296548274 0.8706205862591857 0.86257163857515529 0.85497256292510182 0.8480155207838117 0.8415795398584317 0.83555718980788107 0.82921104951021773 0.8222496709017495 0.81582666913597857 0.81039517889296631 0.80398684569656986 0.79708451940140657 0.78964380659265865 0.78301414713258843 0.77680386553986092 0.77079355809232497 0.76413511186397365 0.75831540620935123 0.75177095048763087 0.74567343976798783 0.73952025225697893 0.73348766638390017 0.72738929864650848 0.72113105572232661 0.71541888932171849 0.70942320430399286 0.70337868277218807 0.69735712068068756 0.69145723379571888 0.68604834381669555 0.68045567580365807 0.67502910668661875 0.6697159171717576 0.664651127297611 0.65915869711077646 0.65360085418906411 0.64744437777894481 0.63716589307702098 0.63123072344294517 0.62583661221893871 0.62051678986182768 0.6153546421088274 0.61047960796181022 0.60575993603174205 0.60121829597381637 0.59682437708918423 0.59258838527840452 0.58849476420902203 0.58448843590655164 0.58061154365177492 0.57687774911142686 0.57323083888022441 0.56969730759680637 0.56632896027905133 0.56310845917416819 0.56012777723792795 0.55728692727114304 0.55444358657247306 0.551750314152053 0.54927853799194681 0.54707940935759392 0.54497685797057605
0.99120335422001871 0.98906236657125446 1.0011962725021484 0.99121834485618376 1.0015569684946075 1.0029455259081548 0.99069782558420483 1.0017651604043114 1.0037064402334683 0.99270927081953375 1.0010125249183919 0.98708361936078048 0.99082780669975112 1.0029046076349706 0.99856890336312798 1.0003608383027616 0.99575003117191974 0.99106292822858222 1.0006807856293225 0.99715368424931972 0.99077415893358056 1.0030667009774057 0.98833309445270701 0.99907228572108486 0.99829791762899811 0.99751885151286379 0.99427891826618298 0.99641365279410343 0.99298879621551761 0.99187199195973352 0.98748694787610958 0.98274430594949058 0.98138086628474575 0.97547408150924064 0.96931683060873342 0.96399047214418054 0.95506759023072452 0.94443454506732127 0.93308138599319812 0.92200191112454688 0.91210346633135719 0.90280809195339606 0.89465060710465538 0.88604355422830183 0.87772282555861747 0.8702665293258729 0.8621989007389752 0.85491075304692354 0.84805536606655618 0.84179760467563858 0.83612940843212336 0.82988684532745671 0.82285954595817934 0.81670631936812632 0.81051855657419569 0.80391148872606033 0.79684797865471335 0.79075947550222569 0.7844370006930601 0.77828625767154702 0.77210887223760172 0.76614986472731583 0.75987759231532326 0.75387073265377769 0.74785283236264244 0.741796059077657 0.73621413979747186 0.73016359707702116 0.72432934991118991 0.71862219165222618 0.71289737270231535 0.70721724967897237 0.70162104668086955 0.69601548219056009 0.6909548036250126 0.68545931719956699 0.68036694230728301 0.67509507844916516 0.66969436566131513 0.66437638967056201 0.65862530722193335 0.65318917343265126 0.64242585634119687 0.63578799832987909 0.63023905290565119 0.62497693183615322 0.61987380437119455 0.61497593070710754 0.61020912826045826 0.60568105020857266 0.60115070265762882 0.59683010771746581 0.59263165203742252 0.58860265975066461 0.5846223771054454 0.58081063457498472 0.57711832363100957 0.5735598307493246 0.570085617120629 0.56676409055767618 0.56354258269196411 0.56050835083688966 0.55758708542152646 0.55475876859284501 0.55234355255653056 0.54996938553569052 0.54766773769297306
1.0021034749728503 1.0027635973106286 1.0012734951502658 1.0022878272461806 1.002798968206688 1.0016827161839463 1.0012893369177964 0.98947161900921876 1.0004407216792701 1.0000781279974182 0.98955551002826148 0.99792119629929021 0.99985339563815379 0.99640367778326222 0.99716647708236117 0.98597425772899183 0.99616726825585034 0.99784277941059885 0.99183082211708817 0.99735542752558093 0.98526451536065074 0.99511360177119523 0.99580722297662527 0.99639593865766296 0.9950751879839852 0.99652479453215259 0.99304032285354371 0.99472202389695752 0.99060547176020242 0.98723136074045237 0.98213935200773439 0.97754966333338278 0.97348483799896757 0.97231129985871534 0.96703610955445451 0.96140523431167291 0.95096752153700204 0.93997696020236343 0.92948315493711864 0.91994323300531688 0.9105592939240128 0.90164784775124018 0.8928531953329979 0.88472384163733797 0.87663534335847448 0.86901369079569046 0.86169780406843988 0.85478266823551818 0.84810112347999211 0.84186353086057653 0.83604728682489549 0.82994833332428208 0.82335999032799312 0.81733494170010235 0.81130209850383384 0.80481953853620414 0.79841639613747195 0.79273085084606365 0.78698435208812978 0.78088751590038685 0.77435717616292454 0.76851018630311851 0.76250688593151261 0.75683543186888513 0.75113767276539423 0.74554466557184851 0.73970640854872571 0.73415868337407331 0.72861916358036238 0.72289793428976512 0.71755203450349403 0.7122822392609115 0.70689642425881172 0.70166573804377963 0.69636939529442055 0.69123745147019255 0.68613296020717818 0.68106934614529446 0.67563757660047785 0.67011677495803434 0.66470964513915864 0.6591921871334725 0.65322018182332853 0.64206112432257478 0.63619516253753416 0.63068861574145396 0.62556710494709766 0.62069368988558571 0.61588956438608855 0.61129935510854538 0.60685618284519449 0.6024266592416273 0.59818243943361138 0.59401253388625341 0.58998839329054631 0.58607992359998751 0.58219893785362686 0.57858478317394357 0.57503544333985301 0.57158488551809672 0.56822774317563884 0.56497088199208101 0.56185803311752736 0.55888483456991034 0.55601105385809724 0.55337524049587994 0.55089212888067618
1.0002073371254363 0.9990281771253835 0.99994617680716424 0.99528456321551906 0.99885552170194558 0.99887324087388474 0.99549800452752835 0.99763919157446268 0.99948936418181766 0.99550766259538492 1.0001694164185089 0.99392231957501942 0.99907378399279656 0.99754742596998414 0.99339708577186525 0.99578453269201272 0.99776027743384421 0.99309987252533016 0.99679147936274304 0.9951827923909996 0.99482521406350544 0.99337940388380896 0.99440179477392443 0.99056847679783866 0.99100621133907374 0.99152669405569605 0.98909985673376499 0.98924252823191261 0.98584669440005435 0.98037367555911215 0.97662300135385127 0.97219508237079422 0.97225550570909625 0.96731537552563351 0.96336281314482219 0.95804463311990107 0.94642611757143813 0.93624696635433402 0.92622756582031096 0.91649274772174338 0.90733545185955111 0.89875956347042107 0.8904904426597342 0.88265257200537917 0.87508073030224864 0.86778410789304206 0.86067466642408275 0.85431497027505343 0.84809305926328771 0.84199070492912187 0.83599586242220347 0.83032621240014082 0.82459647701754657 0.81841275135159608 0.81173620884567721 0.80583043456501369 0.79990438154573029 0.79415562223993974 0.78859337863076684 0.78270300090780209 0.77693567654912454 0.77122394363174396 0.76559636900149086 0.76027438802575131 0.75503943287088349 0.74964733226635749 0.74401356202767432 0.73856669737439529 0.73330626142621758 0.7279104149796527 0.72279999965972552 0.71768067444888395 0.71255052694715659 0.70746536858544185 0.70239199395189578 0.69726393832607125 0.69226923862453338 0.68724956668727799 0.68190522463219416 0.67665206674779121 0.67155534903030445 0.66614504810405573 0.66054205377822128 0.64988192303277426 0.64339508336124518 0.63772139504489367 0.63233430140443325 0.62745937423177056 0.62278165823520792 0.6180663776627372 0.61359571514934375 0.60926691664035093 0.60494625931161228 0.60077710480028301 0.59668184759749388 0.59268691870987034 0.58881261344366476 0.58491404889400023 0.58125099701507421 0.577722386981258 0.57422888990659082 0.57083121269258397 0.56752748264076025 0.56435855302648363 0.56122017152668147 0.55834715921839795 0.55567248484972331
1.0016816381839646 0.99801127485397523 0.99945327710761811 0.99930991506317801 0.99807281996950059 0.99946612294575199 0.99681609327398257 0.99795518930117744 0.99950526261250794 0.99521421754502337 0.9977344631525259 0.99928911063851844 0.99600006297638144 0.99743246090876736 0.99391804407997097 0.99468954185712299 0.99405184968145421 0.99284255304394364 0.99581627529823213 0.99165705181263097 0.9916588481578642 0.99071472483005685 0.98810442695564205 0.98775190547653302 0.98688070777997083 0.98512500966901662 0.98389350534407827 0.98365657542537444 0.98068919921690934 0.97611329684659409 0.97093968593159841 0.96256420739300352 0.96759078359243 0.96407922668046875 0.9595978959535606 0.95091139515964385 0.9401596175829211 0.9297355396244289 0.92014929757846176 0.91100659484911251 0.9022733846020623 0.89420408056287914 0.88678541205690298 0.87915236114122408 0.87199775644374322 0.86550532032239469 0.85924282623918791 0.85296704709061111 0.8468676107446611 0.84089681792032367 0.83488437559259976 0.82950743963915208 0.82390406895314361 0.81786969209230131 0.81174800545752746 0.80625151938403794 0.80071600331535575 0.79507254953048023 0.78957010281968287 0.78422068011941859 0.77883758093798716 0.77378166358832767 0.76866186081427412 0.76329088164829551 0.75770293417323864 0.75276064396679077 0.74739741212670929 0.74315873600677307 0.73855551099888328 0.73380286157505714 0.72882182771952708 0.72351325281570311 0.71812114658575832 0.71264076266395304 0.70790685960857658 0.70298698930539505 0.69784141939471112 0.69285843458250007 0.68794377425735709 0.68264993158831755 0.67762875183765947 0.67238254716198653 0.66711175433621395 0.66164704058908475 0.65137729111912246 0.64524164581623034 0.63960266292245582 0.63455179785499882 0.62973016081992139 0.62506731652602066 0.62047761131638479 0.61601466628689328 0.61182714912553582 0.60754923523990023 0.60342157273281471 0.59946759543726791 0.59548884241024169 0.59157564398288209 0.58754671936261149 0.58403931303560097 0.58024397041425102 0.57679404041885718 0.57338213113221859 0.56998912531504742 0.56666640302978621 0.56343648721869344 0.56024736993255719
0.99804194528797963 0.99999964917593021 1.0016838200664417 0.99876920711309425 1.000335490907811 1.0015869192866718 0.99930791458673074 0.9997927359782306 0.9998048720611894 0.99762135179868139 0.99784673268935442 0.99972162263369557 0.99798126279661903 0.99700243397010924 0.99640642138173907 0.99617418475389397 0.99411633541008271 0.9937934861408918 0.99270561229182852 0.99217162601506259 0.99058307276942448 0.98798865383756496 0.98589453629656065 0.98467598603761464 0.98367231558192969 0.98122497008111409 0.97991914216959042 0.97609058024434558 0.97190143878609303 0.96635543495766907 0.95988965164605844 0.95228897182311389 0.96157234892817478 0.95977602150487518 0.95583671443675411 0.94480815538459506 0.92976106987294982 0.91866401313109025 0.90958886844840536 0.90129932554071257 0.89379701299964831 0.88623918064464735 0.87935292632795459 0.87303545835177243 0.86692344495640417 0.86054459177392006 0.85424470796536656 0.84824550624495854 0.84222598125748915 0.83615660265666136 0.83055927375629401 0.8251158649629976 0.81919613486374443 0.81375864956942134 0.80846574656770653 0.80323822669193823 0.79807953126609976 0.79299648443245285 0.78764500357487044 0.78248689277401018 0.77732504116457646 0.77248663077766588 0.76795016999920107 0.76324377991849512 0.75828748226341303 0.7531039370882302 0.74767880796785957 0.7436986584760239 0.73960693528164012 0.73539176207924739 0.73102540380064229 0.72641956238114347 0.72164221701784115 0.71664791546838236 0.71145196934553834 0.70598607952383163 0.70023241403192005 0.69434981309309562 0.6894304410376948 0.6844841726826103 0.67959789220556566 0.67452541271751321 0.66933827958537451 0.6642090559626902 0.65867734511955711 0.64999661879443038 0.64405371347462725 0.6386749352854556 0.6336383266520883 0.62883741633007917 0.62418033329343425 0.61958043458559631 0.61514601205121178 0.61089105392380016 0.60668916753599689 0.60261807702708725 0.59870448833660272 0.59479296887433764 0.5909385508017323 0.58715743211474969 0.58326634121663457 0.57953433976006119 0.57603572095816624 0.57253441109030101 0.56908965120898547 0.56580043773430633 0.56259242646125407
