# Richards et al. 2006 ApJ 166, 470 — mean Type-1 quasar SED template (SDSS composite).
# Columns: wavelength [Angstrom]   nu*F_nu [arbitrary units; normalise per use].
# Source: extracted from AGNfitter (https://github.com/GabrielaCR/AGNfitter)
#   models/BBB/R06.pickle (sha256 e14c380014fc07b4ecc2cb3ce0b3e2bee100f3753b90fcf24c500fd94386e791).
# Note: AGNfitter stored the abscissa as log10(nu/Hz); converted to wavelength [Å]
#       via lambda = c/nu (c = 2.99792458e18 Å/s). Sorted ascending in wavelength.
# The numerical data is the Richards et al. 2006 composite itself; AGNfitter only
# provided the tabulated form.
# 
3.053660e+01 1.854812e+27
3.168259e+01 1.921321e+27
3.287159e+01 1.995262e+27
3.410521e+01 2.110571e+27
3.538512e+01 2.201912e+27
3.671307e+01 2.278767e+27
3.809085e+01 2.365920e+27
3.952034e+01 2.454709e+27
4.100348e+01 2.548003e+27
4.254227e+01 2.637546e+27
4.413882e+01 2.759942e+27
4.579528e+01 2.928195e+27
4.751390e+01 3.090295e+27
4.929702e+01 3.203318e+27
5.114706e+01 3.368992e+27
5.306653e+01 3.559590e+27
5.505803e+01 3.781813e+27
5.712428e+01 4.073803e+27
5.926806e+01 4.300312e+27
6.149230e+01 4.614238e+27
6.380000e+01 4.926063e+27
6.619432e+01 5.211947e+27
6.867848e+01 5.623413e+27
7.125588e+01 6.067363e+27
7.393000e+01 6.423918e+27
7.670448e+01 6.837542e+27
7.958307e+01 7.382441e+27
8.256970e+01 7.943282e+27
8.566841e+01 8.548698e+27
8.888341e+01 9.210856e+27
9.221906e+01 9.887807e+27
9.567990e+01 1.070533e+28
9.927061e+01 1.174898e+28
1.029961e+02 1.265902e+28
1.068614e+02 1.360505e+28
1.108717e+02 1.466561e+28
1.150325e+02 1.576159e+28
1.193495e+02 1.698244e+28
1.238285e+02 1.863374e+28
1.284756e+02 2.017902e+28
1.332971e+02 2.166207e+28
1.382995e+02 2.334533e+28
1.434897e+02 2.511886e+28
1.488746e+02 2.698361e+28
1.544617e+02 2.952569e+28
1.602584e+02 3.214401e+28
1.662726e+02 3.449848e+28
1.725126e+02 3.715352e+28
1.789867e+02 3.999447e+28
1.857038e+02 4.308241e+28
1.926729e+02 4.625940e+28
1.999036e+02 5.007258e+28
2.074057e+02 5.495409e+28
2.151893e+02 5.921067e+28
2.232650e+02 6.363558e+28
2.316438e+02 6.859619e+28
2.403370e+02 7.372249e+28
2.493565e+02 7.943282e+28
2.587145e+02 8.715654e+28
2.684236e+02 9.438435e+28
2.784971e+02 1.013211e+29
2.889487e+02 1.091943e+29
2.997925e+02 1.174898e+29
3.110432e+02 1.262118e+29
3.227162e+02 1.381020e+29
3.348272e+02 1.503488e+29
3.473927e+02 1.613244e+29
3.604298e+02 1.737801e+29
3.739562e+02 1.871975e+29
3.879902e+02 2.008630e+29
4.025508e+02 2.186754e+29
4.176579e+02 2.393316e+29
4.333319e+02 2.570396e+29
4.495942e+02 2.760578e+29
4.664668e+02 3.021343e+29
4.839725e+02 3.289274e+29
5.021352e+02 3.530206e+29
5.209796e+02 3.801894e+29
5.405311e+02 4.093549e+29
5.608164e+02 4.402506e+29
5.818629e+02 4.751164e+29
6.036993e+02 5.086277e+29
6.263552e+02 5.370318e+29
6.498613e+02 5.771650e+29
6.742496e+02 6.243096e+29
6.995531e+02 6.634375e+29
7.258062e+02 7.042065e+29
7.530446e+02 7.585776e+29
7.813052e+02 7.994660e+29
8.106263e+02 8.699614e+29
8.410478e+02 9.477635e+29
8.726110e+02 1.021175e+30
9.053587e+02 1.122018e+30
9.393354e+02 1.228287e+30
9.745872e+02 1.368044e+30
1.011162e+03 1.517749e+30
1.049109e+03 1.657677e+30
1.088481e+03 1.819701e+30
1.129330e+03 2.003088e+30
1.171712e+03 2.128139e+30
1.215684e+03 2.269865e+30
1.261307e+03 2.430524e+30
1.308642e+03 2.511886e+30
1.357753e+03 2.603754e+30
1.408707e+03 2.710192e+30
1.461574e+03 2.784838e+30
1.516424e+03 2.830088e+30
1.573333e+03 2.884032e+30
1.632378e+03 2.937650e+30
1.693638e+03 2.992265e+30
1.757198e+03 3.048597e+30
1.823143e+03 3.103845e+30
1.891563e+03 3.162278e+30
1.962550e+03 3.227008e+30
2.036201e+03 3.236682e+30
2.112617e+03 3.250873e+30
2.191900e+03 3.341950e+30
2.274158e+03 3.467369e+30
2.359504e+03 3.529393e+30
2.448052e+03 3.640827e+30
2.539924e+03 3.785297e+30
2.635243e+03 3.929163e+30
2.734140e+03 4.073803e+30
2.836748e+03 4.150496e+30
2.943206e+03 4.233504e+30
3.053660e+03 4.272676e+30
3.168259e+03 4.267760e+30
3.287159e+03 4.265795e+30
3.410521e+03 4.183117e+30
3.538512e+03 4.167734e+30
3.671307e+03 4.142858e+30
3.809085e+03 4.115475e+30
3.952034e+03 4.095340e+30
4.100348e+03 4.081690e+30
4.254227e+03 4.073803e+30
4.413882e+03 4.070896e+30
4.579528e+03 4.072115e+30
4.751390e+03 4.076899e+30
4.929702e+03 4.084510e+30
5.114706e+03 4.094115e+30
5.306653e+03 4.105159e+30
5.505803e+03 4.116802e+30
5.712428e+03 4.128478e+30
5.926806e+03 4.139234e+30
6.149230e+03 4.148490e+30
6.380000e+03 4.155564e+30
6.619432e+03 4.159489e+30
6.867848e+03 4.159681e+30
7.125588e+03 4.155373e+30
7.393000e+03 4.145816e+30
7.670448e+03 4.130285e+30
7.958307e+03 4.108185e+30
8.256970e+03 4.078965e+30
8.566841e+03 4.041941e+30
8.888341e+03 3.996686e+30
9.221906e+03 3.942666e+30
9.567990e+03 3.879806e+30
9.927061e+03 3.807676e+30
1.029961e+04 3.726233e+30
1.068614e+04 3.635465e+30
1.108717e+04 3.535656e+30
1.150325e+04 3.426889e+30
1.193495e+04 3.309710e+30
1.238285e+04 3.184564e+30
1.284756e+04 3.052249e+30
1.332971e+04 2.913399e+30
1.382995e+04 2.769109e+30
1.434897e+04 2.620234e+30
1.488746e+04 2.467971e+30
1.544617e+04 2.313396e+30
1.602584e+04 2.157744e+30
1.662726e+04 2.004472e+30
1.725126e+04 1.862087e+30
1.789867e+04 1.729816e+30
1.857038e+04 1.606941e+30
1.926729e+04 1.492794e+30
1.999036e+04 1.386756e+30
2.074057e+04 1.288250e+30
2.151893e+04 1.196741e+30
2.232650e+04 1.111732e+30
2.316438e+04 1.032761e+30
2.403370e+04 9.594006e+29
2.493565e+04 8.912509e+29
2.587145e+04 8.279422e+29
2.684236e+04 7.691304e+29
2.784971e+04 7.144963e+29
2.889487e+04 6.637431e+29
2.997925e+04 6.165950e+29
3.110432e+04 5.727960e+29
3.227162e+04 5.321083e+29
3.348272e+04 4.943107e+29
3.473927e+04 4.591980e+29
3.604298e+04 4.265795e+29
3.739562e+04 3.962780e+29
3.879902e+04 3.681290e+29
4.025508e+04 3.419794e+29
4.176579e+04 3.176874e+29
4.333319e+04 2.951209e+29
4.495942e+04 2.741574e+29
4.664668e+04 2.546830e+29
4.839725e+04 2.365920e+29
5.021352e+04 2.197860e+29
5.209796e+04 2.041738e+29
5.405311e+04 1.896706e+29
5.608164e+04 1.761976e+29
5.818629e+04 1.636817e+29
6.036993e+04 1.520548e+29
6.263552e+04 1.412538e+29
6.498613e+04 1.312200e+29
6.742496e+04 1.218990e+29
6.995531e+04 1.132400e+29
7.258062e+04 1.051962e+29
7.530446e+04 9.772372e+28
7.813052e+04 9.078205e+28
8.106263e+04 8.433348e+28
8.410478e+04 7.834296e+28
8.726110e+04 7.277798e+28
9.053587e+04 6.760830e+28
9.393354e+04 6.280584e+28
9.745872e+04 5.834451e+28
1.011162e+05 5.420009e+28
1.049109e+05 5.035006e+28
1.088481e+05 4.677351e+28
1.129330e+05 4.345102e+28
1.171712e+05 4.036454e+28
1.215684e+05 3.749730e+28
1.261307e+05 3.483373e+28
1.308642e+05 3.235937e+28
1.357753e+05 3.006076e+28
1.408707e+05 2.792544e+28
1.461574e+05 2.594179e+28
1.516424e+05 2.409905e+28
1.573333e+05 2.238721e+28
1.632378e+05 2.079697e+28
1.693638e+05 1.931968e+28
1.757198e+05 1.794734e+28
1.823143e+05 1.667247e+28
1.891563e+05 1.548817e+28
1.962550e+05 1.438799e+28
2.036201e+05 1.336596e+28
2.112617e+05 1.241652e+28
2.191900e+05 1.153453e+28
2.274158e+05 1.071519e+28
2.359504e+05 9.954054e+27
2.448052e+05 9.246982e+27
2.539924e+05 8.590135e+27
2.635243e+05 7.979947e+27
2.734140e+05 7.413102e+27
2.836748e+05 6.886523e+27
2.943206e+05 6.397348e+27
3.053660e+05 5.942922e+27
3.168259e+05 5.520774e+27
3.287159e+05 5.128614e+27
3.410521e+05 4.764310e+27
3.538512e+05 4.425884e+27
3.671307e+05 4.111497e+27
3.809085e+05 3.819443e+27
3.952034e+05 3.548134e+27
4.100348e+05 3.296097e+27
4.254227e+05 3.061963e+27
4.413882e+05 2.844461e+27
4.579528e+05 2.642409e+27
4.751390e+05 2.454709e+27
4.929702e+05 2.280342e+27
5.114706e+05 2.118361e+27
5.306653e+05 1.967886e+27
5.505803e+05 1.828100e+27
5.712428e+05 1.698244e+27
5.926806e+05 1.577611e+27
6.149230e+05 1.465548e+27
6.380000e+05 1.361445e+27
6.619432e+05 1.264736e+27
6.867848e+05 1.174898e+27
7.125588e+05 1.091440e+27
7.393000e+05 1.013911e+27
7.670448e+05 9.418896e+26
7.958307e+05 8.749838e+26
8.256970e+05 8.128305e+26
8.566841e+05 7.550922e+26
8.888341e+05 7.014553e+26
9.221906e+05 6.516284e+26
9.567990e+05 6.053409e+26
9.927061e+05 5.623413e+26
1.029961e+06 5.223962e+26
1.068614e+06 4.852885e+26
1.108717e+06 4.508167e+26
1.150325e+06 4.187936e+26
1.193495e+06 3.890451e+26
1.238285e+06 3.614099e+26
1.284756e+06 3.357376e+26
1.332971e+06 3.118890e+26
1.382995e+06 2.897344e+26
1.434897e+06 2.691535e+26
1.488746e+06 2.500345e+26
1.544617e+06 2.322737e+26
1.602584e+06 2.157744e+26
1.662726e+06 2.004472e+26
1.725126e+06 1.862087e+26
1.789867e+06 1.729816e+26
1.857038e+06 1.606941e+26
1.926729e+06 1.492794e+26
1.999036e+06 1.386756e+26
2.074057e+06 1.288250e+26
2.151893e+06 1.196741e+26
2.232650e+06 1.111732e+26
2.316438e+06 1.032761e+26
2.403370e+06 9.594006e+25
2.493565e+06 8.912509e+25
2.587145e+06 8.279422e+25
2.684236e+06 7.691304e+25
2.784971e+06 7.144963e+25
2.889487e+06 6.637431e+25
2.997925e+06 6.165950e+25
3.110432e+06 5.727960e+25
3.227162e+06 5.321083e+25
3.348272e+06 4.943107e+25
3.473927e+06 4.591980e+25
3.604298e+06 4.265795e+25
3.739562e+06 3.962780e+25
3.879902e+06 3.681290e+25
4.025508e+06 3.419794e+25
4.176579e+06 3.176874e+25
4.333319e+06 2.951209e+25
4.495942e+06 2.741574e+25
4.664668e+06 2.546830e+25
4.839725e+06 2.365920e+25
5.021352e+06 2.197860e+25
5.209796e+06 2.041738e+25
5.405311e+06 1.896706e+25
5.608164e+06 1.761976e+25
5.818629e+06 1.636817e+25
6.036993e+06 1.520548e+25
6.263552e+06 1.412538e+25
6.498613e+06 1.312200e+25
6.742496e+06 1.218990e+25
6.995531e+06 1.132400e+25
7.258062e+06 1.051962e+25
7.530446e+06 9.772372e+24
7.813052e+06 9.078205e+24
8.106263e+06 8.433348e+24
8.410478e+06 7.834296e+24
8.726110e+06 7.277798e+24
9.053587e+06 6.760830e+24
9.393354e+06 6.280584e+24
9.745872e+06 5.834451e+24
1.011162e+07 5.420009e+24
1.049109e+07 5.035006e+24
1.088481e+07 4.677351e+24
1.129330e+07 4.345102e+24
1.171712e+07 4.036454e+24
1.215684e+07 3.749730e+24
1.261307e+07 3.483373e+24
1.308642e+07 3.235937e+24
1.357753e+07 3.006076e+24
1.408707e+07 2.792544e+24
1.461574e+07 2.594179e+24
1.516424e+07 2.409905e+24
1.573333e+07 2.238721e+24
1.632378e+07 2.079697e+24
1.693638e+07 1.931968e+24
1.757198e+07 1.794734e+24
1.823143e+07 1.667247e+24
1.891563e+07 1.548817e+24
1.962550e+07 1.438799e+24
2.036201e+07 1.336596e+24
2.112617e+07 1.241652e+24
2.191900e+07 1.153453e+24
2.274158e+07 1.071519e+24
2.359504e+07 9.954054e+23
2.448052e+07 9.246982e+23
2.539924e+07 8.590135e+23
2.635243e+07 7.979947e+23
2.734140e+07 7.413102e+23
2.836748e+07 6.886523e+23
2.943206e+07 6.397348e+23
3.053660e+07 5.942922e+23
3.168259e+07 5.520774e+23
3.287159e+07 5.128614e+23
3.410521e+07 4.764310e+23
3.538512e+07 4.425884e+23
3.671307e+07 4.111497e+23
3.809085e+07 3.819443e+23
3.952034e+07 3.548134e+23
4.100348e+07 3.296097e+23
4.254227e+07 3.061963e+23
4.413882e+07 2.844461e+23
4.579528e+07 2.642409e+23
4.751390e+07 2.454709e+23
4.929702e+07 2.280342e+23
5.114706e+07 2.118361e+23
5.306653e+07 1.967886e+23
5.505803e+07 1.828100e+23
5.712428e+07 1.698244e+23
5.926806e+07 1.577611e+23
6.149230e+07 1.465548e+23
6.380000e+07 1.361445e+23
6.619432e+07 1.264736e+23
6.867848e+07 1.174898e+23
7.125588e+07 1.091440e+23
7.393000e+07 1.013911e+23
7.670448e+07 9.418896e+22
7.958307e+07 8.749838e+22
8.256970e+07 8.128305e+22
8.566841e+07 7.550922e+22
8.888341e+07 7.014553e+22
9.221906e+07 6.516284e+22
9.567990e+07 6.053409e+22
9.927061e+07 5.623413e+22
1.029961e+08 5.223962e+22
1.068614e+08 4.852885e+22
1.108717e+08 4.508167e+22
1.150325e+08 4.187936e+22
1.193495e+08 3.890451e+22
1.238285e+08 3.614099e+22
1.284756e+08 3.357376e+22
1.332971e+08 3.118890e+22
1.382995e+08 2.897344e+22
1.434897e+08 2.691535e+22
1.488746e+08 2.500345e+22
1.544617e+08 2.322737e+22
1.602584e+08 2.157744e+22
1.662726e+08 2.004472e+22
1.725126e+08 1.862087e+22
1.789867e+08 1.729816e+22
1.857038e+08 1.606941e+22
1.926729e+08 1.492794e+22
1.999036e+08 1.386756e+22
2.074057e+08 1.288250e+22
2.151893e+08 1.196741e+22
2.232650e+08 1.111732e+22
2.316438e+08 1.032761e+22
2.403370e+08 9.594006e+21
2.493565e+08 8.912509e+21
2.587145e+08 8.279422e+21
2.684236e+08 7.691304e+21
2.784971e+08 7.144963e+21
2.889487e+08 6.637431e+21
2.997925e+08 6.165950e+21
