# # Wavelength(Angstrom)  Transmission
1.062000e+04 0.000000e+00
1.066000e+04 4.000000e-04
1.070000e+04 1.500000e-03
1.075000e+04 2.700000e-03
1.078000e+04 5.500000e-03
1.082000e+04 1.230000e-02
1.084000e+04 2.030000e-02
1.087000e+04 3.060000e-02
1.089000e+04 4.050000e-02
1.093000e+04 5.150000e-02
1.096000e+04 5.640000e-02
1.102000e+04 7.180000e-02
1.105000e+04 2.736000e-01
1.107000e+04 3.410000e-01
1.109000e+04 3.584000e-01
1.112000e+04 3.801000e-01
1.116000e+04 3.307000e-01
1.117000e+04 2.395000e-01
1.120000e+04 2.501000e-01
1.123000e+04 2.833000e-01
1.128000e+04 2.582000e-01
1.129000e+04 2.515000e-01
1.132000e+04 5.381000e-01
1.134000e+04 2.232000e-01
1.138000e+04 5.369000e-01
1.140000e+04 1.102000e-01
1.143000e+04 5.292000e-01
1.147000e+04 2.619000e-01
1.154000e+04 3.202000e-01
1.159000e+04 1.743000e-01
1.164000e+04 6.070000e-01
1.167000e+04 6.179000e-01
1.170000e+04 6.763000e-01
1.173000e+04 7.279000e-01
1.175000e+04 7.465000e-01
1.179000e+04 8.304000e-01
1.182000e+04 7.903000e-01
1.186000e+04 8.096000e-01
1.188000e+04 8.369000e-01
1.192000e+04 8.360000e-01
1.195000e+04 7.499000e-01
1.199000e+04 7.080000e-01
1.202000e+04 6.988000e-01
1.209000e+04 7.049000e-01
1.216000e+04 7.004000e-01
1.221000e+04 7.328000e-01
1.227000e+04 7.057000e-01
1.231000e+04 8.424000e-01
1.236000e+04 9.219000e-01
1.240000e+04 9.525000e-01
1.244000e+04 9.676000e-01
1.247000e+04 9.595000e-01
1.253000e+04 9.227000e-01
1.255000e+04 8.930000e-01
1.258000e+04 8.529000e-01
1.260000e+04 8.023000e-01
1.265000e+04 7.501000e-01
1.270000e+04 6.781000e-01
1.275000e+04 6.524000e-01
1.279000e+04 6.388000e-01
1.286000e+04 6.424000e-01
1.292000e+04 6.486000e-01
1.297000e+04 6.824000e-01
1.302000e+04 7.529000e-01
1.305000e+04 7.759000e-01
1.307000e+04 8.118000e-01
1.310000e+04 7.770000e-01
1.313000e+04 7.210000e-01
1.316000e+04 9.525000e-01
1.319000e+04 8.551000e-01
1.323000e+04 8.414000e-01
1.326000e+04 1.000000e+00
1.330000e+04 8.947000e-01
1.333000e+04 8.549000e-01
1.334000e+04 5.379000e-01
1.336000e+04 2.799000e-01
1.339000e+04 9.065000e-01
1.343000e+04 6.893000e-01
1.346000e+04 5.533000e-01
1.349000e+04 2.432000e-01
1.353000e+04 1.440000e-02
1.355000e+04 2.000000e-04
1.360000e+04 4.010000e-02
1.363000e+04 4.500000e-03
1.370000e+04 3.000000e-04
1.373000e+04 3.720000e-02
1.377000e+04 5.000000e-04
1.383000e+04 0.000000e+00
1.388000e+04 1.000000e-04
1.392000e+04 3.300000e-03
1.395000e+04 3.000000e-04
1.396000e+04 8.500001e-03
1.397000e+04 2.540000e-02
1.398000e+04 1.184000e-01
1.400000e+04 1.000000e-04
1.401000e+04 1.000000e-04
1.402000e+04 5.210000e-02
1.404000e+04 1.040000e-02
1.406000e+04 4.780000e-02
1.407000e+04 4.000000e-04
1.410000e+04 2.400000e-03
1.412000e+04 5.300000e-03
1.416000e+04 8.600000e-03
1.421000e+04 7.000000e-04
1.426000e+04 3.000000e-04
1.442000e+04 4.000000e-04
1.450000e+04 0.000000e+00
