# # Wavelength(Angstrom)  Transmission
1.690000e+03 0.000000e+00
1.691000e+03 2.450000e-01
1.692000e+03 4.900000e-01
1.693000e+03 7.350000e-01
1.694000e+03 9.800000e-01
1.695000e+03 1.225000e+00
1.696000e+03 1.470000e+00
1.697000e+03 1.715000e+00
1.698000e+03 1.960000e+00
1.699000e+03 2.205000e+00
1.700000e+03 2.450000e+00
1.701000e+03 2.467600e+00
1.702000e+03 2.485200e+00
1.703000e+03 2.502800e+00
1.704000e+03 2.520400e+00
1.705000e+03 2.538000e+00
1.706000e+03 2.555600e+00
1.707000e+03 2.573200e+00
1.708000e+03 2.590800e+00
1.709000e+03 2.608400e+00
1.710000e+03 2.626000e+00
1.711000e+03 2.643600e+00
1.712000e+03 2.661200e+00
1.713000e+03 2.678800e+00
1.714000e+03 2.696400e+00
1.715000e+03 2.714000e+00
1.716000e+03 2.731600e+00
1.717000e+03 2.749200e+00
1.718000e+03 2.766800e+00
1.719000e+03 2.784400e+00
1.720000e+03 2.802000e+00
1.721000e+03 2.819600e+00
1.722000e+03 2.837200e+00
1.723000e+03 2.854800e+00
1.724000e+03 2.872400e+00
1.725000e+03 2.890000e+00
1.726000e+03 2.907600e+00
1.727000e+03 2.925200e+00
1.728000e+03 2.942800e+00
1.729000e+03 2.960400e+00
1.730000e+03 2.978000e+00
1.731000e+03 2.995600e+00
1.732000e+03 3.013200e+00
1.733000e+03 3.030800e+00
1.734000e+03 3.048400e+00
1.735000e+03 3.066000e+00
1.736000e+03 3.083600e+00
1.737000e+03 3.101200e+00
1.738000e+03 3.118800e+00
1.739000e+03 3.136400e+00
1.740000e+03 3.154000e+00
1.741000e+03 3.171600e+00
1.742000e+03 3.189200e+00
1.743000e+03 3.206800e+00
1.744000e+03 3.224400e+00
1.745000e+03 3.242000e+00
1.746000e+03 3.259600e+00
1.747000e+03 3.277200e+00
1.748000e+03 3.294800e+00
1.749000e+03 3.312400e+00
1.750000e+03 3.330000e+00
1.751000e+03 3.467200e+00
1.752000e+03 3.604400e+00
1.753000e+03 3.741600e+00
1.754000e+03 3.878800e+00
1.755000e+03 4.016000e+00
1.756000e+03 4.153200e+00
1.757000e+03 4.290400e+00
1.758000e+03 4.427600e+00
1.759000e+03 4.564800e+00
1.760000e+03 4.702000e+00
1.761000e+03 4.839200e+00
1.762000e+03 4.976400e+00
1.763000e+03 5.113600e+00
1.764000e+03 5.250800e+00
1.765000e+03 5.388000e+00
1.766000e+03 5.525200e+00
1.767000e+03 5.662400e+00
1.768000e+03 5.799600e+00
1.769000e+03 5.936800e+00
1.770000e+03 6.074000e+00
1.771000e+03 6.211200e+00
1.772000e+03 6.348400e+00
1.773000e+03 6.485600e+00
1.774000e+03 6.622800e+00
1.775000e+03 6.760000e+00
1.776000e+03 6.897200e+00
1.777000e+03 7.034400e+00
1.778000e+03 7.171600e+00
1.779000e+03 7.308800e+00
1.780000e+03 7.446000e+00
1.781000e+03 7.583200e+00
1.782000e+03 7.720400e+00
1.783000e+03 7.857600e+00
1.784000e+03 7.994800e+00
1.785000e+03 8.132000e+00
1.786000e+03 8.269200e+00
1.787000e+03 8.406400e+00
1.788000e+03 8.543600e+00
1.789000e+03 8.680800e+00
1.790000e+03 8.818000e+00
1.791000e+03 8.955200e+00
1.792000e+03 9.092400e+00
1.793000e+03 9.229600e+00
1.794000e+03 9.366800e+00
1.795000e+03 9.504000e+00
1.796000e+03 9.641200e+00
1.797000e+03 9.778400e+00
1.798000e+03 9.915600e+00
1.799000e+03 1.005280e+01
1.800000e+03 1.019000e+01
1.801000e+03 1.033800e+01
1.802000e+03 1.048600e+01
1.803000e+03 1.063400e+01
1.804000e+03 1.078200e+01
1.805000e+03 1.093000e+01
1.806000e+03 1.107800e+01
1.807000e+03 1.122600e+01
1.808000e+03 1.137400e+01
1.809000e+03 1.152200e+01
1.810000e+03 1.167000e+01
1.811000e+03 1.181800e+01
1.812000e+03 1.196600e+01
1.813000e+03 1.211400e+01
1.814000e+03 1.226200e+01
1.815000e+03 1.241000e+01
1.816000e+03 1.255800e+01
1.817000e+03 1.270600e+01
1.818000e+03 1.285400e+01
1.819000e+03 1.300200e+01
1.820000e+03 1.315000e+01
1.821000e+03 1.329800e+01
1.822000e+03 1.344600e+01
1.823000e+03 1.359400e+01
1.824000e+03 1.374200e+01
1.825000e+03 1.389000e+01
1.826000e+03 1.403800e+01
1.827000e+03 1.418600e+01
1.828000e+03 1.433400e+01
1.829000e+03 1.448200e+01
1.830000e+03 1.463000e+01
1.831000e+03 1.477800e+01
1.832000e+03 1.492600e+01
1.833000e+03 1.507400e+01
1.834000e+03 1.522200e+01
1.835000e+03 1.537000e+01
1.836000e+03 1.551800e+01
1.837000e+03 1.566600e+01
1.838000e+03 1.581400e+01
1.839000e+03 1.596200e+01
1.840000e+03 1.611000e+01
1.841000e+03 1.625800e+01
1.842000e+03 1.640600e+01
1.843000e+03 1.655400e+01
1.844000e+03 1.670200e+01
1.845000e+03 1.685000e+01
1.846000e+03 1.699800e+01
1.847000e+03 1.714600e+01
1.848000e+03 1.729400e+01
1.849000e+03 1.744200e+01
1.850000e+03 1.759000e+01
1.851000e+03 1.777200e+01
1.852000e+03 1.795400e+01
1.853000e+03 1.813600e+01
1.854000e+03 1.831800e+01
1.855000e+03 1.850000e+01
1.856000e+03 1.868200e+01
1.857000e+03 1.886400e+01
1.858000e+03 1.904600e+01
1.859000e+03 1.922800e+01
1.860000e+03 1.941000e+01
1.861000e+03 1.959200e+01
1.862000e+03 1.977400e+01
1.863000e+03 1.995600e+01
1.864000e+03 2.013800e+01
1.865000e+03 2.032000e+01
1.866000e+03 2.050200e+01
1.867000e+03 2.068400e+01
1.868000e+03 2.086600e+01
1.869000e+03 2.104800e+01
1.870000e+03 2.123000e+01
1.871000e+03 2.141200e+01
1.872000e+03 2.159400e+01
1.873000e+03 2.177600e+01
1.874000e+03 2.195800e+01
1.875000e+03 2.214000e+01
1.876000e+03 2.232200e+01
1.877000e+03 2.250400e+01
1.878000e+03 2.268600e+01
1.879000e+03 2.286800e+01
1.880000e+03 2.305000e+01
1.881000e+03 2.323200e+01
1.882000e+03 2.341400e+01
1.883000e+03 2.359600e+01
1.884000e+03 2.377800e+01
1.885000e+03 2.396000e+01
1.886000e+03 2.414200e+01
1.887000e+03 2.432400e+01
1.888000e+03 2.450600e+01
1.889000e+03 2.468800e+01
1.890000e+03 2.487000e+01
1.891000e+03 2.505200e+01
1.892000e+03 2.523400e+01
1.893000e+03 2.541600e+01
1.894000e+03 2.559800e+01
1.895000e+03 2.578000e+01
1.896000e+03 2.596200e+01
1.897000e+03 2.614400e+01
1.898000e+03 2.632600e+01
1.899000e+03 2.650800e+01
1.900000e+03 2.669000e+01
1.901000e+03 2.682360e+01
1.902000e+03 2.695720e+01
1.903000e+03 2.709080e+01
1.904000e+03 2.722440e+01
1.905000e+03 2.735800e+01
1.906000e+03 2.749160e+01
1.907000e+03 2.762520e+01
1.908000e+03 2.775880e+01
1.909000e+03 2.789240e+01
1.910000e+03 2.802600e+01
1.911000e+03 2.815960e+01
1.912000e+03 2.829320e+01
1.913000e+03 2.842680e+01
1.914000e+03 2.856040e+01
1.915000e+03 2.869400e+01
1.916000e+03 2.882760e+01
1.917000e+03 2.896120e+01
1.918000e+03 2.909480e+01
1.919000e+03 2.922840e+01
1.920000e+03 2.936200e+01
1.921000e+03 2.949560e+01
1.922000e+03 2.962920e+01
1.923000e+03 2.976280e+01
1.924000e+03 2.989640e+01
1.925000e+03 3.003000e+01
1.926000e+03 3.016360e+01
1.927000e+03 3.029720e+01
1.928000e+03 3.043080e+01
1.929000e+03 3.056440e+01
1.930000e+03 3.069800e+01
1.931000e+03 3.083160e+01
1.932000e+03 3.096520e+01
1.933000e+03 3.109880e+01
1.934000e+03 3.123240e+01
1.935000e+03 3.136600e+01
1.936000e+03 3.149960e+01
1.937000e+03 3.163320e+01
1.938000e+03 3.176680e+01
1.939000e+03 3.190040e+01
1.940000e+03 3.203400e+01
1.941000e+03 3.216760e+01
1.942000e+03 3.230120e+01
1.943000e+03 3.243480e+01
1.944000e+03 3.256840e+01
1.945000e+03 3.270200e+01
1.946000e+03 3.283560e+01
1.947000e+03 3.296920e+01
1.948000e+03 3.310280e+01
1.949000e+03 3.323640e+01
1.950000e+03 3.337000e+01
1.951000e+03 3.360120e+01
1.952000e+03 3.383240e+01
1.953000e+03 3.406360e+01
1.954000e+03 3.429480e+01
1.955000e+03 3.452600e+01
1.956000e+03 3.475720e+01
1.957000e+03 3.498840e+01
1.958000e+03 3.521960e+01
1.959000e+03 3.545080e+01
1.960000e+03 3.568200e+01
1.961000e+03 3.591320e+01
1.962000e+03 3.614440e+01
1.963000e+03 3.637560e+01
1.964000e+03 3.660680e+01
1.965000e+03 3.683800e+01
1.966000e+03 3.706920e+01
1.967000e+03 3.730040e+01
1.968000e+03 3.753160e+01
1.969000e+03 3.776280e+01
1.970000e+03 3.799400e+01
1.971000e+03 3.822520e+01
1.972000e+03 3.845640e+01
1.973000e+03 3.868760e+01
1.974000e+03 3.891880e+01
1.975000e+03 3.915000e+01
1.976000e+03 3.938120e+01
1.977000e+03 3.961240e+01
1.978000e+03 3.984360e+01
1.979000e+03 4.007480e+01
1.980000e+03 4.030600e+01
1.981000e+03 4.053720e+01
1.982000e+03 4.076840e+01
1.983000e+03 4.099960e+01
1.984000e+03 4.123080e+01
1.985000e+03 4.146200e+01
1.986000e+03 4.169320e+01
1.987000e+03 4.192440e+01
1.988000e+03 4.215560e+01
1.989000e+03 4.238680e+01
1.990000e+03 4.261800e+01
1.991000e+03 4.284920e+01
1.992000e+03 4.308040e+01
1.993000e+03 4.331160e+01
1.994000e+03 4.354280e+01
1.995000e+03 4.377400e+01
1.996000e+03 4.400520e+01
1.997000e+03 4.423640e+01
1.998000e+03 4.446760e+01
1.999000e+03 4.469880e+01
2.000000e+03 4.493000e+01
2.001000e+03 4.497360e+01
2.002000e+03 4.501720e+01
2.003000e+03 4.506080e+01
2.004000e+03 4.510440e+01
2.005000e+03 4.514800e+01
2.006000e+03 4.519160e+01
2.007000e+03 4.523520e+01
2.008000e+03 4.527880e+01
2.009000e+03 4.532240e+01
2.010000e+03 4.536600e+01
2.011000e+03 4.540960e+01
2.012000e+03 4.545320e+01
2.013000e+03 4.549680e+01
2.014000e+03 4.554040e+01
2.015000e+03 4.558400e+01
2.016000e+03 4.562760e+01
2.017000e+03 4.567120e+01
2.018000e+03 4.571480e+01
2.019000e+03 4.575840e+01
2.020000e+03 4.580200e+01
2.021000e+03 4.584560e+01
2.022000e+03 4.588920e+01
2.023000e+03 4.593280e+01
2.024000e+03 4.597640e+01
2.025000e+03 4.602000e+01
2.026000e+03 4.606360e+01
2.027000e+03 4.610720e+01
2.028000e+03 4.615080e+01
2.029000e+03 4.619440e+01
2.030000e+03 4.623800e+01
2.031000e+03 4.628160e+01
2.032000e+03 4.632520e+01
2.033000e+03 4.636880e+01
2.034000e+03 4.641240e+01
2.035000e+03 4.645600e+01
2.036000e+03 4.649960e+01
2.037000e+03 4.654320e+01
2.038000e+03 4.658680e+01
2.039000e+03 4.663040e+01
2.040000e+03 4.667400e+01
2.041000e+03 4.671760e+01
2.042000e+03 4.676120e+01
2.043000e+03 4.680480e+01
2.044000e+03 4.684840e+01
2.045000e+03 4.689200e+01
2.046000e+03 4.693560e+01
2.047000e+03 4.697920e+01
2.048000e+03 4.702280e+01
2.049000e+03 4.706640e+01
2.050000e+03 4.711000e+01
2.051000e+03 4.721980e+01
2.052000e+03 4.732960e+01
2.053000e+03 4.743940e+01
2.054000e+03 4.754920e+01
2.055000e+03 4.765900e+01
2.056000e+03 4.776880e+01
2.057000e+03 4.787860e+01
2.058000e+03 4.798840e+01
2.059000e+03 4.809820e+01
2.060000e+03 4.820800e+01
2.061000e+03 4.831780e+01
2.062000e+03 4.842760e+01
2.063000e+03 4.853740e+01
2.064000e+03 4.864720e+01
2.065000e+03 4.875700e+01
2.066000e+03 4.886680e+01
2.067000e+03 4.897660e+01
2.068000e+03 4.908640e+01
2.069000e+03 4.919620e+01
2.070000e+03 4.930600e+01
2.071000e+03 4.941580e+01
2.072000e+03 4.952560e+01
2.073000e+03 4.963540e+01
2.074000e+03 4.974520e+01
2.075000e+03 4.985500e+01
2.076000e+03 4.996480e+01
2.077000e+03 5.007460e+01
2.078000e+03 5.018440e+01
2.079000e+03 5.029420e+01
2.080000e+03 5.040400e+01
2.081000e+03 5.051380e+01
2.082000e+03 5.062360e+01
2.083000e+03 5.073340e+01
2.084000e+03 5.084320e+01
2.085000e+03 5.095300e+01
2.086000e+03 5.106280e+01
2.087000e+03 5.117260e+01
2.088000e+03 5.128240e+01
2.089000e+03 5.139220e+01
2.090000e+03 5.150200e+01
2.091000e+03 5.161180e+01
2.092000e+03 5.172160e+01
2.093000e+03 5.183140e+01
2.094000e+03 5.194120e+01
2.095000e+03 5.205100e+01
2.096000e+03 5.216080e+01
2.097000e+03 5.227060e+01
2.098000e+03 5.238040e+01
2.099000e+03 5.249020e+01
2.100000e+03 5.260000e+01
2.101000e+03 5.273800e+01
2.102000e+03 5.287600e+01
2.103000e+03 5.301400e+01
2.104000e+03 5.315200e+01
2.105000e+03 5.329000e+01
2.106000e+03 5.342800e+01
2.107000e+03 5.356600e+01
2.108000e+03 5.370400e+01
2.109000e+03 5.384200e+01
2.110000e+03 5.398000e+01
2.111000e+03 5.411800e+01
2.112000e+03 5.425600e+01
2.113000e+03 5.439400e+01
2.114000e+03 5.453200e+01
2.115000e+03 5.467000e+01
2.116000e+03 5.480800e+01
2.117000e+03 5.494600e+01
2.118000e+03 5.508400e+01
2.119000e+03 5.522200e+01
2.120000e+03 5.536000e+01
2.121000e+03 5.549800e+01
2.122000e+03 5.563600e+01
2.123000e+03 5.577400e+01
2.124000e+03 5.591200e+01
2.125000e+03 5.605000e+01
2.126000e+03 5.618800e+01
2.127000e+03 5.632600e+01
2.128000e+03 5.646400e+01
2.129000e+03 5.660200e+01
2.130000e+03 5.674000e+01
2.131000e+03 5.687800e+01
2.132000e+03 5.701600e+01
2.133000e+03 5.715400e+01
2.134000e+03 5.729200e+01
2.135000e+03 5.743000e+01
2.136000e+03 5.756800e+01
2.137000e+03 5.770600e+01
2.138000e+03 5.784400e+01
2.139000e+03 5.798200e+01
2.140000e+03 5.812000e+01
2.141000e+03 5.825800e+01
2.142000e+03 5.839600e+01
2.143000e+03 5.853400e+01
2.144000e+03 5.867200e+01
2.145000e+03 5.881000e+01
2.146000e+03 5.894800e+01
2.147000e+03 5.908600e+01
2.148000e+03 5.922400e+01
2.149000e+03 5.936200e+01
2.150000e+03 5.950000e+01
2.151000e+03 5.954320e+01
2.152000e+03 5.958640e+01
2.153000e+03 5.962960e+01
2.154000e+03 5.967280e+01
2.155000e+03 5.971600e+01
2.156000e+03 5.975920e+01
2.157000e+03 5.980240e+01
2.158000e+03 5.984560e+01
2.159000e+03 5.988880e+01
2.160000e+03 5.993200e+01
2.161000e+03 5.997520e+01
2.162000e+03 6.001840e+01
2.163000e+03 6.006160e+01
2.164000e+03 6.010480e+01
2.165000e+03 6.014800e+01
2.166000e+03 6.019120e+01
2.167000e+03 6.023440e+01
2.168000e+03 6.027760e+01
2.169000e+03 6.032080e+01
2.170000e+03 6.036400e+01
2.171000e+03 6.040720e+01
2.172000e+03 6.045040e+01
2.173000e+03 6.049360e+01
2.174000e+03 6.053680e+01
2.175000e+03 6.058000e+01
2.176000e+03 6.062320e+01
2.177000e+03 6.066640e+01
2.178000e+03 6.070960e+01
2.179000e+03 6.075280e+01
2.180000e+03 6.079600e+01
2.181000e+03 6.083920e+01
2.182000e+03 6.088240e+01
2.183000e+03 6.092560e+01
2.184000e+03 6.096880e+01
2.185000e+03 6.101200e+01
2.186000e+03 6.105520e+01
2.187000e+03 6.109840e+01
2.188000e+03 6.114160e+01
2.189000e+03 6.118480e+01
2.190000e+03 6.122800e+01
2.191000e+03 6.127120e+01
2.192000e+03 6.131440e+01
2.193000e+03 6.135760e+01
2.194000e+03 6.140080e+01
2.195000e+03 6.144400e+01
2.196000e+03 6.148720e+01
2.197000e+03 6.153040e+01
2.198000e+03 6.157360e+01
2.199000e+03 6.161680e+01
2.200000e+03 6.166000e+01
2.201000e+03 6.155520e+01
2.202000e+03 6.145040e+01
2.203000e+03 6.134560e+01
2.204000e+03 6.124080e+01
2.205000e+03 6.113600e+01
2.206000e+03 6.103120e+01
2.207000e+03 6.092640e+01
2.208000e+03 6.082160e+01
2.209000e+03 6.071680e+01
2.210000e+03 6.061200e+01
2.211000e+03 6.050720e+01
2.212000e+03 6.040240e+01
2.213000e+03 6.029760e+01
2.214000e+03 6.019280e+01
2.215000e+03 6.008800e+01
2.216000e+03 5.998320e+01
2.217000e+03 5.987840e+01
2.218000e+03 5.977360e+01
2.219000e+03 5.966880e+01
2.220000e+03 5.956400e+01
2.221000e+03 5.945920e+01
2.222000e+03 5.935440e+01
2.223000e+03 5.924960e+01
2.224000e+03 5.914480e+01
2.225000e+03 5.904000e+01
2.226000e+03 5.893520e+01
2.227000e+03 5.883040e+01
2.228000e+03 5.872560e+01
2.229000e+03 5.862080e+01
2.230000e+03 5.851600e+01
2.231000e+03 5.841120e+01
2.232000e+03 5.830640e+01
2.233000e+03 5.820160e+01
2.234000e+03 5.809680e+01
2.235000e+03 5.799200e+01
2.236000e+03 5.788720e+01
2.237000e+03 5.778240e+01
2.238000e+03 5.767760e+01
2.239000e+03 5.757280e+01
2.240000e+03 5.746800e+01
2.241000e+03 5.736320e+01
2.242000e+03 5.725840e+01
2.243000e+03 5.715360e+01
2.244000e+03 5.704880e+01
2.245000e+03 5.694400e+01
2.246000e+03 5.683920e+01
2.247000e+03 5.673440e+01
2.248000e+03 5.662960e+01
2.249000e+03 5.652480e+01
2.250000e+03 5.642000e+01
2.251000e+03 5.635280e+01
2.252000e+03 5.628560e+01
2.253000e+03 5.621840e+01
2.254000e+03 5.615120e+01
2.255000e+03 5.608400e+01
2.256000e+03 5.601680e+01
2.257000e+03 5.594960e+01
2.258000e+03 5.588240e+01
2.259000e+03 5.581520e+01
2.260000e+03 5.574800e+01
2.261000e+03 5.568080e+01
2.262000e+03 5.561360e+01
2.263000e+03 5.554640e+01
2.264000e+03 5.547920e+01
2.265000e+03 5.541200e+01
2.266000e+03 5.534480e+01
2.267000e+03 5.527760e+01
2.268000e+03 5.521040e+01
2.269000e+03 5.514320e+01
2.270000e+03 5.507600e+01
2.271000e+03 5.500880e+01
2.272000e+03 5.494160e+01
2.273000e+03 5.487440e+01
2.274000e+03 5.480720e+01
2.275000e+03 5.474000e+01
2.276000e+03 5.467280e+01
2.277000e+03 5.460560e+01
2.278000e+03 5.453840e+01
2.279000e+03 5.447120e+01
2.280000e+03 5.440400e+01
2.281000e+03 5.433680e+01
2.282000e+03 5.426960e+01
2.283000e+03 5.420240e+01
2.284000e+03 5.413520e+01
2.285000e+03 5.406800e+01
2.286000e+03 5.400080e+01
2.287000e+03 5.393360e+01
2.288000e+03 5.386640e+01
2.289000e+03 5.379920e+01
2.290000e+03 5.373200e+01
2.291000e+03 5.366480e+01
2.292000e+03 5.359760e+01
2.293000e+03 5.353040e+01
2.294000e+03 5.346320e+01
2.295000e+03 5.339600e+01
2.296000e+03 5.332880e+01
2.297000e+03 5.326160e+01
2.298000e+03 5.319440e+01
2.299000e+03 5.312720e+01
2.300000e+03 5.306000e+01
2.301000e+03 5.295180e+01
2.302000e+03 5.284360e+01
2.303000e+03 5.273540e+01
2.304000e+03 5.262720e+01
2.305000e+03 5.251900e+01
2.306000e+03 5.241080e+01
2.307000e+03 5.230260e+01
2.308000e+03 5.219440e+01
2.309000e+03 5.208620e+01
2.310000e+03 5.197800e+01
2.311000e+03 5.186980e+01
2.312000e+03 5.176160e+01
2.313000e+03 5.165340e+01
2.314000e+03 5.154520e+01
2.315000e+03 5.143700e+01
2.316000e+03 5.132880e+01
2.317000e+03 5.122060e+01
2.318000e+03 5.111240e+01
2.319000e+03 5.100420e+01
2.320000e+03 5.089600e+01
2.321000e+03 5.078780e+01
2.322000e+03 5.067960e+01
2.323000e+03 5.057140e+01
2.324000e+03 5.046320e+01
2.325000e+03 5.035500e+01
2.326000e+03 5.024680e+01
2.327000e+03 5.013860e+01
2.328000e+03 5.003040e+01
2.329000e+03 4.992220e+01
2.330000e+03 4.981400e+01
2.331000e+03 4.970580e+01
2.332000e+03 4.959760e+01
2.333000e+03 4.948940e+01
2.334000e+03 4.938120e+01
2.335000e+03 4.927300e+01
2.336000e+03 4.916480e+01
2.337000e+03 4.905660e+01
2.338000e+03 4.894840e+01
2.339000e+03 4.884020e+01
2.340000e+03 4.873200e+01
2.341000e+03 4.862380e+01
2.342000e+03 4.851560e+01
2.343000e+03 4.840740e+01
2.344000e+03 4.829920e+01
2.345000e+03 4.819100e+01
2.346000e+03 4.808280e+01
2.347000e+03 4.797460e+01
2.348000e+03 4.786640e+01
2.349000e+03 4.775820e+01
2.350000e+03 4.765000e+01
2.351000e+03 4.771160e+01
2.352000e+03 4.777320e+01
2.353000e+03 4.783480e+01
2.354000e+03 4.789640e+01
2.355000e+03 4.795800e+01
2.356000e+03 4.801960e+01
2.357000e+03 4.808120e+01
2.358000e+03 4.814280e+01
2.359000e+03 4.820440e+01
2.360000e+03 4.826600e+01
2.361000e+03 4.832760e+01
2.362000e+03 4.838920e+01
2.363000e+03 4.845080e+01
2.364000e+03 4.851240e+01
2.365000e+03 4.857400e+01
2.366000e+03 4.863560e+01
2.367000e+03 4.869720e+01
2.368000e+03 4.875880e+01
2.369000e+03 4.882040e+01
2.370000e+03 4.888200e+01
2.371000e+03 4.894360e+01
2.372000e+03 4.900520e+01
2.373000e+03 4.906680e+01
2.374000e+03 4.912840e+01
2.375000e+03 4.919000e+01
2.376000e+03 4.925160e+01
2.377000e+03 4.931320e+01
2.378000e+03 4.937480e+01
2.379000e+03 4.943640e+01
2.380000e+03 4.949800e+01
2.381000e+03 4.955960e+01
2.382000e+03 4.962120e+01
2.383000e+03 4.968280e+01
2.384000e+03 4.974440e+01
2.385000e+03 4.980600e+01
2.386000e+03 4.986760e+01
2.387000e+03 4.992920e+01
2.388000e+03 4.999080e+01
2.389000e+03 5.005240e+01
2.390000e+03 5.011400e+01
2.391000e+03 5.017560e+01
2.392000e+03 5.023720e+01
2.393000e+03 5.029880e+01
2.394000e+03 5.036040e+01
2.395000e+03 5.042200e+01
2.396000e+03 5.048360e+01
2.397000e+03 5.054520e+01
2.398000e+03 5.060680e+01
2.399000e+03 5.066840e+01
2.400000e+03 5.073000e+01
2.401000e+03 5.078480e+01
2.402000e+03 5.083960e+01
2.403000e+03 5.089440e+01
2.404000e+03 5.094920e+01
2.405000e+03 5.100400e+01
2.406000e+03 5.105880e+01
2.407000e+03 5.111360e+01
2.408000e+03 5.116840e+01
2.409000e+03 5.122320e+01
2.410000e+03 5.127800e+01
2.411000e+03 5.133280e+01
2.412000e+03 5.138760e+01
2.413000e+03 5.144240e+01
2.414000e+03 5.149720e+01
2.415000e+03 5.155200e+01
2.416000e+03 5.160680e+01
2.417000e+03 5.166160e+01
2.418000e+03 5.171640e+01
2.419000e+03 5.177120e+01
2.420000e+03 5.182600e+01
2.421000e+03 5.188080e+01
2.422000e+03 5.193560e+01
2.423000e+03 5.199040e+01
2.424000e+03 5.204520e+01
2.425000e+03 5.210000e+01
2.426000e+03 5.215480e+01
2.427000e+03 5.220960e+01
2.428000e+03 5.226440e+01
2.429000e+03 5.231920e+01
2.430000e+03 5.237400e+01
2.431000e+03 5.242880e+01
2.432000e+03 5.248360e+01
2.433000e+03 5.253840e+01
2.434000e+03 5.259320e+01
2.435000e+03 5.264800e+01
2.436000e+03 5.270280e+01
2.437000e+03 5.275760e+01
2.438000e+03 5.281240e+01
2.439000e+03 5.286720e+01
2.440000e+03 5.292200e+01
2.441000e+03 5.297680e+01
2.442000e+03 5.303160e+01
2.443000e+03 5.308640e+01
2.444000e+03 5.314120e+01
2.445000e+03 5.319600e+01
2.446000e+03 5.325080e+01
2.447000e+03 5.330560e+01
2.448000e+03 5.336040e+01
2.449000e+03 5.341520e+01
2.450000e+03 5.347000e+01
2.451000e+03 5.345080e+01
2.452000e+03 5.343160e+01
2.453000e+03 5.341240e+01
2.454000e+03 5.339320e+01
2.455000e+03 5.337400e+01
2.456000e+03 5.335480e+01
2.457000e+03 5.333560e+01
2.458000e+03 5.331640e+01
2.459000e+03 5.329720e+01
2.460000e+03 5.327800e+01
2.461000e+03 5.325880e+01
2.462000e+03 5.323960e+01
2.463000e+03 5.322040e+01
2.464000e+03 5.320120e+01
2.465000e+03 5.318200e+01
2.466000e+03 5.316280e+01
2.467000e+03 5.314360e+01
2.468000e+03 5.312440e+01
2.469000e+03 5.310520e+01
2.470000e+03 5.308600e+01
2.471000e+03 5.306680e+01
2.472000e+03 5.304760e+01
2.473000e+03 5.302840e+01
2.474000e+03 5.300920e+01
2.475000e+03 5.299000e+01
2.476000e+03 5.297080e+01
2.477000e+03 5.295160e+01
2.478000e+03 5.293240e+01
2.479000e+03 5.291320e+01
2.480000e+03 5.289400e+01
2.481000e+03 5.287480e+01
2.482000e+03 5.285560e+01
2.483000e+03 5.283640e+01
2.484000e+03 5.281720e+01
2.485000e+03 5.279800e+01
2.486000e+03 5.277880e+01
2.487000e+03 5.275960e+01
2.488000e+03 5.274040e+01
2.489000e+03 5.272120e+01
2.490000e+03 5.270200e+01
2.491000e+03 5.268280e+01
2.492000e+03 5.266360e+01
2.493000e+03 5.264440e+01
2.494000e+03 5.262520e+01
2.495000e+03 5.260600e+01
2.496000e+03 5.258680e+01
2.497000e+03 5.256760e+01
2.498000e+03 5.254840e+01
2.499000e+03 5.252920e+01
2.500000e+03 5.251000e+01
2.501000e+03 5.249240e+01
2.502000e+03 5.247480e+01
2.503000e+03 5.245720e+01
2.504000e+03 5.243960e+01
2.505000e+03 5.242200e+01
2.506000e+03 5.240440e+01
2.507000e+03 5.238680e+01
2.508000e+03 5.236920e+01
2.509000e+03 5.235160e+01
2.510000e+03 5.233400e+01
2.511000e+03 5.231640e+01
2.512000e+03 5.229880e+01
2.513000e+03 5.228120e+01
2.514000e+03 5.226360e+01
2.515000e+03 5.224600e+01
2.516000e+03 5.222840e+01
2.517000e+03 5.221080e+01
2.518000e+03 5.219320e+01
2.519000e+03 5.217560e+01
2.520000e+03 5.215800e+01
2.521000e+03 5.214040e+01
2.522000e+03 5.212280e+01
2.523000e+03 5.210520e+01
2.524000e+03 5.208760e+01
2.525000e+03 5.207000e+01
2.526000e+03 5.205240e+01
2.527000e+03 5.203480e+01
2.528000e+03 5.201720e+01
2.529000e+03 5.199960e+01
2.530000e+03 5.198200e+01
2.531000e+03 5.196440e+01
2.532000e+03 5.194680e+01
2.533000e+03 5.192920e+01
2.534000e+03 5.191160e+01
2.535000e+03 5.189400e+01
2.536000e+03 5.187640e+01
2.537000e+03 5.185880e+01
2.538000e+03 5.184120e+01
2.539000e+03 5.182360e+01
2.540000e+03 5.180600e+01
2.541000e+03 5.178840e+01
2.542000e+03 5.177080e+01
2.543000e+03 5.175320e+01
2.544000e+03 5.173560e+01
2.545000e+03 5.171800e+01
2.546000e+03 5.170040e+01
2.547000e+03 5.168280e+01
2.548000e+03 5.166520e+01
2.549000e+03 5.164760e+01
2.550000e+03 5.163000e+01
2.551000e+03 5.159880e+01
2.552000e+03 5.156760e+01
2.553000e+03 5.153640e+01
2.554000e+03 5.150520e+01
2.555000e+03 5.147400e+01
2.556000e+03 5.144280e+01
2.557000e+03 5.141160e+01
2.558000e+03 5.138040e+01
2.559000e+03 5.134920e+01
2.560000e+03 5.131800e+01
2.561000e+03 5.128680e+01
2.562000e+03 5.125560e+01
2.563000e+03 5.122440e+01
2.564000e+03 5.119320e+01
2.565000e+03 5.116200e+01
2.566000e+03 5.113080e+01
2.567000e+03 5.109960e+01
2.568000e+03 5.106840e+01
2.569000e+03 5.103720e+01
2.570000e+03 5.100600e+01
2.571000e+03 5.097480e+01
2.572000e+03 5.094360e+01
2.573000e+03 5.091240e+01
2.574000e+03 5.088120e+01
2.575000e+03 5.085000e+01
2.576000e+03 5.081880e+01
2.577000e+03 5.078760e+01
2.578000e+03 5.075640e+01
2.579000e+03 5.072520e+01
2.580000e+03 5.069400e+01
2.581000e+03 5.066280e+01
2.582000e+03 5.063160e+01
2.583000e+03 5.060040e+01
2.584000e+03 5.056920e+01
2.585000e+03 5.053800e+01
2.586000e+03 5.050680e+01
2.587000e+03 5.047560e+01
2.588000e+03 5.044440e+01
2.589000e+03 5.041320e+01
2.590000e+03 5.038200e+01
2.591000e+03 5.035080e+01
2.592000e+03 5.031960e+01
2.593000e+03 5.028840e+01
2.594000e+03 5.025720e+01
2.595000e+03 5.022600e+01
2.596000e+03 5.019480e+01
2.597000e+03 5.016360e+01
2.598000e+03 5.013240e+01
2.599000e+03 5.010120e+01
2.600000e+03 5.007000e+01
2.601000e+03 4.998240e+01
2.602000e+03 4.989480e+01
2.603000e+03 4.980720e+01
2.604000e+03 4.971960e+01
2.605000e+03 4.963200e+01
2.606000e+03 4.954440e+01
2.607000e+03 4.945680e+01
2.608000e+03 4.936920e+01
2.609000e+03 4.928160e+01
2.610000e+03 4.919400e+01
2.611000e+03 4.910640e+01
2.612000e+03 4.901880e+01
2.613000e+03 4.893120e+01
2.614000e+03 4.884360e+01
2.615000e+03 4.875600e+01
2.616000e+03 4.866840e+01
2.617000e+03 4.858080e+01
2.618000e+03 4.849320e+01
2.619000e+03 4.840560e+01
2.620000e+03 4.831800e+01
2.621000e+03 4.823040e+01
2.622000e+03 4.814280e+01
2.623000e+03 4.805520e+01
2.624000e+03 4.796760e+01
2.625000e+03 4.788000e+01
2.626000e+03 4.779240e+01
2.627000e+03 4.770480e+01
2.628000e+03 4.761720e+01
2.629000e+03 4.752960e+01
2.630000e+03 4.744200e+01
2.631000e+03 4.735440e+01
2.632000e+03 4.726680e+01
2.633000e+03 4.717920e+01
2.634000e+03 4.709160e+01
2.635000e+03 4.700400e+01
2.636000e+03 4.691640e+01
2.637000e+03 4.682880e+01
2.638000e+03 4.674120e+01
2.639000e+03 4.665360e+01
2.640000e+03 4.656600e+01
2.641000e+03 4.647840e+01
2.642000e+03 4.639080e+01
2.643000e+03 4.630320e+01
2.644000e+03 4.621560e+01
2.645000e+03 4.612800e+01
2.646000e+03 4.604040e+01
2.647000e+03 4.595280e+01
2.648000e+03 4.586520e+01
2.649000e+03 4.577760e+01
2.650000e+03 4.569000e+01
2.651000e+03 4.552800e+01
2.652000e+03 4.536600e+01
2.653000e+03 4.520400e+01
2.654000e+03 4.504200e+01
2.655000e+03 4.488000e+01
2.656000e+03 4.471800e+01
2.657000e+03 4.455600e+01
2.658000e+03 4.439400e+01
2.659000e+03 4.423200e+01
2.660000e+03 4.407000e+01
2.661000e+03 4.390800e+01
2.662000e+03 4.374600e+01
2.663000e+03 4.358400e+01
2.664000e+03 4.342200e+01
2.665000e+03 4.326000e+01
2.666000e+03 4.309800e+01
2.667000e+03 4.293600e+01
2.668000e+03 4.277400e+01
2.669000e+03 4.261200e+01
2.670000e+03 4.245000e+01
2.671000e+03 4.228800e+01
2.672000e+03 4.212600e+01
2.673000e+03 4.196400e+01
2.674000e+03 4.180200e+01
2.675000e+03 4.164000e+01
2.676000e+03 4.147800e+01
2.677000e+03 4.131600e+01
2.678000e+03 4.115400e+01
2.679000e+03 4.099200e+01
2.680000e+03 4.083000e+01
2.681000e+03 4.066800e+01
2.682000e+03 4.050600e+01
2.683000e+03 4.034400e+01
2.684000e+03 4.018200e+01
2.685000e+03 4.002000e+01
2.686000e+03 3.985800e+01
2.687000e+03 3.969600e+01
2.688000e+03 3.953400e+01
2.689000e+03 3.937200e+01
2.690000e+03 3.921000e+01
2.691000e+03 3.904800e+01
2.692000e+03 3.888600e+01
2.693000e+03 3.872400e+01
2.694000e+03 3.856200e+01
2.695000e+03 3.840000e+01
2.696000e+03 3.823800e+01
2.697000e+03 3.807600e+01
2.698000e+03 3.791400e+01
2.699000e+03 3.775200e+01
2.700000e+03 3.759000e+01
2.701000e+03 3.733620e+01
2.702000e+03 3.708240e+01
2.703000e+03 3.682860e+01
2.704000e+03 3.657480e+01
2.705000e+03 3.632100e+01
2.706000e+03 3.606720e+01
2.707000e+03 3.581340e+01
2.708000e+03 3.555960e+01
2.709000e+03 3.530580e+01
2.710000e+03 3.505200e+01
2.711000e+03 3.479820e+01
2.712000e+03 3.454440e+01
2.713000e+03 3.429060e+01
2.714000e+03 3.403680e+01
2.715000e+03 3.378300e+01
2.716000e+03 3.352920e+01
2.717000e+03 3.327540e+01
2.718000e+03 3.302160e+01
2.719000e+03 3.276780e+01
2.720000e+03 3.251400e+01
2.721000e+03 3.226020e+01
2.722000e+03 3.200640e+01
2.723000e+03 3.175260e+01
2.724000e+03 3.149880e+01
2.725000e+03 3.124500e+01
2.726000e+03 3.099120e+01
2.727000e+03 3.073740e+01
2.728000e+03 3.048360e+01
2.729000e+03 3.022980e+01
2.730000e+03 2.997600e+01
2.731000e+03 2.972220e+01
2.732000e+03 2.946840e+01
2.733000e+03 2.921460e+01
2.734000e+03 2.896080e+01
2.735000e+03 2.870700e+01
2.736000e+03 2.845320e+01
2.737000e+03 2.819940e+01
2.738000e+03 2.794560e+01
2.739000e+03 2.769180e+01
2.740000e+03 2.743800e+01
2.741000e+03 2.718420e+01
2.742000e+03 2.693040e+01
2.743000e+03 2.667660e+01
2.744000e+03 2.642280e+01
2.745000e+03 2.616900e+01
2.746000e+03 2.591520e+01
2.747000e+03 2.566140e+01
2.748000e+03 2.540760e+01
2.749000e+03 2.515380e+01
2.750000e+03 2.490000e+01
2.751000e+03 2.461860e+01
2.752000e+03 2.433720e+01
2.753000e+03 2.405580e+01
2.754000e+03 2.377440e+01
2.755000e+03 2.349300e+01
2.756000e+03 2.321160e+01
2.757000e+03 2.293020e+01
2.758000e+03 2.264880e+01
2.759000e+03 2.236740e+01
2.760000e+03 2.208600e+01
2.761000e+03 2.180460e+01
2.762000e+03 2.152320e+01
2.763000e+03 2.124180e+01
2.764000e+03 2.096040e+01
2.765000e+03 2.067900e+01
2.766000e+03 2.039760e+01
2.767000e+03 2.011620e+01
2.768000e+03 1.983480e+01
2.769000e+03 1.955340e+01
2.770000e+03 1.927200e+01
2.771000e+03 1.899060e+01
2.772000e+03 1.870920e+01
2.773000e+03 1.842780e+01
2.774000e+03 1.814640e+01
2.775000e+03 1.786500e+01
2.776000e+03 1.758360e+01
2.777000e+03 1.730220e+01
2.778000e+03 1.702080e+01
2.779000e+03 1.673940e+01
2.780000e+03 1.645800e+01
2.781000e+03 1.617660e+01
2.782000e+03 1.589520e+01
2.783000e+03 1.561380e+01
2.784000e+03 1.533240e+01
2.785000e+03 1.505100e+01
2.786000e+03 1.476960e+01
2.787000e+03 1.448820e+01
2.788000e+03 1.420680e+01
2.789000e+03 1.392540e+01
2.790000e+03 1.364400e+01
2.791000e+03 1.336260e+01
2.792000e+03 1.308120e+01
2.793000e+03 1.279980e+01
2.794000e+03 1.251840e+01
2.795000e+03 1.223700e+01
2.796000e+03 1.195560e+01
2.797000e+03 1.167420e+01
2.798000e+03 1.139280e+01
2.799000e+03 1.111140e+01
2.800000e+03 1.083000e+01
2.801000e+03 1.068240e+01
2.802000e+03 1.053480e+01
2.803000e+03 1.038720e+01
2.804000e+03 1.023960e+01
2.805000e+03 1.009200e+01
2.806000e+03 9.944400e+00
2.807000e+03 9.796800e+00
2.808000e+03 9.649200e+00
2.809000e+03 9.501600e+00
2.810000e+03 9.354000e+00
2.811000e+03 9.206400e+00
2.812000e+03 9.058800e+00
2.813000e+03 8.911200e+00
2.814000e+03 8.763600e+00
2.815000e+03 8.616000e+00
2.816000e+03 8.468400e+00
2.817000e+03 8.320800e+00
2.818000e+03 8.173200e+00
2.819000e+03 8.025600e+00
2.820000e+03 7.878000e+00
2.821000e+03 7.730400e+00
2.822000e+03 7.582800e+00
2.823000e+03 7.435200e+00
2.824000e+03 7.287600e+00
2.825000e+03 7.140000e+00
2.826000e+03 6.992400e+00
2.827000e+03 6.844800e+00
2.828000e+03 6.697200e+00
2.829000e+03 6.549600e+00
2.830000e+03 6.402000e+00
2.831000e+03 6.254400e+00
2.832000e+03 6.106800e+00
2.833000e+03 5.959200e+00
2.834000e+03 5.811600e+00
2.835000e+03 5.664000e+00
2.836000e+03 5.516400e+00
2.837000e+03 5.368800e+00
2.838000e+03 5.221200e+00
2.839000e+03 5.073600e+00
2.840000e+03 4.926000e+00
2.841000e+03 4.778400e+00
2.842000e+03 4.630800e+00
2.843000e+03 4.483200e+00
2.844000e+03 4.335600e+00
2.845000e+03 4.188000e+00
2.846000e+03 4.040400e+00
2.847000e+03 3.892800e+00
2.848000e+03 3.745200e+00
2.849000e+03 3.597600e+00
2.850000e+03 3.450000e+00
2.851000e+03 3.406000e+00
2.852000e+03 3.362000e+00
2.853000e+03 3.318000e+00
2.854000e+03 3.274000e+00
2.855000e+03 3.230000e+00
2.856000e+03 3.186000e+00
2.857000e+03 3.142000e+00
2.858000e+03 3.098000e+00
2.859000e+03 3.054000e+00
2.860000e+03 3.010000e+00
2.861000e+03 2.966000e+00
2.862000e+03 2.922000e+00
2.863000e+03 2.878000e+00
2.864000e+03 2.834000e+00
2.865000e+03 2.790000e+00
2.866000e+03 2.746000e+00
2.867000e+03 2.702000e+00
2.868000e+03 2.658000e+00
2.869000e+03 2.614000e+00
2.870000e+03 2.570000e+00
2.871000e+03 2.526000e+00
2.872000e+03 2.482000e+00
2.873000e+03 2.438000e+00
2.874000e+03 2.394000e+00
2.875000e+03 2.350000e+00
2.876000e+03 2.306000e+00
2.877000e+03 2.262000e+00
2.878000e+03 2.218000e+00
2.879000e+03 2.174000e+00
2.880000e+03 2.130000e+00
2.881000e+03 2.086000e+00
2.882000e+03 2.042000e+00
2.883000e+03 1.998000e+00
2.884000e+03 1.954000e+00
2.885000e+03 1.910000e+00
2.886000e+03 1.866000e+00
2.887000e+03 1.822000e+00
2.888000e+03 1.778000e+00
2.889000e+03 1.734000e+00
2.890000e+03 1.690000e+00
2.891000e+03 1.646000e+00
2.892000e+03 1.602000e+00
2.893000e+03 1.558000e+00
2.894000e+03 1.514000e+00
2.895000e+03 1.470000e+00
2.896000e+03 1.426000e+00
2.897000e+03 1.382000e+00
2.898000e+03 1.338000e+00
2.899000e+03 1.294000e+00
2.900000e+03 1.250000e+00
2.901000e+03 1.252200e+00
2.902000e+03 1.254400e+00
2.903000e+03 1.256600e+00
2.904000e+03 1.258800e+00
2.905000e+03 1.261000e+00
2.906000e+03 1.263200e+00
2.907000e+03 1.265400e+00
2.908000e+03 1.267600e+00
2.909000e+03 1.269800e+00
2.910000e+03 1.272000e+00
2.911000e+03 1.274200e+00
2.912000e+03 1.276400e+00
2.913000e+03 1.278600e+00
2.914000e+03 1.280800e+00
2.915000e+03 1.283000e+00
2.916000e+03 1.285200e+00
2.917000e+03 1.287400e+00
2.918000e+03 1.289600e+00
2.919000e+03 1.291800e+00
2.920000e+03 1.294000e+00
2.921000e+03 1.296200e+00
2.922000e+03 1.298400e+00
2.923000e+03 1.300600e+00
2.924000e+03 1.302800e+00
2.925000e+03 1.305000e+00
2.926000e+03 1.307200e+00
2.927000e+03 1.309400e+00
2.928000e+03 1.311600e+00
2.929000e+03 1.313800e+00
2.930000e+03 1.316000e+00
2.931000e+03 1.318200e+00
2.932000e+03 1.320400e+00
2.933000e+03 1.322600e+00
2.934000e+03 1.324800e+00
2.935000e+03 1.327000e+00
2.936000e+03 1.329200e+00
2.937000e+03 1.331400e+00
2.938000e+03 1.333600e+00
2.939000e+03 1.335800e+00
2.940000e+03 1.338000e+00
2.941000e+03 1.340200e+00
2.942000e+03 1.342400e+00
2.943000e+03 1.344600e+00
2.944000e+03 1.346800e+00
2.945000e+03 1.349000e+00
2.946000e+03 1.351200e+00
2.947000e+03 1.353400e+00
2.948000e+03 1.355600e+00
2.949000e+03 1.357800e+00
2.950000e+03 1.360000e+00
2.951000e+03 1.369800e+00
2.952000e+03 1.379600e+00
2.953000e+03 1.389400e+00
2.954000e+03 1.399200e+00
2.955000e+03 1.409000e+00
2.956000e+03 1.418800e+00
2.957000e+03 1.428600e+00
2.958000e+03 1.438400e+00
2.959000e+03 1.448200e+00
2.960000e+03 1.458000e+00
2.961000e+03 1.467800e+00
2.962000e+03 1.477600e+00
2.963000e+03 1.487400e+00
2.964000e+03 1.497200e+00
2.965000e+03 1.507000e+00
2.966000e+03 1.516800e+00
2.967000e+03 1.526600e+00
2.968000e+03 1.536400e+00
2.969000e+03 1.546200e+00
2.970000e+03 1.556000e+00
2.971000e+03 1.565800e+00
2.972000e+03 1.575600e+00
2.973000e+03 1.585400e+00
2.974000e+03 1.595200e+00
2.975000e+03 1.605000e+00
2.976000e+03 1.614800e+00
2.977000e+03 1.624600e+00
2.978000e+03 1.634400e+00
2.979000e+03 1.644200e+00
2.980000e+03 1.654000e+00
2.981000e+03 1.663800e+00
2.982000e+03 1.673600e+00
2.983000e+03 1.683400e+00
2.984000e+03 1.693200e+00
2.985000e+03 1.703000e+00
2.986000e+03 1.712800e+00
2.987000e+03 1.722600e+00
2.988000e+03 1.732400e+00
2.989000e+03 1.742200e+00
2.990000e+03 1.752000e+00
2.991000e+03 1.761800e+00
2.992000e+03 1.771600e+00
2.993000e+03 1.781400e+00
2.994000e+03 1.791200e+00
2.995000e+03 1.801000e+00
2.996000e+03 1.810800e+00
2.997000e+03 1.820600e+00
2.998000e+03 1.830400e+00
2.999000e+03 1.840200e+00
3.000000e+03 1.850000e+00
3.001000e+03 1.665000e+00
3.002000e+03 1.480000e+00
3.003000e+03 1.295000e+00
3.004000e+03 1.110000e+00
3.005000e+03 9.250000e-01
3.006000e+03 7.400000e-01
3.007000e+03 5.550000e-01
3.008000e+03 3.700000e-01
3.009000e+03 1.850000e-01
3.010000e+03 0.000000e+00
