# # Wavelength(Angstrom)  Transmission
1.137000e+04 1.146760e-04
1.138000e+04 1.201530e-04
1.139000e+04 1.257410e-04
1.140000e+04 1.312300e-04
1.141000e+04 1.367340e-04
1.142000e+04 1.422430e-04
1.143000e+04 1.477560e-04
1.144000e+04 1.532740e-04
1.145000e+04 1.589330e-04
1.146000e+04 1.644660e-04
1.147000e+04 1.700040e-04
1.148000e+04 1.755470e-04
1.149000e+04 1.810950e-04
1.150000e+04 1.868070e-04
1.151000e+04 1.923590e-04
1.152000e+04 1.979160e-04
1.153000e+04 2.034770e-04
1.154000e+04 2.090420e-04
1.155000e+04 2.147950e-04
1.156000e+04 2.203740e-04
1.157000e+04 2.259570e-04
1.158000e+04 2.315450e-04
1.159000e+04 2.371370e-04
1.160000e+04 2.429400e-04
1.161000e+04 2.485470e-04
1.162000e+04 2.541590e-04
1.163000e+04 2.597750e-04
1.164000e+04 2.656210e-04
1.165000e+04 2.712510e-04
1.166000e+04 2.768850e-04
1.167000e+04 2.825240e-04
1.168000e+04 2.881670e-04
1.169000e+04 2.940650e-04
1.170000e+04 2.997220e-04
1.171000e+04 3.053830e-04
1.172000e+04 3.110490e-04
1.173000e+04 3.169890e-04
1.174000e+04 3.226690e-04
1.174321e+04 3.244940e-04
1.175000e+04 3.494290e-04
1.176000e+04 3.861910e-04
1.176322e+04 3.980300e-04
1.177000e+04 5.082540e-04
1.178000e+04 6.714750e-04
1.178322e+04 7.239810e-04
1.179000e+04 9.763960e-04
1.180000e+04 1.349140e-03
1.180323e+04 1.469550e-03
1.181000e+04 1.828840e-03
1.182000e+04 2.361830e-03
1.182324e+04 2.533830e-03
1.183000e+04 3.124660e-03
1.184000e+04 3.998460e-03
1.184324e+04 4.281780e-03
1.185000e+04 5.092970e-03
1.186000e+04 6.299050e-03
1.186325e+04 6.689280e-03
1.187000e+04 8.043260e-03
1.188000e+04 1.004890e-02
1.188325e+04 1.070110e-02
1.189000e+04 1.296310e-02
1.190000e+04 1.632980e-02
1.190326e+04 1.742320e-02
1.191000e+04 2.107100e-02
1.192000e+04 2.648310e-02
1.192326e+04 2.824900e-02
1.193000e+04 3.504510e-02
1.194000e+04 4.513530e-02
1.194327e+04 4.844690e-02
1.195000e+04 6.046740e-02
1.196000e+04 7.828900e-02
1.196327e+04 8.412480e-02
1.197000e+04 1.057360e-01
1.198000e+04 1.378780e-01
1.198328e+04 1.484630e-01
1.199000e+04 1.867480e-01
1.200000e+04 2.436140e-01
1.200328e+04 2.623070e-01
1.201000e+04 3.046790e-01
1.202000e+04 3.678120e-01
1.202329e+04 3.886960e-01
1.203000e+04 4.209460e-01
1.204000e+04 4.687040e-01
1.204329e+04 4.844480e-01
1.205000e+04 4.966590e-01
1.206000e+04 5.148830e-01
1.206330e+04 5.210450e-01
1.207000e+04 5.231520e-01
1.208000e+04 5.258580e-01
1.208331e+04 5.267530e-01
1.209000e+04 5.260500e-01
1.210000e+04 5.250000e-01
1.210331e+04 5.247990e-01
1.211000e+04 5.246060e-01
1.212000e+04 5.238730e-01
1.212332e+04 5.236300e-01
1.213000e+04 5.238190e-01
1.214000e+04 5.241010e-01
1.214332e+04 5.243420e-01
1.215000e+04 5.251650e-01
1.216000e+04 5.259560e-01
1.216333e+04 5.262200e-01
1.217000e+04 5.265520e-01
1.218000e+04 5.270490e-01
1.218333e+04 5.273630e-01
1.219000e+04 5.286710e-01
1.220000e+04 5.301890e-01
1.220334e+04 5.306800e-01
1.221000e+04 5.314280e-01
1.222000e+04 5.329980e-01
1.222334e+04 5.333740e-01
1.223000e+04 5.339610e-01
1.224000e+04 5.348440e-01
1.224335e+04 5.351390e-01
1.225000e+04 5.352620e-01
1.226000e+04 5.358960e-01
1.226336e+04 5.359570e-01
1.227000e+04 5.357760e-01
1.228000e+04 5.355020e-01
1.228336e+04 5.354100e-01
1.229000e+04 5.347630e-01
1.230000e+04 5.342360e-01
1.230337e+04 5.339070e-01
1.231000e+04 5.331520e-01
1.232000e+04 5.320120e-01
1.232337e+04 5.316280e-01
1.233000e+04 5.312840e-01
1.234000e+04 5.312100e-01
1.234338e+04 5.310340e-01
1.235000e+04 5.307790e-01
1.236000e+04 5.303940e-01
1.236338e+04 5.302630e-01
1.237000e+04 5.304380e-01
1.238000e+04 5.311460e-01
1.238339e+04 5.312360e-01
1.239000e+04 5.316790e-01
1.240000e+04 5.323500e-01
1.240339e+04 5.325990e-01
1.241000e+04 5.327980e-01
1.242000e+04 5.335460e-01
1.242340e+04 5.336490e-01
1.243000e+04 5.339380e-01
1.244000e+04 5.343750e-01
1.244340e+04 5.345240e-01
1.245000e+04 5.344550e-01
1.246000e+04 5.347960e-01
1.246341e+04 5.347600e-01
1.247000e+04 5.347800e-01
1.248000e+04 5.348100e-01
1.248341e+04 5.348200e-01
1.249000e+04 5.344800e-01
1.250000e+04 5.344110e-01
1.250342e+04 5.341940e-01
1.251000e+04 5.335770e-01
1.252000e+04 5.326400e-01
1.252342e+04 5.323180e-01
1.253000e+04 5.318810e-01
1.254000e+04 5.316600e-01
1.254343e+04 5.314310e-01
1.255000e+04 5.310650e-01
1.256000e+04 5.305080e-01
1.256344e+04 5.304690e-01
1.257000e+04 5.306990e-01
1.258000e+04 5.306060e-01
1.258344e+04 5.305740e-01
1.259000e+04 5.311770e-01
1.260000e+04 5.320980e-01
1.260345e+04 5.325600e-01
1.261000e+04 5.333860e-01
1.262000e+04 5.342030e-01
1.262345e+04 5.344850e-01
1.263000e+04 5.352710e-01
1.264000e+04 5.364720e-01
1.264346e+04 5.370420e-01
1.265000e+04 5.382820e-01
1.266000e+04 5.397320e-01
1.266346e+04 5.402340e-01
1.267000e+04 5.409840e-01
1.268000e+04 5.421330e-01
1.268347e+04 5.426880e-01
1.269000e+04 5.435720e-01
1.270000e+04 5.444740e-01
1.270347e+04 5.447880e-01
1.271000e+04 5.448920e-01
1.272000e+04 5.450520e-01
1.272348e+04 5.452660e-01
1.273000e+04 5.455760e-01
1.274000e+04 5.455990e-01
1.274349e+04 5.456070e-01
1.275000e+04 5.449580e-01
1.276000e+04 5.439620e-01
1.276349e+04 5.436140e-01
1.277000e+04 5.430550e-01
1.278000e+04 5.426470e-01
1.278350e+04 5.423460e-01
1.279000e+04 5.419480e-01
1.280000e+04 5.413360e-01
1.280350e+04 5.410900e-01
1.281000e+04 5.410280e-01
1.282000e+04 5.413820e-01
1.282351e+04 5.413480e-01
1.283000e+04 5.412690e-01
1.284000e+04 5.411460e-01
1.284351e+04 5.411020e-01
1.285000e+04 5.415590e-01
1.286000e+04 5.427140e-01
1.286352e+04 5.429620e-01
1.287000e+04 5.435260e-01
1.288000e+04 5.443970e-01
1.288352e+04 5.447040e-01
1.289000e+04 5.452680e-01
1.290000e+04 5.465910e-01
1.290353e+04 5.468990e-01
1.291000e+04 5.473190e-01
1.292000e+04 5.479690e-01
1.292353e+04 5.481990e-01
1.293000e+04 5.482260e-01
1.294000e+04 5.487230e-01
1.294354e+04 5.487370e-01
1.295000e+04 5.487820e-01
1.296000e+04 5.488520e-01
1.296354e+04 5.488770e-01
1.297000e+04 5.484040e-01
1.298000e+04 5.476720e-01
1.298355e+04 5.475730e-01
1.299000e+04 5.475350e-01
1.300000e+04 5.470230e-01
1.300356e+04 5.469080e-01
1.301000e+04 5.461630e-01
1.302000e+04 5.450060e-01
1.302356e+04 5.447550e-01
1.303000e+04 5.449420e-01
1.304000e+04 5.447810e-01
1.304357e+04 5.447240e-01
1.305000e+04 5.445310e-01
1.306000e+04 5.442310e-01
1.306357e+04 5.441240e-01
1.307000e+04 5.443420e-01
1.308000e+04 5.451300e-01
1.308358e+04 5.452520e-01
1.309000e+04 5.452910e-01
1.310000e+04 5.453520e-01
1.310358e+04 5.453740e-01
1.311000e+04 5.458950e-01
1.312000e+04 5.467070e-01
1.312359e+04 5.471610e-01
1.313000e+04 5.477400e-01
1.314000e+04 5.481910e-01
1.314359e+04 5.483540e-01
1.315000e+04 5.484470e-01
1.316000e+04 5.485920e-01
1.316360e+04 5.488070e-01
1.317000e+04 5.492970e-01
1.318000e+04 5.496100e-01
1.318361e+04 5.497230e-01
1.319000e+04 5.498520e-01
1.320000e+04 5.500540e-01
1.320361e+04 5.500850e-01
1.321000e+04 5.502650e-01
1.322000e+04 5.510020e-01
1.322362e+04 5.511040e-01
1.323000e+04 5.511780e-01
1.324000e+04 5.512930e-01
1.324362e+04 5.513340e-01
1.325000e+04 5.515680e-01
1.326000e+04 5.519350e-01
1.326363e+04 5.520680e-01
1.327000e+04 5.525160e-01
1.328000e+04 5.536750e-01
1.328363e+04 5.539300e-01
1.329000e+04 5.541460e-01
1.330000e+04 5.544860e-01
1.330364e+04 5.546090e-01
1.331000e+04 5.545230e-01
1.332000e+04 5.543860e-01
1.332364e+04 5.545020e-01
1.333000e+04 5.548480e-01
1.334000e+04 5.549350e-01
1.334365e+04 5.549670e-01
1.335000e+04 5.547380e-01
1.336000e+04 5.543760e-01
1.336365e+04 5.542440e-01
1.337000e+04 5.540330e-01
1.338000e+04 5.536990e-01
1.338366e+04 5.537440e-01
1.339000e+04 5.533750e-01
1.340000e+04 5.523390e-01
1.340366e+04 5.518490e-01
1.341000e+04 5.511630e-01
1.342000e+04 5.500800e-01
1.342367e+04 5.496830e-01
1.343000e+04 5.490160e-01
1.344000e+04 5.479630e-01
1.344367e+04 5.477410e-01
1.345000e+04 5.472890e-01
1.346000e+04 5.461240e-01
1.346368e+04 5.456960e-01
1.347000e+04 5.458280e-01
1.348000e+04 5.460380e-01
1.348369e+04 5.461150e-01
1.349000e+04 5.459280e-01
1.350000e+04 5.456330e-01
1.350369e+04 5.456630e-01
1.351000e+04 5.461030e-01
1.352000e+04 5.463520e-01
1.352370e+04 5.464430e-01
1.353000e+04 5.467940e-01
1.354000e+04 5.473480e-01
1.354370e+04 5.475540e-01
1.355000e+04 5.482190e-01
1.356000e+04 5.492750e-01
1.356371e+04 5.496650e-01
1.357000e+04 5.496960e-01
1.358000e+04 5.501960e-01
1.358371e+04 5.502140e-01
1.359000e+04 5.496130e-01
1.360000e+04 5.486580e-01
1.360372e+04 5.479190e-01
1.361000e+04 5.484700e-01
1.362000e+04 5.493400e-01
1.362372e+04 5.496620e-01
1.363000e+04 5.496790e-01
1.364000e+04 5.497030e-01
1.364373e+04 5.497110e-01
1.365000e+04 5.482540e-01
1.366000e+04 5.463840e-01
1.366374e+04 5.455190e-01
1.367000e+04 5.451700e-01
1.368000e+04 5.446100e-01
1.368374e+04 5.444010e-01
1.369000e+04 5.434510e-01
1.370000e+04 5.419350e-01
1.370375e+04 5.413680e-01
1.371000e+04 5.404730e-01
1.372000e+04 5.390430e-01
1.372375e+04 5.385070e-01
1.373000e+04 5.377330e-01
1.374000e+04 5.364950e-01
1.374376e+04 5.361950e-01
1.375000e+04 5.353770e-01
1.376000e+04 5.336310e-01
1.376376e+04 5.329750e-01
1.377000e+04 5.323220e-01
1.378000e+04 5.312760e-01
1.378377e+04 5.308820e-01
1.379000e+04 5.292010e-01
1.380000e+04 5.265100e-01
1.380377e+04 5.256120e-01
1.381000e+04 5.251060e-01
1.382000e+04 5.242930e-01
1.382378e+04 5.239860e-01
1.383000e+04 5.232830e-01
1.384000e+04 5.242320e-01
1.384378e+04 5.245910e-01
1.385000e+04 5.244230e-01
1.386000e+04 5.245770e-01
1.386379e+04 5.244720e-01
1.387000e+04 5.253410e-01
1.388000e+04 5.267420e-01
1.388379e+04 5.272740e-01
1.389000e+04 5.273810e-01
1.390000e+04 5.275520e-01
1.390380e+04 5.276160e-01
1.391000e+04 5.285020e-01
1.392000e+04 5.299340e-01
1.392381e+04 5.304790e-01
1.393000e+04 5.299810e-01
1.394000e+04 5.291720e-01
1.394381e+04 5.288620e-01
1.395000e+04 5.306690e-01
1.396000e+04 5.335950e-01
1.396382e+04 5.347140e-01
1.397000e+04 5.347140e-01
1.398000e+04 5.347110e-01
1.398382e+04 5.347090e-01
1.399000e+04 5.358350e-01
1.400000e+04 5.376590e-01
1.400383e+04 5.381570e-01
1.401000e+04 5.380650e-01
1.402000e+04 5.379160e-01
1.402383e+04 5.378580e-01
1.403000e+04 5.387290e-01
1.404000e+04 5.401420e-01
1.404384e+04 5.406850e-01
1.405000e+04 5.411170e-01
1.406000e+04 5.418190e-01
1.406384e+04 5.420890e-01
1.407000e+04 5.423180e-01
1.408000e+04 5.431330e-01
1.408385e+04 5.432760e-01
1.409000e+04 5.440820e-01
1.410000e+04 5.453940e-01
1.410386e+04 5.459010e-01
1.411000e+04 5.459090e-01
1.412000e+04 5.459220e-01
1.412386e+04 5.459270e-01
1.413000e+04 5.466660e-01
1.414000e+04 5.478710e-01
1.414387e+04 5.483370e-01
1.415000e+04 5.480720e-01
1.416000e+04 5.476390e-01
1.416387e+04 5.474710e-01
1.417000e+04 5.478520e-01
1.418000e+04 5.484750e-01
1.418388e+04 5.487160e-01
1.419000e+04 5.488750e-01
1.420000e+04 5.486870e-01
1.420388e+04 5.485940e-01
1.421000e+04 5.486010e-01
1.422000e+04 5.486130e-01
1.422389e+04 5.486170e-01
1.423000e+04 5.485560e-01
1.424000e+04 5.484560e-01
1.424389e+04 5.484170e-01
1.425000e+04 5.483050e-01
1.426000e+04 5.481210e-01
1.426390e+04 5.480490e-01
1.427000e+04 5.477500e-01
1.428000e+04 5.472580e-01
1.428390e+04 5.470670e-01
1.429000e+04 5.474820e-01
1.430000e+04 5.481630e-01
1.430391e+04 5.484290e-01
1.431000e+04 5.482150e-01
1.432000e+04 5.478630e-01
1.432391e+04 5.477250e-01
1.433000e+04 5.476980e-01
1.434000e+04 5.476530e-01
1.434392e+04 5.476350e-01
1.435000e+04 5.477770e-01
1.436000e+04 5.480120e-01
1.436392e+04 5.481040e-01
1.437000e+04 5.483480e-01
1.438000e+04 5.487490e-01
1.438393e+04 5.489070e-01
1.439000e+04 5.489640e-01
1.440000e+04 5.486100e-01
1.440394e+04 5.486060e-01
1.441000e+04 5.487690e-01
1.442000e+04 5.490390e-01
1.442394e+04 5.491450e-01
1.443000e+04 5.494430e-01
1.444000e+04 5.499350e-01
1.444395e+04 5.501290e-01
1.445000e+04 5.503770e-01
1.446000e+04 5.507850e-01
1.446395e+04 5.509460e-01
1.447000e+04 5.507880e-01
1.448000e+04 5.505270e-01
1.448396e+04 5.504240e-01
1.449000e+04 5.510410e-01
1.450000e+04 5.520620e-01
1.450396e+04 5.523900e-01
1.451000e+04 5.522490e-01
1.452000e+04 5.524690e-01
1.452397e+04 5.525570e-01
1.453000e+04 5.525040e-01
1.454000e+04 5.524180e-01
1.454397e+04 5.523830e-01
1.455000e+04 5.522970e-01
1.456000e+04 5.521540e-01
1.456398e+04 5.520970e-01
1.457000e+04 5.517760e-01
1.458000e+04 5.507900e-01
1.458399e+04 5.505770e-01
1.459000e+04 5.503390e-01
1.460000e+04 5.499440e-01
1.460399e+04 5.497620e-01
1.461000e+04 5.493200e-01
1.462000e+04 5.485830e-01
1.462400e+04 5.482890e-01
1.463000e+04 5.480650e-01
1.464000e+04 5.476910e-01
1.464400e+04 5.473620e-01
1.465000e+04 5.466170e-01
1.466000e+04 5.458240e-01
1.466401e+04 5.455060e-01
1.467000e+04 5.453820e-01
1.468000e+04 5.451750e-01
1.468401e+04 5.450920e-01
1.469000e+04 5.449680e-01
1.470000e+04 5.447610e-01
1.470402e+04 5.444980e-01
1.471000e+04 5.445580e-01
1.472000e+04 5.451060e-01
1.472402e+04 5.453260e-01
1.473000e+04 5.455530e-01
1.474000e+04 5.459330e-01
1.474403e+04 5.460870e-01
1.475000e+04 5.461800e-01
1.476000e+04 5.458880e-01
1.476403e+04 5.459510e-01
1.477000e+04 5.462450e-01
1.478000e+04 5.467370e-01
1.478404e+04 5.469360e-01
1.479000e+04 5.473790e-01
1.480000e+04 5.476730e-01
1.480404e+04 5.479520e-01
1.481000e+04 5.481950e-01
1.482000e+04 5.486050e-01
1.482405e+04 5.487700e-01
1.483000e+04 5.491470e-01
1.484000e+04 5.493280e-01
1.484406e+04 5.495850e-01
1.485000e+04 5.497780e-01
1.486000e+04 5.501040e-01
1.486406e+04 5.502360e-01
1.487000e+04 5.503290e-01
1.488000e+04 5.500340e-01
1.488407e+04 5.500980e-01
1.489000e+04 5.502580e-01
1.490000e+04 5.505270e-01
1.490407e+04 5.506370e-01
1.491000e+04 5.511110e-01
1.492000e+04 5.514570e-01
1.492408e+04 5.517830e-01
1.493000e+04 5.518600e-01
1.494000e+04 5.519900e-01
1.494408e+04 5.520430e-01
1.495000e+04 5.526980e-01
1.496000e+04 5.533500e-01
1.496409e+04 5.538020e-01
1.497000e+04 5.538630e-01
1.498000e+04 5.539640e-01
1.498409e+04 5.538190e-01
1.499000e+04 5.540050e-01
1.500000e+04 5.547770e-01
1.500410e+04 5.549840e-01
1.501000e+04 5.549530e-01
1.502000e+04 5.544420e-01
1.502411e+04 5.544210e-01
1.503000e+04 5.544390e-01
1.504000e+04 5.544700e-01
1.504411e+04 5.542950e-01
1.505000e+04 5.536660e-01
1.506000e+04 5.530570e-01
1.506412e+04 5.528060e-01
1.507000e+04 5.523500e-01
1.508000e+04 5.511190e-01
1.508412e+04 5.508000e-01
1.509000e+04 5.502300e-01
1.510000e+04 5.492620e-01
1.510413e+04 5.486760e-01
1.511000e+04 5.477760e-01
1.512000e+04 5.467000e-01
1.512413e+04 5.462550e-01
1.513000e+04 5.453470e-01
1.514000e+04 5.433500e-01
1.514414e+04 5.427110e-01
1.515000e+04 5.416440e-01
1.516000e+04 5.398250e-01
1.516414e+04 5.388860e-01
1.517000e+04 5.376740e-01
1.518000e+04 5.360510e-01
1.518415e+04 5.351940e-01
1.519000e+04 5.341150e-01
1.520000e+04 5.327170e-01
1.520415e+04 5.321180e-01
1.521000e+04 5.312920e-01
1.522000e+04 5.294390e-01
1.522416e+04 5.288520e-01
1.523000e+04 5.284460e-01
1.524000e+04 5.273130e-01
1.524417e+04 5.270240e-01
1.525000e+04 5.267320e-01
1.526000e+04 5.262310e-01
1.526417e+04 5.258400e-01
1.527000e+04 5.253090e-01
1.528000e+04 5.248360e-01
1.528417e+04 5.244570e-01
1.529000e+04 5.241670e-01
1.530000e+04 5.241060e-01
1.530418e+04 5.238970e-01
1.531000e+04 5.237350e-01
1.532000e+04 5.238920e-01
1.532419e+04 5.237750e-01
1.533000e+04 5.237230e-01
1.534000e+04 5.240700e-01
1.534419e+04 5.240320e-01
1.535000e+04 5.239640e-01
1.536000e+04 5.242830e-01
1.536420e+04 5.244170e-01
1.537000e+04 5.246490e-01
1.538000e+04 5.246100e-01
1.538420e+04 5.247780e-01
1.539000e+04 5.251660e-01
1.540000e+04 5.253970e-01
1.540421e+04 5.256900e-01
1.541000e+04 5.258570e-01
1.542000e+04 5.257050e-01
1.542421e+04 5.258270e-01
1.543000e+04 5.259930e-01
1.544000e+04 5.258400e-01
1.544422e+04 5.259610e-01
1.545000e+04 5.262370e-01
1.546000e+04 5.262710e-01
1.546422e+04 5.262850e-01
1.547000e+04 5.261640e-01
1.548000e+04 5.263960e-01
1.548423e+04 5.263070e-01
1.549000e+04 5.260450e-01
1.550000e+04 5.260340e-01
1.550424e+04 5.259020e-01
1.551000e+04 5.257840e-01
1.552000e+04 5.260210e-01
1.552424e+04 5.259340e-01
1.553000e+04 5.256300e-01
1.554000e+04 5.255440e-01
1.554425e+04 5.253200e-01
1.555000e+04 5.248160e-01
1.556000e+04 5.239400e-01
1.556425e+04 5.237560e-01
1.557000e+04 5.234910e-01
1.558000e+04 5.225900e-01
1.558426e+04 5.223940e-01
1.559000e+04 5.219920e-01
1.560000e+04 5.208510e-01
1.560426e+04 5.205410e-01
1.561000e+04 5.199550e-01
1.562000e+04 5.184950e-01
1.562427e+04 5.178730e-01
1.563000e+04 5.169920e-01
1.564000e+04 5.158930e-01
1.564427e+04 5.152370e-01
1.565000e+04 5.141140e-01
1.566000e+04 5.121560e-01
1.566428e+04 5.115040e-01
1.567000e+04 5.105420e-01
1.568000e+04 5.084290e-01
1.568428e+04 5.077100e-01
1.569000e+04 5.069930e-01
1.570000e+04 5.053110e-01
1.570429e+04 5.045900e-01
1.571000e+04 5.033730e-01
1.572000e+04 5.016710e-01
1.572429e+04 5.007570e-01
1.573000e+04 4.996960e-01
1.574000e+04 4.978380e-01
1.574430e+04 4.972220e-01
1.575000e+04 4.970090e-01
1.576000e+04 4.962130e-01
1.576431e+04 4.958710e-01
1.577000e+04 4.958250e-01
1.578000e+04 4.957430e-01
1.578431e+04 4.958890e-01
1.579000e+04 4.966540e-01
1.580000e+04 4.975720e-01
1.580432e+04 4.979760e-01
1.581000e+04 4.993750e-01
1.582000e+04 5.022630e-01
1.582432e+04 5.033250e-01
1.583000e+04 5.050610e-01
1.584000e+04 5.081150e-01
1.584433e+04 5.094340e-01
1.585000e+04 5.103420e-01
1.586000e+04 5.123790e-01
1.586433e+04 5.130710e-01
1.587000e+04 5.099460e-01
1.588000e+04 5.044390e-01
1.588434e+04 5.020530e-01
1.589000e+04 4.909830e-01
1.590000e+04 4.718630e-01
1.590434e+04 4.633860e-01
1.591000e+04 4.415600e-01
1.592000e+04 4.030310e-01
1.592435e+04 3.863000e-01
1.593000e+04 3.584140e-01
1.594000e+04 3.091470e-01
1.594436e+04 2.878270e-01
1.595000e+04 2.615080e-01
1.596000e+04 2.147040e-01
1.596436e+04 1.943250e-01
1.597000e+04 1.744650e-01
1.598000e+04 1.393040e-01
1.598437e+04 1.239740e-01
1.599000e+04 1.109280e-01
1.600000e+04 8.788160e-02
1.600437e+04 7.778170e-02
1.601000e+04 6.943910e-02
1.602000e+04 5.464000e-02
1.602438e+04 4.817130e-02
1.603000e+04 4.314430e-02
1.604000e+04 3.421770e-02
1.604438e+04 3.031150e-02
1.605000e+04 2.727550e-02
1.606000e+04 2.189850e-02
1.606439e+04 1.953210e-02
1.607000e+04 1.768880e-02
1.608000e+04 1.440930e-02
1.608439e+04 1.297080e-02
1.609000e+04 1.177040e-02
1.610000e+04 9.632950e-03
1.610440e+04 8.694100e-03
1.611000e+04 7.936050e-03
1.612000e+04 6.584780e-03
1.612440e+04 5.990460e-03
1.613000e+04 5.464280e-03
1.614000e+04 4.525360e-03
1.614441e+04 4.111940e-03
1.615000e+04 3.763130e-03
1.616000e+04 3.142910e-03
1.616442e+04 2.868010e-03
1.617000e+04 2.652080e-03
1.618000e+04 2.266010e-03
1.618442e+04 2.095610e-03
1.619000e+04 1.937710e-03
1.620000e+04 1.655160e-03
1.620443e+04 1.530160e-03
1.621000e+04 1.424040e-03
1.622000e+04 1.234000e-03
1.622443e+04 1.149940e-03
1.623000e+04 1.058560e-03
1.624000e+04 8.947810e-04
1.624444e+04 8.222540e-04
1.625000e+04 7.793780e-04
1.626000e+04 7.024600e-04
1.626444e+04 6.683470e-04
1.627000e+04 6.173440e-04
1.628000e+04 5.257360e-04
1.628445e+04 4.850630e-04
1.629000e+04 4.763660e-04
1.630000e+04 4.607320e-04
1.630445e+04 4.537800e-04
1.631000e+04 4.115890e-04
1.632000e+04 3.356620e-04
1.632446e+04 3.018700e-04
1.633000e+04 2.738290e-04
1.634000e+04 2.233220e-04
1.634446e+04 2.008140e-04
1.635000e+04 1.729150e-04
1.635447e+04 1.504350e-04
1.636000e+04 1.481200e-04
1.637000e+04 1.438150e-04
1.638000e+04 1.396520e-04
1.639000e+04 1.354980e-04
1.640000e+04 1.313530e-04
1.641000e+04 1.272930e-04
1.642000e+04 1.232370e-04
1.643000e+04 1.191860e-04
1.644000e+04 1.151390e-04
1.645000e+04 1.110970e-04
