# # Wavelength(Angstrom)  Transmission
6.506000e+03 8.585450e-05
6.507000e+03 9.959660e-05
6.508000e+03 1.133410e-04
6.509000e+03 1.270880e-04
6.510000e+03 1.408380e-04
6.511000e+03 1.545800e-04
6.512000e+03 1.683230e-04
6.513000e+03 1.820660e-04
6.514000e+03 1.958100e-04
6.515000e+03 2.095550e-04
6.516000e+03 2.233000e-04
6.517000e+03 2.370460e-04
6.518000e+03 2.507930e-04
6.519000e+03 2.645410e-04
6.520000e+03 2.782890e-04
6.521000e+03 2.920190e-04
6.522000e+03 3.057470e-04
6.523000e+03 3.194740e-04
6.524000e+03 3.332000e-04
6.525000e+03 3.469250e-04
6.526000e+03 3.606490e-04
6.527000e+03 3.743710e-04
6.528000e+03 3.880930e-04
6.529000e+03 4.018130e-04
6.530000e+03 4.155330e-04
6.531000e+03 4.292730e-04
6.532000e+03 4.430130e-04
6.533000e+03 4.567530e-04
6.534000e+03 4.704940e-04
6.535000e+03 4.842350e-04
6.536000e+03 4.979760e-04
6.537000e+03 5.117180e-04
6.538000e+03 5.254600e-04
6.539000e+03 5.392030e-04
6.540000e+03 5.529440e-04
6.541000e+03 5.667840e-04
6.542000e+03 5.806280e-04
6.543000e+03 5.944770e-04
6.544000e+03 6.083300e-04
6.545000e+03 6.221900e-04
6.546000e+03 6.360530e-04
6.547000e+03 6.499220e-04
6.548000e+03 6.637960e-04
6.549000e+03 6.776750e-04
6.550000e+03 6.915570e-04
6.551000e+03 7.053060e-04
6.552000e+03 7.190510e-04
6.553000e+03 7.327970e-04
6.554000e+03 7.465420e-04
6.555000e+03 7.602870e-04
6.556000e+03 7.740300e-04
6.557000e+03 7.877750e-04
6.558000e+03 8.015160e-04
6.559000e+03 8.152600e-04
6.560000e+03 8.290010e-04
6.561000e+03 8.428470e-04
6.562000e+03 8.566930e-04
6.563000e+03 8.705440e-04
6.564000e+03 8.843970e-04
6.565000e+03 8.982530e-04
6.566000e+03 9.121130e-04
6.567000e+03 9.259730e-04
6.568000e+03 9.398370e-04
6.569000e+03 9.537040e-04
6.570000e+03 9.675750e-04
6.571000e+03 9.813330e-04
6.572000e+03 9.950860e-04
6.573000e+03 1.008840e-03
6.574000e+03 1.022600e-03
6.575000e+03 1.036360e-03
6.576000e+03 1.050110e-03
6.577000e+03 1.063870e-03
6.578000e+03 1.077620e-03
6.579000e+03 1.091370e-03
6.580000e+03 1.105120e-03
6.581000e+03 1.118950e-03
6.582000e+03 1.132780e-03
6.583000e+03 1.146610e-03
6.584000e+03 1.160440e-03
6.585000e+03 1.174270e-03
6.586000e+03 1.188100e-03
6.587000e+03 1.201940e-03
6.588000e+03 1.215770e-03
6.589000e+03 1.229610e-03
6.590000e+03 1.243450e-03
6.591000e+03 1.257260e-03
6.592000e+03 1.271070e-03
6.593000e+03 1.284890e-03
6.594000e+03 1.298700e-03
6.595000e+03 1.312520e-03
6.596000e+03 1.326340e-03
6.597000e+03 1.340150e-03
6.598000e+03 1.353970e-03
6.599000e+03 1.367780e-03
6.600000e+03 1.381600e-03
6.601000e+03 1.395490e-03
6.602000e+03 1.409380e-03
6.603000e+03 1.423270e-03
6.604000e+03 1.437160e-03
6.605000e+03 1.451060e-03
6.606000e+03 1.464960e-03
6.607000e+03 1.478860e-03
6.608000e+03 1.492760e-03
6.609000e+03 1.506670e-03
6.610000e+03 1.520570e-03
6.611000e+03 1.534350e-03
6.612000e+03 1.548140e-03
6.613000e+03 1.561920e-03
6.614000e+03 1.575710e-03
6.615000e+03 1.589490e-03
6.616000e+03 1.603280e-03
6.617000e+03 1.617060e-03
6.618000e+03 1.630840e-03
6.619000e+03 1.644630e-03
6.620000e+03 1.658410e-03
6.621000e+03 1.672220e-03
6.622000e+03 1.686040e-03
6.623000e+03 1.699850e-03
6.624000e+03 1.713670e-03
6.625000e+03 1.727490e-03
6.626000e+03 1.741300e-03
6.627000e+03 1.755120e-03
6.628000e+03 1.768940e-03
6.629000e+03 1.782760e-03
6.630000e+03 1.796570e-03
6.631000e+03 1.810440e-03
6.632000e+03 1.824300e-03
6.633000e+03 1.838170e-03
6.634000e+03 1.852030e-03
6.635000e+03 1.865900e-03
6.636000e+03 1.879770e-03
6.637000e+03 1.893640e-03
6.638000e+03 1.907510e-03
6.639000e+03 1.921380e-03
6.640000e+03 1.935260e-03
6.641000e+03 1.949100e-03
6.642000e+03 1.962940e-03
6.643000e+03 1.976790e-03
6.644000e+03 1.990630e-03
6.645000e+03 2.004480e-03
6.646000e+03 2.018330e-03
6.647000e+03 2.032180e-03
6.648000e+03 2.046030e-03
6.649000e+03 2.059880e-03
6.650000e+03 2.073730e-03
6.651000e+03 2.087470e-03
6.652000e+03 2.101220e-03
6.653000e+03 2.114960e-03
6.654000e+03 2.128700e-03
6.655000e+03 2.142440e-03
6.656000e+03 2.156180e-03
6.657000e+03 2.169920e-03
6.658000e+03 2.183660e-03
6.659000e+03 2.197400e-03
6.660000e+03 2.211140e-03
6.661000e+03 2.225170e-03
6.662000e+03 2.239210e-03
6.663000e+03 2.253240e-03
6.664000e+03 2.267290e-03
6.665000e+03 2.281330e-03
6.666000e+03 2.295380e-03
6.667000e+03 2.309430e-03
6.668000e+03 2.323480e-03
6.669000e+03 2.337530e-03
6.670000e+03 2.351600e-03
6.671000e+03 2.365270e-03
6.672000e+03 2.378950e-03
6.673000e+03 2.392620e-03
6.674000e+03 2.406290e-03
6.675000e+03 2.419970e-03
6.676000e+03 2.433640e-03
6.677000e+03 2.447300e-03
6.678000e+03 2.460970e-03
6.679000e+03 2.474630e-03
6.680000e+03 2.488300e-03
6.681000e+03 2.502330e-03
6.682000e+03 2.516360e-03
6.683000e+03 2.530400e-03
6.684000e+03 2.544440e-03
6.685000e+03 2.558480e-03
6.686000e+03 2.572520e-03
6.687000e+03 2.586560e-03
6.688000e+03 2.600610e-03
6.689000e+03 2.614660e-03
6.690000e+03 2.628710e-03
6.691000e+03 2.642590e-03
6.692000e+03 2.656480e-03
6.693000e+03 2.670360e-03
6.694000e+03 2.684240e-03
6.695000e+03 2.698130e-03
6.696000e+03 2.712020e-03
6.697000e+03 2.725910e-03
6.698000e+03 2.739800e-03
6.699000e+03 2.753680e-03
6.700000e+03 2.767570e-03
6.701000e+03 2.781300e-03
6.702000e+03 2.795020e-03
6.703000e+03 2.808750e-03
6.704000e+03 2.822470e-03
6.705000e+03 2.836190e-03
6.706000e+03 2.849920e-03
6.707000e+03 2.863640e-03
6.708000e+03 2.877370e-03
6.709000e+03 2.891080e-03
6.710000e+03 2.904800e-03
6.711000e+03 2.918960e-03
6.712000e+03 2.933110e-03
6.713000e+03 2.947280e-03
6.714000e+03 2.961440e-03
6.715000e+03 2.975610e-03
6.716000e+03 2.989780e-03
6.717000e+03 3.003950e-03
6.718000e+03 3.018130e-03
6.719000e+03 3.032310e-03
6.720000e+03 3.046500e-03
6.721000e+03 3.060420e-03
6.722000e+03 3.074340e-03
6.723000e+03 3.088260e-03
6.724000e+03 3.102170e-03
6.725000e+03 3.116090e-03
6.726000e+03 3.130020e-03
6.727000e+03 3.143940e-03
6.728000e+03 3.157860e-03
6.729000e+03 3.171790e-03
6.730000e+03 3.185720e-03
6.731000e+03 3.199380e-03
6.732000e+03 3.213050e-03
6.733000e+03 3.226720e-03
6.734000e+03 3.240380e-03
6.735000e+03 3.254040e-03
6.736000e+03 3.267700e-03
6.737000e+03 3.281360e-03
6.738000e+03 3.295020e-03
6.739000e+03 3.308670e-03
6.740000e+03 3.322330e-03
6.741000e+03 3.336150e-03
6.742000e+03 3.349970e-03
6.743000e+03 3.363780e-03
6.744000e+03 3.377620e-03
6.745000e+03 3.391440e-03
6.746000e+03 3.405260e-03
6.747000e+03 3.419080e-03
6.748000e+03 3.432910e-03
6.749000e+03 3.446720e-03
6.750000e+03 3.460550e-03
6.751000e+03 3.474710e-03
6.752000e+03 3.488860e-03
6.753000e+03 3.503020e-03
6.754000e+03 3.517190e-03
6.755000e+03 3.531350e-03
6.756000e+03 3.545520e-03
6.757000e+03 3.559690e-03
6.758000e+03 3.573860e-03
6.759000e+03 3.588040e-03
6.760000e+03 3.602220e-03
6.761000e+03 3.615640e-03
6.762000e+03 3.629040e-03
6.763000e+03 3.642450e-03
6.764000e+03 3.655860e-03
6.765000e+03 3.669260e-03
6.766000e+03 3.682660e-03
6.767000e+03 3.696050e-03
6.768000e+03 3.709440e-03
6.769000e+03 3.722830e-03
6.770000e+03 3.736220e-03
6.771000e+03 3.750180e-03
6.772000e+03 3.764160e-03
6.773000e+03 3.778130e-03
6.774000e+03 3.792090e-03
6.775000e+03 3.806080e-03
6.776000e+03 3.820040e-03
6.777000e+03 3.834030e-03
6.778000e+03 3.847990e-03
6.779000e+03 3.861970e-03
6.780000e+03 3.875950e-03
6.781000e+03 3.889880e-03
6.782000e+03 3.903810e-03
6.783000e+03 3.917740e-03
6.784000e+03 3.931670e-03
6.785000e+03 3.945610e-03
6.786000e+03 3.959530e-03
6.787000e+03 3.973470e-03
6.788000e+03 3.987400e-03
6.789000e+03 4.001330e-03
6.790000e+03 4.015260e-03
6.791000e+03 4.028990e-03
6.792000e+03 4.042710e-03
6.793000e+03 4.056420e-03
6.794000e+03 4.070140e-03
6.795000e+03 4.083860e-03
6.796000e+03 4.097570e-03
6.797000e+03 4.111280e-03
6.798000e+03 4.125000e-03
6.799000e+03 4.138720e-03
6.800000e+03 4.152430e-03
6.801000e+03 4.284550e-03
6.802000e+03 4.416670e-03
6.803000e+03 4.548770e-03
6.804000e+03 4.680870e-03
6.805000e+03 4.812950e-03
6.806000e+03 4.945030e-03
6.807000e+03 5.077100e-03
6.808000e+03 5.209160e-03
6.809000e+03 5.341210e-03
6.810000e+03 5.473250e-03
6.811000e+03 5.647240e-03
6.812000e+03 5.821200e-03
6.813000e+03 5.995140e-03
6.814000e+03 6.169060e-03
6.815000e+03 6.342960e-03
6.816000e+03 6.516830e-03
6.817000e+03 6.690680e-03
6.818000e+03 6.864490e-03
6.819000e+03 7.038300e-03
6.820000e+03 7.212090e-03
6.821000e+03 7.463900e-03
6.822000e+03 7.715740e-03
6.823000e+03 7.967590e-03
6.824000e+03 8.219450e-03
6.825000e+03 8.471300e-03
6.826000e+03 8.723180e-03
6.827000e+03 8.975040e-03
6.828000e+03 9.226940e-03
6.829000e+03 9.478840e-03
6.830000e+03 9.730740e-03
6.831000e+03 1.002600e-02
6.832000e+03 1.032120e-02
6.833000e+03 1.061650e-02
6.834000e+03 1.091180e-02
6.835000e+03 1.120700e-02
6.836000e+03 1.150220e-02
6.837000e+03 1.179750e-02
6.838000e+03 1.209270e-02
6.839000e+03 1.238790e-02
6.840000e+03 1.268320e-02
6.841000e+03 1.306440e-02
6.842000e+03 1.344550e-02
6.843000e+03 1.382650e-02
6.844000e+03 1.420750e-02
6.845000e+03 1.458840e-02
6.846000e+03 1.496920e-02
6.847000e+03 1.534990e-02
6.848000e+03 1.573060e-02
6.849000e+03 1.611120e-02
6.850000e+03 1.649170e-02
6.851000e+03 1.697020e-02
6.852000e+03 1.744870e-02
6.853000e+03 1.792710e-02
6.854000e+03 1.840560e-02
6.855000e+03 1.888400e-02
6.856000e+03 1.936230e-02
6.857000e+03 1.984080e-02
6.858000e+03 2.031910e-02
6.859000e+03 2.079750e-02
6.860000e+03 2.127580e-02
6.861000e+03 2.185220e-02
6.862000e+03 2.242870e-02
6.863000e+03 2.300520e-02
6.864000e+03 2.358180e-02
6.865000e+03 2.415840e-02
6.866000e+03 2.473500e-02
6.867000e+03 2.531170e-02
6.868000e+03 2.588850e-02
6.869000e+03 2.646530e-02
6.870000e+03 2.704220e-02
6.871000e+03 2.783470e-02
6.872000e+03 2.862710e-02
6.873000e+03 2.941950e-02
6.874000e+03 3.021200e-02
6.875000e+03 3.100430e-02
6.876000e+03 3.179660e-02
6.877000e+03 3.258880e-02
6.878000e+03 3.338100e-02
6.879000e+03 3.417310e-02
6.880000e+03 3.496520e-02
6.881000e+03 3.593230e-02
6.882000e+03 3.689940e-02
6.883000e+03 3.786650e-02
6.884000e+03 3.883350e-02
6.885000e+03 3.980060e-02
6.886000e+03 4.076770e-02
6.887000e+03 4.173470e-02
6.888000e+03 4.270170e-02
6.889000e+03 4.366870e-02
6.890000e+03 4.463580e-02
6.891000e+03 4.553730e-02
6.892000e+03 4.643870e-02
6.893000e+03 4.734010e-02
6.894000e+03 4.824120e-02
6.895000e+03 4.914230e-02
6.896000e+03 5.004330e-02
6.897000e+03 5.094420e-02
6.898000e+03 5.184490e-02
6.899000e+03 5.274560e-02
6.900000e+03 5.364610e-02
6.901000e+03 5.494910e-02
6.902000e+03 5.625180e-02
6.903000e+03 5.755450e-02
6.904000e+03 5.885700e-02
6.905000e+03 6.015950e-02
6.906000e+03 6.146180e-02
6.907000e+03 6.276420e-02
6.908000e+03 6.406640e-02
6.909000e+03 6.536850e-02
6.910000e+03 6.667050e-02
6.911000e+03 6.774100e-02
6.912000e+03 6.881140e-02
6.913000e+03 6.988230e-02
6.914000e+03 7.095330e-02
6.915000e+03 7.202440e-02
6.916000e+03 7.309590e-02
6.917000e+03 7.416760e-02
6.918000e+03 7.523960e-02
6.919000e+03 7.631150e-02
6.920000e+03 7.738380e-02
6.921000e+03 7.883060e-02
6.922000e+03 8.027720e-02
6.923000e+03 8.172360e-02
6.924000e+03 8.316980e-02
6.925000e+03 8.461580e-02
6.926000e+03 8.606170e-02
6.927000e+03 8.750740e-02
6.928000e+03 8.895270e-02
6.929000e+03 9.039820e-02
6.930000e+03 9.184320e-02
6.931000e+03 9.342960e-02
6.932000e+03 9.501580e-02
6.933000e+03 9.660150e-02
6.934000e+03 9.818690e-02
6.935000e+03 9.977200e-02
6.936000e+03 1.013570e-01
6.937000e+03 1.029410e-01
6.938000e+03 1.045250e-01
6.939000e+03 1.061090e-01
6.940000e+03 1.076930e-01
6.941000e+03 1.092890e-01
6.942000e+03 1.108850e-01
6.943000e+03 1.124810e-01
6.944000e+03 1.140780e-01
6.945000e+03 1.156740e-01
6.946000e+03 1.172710e-01
6.947000e+03 1.188670e-01
6.948000e+03 1.204640e-01
6.949000e+03 1.220600e-01
6.950000e+03 1.236570e-01
6.951000e+03 1.255230e-01
6.952000e+03 1.273870e-01
6.953000e+03 1.292520e-01
6.954000e+03 1.311160e-01
6.955000e+03 1.329790e-01
6.956000e+03 1.348410e-01
6.957000e+03 1.367040e-01
6.958000e+03 1.385650e-01
6.959000e+03 1.404260e-01
6.960000e+03 1.422860e-01
6.961000e+03 1.443910e-01
6.962000e+03 1.464940e-01
6.963000e+03 1.485980e-01
6.964000e+03 1.507010e-01
6.965000e+03 1.528030e-01
6.966000e+03 1.549040e-01
6.967000e+03 1.570050e-01
6.968000e+03 1.591060e-01
6.969000e+03 1.612060e-01
6.970000e+03 1.633050e-01
6.971000e+03 1.647910e-01
6.972000e+03 1.662770e-01
6.973000e+03 1.677630e-01
6.974000e+03 1.692480e-01
6.975000e+03 1.707340e-01
6.976000e+03 1.722190e-01
6.977000e+03 1.737040e-01
6.978000e+03 1.751890e-01
6.979000e+03 1.766730e-01
6.980000e+03 1.781580e-01
6.981000e+03 1.799500e-01
6.982000e+03 1.817420e-01
6.983000e+03 1.835350e-01
6.984000e+03 1.853270e-01
6.985000e+03 1.871200e-01
6.986000e+03 1.889130e-01
6.987000e+03 1.907050e-01
6.988000e+03 1.924990e-01
6.989000e+03 1.942920e-01
6.990000e+03 1.960850e-01
6.991000e+03 1.981040e-01
6.992000e+03 2.001230e-01
6.993000e+03 2.021400e-01
6.994000e+03 2.041590e-01
6.995000e+03 2.061770e-01
6.996000e+03 2.081940e-01
6.997000e+03 2.102120e-01
6.998000e+03 2.122300e-01
6.999000e+03 2.142470e-01
7.000000e+03 2.162640e-01
7.001000e+03 2.183530e-01
7.002000e+03 2.204400e-01
7.003000e+03 2.225280e-01
7.004000e+03 2.246150e-01
7.005000e+03 2.267000e-01
7.006000e+03 2.287860e-01
7.007000e+03 2.308700e-01
7.008000e+03 2.329540e-01
7.009000e+03 2.350380e-01
7.010000e+03 2.371200e-01
7.011000e+03 2.387330e-01
7.012000e+03 2.403460e-01
7.013000e+03 2.419580e-01
7.014000e+03 2.435690e-01
7.015000e+03 2.451800e-01
7.016000e+03 2.467910e-01
7.017000e+03 2.484010e-01
7.018000e+03 2.500110e-01
7.019000e+03 2.516210e-01
7.020000e+03 2.532300e-01
7.021000e+03 2.547070e-01
7.022000e+03 2.561830e-01
7.023000e+03 2.576590e-01
7.024000e+03 2.591350e-01
7.025000e+03 2.606110e-01
7.026000e+03 2.620870e-01
7.027000e+03 2.635610e-01
7.028000e+03 2.650370e-01
7.029000e+03 2.665120e-01
7.030000e+03 2.679860e-01
7.031000e+03 2.697480e-01
7.032000e+03 2.715100e-01
7.033000e+03 2.732720e-01
7.034000e+03 2.750330e-01
7.035000e+03 2.767940e-01
7.036000e+03 2.785550e-01
7.037000e+03 2.803150e-01
7.038000e+03 2.820750e-01
7.039000e+03 2.838350e-01
7.040000e+03 2.855940e-01
7.041000e+03 2.867110e-01
7.042000e+03 2.878270e-01
7.043000e+03 2.889430e-01
7.044000e+03 2.900580e-01
7.045000e+03 2.911730e-01
7.046000e+03 2.922880e-01
7.047000e+03 2.934020e-01
7.048000e+03 2.945160e-01
7.049000e+03 2.956300e-01
7.050000e+03 2.967430e-01
7.051000e+03 2.980090e-01
7.052000e+03 2.992740e-01
7.053000e+03 3.005390e-01
7.054000e+03 3.018040e-01
7.055000e+03 3.030680e-01
7.056000e+03 3.043320e-01
7.057000e+03 3.055970e-01
7.058000e+03 3.068600e-01
7.059000e+03 3.081230e-01
7.060000e+03 3.093860e-01
7.061000e+03 3.108150e-01
7.062000e+03 3.122430e-01
7.063000e+03 3.136710e-01
7.064000e+03 3.150980e-01
7.065000e+03 3.165250e-01
7.066000e+03 3.179500e-01
7.067000e+03 3.193760e-01
7.068000e+03 3.208010e-01
7.069000e+03 3.222250e-01
7.070000e+03 3.236480e-01
7.071000e+03 3.246320e-01
7.072000e+03 3.256150e-01
7.073000e+03 3.265990e-01
7.074000e+03 3.275810e-01
7.075000e+03 3.285640e-01
7.076000e+03 3.295470e-01
7.077000e+03 3.305290e-01
7.078000e+03 3.315120e-01
7.079000e+03 3.324930e-01
7.080000e+03 3.334760e-01
7.081000e+03 3.346950e-01
7.082000e+03 3.359150e-01
7.083000e+03 3.371350e-01
7.084000e+03 3.383540e-01
7.085000e+03 3.395730e-01
7.086000e+03 3.407920e-01
7.087000e+03 3.420110e-01
7.088000e+03 3.432280e-01
7.089000e+03 3.444470e-01
7.090000e+03 3.456650e-01
7.091000e+03 3.462680e-01
7.092000e+03 3.468700e-01
7.093000e+03 3.474730e-01
7.094000e+03 3.480750e-01
7.095000e+03 3.486770e-01
7.096000e+03 3.492780e-01
7.097000e+03 3.498790e-01
7.098000e+03 3.504800e-01
7.099000e+03 3.510800e-01
7.100000e+03 3.516800e-01
7.101000e+03 3.527240e-01
7.102000e+03 3.537670e-01
7.103000e+03 3.548100e-01
7.104000e+03 3.558520e-01
7.105000e+03 3.568940e-01
7.106000e+03 3.579360e-01
7.107000e+03 3.589760e-01
7.108000e+03 3.600170e-01
7.109000e+03 3.610580e-01
7.110000e+03 3.620970e-01
7.111000e+03 3.633530e-01
7.112000e+03 3.646100e-01
7.113000e+03 3.658650e-01
7.114000e+03 3.671210e-01
7.115000e+03 3.683760e-01
7.116000e+03 3.696310e-01
7.117000e+03 3.708870e-01
7.118000e+03 3.721410e-01
7.119000e+03 3.733950e-01
7.120000e+03 3.746490e-01
7.121000e+03 3.744450e-01
7.122000e+03 3.742400e-01
7.123000e+03 3.740350e-01
7.124000e+03 3.738320e-01
7.125000e+03 3.736270e-01
7.126000e+03 3.734220e-01
7.127000e+03 3.732170e-01
7.128000e+03 3.730130e-01
7.129000e+03 3.728080e-01
7.130000e+03 3.726030e-01
7.131000e+03 3.736520e-01
7.132000e+03 3.747020e-01
7.133000e+03 3.757500e-01
7.134000e+03 3.767990e-01
7.135000e+03 3.778470e-01
7.136000e+03 3.788940e-01
7.137000e+03 3.799420e-01
7.138000e+03 3.809890e-01
7.139000e+03 3.820360e-01
7.140000e+03 3.830820e-01
7.141000e+03 3.836500e-01
7.142000e+03 3.842180e-01
7.143000e+03 3.847850e-01
7.144000e+03 3.853540e-01
7.145000e+03 3.859200e-01
7.146000e+03 3.864870e-01
7.147000e+03 3.870530e-01
7.148000e+03 3.876200e-01
7.149000e+03 3.881870e-01
7.150000e+03 3.887520e-01
7.151000e+03 3.896320e-01
7.152000e+03 3.905110e-01
7.153000e+03 3.913890e-01
7.154000e+03 3.922670e-01
7.155000e+03 3.931450e-01
7.156000e+03 3.940210e-01
7.157000e+03 3.948990e-01
7.158000e+03 3.957750e-01
7.159000e+03 3.966500e-01
7.160000e+03 3.975270e-01
7.161000e+03 3.973720e-01
7.162000e+03 3.972180e-01
7.163000e+03 3.970630e-01
7.164000e+03 3.969090e-01
7.165000e+03 3.967540e-01
7.166000e+03 3.966000e-01
7.167000e+03 3.964450e-01
7.168000e+03 3.962890e-01
7.169000e+03 3.961350e-01
7.170000e+03 3.959800e-01
7.171000e+03 3.964100e-01
7.172000e+03 3.968370e-01
7.173000e+03 3.972650e-01
7.174000e+03 3.976940e-01
7.175000e+03 3.981210e-01
7.176000e+03 3.985490e-01
7.177000e+03 3.989770e-01
7.178000e+03 3.994040e-01
7.179000e+03 3.998310e-01
7.180000e+03 4.002580e-01
7.181000e+03 4.005970e-01
7.182000e+03 4.009350e-01
7.183000e+03 4.012730e-01
7.184000e+03 4.016110e-01
7.185000e+03 4.019490e-01
7.186000e+03 4.022880e-01
7.187000e+03 4.026260e-01
7.188000e+03 4.029640e-01
7.189000e+03 4.033020e-01
7.190000e+03 4.036400e-01
7.191000e+03 4.041580e-01
7.192000e+03 4.046750e-01
7.193000e+03 4.051920e-01
7.194000e+03 4.057100e-01
7.195000e+03 4.062270e-01
7.196000e+03 4.067450e-01
7.197000e+03 4.072610e-01
7.198000e+03 4.077790e-01
7.199000e+03 4.082950e-01
7.200000e+03 4.088120e-01
7.201000e+03 4.094600e-01
7.202000e+03 4.101070e-01
7.203000e+03 4.107550e-01
7.204000e+03 4.114010e-01
7.205000e+03 4.120480e-01
7.206000e+03 4.126950e-01
7.207000e+03 4.133410e-01
7.208000e+03 4.139880e-01
7.209000e+03 4.146340e-01
7.210000e+03 4.152790e-01
7.211000e+03 4.153790e-01
7.212000e+03 4.154780e-01
7.213000e+03 4.155770e-01
7.214000e+03 4.156750e-01
7.215000e+03 4.157740e-01
7.216000e+03 4.158720e-01
7.217000e+03 4.159700e-01
7.218000e+03 4.160680e-01
7.219000e+03 4.161670e-01
7.220000e+03 4.162650e-01
7.221000e+03 4.166450e-01
7.222000e+03 4.170240e-01
7.223000e+03 4.174030e-01
7.224000e+03 4.177820e-01
7.225000e+03 4.181600e-01
7.226000e+03 4.185390e-01
7.227000e+03 4.189170e-01
7.228000e+03 4.192950e-01
7.229000e+03 4.196730e-01
7.230000e+03 4.200510e-01
7.231000e+03 4.198980e-01
7.232000e+03 4.197470e-01
7.233000e+03 4.195960e-01
7.234000e+03 4.194430e-01
7.235000e+03 4.192910e-01
7.236000e+03 4.191410e-01
7.237000e+03 4.189890e-01
7.238000e+03 4.188370e-01
7.239000e+03 4.186860e-01
7.240000e+03 4.185350e-01
7.241000e+03 4.189420e-01
7.242000e+03 4.193500e-01
7.243000e+03 4.197580e-01
7.244000e+03 4.201650e-01
7.245000e+03 4.205720e-01
7.246000e+03 4.209800e-01
7.247000e+03 4.213880e-01
7.248000e+03 4.217950e-01
7.249000e+03 4.222020e-01
7.250000e+03 4.226090e-01
7.251000e+03 4.221450e-01
7.252000e+03 4.216810e-01
7.253000e+03 4.212180e-01
7.254000e+03 4.207560e-01
7.255000e+03 4.202920e-01
7.256000e+03 4.198300e-01
7.257000e+03 4.193670e-01
7.258000e+03 4.189050e-01
7.259000e+03 4.184430e-01
7.260000e+03 4.179810e-01
7.261000e+03 4.184360e-01
7.262000e+03 4.188910e-01
7.263000e+03 4.193460e-01
7.264000e+03 4.198010e-01
7.265000e+03 4.202550e-01
7.266000e+03 4.207110e-01
7.267000e+03 4.211640e-01
7.268000e+03 4.216190e-01
7.269000e+03 4.220740e-01
7.270000e+03 4.225270e-01
7.271000e+03 4.224910e-01
7.272000e+03 4.224550e-01
7.273000e+03 4.224200e-01
7.274000e+03 4.223840e-01
7.275000e+03 4.223480e-01
7.276000e+03 4.223120e-01
7.277000e+03 4.222760e-01
7.278000e+03 4.222400e-01
7.279000e+03 4.222050e-01
7.280000e+03 4.221690e-01
7.281000e+03 4.214780e-01
7.282000e+03 4.207850e-01
7.283000e+03 4.200950e-01
7.284000e+03 4.194040e-01
7.285000e+03 4.187130e-01
7.286000e+03 4.180240e-01
7.287000e+03 4.173330e-01
7.288000e+03 4.166440e-01
7.289000e+03 4.159540e-01
7.290000e+03 4.152650e-01
7.291000e+03 4.155080e-01
7.292000e+03 4.157510e-01
7.293000e+03 4.159940e-01
7.294000e+03 4.162370e-01
7.295000e+03 4.164790e-01
7.296000e+03 4.167210e-01
7.297000e+03 4.169630e-01
7.298000e+03 4.172050e-01
7.299000e+03 4.174470e-01
7.300000e+03 4.176900e-01
7.301000e+03 4.183150e-01
7.302000e+03 4.189390e-01
7.303000e+03 4.195630e-01
7.304000e+03 4.201880e-01
7.305000e+03 4.208120e-01
7.306000e+03 4.214350e-01
7.307000e+03 4.220590e-01
7.308000e+03 4.226820e-01
7.309000e+03 4.233050e-01
7.310000e+03 4.239280e-01
7.311000e+03 4.242770e-01
7.312000e+03 4.246260e-01
7.313000e+03 4.249740e-01
7.314000e+03 4.253220e-01
7.315000e+03 4.256710e-01
7.316000e+03 4.260190e-01
7.317000e+03 4.263670e-01
7.318000e+03 4.267160e-01
7.319000e+03 4.270630e-01
7.320000e+03 4.274100e-01
7.321000e+03 4.271330e-01
7.322000e+03 4.268540e-01
7.323000e+03 4.265760e-01
7.324000e+03 4.262980e-01
7.325000e+03 4.260200e-01
7.326000e+03 4.257420e-01
7.327000e+03 4.254640e-01
7.328000e+03 4.251850e-01
7.329000e+03 4.249080e-01
7.330000e+03 4.246300e-01
7.331000e+03 4.240460e-01
7.332000e+03 4.234630e-01
7.333000e+03 4.228790e-01
7.334000e+03 4.222950e-01
7.335000e+03 4.217130e-01
7.336000e+03 4.211300e-01
7.337000e+03 4.205480e-01
7.338000e+03 4.199650e-01
7.339000e+03 4.193830e-01
7.340000e+03 4.188010e-01
7.341000e+03 4.194510e-01
7.342000e+03 4.201030e-01
7.343000e+03 4.207520e-01
7.344000e+03 4.214030e-01
7.345000e+03 4.220520e-01
7.346000e+03 4.227020e-01
7.347000e+03 4.233510e-01
7.348000e+03 4.240000e-01
7.349000e+03 4.246480e-01
7.350000e+03 4.252970e-01
7.351000e+03 4.252800e-01
7.352000e+03 4.252630e-01
7.353000e+03 4.252460e-01
7.354000e+03 4.252300e-01
7.355000e+03 4.252120e-01
7.356000e+03 4.251960e-01
7.357000e+03 4.251790e-01
7.358000e+03 4.251620e-01
7.359000e+03 4.251450e-01
7.360000e+03 4.251270e-01
7.361000e+03 4.247920e-01
7.362000e+03 4.244550e-01
7.363000e+03 4.241200e-01
7.364000e+03 4.237850e-01
7.365000e+03 4.234480e-01
7.366000e+03 4.231140e-01
7.367000e+03 4.227780e-01
7.368000e+03 4.224430e-01
7.369000e+03 4.221070e-01
7.370000e+03 4.217720e-01
7.371000e+03 4.224110e-01
7.372000e+03 4.230510e-01
7.373000e+03 4.236910e-01
7.374000e+03 4.243290e-01
7.375000e+03 4.249680e-01
7.376000e+03 4.256070e-01
7.377000e+03 4.262450e-01
7.378000e+03 4.268840e-01
7.379000e+03 4.275220e-01
7.380000e+03 4.281600e-01
7.381000e+03 4.276330e-01
7.382000e+03 4.271050e-01
7.383000e+03 4.265770e-01
7.384000e+03 4.260500e-01
7.385000e+03 4.255240e-01
7.386000e+03 4.249970e-01
7.387000e+03 4.244710e-01
7.388000e+03 4.239440e-01
7.389000e+03 4.234180e-01
7.390000e+03 4.228930e-01
7.391000e+03 4.229750e-01
7.392000e+03 4.230560e-01
7.393000e+03 4.231380e-01
7.394000e+03 4.232190e-01
7.395000e+03 4.233010e-01
7.396000e+03 4.233830e-01
7.397000e+03 4.234640e-01
7.398000e+03 4.235460e-01
7.399000e+03 4.236260e-01
7.400000e+03 4.237080e-01
7.401000e+03 4.238170e-01
7.402000e+03 4.239250e-01
7.403000e+03 4.240340e-01
7.404000e+03 4.241420e-01
7.405000e+03 4.242500e-01
7.406000e+03 4.243580e-01
7.407000e+03 4.244660e-01
7.408000e+03 4.245730e-01
7.409000e+03 4.246810e-01
7.410000e+03 4.247880e-01
7.411000e+03 4.242490e-01
7.412000e+03 4.237100e-01
7.413000e+03 4.231710e-01
7.414000e+03 4.226320e-01
7.415000e+03 4.220930e-01
7.416000e+03 4.215550e-01
7.417000e+03 4.210160e-01
7.418000e+03 4.204770e-01
7.419000e+03 4.199390e-01
7.420000e+03 4.194010e-01
7.421000e+03 4.191000e-01
7.422000e+03 4.187990e-01
7.423000e+03 4.184990e-01
7.424000e+03 4.181980e-01
7.425000e+03 4.178970e-01
7.426000e+03 4.175980e-01
7.427000e+03 4.172970e-01
7.428000e+03 4.169970e-01
7.429000e+03 4.166980e-01
7.430000e+03 4.163980e-01
7.431000e+03 4.164380e-01
7.432000e+03 4.164770e-01
7.433000e+03 4.165170e-01
7.434000e+03 4.165550e-01
7.435000e+03 4.165950e-01
7.436000e+03 4.166340e-01
7.437000e+03 4.166730e-01
7.438000e+03 4.167120e-01
7.439000e+03 4.167510e-01
7.440000e+03 4.167910e-01
7.441000e+03 4.162860e-01
7.442000e+03 4.157820e-01
7.443000e+03 4.152770e-01
7.444000e+03 4.147730e-01
7.445000e+03 4.142700e-01
7.446000e+03 4.137670e-01
7.447000e+03 4.132630e-01
7.448000e+03 4.127600e-01
7.449000e+03 4.122570e-01
7.450000e+03 4.117550e-01
7.451000e+03 4.118410e-01
7.452000e+03 4.119250e-01
7.453000e+03 4.120100e-01
7.454000e+03 4.120950e-01
7.455000e+03 4.121810e-01
7.456000e+03 4.122660e-01
7.457000e+03 4.123520e-01
7.458000e+03 4.124360e-01
7.459000e+03 4.125210e-01
7.460000e+03 4.126050e-01
7.461000e+03 4.124300e-01
7.462000e+03 4.122550e-01
7.463000e+03 4.120800e-01
7.464000e+03 4.119050e-01
7.465000e+03 4.117290e-01
7.466000e+03 4.115550e-01
7.467000e+03 4.113790e-01
7.468000e+03 4.112050e-01
7.469000e+03 4.110290e-01
7.470000e+03 4.108550e-01
7.471000e+03 4.108530e-01
7.472000e+03 4.108500e-01
7.473000e+03 4.108490e-01
7.474000e+03 4.108460e-01
7.475000e+03 4.108440e-01
7.476000e+03 4.108410e-01
7.477000e+03 4.108390e-01
7.478000e+03 4.108360e-01
7.479000e+03 4.108350e-01
7.480000e+03 4.108320e-01
7.481000e+03 4.108480e-01
7.482000e+03 4.108670e-01
7.483000e+03 4.108830e-01
7.484000e+03 4.109000e-01
7.485000e+03 4.109180e-01
7.486000e+03 4.109350e-01
7.487000e+03 4.109520e-01
7.488000e+03 4.109690e-01
7.489000e+03 4.109850e-01
7.490000e+03 4.110030e-01
7.491000e+03 4.111290e-01
7.492000e+03 4.112550e-01
7.493000e+03 4.113810e-01
7.494000e+03 4.115070e-01
7.495000e+03 4.116330e-01
7.496000e+03 4.117580e-01
7.497000e+03 4.118840e-01
7.498000e+03 4.120100e-01
7.499000e+03 4.121360e-01
7.500000e+03 4.122610e-01
7.501000e+03 4.121410e-01
7.502000e+03 4.120200e-01
7.503000e+03 4.119010e-01
7.504000e+03 4.117810e-01
7.505000e+03 4.116610e-01
7.506000e+03 4.115420e-01
7.507000e+03 4.114220e-01
7.508000e+03 4.113020e-01
7.509000e+03 4.111820e-01
7.510000e+03 4.110620e-01
7.511000e+03 4.112580e-01
7.512000e+03 4.114550e-01
7.513000e+03 4.116510e-01
7.514000e+03 4.118470e-01
7.515000e+03 4.120420e-01
7.516000e+03 4.122380e-01
7.517000e+03 4.124340e-01
7.518000e+03 4.126290e-01
7.519000e+03 4.128240e-01
7.520000e+03 4.130190e-01
7.521000e+03 4.134880e-01
7.522000e+03 4.139570e-01
7.523000e+03 4.144230e-01
7.524000e+03 4.148920e-01
7.525000e+03 4.153610e-01
7.526000e+03 4.158290e-01
7.527000e+03 4.162960e-01
7.528000e+03 4.167640e-01
7.529000e+03 4.172320e-01
7.530000e+03 4.176990e-01
7.531000e+03 4.175130e-01
7.532000e+03 4.173270e-01
7.533000e+03 4.171410e-01
7.534000e+03 4.169550e-01
7.535000e+03 4.167680e-01
7.536000e+03 4.165830e-01
7.537000e+03 4.163950e-01
7.538000e+03 4.162100e-01
7.539000e+03 4.160250e-01
7.540000e+03 4.158390e-01
7.541000e+03 4.159400e-01
7.542000e+03 4.160410e-01
7.543000e+03 4.161420e-01
7.544000e+03 4.162430e-01
7.545000e+03 4.163430e-01
7.546000e+03 4.164460e-01
7.547000e+03 4.165460e-01
7.548000e+03 4.166470e-01
7.549000e+03 4.167490e-01
7.550000e+03 4.168490e-01
7.551000e+03 4.165450e-01
7.552000e+03 4.162410e-01
7.553000e+03 4.159370e-01
7.554000e+03 4.156340e-01
7.555000e+03 4.153310e-01
7.556000e+03 4.150270e-01
7.557000e+03 4.147230e-01
7.558000e+03 4.144200e-01
7.559000e+03 4.141170e-01
7.560000e+03 4.138140e-01
7.561000e+03 4.137850e-01
7.562000e+03 4.137570e-01
7.563000e+03 4.137290e-01
7.564000e+03 4.137000e-01
7.565000e+03 4.136730e-01
7.566000e+03 4.136450e-01
7.567000e+03 4.136150e-01
7.568000e+03 4.135870e-01
7.569000e+03 4.135590e-01
7.570000e+03 4.135300e-01
7.571000e+03 4.135020e-01
7.572000e+03 4.134750e-01
7.573000e+03 4.134470e-01
7.574000e+03 4.134190e-01
7.575000e+03 4.133930e-01
7.576000e+03 4.133640e-01
7.577000e+03 4.133360e-01
7.578000e+03 4.133100e-01
7.579000e+03 4.132810e-01
7.580000e+03 4.132530e-01
7.581000e+03 4.129540e-01
7.582000e+03 4.126540e-01
7.583000e+03 4.123540e-01
7.584000e+03 4.120560e-01
7.585000e+03 4.117560e-01
7.586000e+03 4.114560e-01
7.587000e+03 4.111590e-01
7.588000e+03 4.108590e-01
7.589000e+03 4.105590e-01
7.590000e+03 4.102610e-01
7.591000e+03 4.099740e-01
7.592000e+03 4.096880e-01
7.593000e+03 4.094010e-01
7.594000e+03 4.091140e-01
7.595000e+03 4.088290e-01
7.596000e+03 4.085420e-01
7.597000e+03 4.082550e-01
7.598000e+03 4.079700e-01
7.599000e+03 4.076840e-01
7.600000e+03 4.073970e-01
7.601000e+03 4.073400e-01
7.602000e+03 4.072820e-01
7.603000e+03 4.072240e-01
7.604000e+03 4.071670e-01
7.605000e+03 4.071080e-01
7.606000e+03 4.070510e-01
7.607000e+03 4.069930e-01
7.608000e+03 4.069350e-01
7.609000e+03 4.068770e-01
7.610000e+03 4.068190e-01
7.611000e+03 4.069530e-01
7.612000e+03 4.070860e-01
7.613000e+03 4.072210e-01
7.614000e+03 4.073540e-01
7.615000e+03 4.074880e-01
7.616000e+03 4.076210e-01
7.617000e+03 4.077540e-01
7.618000e+03 4.078870e-01
7.619000e+03 4.080200e-01
7.620000e+03 4.081520e-01
7.621000e+03 4.081440e-01
7.622000e+03 4.081350e-01
7.623000e+03 4.081270e-01
7.624000e+03 4.081190e-01
7.625000e+03 4.081100e-01
7.626000e+03 4.081020e-01
7.627000e+03 4.080930e-01
7.628000e+03 4.080840e-01
7.629000e+03 4.080760e-01
7.630000e+03 4.080660e-01
7.631000e+03 4.077670e-01
7.632000e+03 4.074670e-01
7.633000e+03 4.071680e-01
7.634000e+03 4.068690e-01
7.635000e+03 4.065690e-01
7.636000e+03 4.062700e-01
7.637000e+03 4.059700e-01
7.638000e+03 4.056710e-01
7.639000e+03 4.053710e-01
7.640000e+03 4.050730e-01
7.641000e+03 4.047540e-01
7.642000e+03 4.044350e-01
7.643000e+03 4.041160e-01
7.644000e+03 4.037960e-01
7.645000e+03 4.034780e-01
7.646000e+03 4.031590e-01
7.647000e+03 4.028410e-01
7.648000e+03 4.025230e-01
7.649000e+03 4.022040e-01
7.650000e+03 4.018870e-01
7.651000e+03 4.019550e-01
7.652000e+03 4.020250e-01
7.653000e+03 4.020940e-01
7.654000e+03 4.021620e-01
7.655000e+03 4.022310e-01
7.656000e+03 4.022990e-01
7.657000e+03 4.023680e-01
7.658000e+03 4.024370e-01
7.659000e+03 4.025050e-01
7.660000e+03 4.025740e-01
7.661000e+03 4.028450e-01
7.662000e+03 4.031150e-01
7.663000e+03 4.033840e-01
7.664000e+03 4.036540e-01
7.665000e+03 4.039240e-01
7.666000e+03 4.041940e-01
7.667000e+03 4.044630e-01
7.668000e+03 4.047320e-01
7.669000e+03 4.050010e-01
7.670000e+03 4.052700e-01
7.671000e+03 4.047100e-01
7.672000e+03 4.041500e-01
7.673000e+03 4.035900e-01
7.674000e+03 4.030300e-01
7.675000e+03 4.024710e-01
7.676000e+03 4.019120e-01
7.677000e+03 4.013540e-01
7.678000e+03 4.007960e-01
7.679000e+03 4.002370e-01
7.680000e+03 3.996800e-01
7.681000e+03 3.992070e-01
7.682000e+03 3.987370e-01
7.683000e+03 3.982660e-01
7.684000e+03 3.977960e-01
7.685000e+03 3.973240e-01
7.686000e+03 3.968550e-01
7.687000e+03 3.963840e-01
7.688000e+03 3.959150e-01
7.689000e+03 3.954450e-01
7.690000e+03 3.949760e-01
7.691000e+03 3.946080e-01
7.692000e+03 3.942390e-01
7.693000e+03 3.938720e-01
7.694000e+03 3.935040e-01
7.695000e+03 3.931360e-01
7.696000e+03 3.927680e-01
7.697000e+03 3.924010e-01
7.698000e+03 3.920330e-01
7.699000e+03 3.916660e-01
7.700000e+03 3.913000e-01
7.701000e+03 3.908960e-01
7.702000e+03 3.904930e-01
7.703000e+03 3.900880e-01
7.704000e+03 3.896860e-01
7.705000e+03 3.892820e-01
7.706000e+03 3.888790e-01
7.707000e+03 3.884760e-01
7.708000e+03 3.880730e-01
7.709000e+03 3.876710e-01
7.710000e+03 3.872680e-01
7.711000e+03 3.868370e-01
7.712000e+03 3.864060e-01
7.713000e+03 3.859760e-01
7.714000e+03 3.855440e-01
7.715000e+03 3.851150e-01
7.716000e+03 3.846840e-01
7.717000e+03 3.842550e-01
7.718000e+03 3.838240e-01
7.719000e+03 3.833950e-01
7.720000e+03 3.829660e-01
7.721000e+03 3.827120e-01
7.722000e+03 3.824580e-01
7.723000e+03 3.822040e-01
7.724000e+03 3.819510e-01
7.725000e+03 3.816960e-01
7.726000e+03 3.814430e-01
7.727000e+03 3.811900e-01
7.728000e+03 3.809370e-01
7.729000e+03 3.806830e-01
7.730000e+03 3.804300e-01
7.731000e+03 3.799300e-01
7.732000e+03 3.794310e-01
7.733000e+03 3.789310e-01
7.734000e+03 3.784320e-01
7.735000e+03 3.779340e-01
7.736000e+03 3.774350e-01
7.737000e+03 3.769370e-01
7.738000e+03 3.764390e-01
7.739000e+03 3.759410e-01
7.740000e+03 3.754440e-01
7.741000e+03 3.753790e-01
7.742000e+03 3.753140e-01
7.743000e+03 3.752510e-01
7.744000e+03 3.751860e-01
7.745000e+03 3.751210e-01
7.746000e+03 3.750570e-01
7.747000e+03 3.749920e-01
7.748000e+03 3.749280e-01
7.749000e+03 3.748640e-01
7.750000e+03 3.747990e-01
7.751000e+03 3.748570e-01
7.752000e+03 3.749170e-01
7.753000e+03 3.749750e-01
7.754000e+03 3.750340e-01
7.755000e+03 3.750920e-01
7.756000e+03 3.751520e-01
7.757000e+03 3.752100e-01
7.758000e+03 3.752670e-01
7.759000e+03 3.753260e-01
7.760000e+03 3.753840e-01
7.761000e+03 3.751160e-01
7.762000e+03 3.748490e-01
7.763000e+03 3.745810e-01
7.764000e+03 3.743140e-01
7.765000e+03 3.740460e-01
7.766000e+03 3.737790e-01
7.767000e+03 3.735120e-01
7.768000e+03 3.732460e-01
7.769000e+03 3.729790e-01
7.770000e+03 3.727120e-01
7.771000e+03 3.728540e-01
7.772000e+03 3.729950e-01
7.773000e+03 3.731360e-01
7.774000e+03 3.732770e-01
7.775000e+03 3.734180e-01
7.776000e+03 3.735590e-01
7.777000e+03 3.736990e-01
7.778000e+03 3.738400e-01
7.779000e+03 3.739810e-01
7.780000e+03 3.741210e-01
7.781000e+03 3.744160e-01
7.782000e+03 3.747120e-01
7.783000e+03 3.750070e-01
7.784000e+03 3.753010e-01
7.785000e+03 3.755950e-01
7.786000e+03 3.758890e-01
7.787000e+03 3.761840e-01
7.788000e+03 3.764780e-01
7.789000e+03 3.767720e-01
7.790000e+03 3.770650e-01
7.791000e+03 3.771260e-01
7.792000e+03 3.771870e-01
7.793000e+03 3.772480e-01
7.794000e+03 3.773090e-01
7.795000e+03 3.773700e-01
7.796000e+03 3.774300e-01
7.797000e+03 3.774910e-01
7.798000e+03 3.775520e-01
7.799000e+03 3.776130e-01
7.800000e+03 3.776720e-01
7.801000e+03 3.778970e-01
7.802000e+03 3.781220e-01
7.803000e+03 3.783470e-01
7.804000e+03 3.785710e-01
7.805000e+03 3.787960e-01
7.806000e+03 3.790190e-01
7.807000e+03 3.792430e-01
7.808000e+03 3.794670e-01
7.809000e+03 3.796910e-01
7.810000e+03 3.799130e-01
7.811000e+03 3.798630e-01
7.812000e+03 3.798120e-01
7.813000e+03 3.797610e-01
7.814000e+03 3.797110e-01
7.815000e+03 3.796600e-01
7.816000e+03 3.796100e-01
7.817000e+03 3.795580e-01
7.818000e+03 3.795080e-01
7.819000e+03 3.794570e-01
7.820000e+03 3.794050e-01
7.821000e+03 3.795920e-01
7.822000e+03 3.797790e-01
7.823000e+03 3.799650e-01
7.824000e+03 3.801510e-01
7.825000e+03 3.803390e-01
7.826000e+03 3.805230e-01
7.827000e+03 3.807090e-01
7.828000e+03 3.808940e-01
7.829000e+03 3.810800e-01
7.830000e+03 3.812640e-01
7.831000e+03 3.810850e-01
7.832000e+03 3.809050e-01
7.833000e+03 3.807240e-01
7.834000e+03 3.805440e-01
7.835000e+03 3.803630e-01
7.836000e+03 3.801830e-01
7.837000e+03 3.800030e-01
7.838000e+03 3.798230e-01
7.839000e+03 3.796430e-01
7.840000e+03 3.794630e-01
7.841000e+03 3.797470e-01
7.842000e+03 3.800300e-01
7.843000e+03 3.803140e-01
7.844000e+03 3.805970e-01
7.845000e+03 3.808800e-01
7.846000e+03 3.811630e-01
7.847000e+03 3.814450e-01
7.848000e+03 3.817280e-01
7.849000e+03 3.820100e-01
7.850000e+03 3.822910e-01
7.851000e+03 3.813170e-01
7.852000e+03 3.803440e-01
7.853000e+03 3.793720e-01
7.854000e+03 3.784000e-01
7.855000e+03 3.774290e-01
7.856000e+03 3.764590e-01
7.857000e+03 3.754900e-01
7.858000e+03 3.745220e-01
7.859000e+03 3.735540e-01
7.860000e+03 3.725870e-01
7.861000e+03 3.727620e-01
7.862000e+03 3.729350e-01
7.863000e+03 3.731100e-01
7.864000e+03 3.732820e-01
7.865000e+03 3.734560e-01
7.866000e+03 3.736290e-01
7.867000e+03 3.738020e-01
7.868000e+03 3.739750e-01
7.869000e+03 3.741470e-01
7.870000e+03 3.743190e-01
7.871000e+03 3.738900e-01
7.872000e+03 3.734600e-01
7.873000e+03 3.730300e-01
7.874000e+03 3.726020e-01
7.875000e+03 3.721730e-01
7.876000e+03 3.717450e-01
7.877000e+03 3.713170e-01
7.878000e+03 3.708890e-01
7.879000e+03 3.704610e-01
7.880000e+03 3.700330e-01
7.881000e+03 3.698220e-01
7.882000e+03 3.696100e-01
7.883000e+03 3.693980e-01
7.884000e+03 3.691870e-01
7.885000e+03 3.689750e-01
7.886000e+03 3.687640e-01
7.887000e+03 3.685520e-01
7.888000e+03 3.683410e-01
7.889000e+03 3.681290e-01
7.890000e+03 3.679190e-01
7.891000e+03 3.676580e-01
7.892000e+03 3.673970e-01
7.893000e+03 3.671360e-01
7.894000e+03 3.668760e-01
7.895000e+03 3.666160e-01
7.896000e+03 3.663550e-01
7.897000e+03 3.660950e-01
7.898000e+03 3.658360e-01
7.899000e+03 3.655750e-01
7.900000e+03 3.653160e-01
7.901000e+03 3.650850e-01
7.902000e+03 3.648560e-01
7.903000e+03 3.646260e-01
7.904000e+03 3.643960e-01
7.905000e+03 3.641670e-01
7.906000e+03 3.639380e-01
7.907000e+03 3.637090e-01
7.908000e+03 3.634800e-01
7.909000e+03 3.632510e-01
7.910000e+03 3.630210e-01
7.911000e+03 3.627380e-01
7.912000e+03 3.624550e-01
7.913000e+03 3.621710e-01
7.914000e+03 3.618890e-01
7.915000e+03 3.616060e-01
7.916000e+03 3.613230e-01
7.917000e+03 3.610410e-01
7.918000e+03 3.607590e-01
7.919000e+03 3.604750e-01
7.920000e+03 3.601930e-01
7.921000e+03 3.601390e-01
7.922000e+03 3.600850e-01
7.923000e+03 3.600300e-01
7.924000e+03 3.599760e-01
7.925000e+03 3.599210e-01
7.926000e+03 3.598660e-01
7.927000e+03 3.598110e-01
7.928000e+03 3.597570e-01
7.929000e+03 3.597010e-01
7.930000e+03 3.596470e-01
7.931000e+03 3.593350e-01
7.932000e+03 3.590230e-01
7.933000e+03 3.587110e-01
7.934000e+03 3.584000e-01
7.935000e+03 3.580890e-01
7.936000e+03 3.577780e-01
7.937000e+03 3.574660e-01
7.938000e+03 3.571550e-01
7.939000e+03 3.568450e-01
7.940000e+03 3.565330e-01
7.941000e+03 3.563910e-01
7.942000e+03 3.562490e-01
7.943000e+03 3.561050e-01
7.944000e+03 3.559630e-01
7.945000e+03 3.558200e-01
7.946000e+03 3.556780e-01
7.947000e+03 3.555360e-01
7.948000e+03 3.553930e-01
7.949000e+03 3.552490e-01
7.950000e+03 3.551070e-01
7.951000e+03 3.545820e-01
7.952000e+03 3.540560e-01
7.953000e+03 3.535310e-01
7.954000e+03 3.530060e-01
7.955000e+03 3.524810e-01
7.956000e+03 3.519590e-01
7.957000e+03 3.514350e-01
7.958000e+03 3.509120e-01
7.959000e+03 3.503880e-01
7.960000e+03 3.498670e-01
7.961000e+03 3.498670e-01
7.962000e+03 3.498680e-01
7.963000e+03 3.498680e-01
7.964000e+03 3.498680e-01
7.965000e+03 3.498690e-01
7.966000e+03 3.498700e-01
7.967000e+03 3.498700e-01
7.968000e+03 3.498700e-01
7.969000e+03 3.498690e-01
7.970000e+03 3.498690e-01
7.971000e+03 3.495340e-01
7.972000e+03 3.491960e-01
7.973000e+03 3.488600e-01
7.974000e+03 3.485240e-01
7.975000e+03 3.481880e-01
7.976000e+03 3.478520e-01
7.977000e+03 3.475160e-01
7.978000e+03 3.471810e-01
7.979000e+03 3.468450e-01
7.980000e+03 3.465100e-01
7.981000e+03 3.463320e-01
7.982000e+03 3.461540e-01
7.983000e+03 3.459770e-01
7.984000e+03 3.457990e-01
7.985000e+03 3.456210e-01
7.986000e+03 3.454430e-01
7.987000e+03 3.452640e-01
7.988000e+03 3.450860e-01
7.989000e+03 3.449080e-01
7.990000e+03 3.447280e-01
7.991000e+03 3.444270e-01
7.992000e+03 3.441260e-01
7.993000e+03 3.438240e-01
7.994000e+03 3.435230e-01
7.995000e+03 3.432220e-01
7.996000e+03 3.429220e-01
7.997000e+03 3.426200e-01
7.998000e+03 3.423190e-01
7.999000e+03 3.420180e-01
8.000000e+03 3.417170e-01
8.001000e+03 3.414910e-01
8.002000e+03 3.412650e-01
8.003000e+03 3.410400e-01
8.004000e+03 3.408130e-01
8.005000e+03 3.405870e-01
8.006000e+03 3.403620e-01
8.007000e+03 3.401370e-01
8.008000e+03 3.399100e-01
8.009000e+03 3.396850e-01
8.010000e+03 3.394600e-01
8.011000e+03 3.388730e-01
8.012000e+03 3.382850e-01
8.013000e+03 3.376980e-01
8.014000e+03 3.371120e-01
8.015000e+03 3.365260e-01
8.016000e+03 3.359410e-01
8.017000e+03 3.353560e-01
8.018000e+03 3.347710e-01
8.019000e+03 3.341860e-01
8.020000e+03 3.336010e-01
8.021000e+03 3.337000e-01
8.022000e+03 3.337990e-01
8.023000e+03 3.338970e-01
8.024000e+03 3.339960e-01
8.025000e+03 3.340940e-01
8.026000e+03 3.341920e-01
8.027000e+03 3.342900e-01
8.028000e+03 3.343890e-01
8.029000e+03 3.344860e-01
8.030000e+03 3.345840e-01
8.031000e+03 3.343770e-01
8.032000e+03 3.341690e-01
8.033000e+03 3.339620e-01
8.034000e+03 3.337560e-01
8.035000e+03 3.335480e-01
8.036000e+03 3.333410e-01
8.037000e+03 3.331350e-01
8.038000e+03 3.329270e-01
8.039000e+03 3.327210e-01
8.040000e+03 3.325140e-01
8.041000e+03 3.326430e-01
8.042000e+03 3.327740e-01
8.043000e+03 3.329040e-01
8.044000e+03 3.330330e-01
8.045000e+03 3.331620e-01
8.046000e+03 3.332920e-01
8.047000e+03 3.334200e-01
8.048000e+03 3.335480e-01
8.049000e+03 3.336760e-01
8.050000e+03 3.338040e-01
8.051000e+03 3.337240e-01
8.052000e+03 3.336430e-01
8.053000e+03 3.335620e-01
8.054000e+03 3.334810e-01
8.055000e+03 3.334010e-01
8.056000e+03 3.333200e-01
8.057000e+03 3.332380e-01
8.058000e+03 3.331580e-01
8.059000e+03 3.330770e-01
8.060000e+03 3.329950e-01
8.061000e+03 3.330370e-01
8.062000e+03 3.330780e-01
8.063000e+03 3.331180e-01
8.064000e+03 3.331600e-01
8.065000e+03 3.332000e-01
8.066000e+03 3.332400e-01
8.067000e+03 3.332800e-01
8.068000e+03 3.333190e-01
8.069000e+03 3.333590e-01
8.070000e+03 3.333980e-01
8.071000e+03 3.334270e-01
8.072000e+03 3.334570e-01
8.073000e+03 3.334850e-01
8.074000e+03 3.335150e-01
8.075000e+03 3.335440e-01
8.076000e+03 3.335730e-01
8.077000e+03 3.336020e-01
8.078000e+03 3.336300e-01
8.079000e+03 3.336600e-01
8.080000e+03 3.336880e-01
8.081000e+03 3.338440e-01
8.082000e+03 3.340000e-01
8.083000e+03 3.341560e-01
8.084000e+03 3.343120e-01
8.085000e+03 3.344680e-01
8.086000e+03 3.346230e-01
8.087000e+03 3.347780e-01
8.088000e+03 3.349330e-01
8.089000e+03 3.350880e-01
8.090000e+03 3.352430e-01
8.091000e+03 3.351600e-01
8.092000e+03 3.350780e-01
8.093000e+03 3.349960e-01
8.094000e+03 3.349140e-01
8.095000e+03 3.348320e-01
8.096000e+03 3.347480e-01
8.097000e+03 3.346670e-01
8.098000e+03 3.345840e-01
8.099000e+03 3.345010e-01
8.100000e+03 3.344180e-01
8.101000e+03 3.345940e-01
8.102000e+03 3.347690e-01
8.103000e+03 3.349460e-01
8.104000e+03 3.351210e-01
8.105000e+03 3.352970e-01
8.106000e+03 3.354720e-01
8.107000e+03 3.356460e-01
8.108000e+03 3.358210e-01
8.109000e+03 3.359970e-01
8.110000e+03 3.361710e-01
8.111000e+03 3.359430e-01
8.112000e+03 3.357130e-01
8.113000e+03 3.354840e-01
8.114000e+03 3.352550e-01
8.115000e+03 3.350260e-01
8.116000e+03 3.347980e-01
8.117000e+03 3.345690e-01
8.118000e+03 3.343400e-01
8.119000e+03 3.341120e-01
8.120000e+03 3.338830e-01
8.121000e+03 3.339190e-01
8.122000e+03 3.339560e-01
8.123000e+03 3.339920e-01
8.124000e+03 3.340270e-01
8.125000e+03 3.340630e-01
8.126000e+03 3.340990e-01
8.127000e+03 3.341330e-01
8.128000e+03 3.341690e-01
8.129000e+03 3.342040e-01
8.130000e+03 3.342390e-01
8.131000e+03 3.340310e-01
8.132000e+03 3.338240e-01
8.133000e+03 3.336160e-01
8.134000e+03 3.334080e-01
8.135000e+03 3.332010e-01
8.136000e+03 3.329920e-01
8.137000e+03 3.327860e-01
8.138000e+03 3.325770e-01
8.139000e+03 3.323710e-01
8.140000e+03 3.321630e-01
8.141000e+03 3.320090e-01
8.142000e+03 3.318550e-01
8.143000e+03 3.317000e-01
8.144000e+03 3.315460e-01
8.145000e+03 3.313910e-01
8.146000e+03 3.312370e-01
8.147000e+03 3.310830e-01
8.148000e+03 3.309280e-01
8.149000e+03 3.307750e-01
8.150000e+03 3.306190e-01
8.151000e+03 3.304330e-01
8.152000e+03 3.302460e-01
8.153000e+03 3.300600e-01
8.154000e+03 3.298730e-01
8.155000e+03 3.296870e-01
8.156000e+03 3.295000e-01
8.157000e+03 3.293130e-01
8.158000e+03 3.291260e-01
8.159000e+03 3.289400e-01
8.160000e+03 3.287540e-01
8.161000e+03 3.289000e-01
8.162000e+03 3.290460e-01
8.163000e+03 3.291910e-01
8.164000e+03 3.293360e-01
8.165000e+03 3.294810e-01
8.166000e+03 3.296240e-01
8.167000e+03 3.297680e-01
8.168000e+03 3.299110e-01
8.169000e+03 3.300540e-01
8.170000e+03 3.301950e-01
8.171000e+03 3.298860e-01
8.172000e+03 3.295760e-01
8.173000e+03 3.292670e-01
8.174000e+03 3.289580e-01
8.175000e+03 3.286480e-01
8.176000e+03 3.283390e-01
8.177000e+03 3.280290e-01
8.178000e+03 3.277210e-01
8.179000e+03 3.274110e-01
8.180000e+03 3.271020e-01
8.181000e+03 3.272160e-01
8.182000e+03 3.273280e-01
8.183000e+03 3.274430e-01
8.184000e+03 3.275550e-01
8.185000e+03 3.276690e-01
8.186000e+03 3.277810e-01
8.187000e+03 3.278940e-01
8.188000e+03 3.280070e-01
8.189000e+03 3.281190e-01
8.190000e+03 3.282320e-01
8.191000e+03 3.279850e-01
8.192000e+03 3.277370e-01
8.193000e+03 3.274900e-01
8.194000e+03 3.272440e-01
8.195000e+03 3.269960e-01
8.196000e+03 3.267500e-01
8.197000e+03 3.265030e-01
8.198000e+03 3.262570e-01
8.199000e+03 3.260100e-01
8.200000e+03 3.257640e-01
8.201000e+03 3.259560e-01
8.202000e+03 3.261470e-01
8.203000e+03 3.263380e-01
8.204000e+03 3.265290e-01
8.205000e+03 3.267200e-01
8.206000e+03 3.269100e-01
8.207000e+03 3.271000e-01
8.208000e+03 3.272900e-01
8.209000e+03 3.274800e-01
8.210000e+03 3.276690e-01
8.211000e+03 3.273450e-01
8.212000e+03 3.270200e-01
8.213000e+03 3.266950e-01
8.214000e+03 3.263710e-01
8.215000e+03 3.260460e-01
8.216000e+03 3.257220e-01
8.217000e+03 3.253980e-01
8.218000e+03 3.250740e-01
8.219000e+03 3.247500e-01
8.220000e+03 3.244260e-01
8.221000e+03 3.242610e-01
8.222000e+03 3.240980e-01
8.223000e+03 3.239330e-01
8.224000e+03 3.237680e-01
8.225000e+03 3.236050e-01
8.226000e+03 3.234400e-01
8.227000e+03 3.232760e-01
8.228000e+03 3.231120e-01
8.229000e+03 3.229460e-01
8.230000e+03 3.227830e-01
8.231000e+03 3.223000e-01
8.232000e+03 3.218180e-01
8.233000e+03 3.213370e-01
8.234000e+03 3.208550e-01
8.235000e+03 3.203740e-01
8.236000e+03 3.198930e-01
8.237000e+03 3.194120e-01
8.238000e+03 3.189320e-01
8.239000e+03 3.184510e-01
8.240000e+03 3.179710e-01
8.241000e+03 3.172970e-01
8.242000e+03 3.166220e-01
8.243000e+03 3.159480e-01
8.244000e+03 3.152750e-01
8.245000e+03 3.146010e-01
8.246000e+03 3.139290e-01
8.247000e+03 3.132570e-01
8.248000e+03 3.125860e-01
8.249000e+03 3.119150e-01
8.250000e+03 3.112450e-01
8.251000e+03 3.113440e-01
8.252000e+03 3.114430e-01
8.253000e+03 3.115430e-01
8.254000e+03 3.116410e-01
8.255000e+03 3.117400e-01
8.256000e+03 3.118380e-01
8.257000e+03 3.119370e-01
8.258000e+03 3.120350e-01
8.259000e+03 3.121320e-01
8.260000e+03 3.122290e-01
8.261000e+03 3.119820e-01
8.262000e+03 3.117340e-01
8.263000e+03 3.114870e-01
8.264000e+03 3.112400e-01
8.265000e+03 3.109930e-01
8.266000e+03 3.107460e-01
8.267000e+03 3.104990e-01
8.268000e+03 3.102520e-01
8.269000e+03 3.100060e-01
8.270000e+03 3.097590e-01
8.271000e+03 3.093310e-01
8.272000e+03 3.089050e-01
8.273000e+03 3.084790e-01
8.274000e+03 3.080510e-01
8.275000e+03 3.076260e-01
8.276000e+03 3.072000e-01
8.277000e+03 3.067740e-01
8.278000e+03 3.063490e-01
8.279000e+03 3.059230e-01
8.280000e+03 3.054990e-01
8.281000e+03 3.051040e-01
8.282000e+03 3.047070e-01
8.283000e+03 3.043130e-01
8.284000e+03 3.039180e-01
8.285000e+03 3.035220e-01
8.286000e+03 3.031280e-01
8.287000e+03 3.027340e-01
8.288000e+03 3.023400e-01
8.289000e+03 3.019460e-01
8.290000e+03 3.015520e-01
8.291000e+03 3.008990e-01
8.292000e+03 3.002490e-01
8.293000e+03 2.995980e-01
8.294000e+03 2.989480e-01
8.295000e+03 2.983000e-01
8.296000e+03 2.976510e-01
8.297000e+03 2.970040e-01
8.298000e+03 2.963560e-01
8.299000e+03 2.957100e-01
8.300000e+03 2.950640e-01
8.301000e+03 2.952580e-01
8.302000e+03 2.954520e-01
8.303000e+03 2.956460e-01
8.304000e+03 2.958400e-01
8.305000e+03 2.960320e-01
8.306000e+03 2.962260e-01
8.307000e+03 2.964180e-01
8.308000e+03 2.966100e-01
8.309000e+03 2.968030e-01
8.310000e+03 2.969930e-01
8.311000e+03 2.963400e-01
8.312000e+03 2.956850e-01
8.313000e+03 2.950340e-01
8.314000e+03 2.943810e-01
8.315000e+03 2.937290e-01
8.316000e+03 2.930780e-01
8.317000e+03 2.924280e-01
8.318000e+03 2.917760e-01
8.319000e+03 2.911270e-01
8.320000e+03 2.904780e-01
8.321000e+03 2.905890e-01
8.322000e+03 2.907000e-01
8.323000e+03 2.908110e-01
8.324000e+03 2.909200e-01
8.325000e+03 2.910320e-01
8.326000e+03 2.911420e-01
8.327000e+03 2.912520e-01
8.328000e+03 2.913620e-01
8.329000e+03 2.914720e-01
8.330000e+03 2.915810e-01
8.331000e+03 2.909470e-01
8.332000e+03 2.903140e-01
8.333000e+03 2.896800e-01
8.334000e+03 2.890470e-01
8.335000e+03 2.884160e-01
8.336000e+03 2.877840e-01
8.337000e+03 2.871530e-01
8.338000e+03 2.865220e-01
8.339000e+03 2.858930e-01
8.340000e+03 2.852630e-01
8.341000e+03 2.854010e-01
8.342000e+03 2.855390e-01
8.343000e+03 2.856760e-01
8.344000e+03 2.858130e-01
8.345000e+03 2.859510e-01
8.346000e+03 2.860860e-01
8.347000e+03 2.862230e-01
8.348000e+03 2.863590e-01
8.349000e+03 2.864960e-01
8.350000e+03 2.866320e-01
8.351000e+03 2.864110e-01
8.352000e+03 2.861890e-01
8.353000e+03 2.859670e-01
8.354000e+03 2.857450e-01
8.355000e+03 2.855220e-01
8.356000e+03 2.853010e-01
8.357000e+03 2.850790e-01
8.358000e+03 2.848580e-01
8.359000e+03 2.846370e-01
8.360000e+03 2.844150e-01
8.361000e+03 2.839620e-01
8.362000e+03 2.835090e-01
8.363000e+03 2.830580e-01
8.364000e+03 2.826060e-01
8.365000e+03 2.821530e-01
8.366000e+03 2.817020e-01
8.367000e+03 2.812510e-01
8.368000e+03 2.808000e-01
8.369000e+03 2.803490e-01
8.370000e+03 2.798980e-01
8.371000e+03 2.800430e-01
8.372000e+03 2.801860e-01
8.373000e+03 2.803290e-01
8.374000e+03 2.804720e-01
8.375000e+03 2.806150e-01
8.376000e+03 2.807570e-01
8.377000e+03 2.808980e-01
8.378000e+03 2.810400e-01
8.379000e+03 2.811800e-01
8.380000e+03 2.813210e-01
8.381000e+03 2.813370e-01
8.382000e+03 2.813530e-01
8.383000e+03 2.813690e-01
8.384000e+03 2.813850e-01
8.385000e+03 2.814000e-01
8.386000e+03 2.814160e-01
8.387000e+03 2.814310e-01
8.388000e+03 2.814470e-01
8.389000e+03 2.814620e-01
8.390000e+03 2.814770e-01
8.391000e+03 2.814690e-01
8.392000e+03 2.814600e-01
8.393000e+03 2.814500e-01
8.394000e+03 2.814410e-01
8.395000e+03 2.814320e-01
8.396000e+03 2.814220e-01
8.397000e+03 2.814120e-01
8.398000e+03 2.814030e-01
8.399000e+03 2.813930e-01
8.400000e+03 2.813830e-01
8.401000e+03 2.812820e-01
8.402000e+03 2.811800e-01
8.403000e+03 2.810770e-01
8.404000e+03 2.809740e-01
8.405000e+03 2.808710e-01
8.406000e+03 2.807690e-01
8.407000e+03 2.806660e-01
8.408000e+03 2.805640e-01
8.409000e+03 2.804600e-01
8.410000e+03 2.803570e-01
8.411000e+03 2.803560e-01
8.412000e+03 2.803560e-01
8.413000e+03 2.803550e-01
8.414000e+03 2.803540e-01
8.415000e+03 2.803530e-01
8.416000e+03 2.803520e-01
8.417000e+03 2.803500e-01
8.418000e+03 2.803490e-01
8.419000e+03 2.803460e-01
8.420000e+03 2.803440e-01
8.421000e+03 2.799450e-01
8.422000e+03 2.795440e-01
8.423000e+03 2.791440e-01
8.424000e+03 2.787450e-01
8.425000e+03 2.783450e-01
8.426000e+03 2.779470e-01
8.427000e+03 2.775480e-01
8.428000e+03 2.771490e-01
8.429000e+03 2.767500e-01
8.430000e+03 2.763530e-01
8.431000e+03 2.759130e-01
8.432000e+03 2.754720e-01
8.433000e+03 2.750320e-01
8.434000e+03 2.745930e-01
8.435000e+03 2.741540e-01
8.436000e+03 2.737150e-01
8.437000e+03 2.732770e-01
8.438000e+03 2.728390e-01
8.439000e+03 2.724030e-01
8.440000e+03 2.719650e-01
8.441000e+03 2.714850e-01
8.442000e+03 2.710060e-01
8.443000e+03 2.705270e-01
8.444000e+03 2.700480e-01
8.445000e+03 2.695680e-01
8.446000e+03 2.690900e-01
8.447000e+03 2.686120e-01
8.448000e+03 2.681340e-01
8.449000e+03 2.676570e-01
8.450000e+03 2.671810e-01
8.451000e+03 2.664940e-01
8.452000e+03 2.658090e-01
8.453000e+03 2.651240e-01
8.454000e+03 2.644410e-01
8.455000e+03 2.637570e-01
8.456000e+03 2.630750e-01
8.457000e+03 2.623930e-01
8.458000e+03 2.617110e-01
8.459000e+03 2.610300e-01
8.460000e+03 2.603490e-01
8.461000e+03 2.598420e-01
8.462000e+03 2.593340e-01
8.463000e+03 2.588260e-01
8.464000e+03 2.583210e-01
8.465000e+03 2.578150e-01
8.466000e+03 2.573090e-01
8.467000e+03 2.568040e-01
8.468000e+03 2.562990e-01
8.469000e+03 2.557950e-01
8.470000e+03 2.552910e-01
8.471000e+03 2.546860e-01
8.472000e+03 2.540830e-01
8.473000e+03 2.534780e-01
8.474000e+03 2.528750e-01
8.475000e+03 2.522730e-01
8.476000e+03 2.516700e-01
8.477000e+03 2.510680e-01
8.478000e+03 2.504670e-01
8.479000e+03 2.498650e-01
8.480000e+03 2.492650e-01
8.481000e+03 2.486030e-01
8.482000e+03 2.479420e-01
8.483000e+03 2.472790e-01
8.484000e+03 2.466170e-01
8.485000e+03 2.459560e-01
8.486000e+03 2.452940e-01
8.487000e+03 2.446320e-01
8.488000e+03 2.439700e-01
8.489000e+03 2.433090e-01
8.490000e+03 2.426470e-01
8.491000e+03 2.413050e-01
8.492000e+03 2.399650e-01
8.493000e+03 2.386270e-01
8.494000e+03 2.372910e-01
8.495000e+03 2.359570e-01
8.496000e+03 2.346240e-01
8.497000e+03 2.332940e-01
8.498000e+03 2.319650e-01
8.499000e+03 2.306380e-01
8.500000e+03 2.293130e-01
8.501000e+03 2.277770e-01
8.502000e+03 2.262420e-01
8.503000e+03 2.247080e-01
8.504000e+03 2.231770e-01
8.505000e+03 2.216460e-01
8.506000e+03 2.201180e-01
8.507000e+03 2.185900e-01
8.508000e+03 2.170640e-01
8.509000e+03 2.155400e-01
8.510000e+03 2.140180e-01
8.511000e+03 2.116710e-01
8.512000e+03 2.093270e-01
8.513000e+03 2.069850e-01
8.514000e+03 2.046450e-01
8.515000e+03 2.023060e-01
8.516000e+03 1.999700e-01
8.517000e+03 1.976350e-01
8.518000e+03 1.953030e-01
8.519000e+03 1.929720e-01
8.520000e+03 1.906430e-01
8.521000e+03 1.876670e-01
8.522000e+03 1.846940e-01
8.523000e+03 1.817230e-01
8.524000e+03 1.787560e-01
8.525000e+03 1.757920e-01
8.526000e+03 1.728300e-01
8.527000e+03 1.698710e-01
8.528000e+03 1.669160e-01
8.529000e+03 1.639630e-01
8.530000e+03 1.610140e-01
8.531000e+03 1.575720e-01
8.532000e+03 1.541370e-01
8.533000e+03 1.507050e-01
8.534000e+03 1.472800e-01
8.535000e+03 1.438590e-01
8.536000e+03 1.404440e-01
8.537000e+03 1.370340e-01
8.538000e+03 1.336300e-01
8.539000e+03 1.302310e-01
8.540000e+03 1.268370e-01
8.541000e+03 1.233680e-01
8.542000e+03 1.199010e-01
8.543000e+03 1.164390e-01
8.544000e+03 1.129790e-01
8.545000e+03 1.095220e-01
8.546000e+03 1.060700e-01
8.547000e+03 1.026200e-01
8.548000e+03 9.917290e-02
8.549000e+03 9.572980e-02
8.550000e+03 9.228980e-02
8.551000e+03 8.926060e-02
8.552000e+03 8.623450e-02
8.553000e+03 8.321230e-02
8.554000e+03 8.019350e-02
8.555000e+03 7.717850e-02
8.556000e+03 7.416640e-02
8.557000e+03 7.115800e-02
8.558000e+03 6.815300e-02
8.559000e+03 6.515160e-02
8.560000e+03 6.215360e-02
8.561000e+03 5.999040e-02
8.562000e+03 5.782960e-02
8.563000e+03 5.567080e-02
8.564000e+03 5.351440e-02
8.565000e+03 5.136050e-02
8.566000e+03 4.920860e-02
8.567000e+03 4.705920e-02
8.568000e+03 4.491190e-02
8.569000e+03 4.276700e-02
8.570000e+03 4.062440e-02
8.571000e+03 3.909310e-02
8.572000e+03 3.756370e-02
8.573000e+03 3.603630e-02
8.574000e+03 3.451060e-02
8.575000e+03 3.298660e-02
8.576000e+03 3.146470e-02
8.577000e+03 2.994450e-02
8.578000e+03 2.842630e-02
8.579000e+03 2.690980e-02
8.580000e+03 2.539530e-02
8.581000e+03 2.452490e-02
8.582000e+03 2.365570e-02
8.583000e+03 2.278770e-02
8.584000e+03 2.192070e-02
8.585000e+03 2.105490e-02
8.586000e+03 2.019010e-02
8.587000e+03 1.932650e-02
8.588000e+03 1.846390e-02
8.589000e+03 1.760250e-02
8.590000e+03 1.674230e-02
8.591000e+03 1.617440e-02
8.592000e+03 1.560710e-02
8.593000e+03 1.504050e-02
8.594000e+03 1.447460e-02
8.595000e+03 1.390950e-02
8.596000e+03 1.334490e-02
8.597000e+03 1.278100e-02
8.598000e+03 1.221790e-02
8.599000e+03 1.165540e-02
8.600000e+03 1.109360e-02
8.601000e+03 1.074070e-02
8.602000e+03 1.038820e-02
8.603000e+03 1.003610e-02
8.604000e+03 9.684460e-03
8.605000e+03 9.333180e-03
8.606000e+03 8.982330e-03
8.607000e+03 8.631850e-03
8.608000e+03 8.281740e-03
8.609000e+03 7.932060e-03
8.610000e+03 7.582780e-03
8.611000e+03 7.360380e-03
8.612000e+03 7.138210e-03
8.613000e+03 6.916280e-03
8.614000e+03 6.694610e-03
8.615000e+03 6.473180e-03
8.616000e+03 6.251980e-03
8.617000e+03 6.031020e-03
8.618000e+03 5.810300e-03
8.619000e+03 5.589840e-03
8.620000e+03 5.369630e-03
8.621000e+03 5.217260e-03
8.622000e+03 5.065130e-03
8.623000e+03 4.913190e-03
8.624000e+03 4.761490e-03
8.625000e+03 4.609990e-03
8.626000e+03 4.458720e-03
8.627000e+03 4.307680e-03
8.628000e+03 4.156850e-03
8.629000e+03 4.006240e-03
8.630000e+03 3.855830e-03
8.631000e+03 3.748400e-03
8.632000e+03 3.641100e-03
8.633000e+03 3.533940e-03
8.634000e+03 3.426930e-03
8.635000e+03 3.320060e-03
8.636000e+03 3.213330e-03
8.637000e+03 3.106740e-03
8.638000e+03 3.000300e-03
8.639000e+03 2.893990e-03
8.640000e+03 2.787830e-03
8.641000e+03 2.710890e-03
8.642000e+03 2.634040e-03
8.643000e+03 2.557270e-03
8.644000e+03 2.480580e-03
8.645000e+03 2.403960e-03
8.646000e+03 2.327430e-03
8.647000e+03 2.250980e-03
8.648000e+03 2.174620e-03
8.649000e+03 2.098330e-03
8.650000e+03 2.022130e-03
8.651000e+03 1.967170e-03
8.652000e+03 1.912270e-03
8.653000e+03 1.857440e-03
8.654000e+03 1.802670e-03
8.655000e+03 1.747970e-03
8.656000e+03 1.693330e-03
8.657000e+03 1.638760e-03
8.658000e+03 1.584250e-03
8.659000e+03 1.529800e-03
8.660000e+03 1.475430e-03
8.661000e+03 1.437290e-03
8.662000e+03 1.399190e-03
8.663000e+03 1.361130e-03
8.664000e+03 1.323120e-03
8.665000e+03 1.285150e-03
8.666000e+03 1.247230e-03
8.667000e+03 1.209350e-03
8.668000e+03 1.171510e-03
8.669000e+03 1.133720e-03
8.670000e+03 1.095970e-03
8.671000e+03 1.080020e-03
8.672000e+03 1.064080e-03
8.673000e+03 1.048170e-03
8.674000e+03 1.032290e-03
8.675000e+03 1.016420e-03
8.676000e+03 1.000570e-03
8.677000e+03 9.847390e-04
8.678000e+03 9.689340e-04
8.679000e+03 9.531500e-04
8.680000e+03 9.373820e-04
8.681000e+03 9.216420e-04
8.682000e+03 9.059240e-04
8.683000e+03 8.902240e-04
8.684000e+03 8.745470e-04
8.685000e+03 8.588900e-04
8.686000e+03 8.432530e-04
8.687000e+03 8.276370e-04
8.688000e+03 8.120420e-04
8.689000e+03 7.964620e-04
8.690000e+03 7.809090e-04
8.691000e+03 7.655470e-04
8.692000e+03 7.501940e-04
8.693000e+03 7.348600e-04
8.694000e+03 7.195370e-04
8.695000e+03 7.042290e-04
8.696000e+03 6.889340e-04
8.697000e+03 6.736470e-04
8.698000e+03 6.583810e-04
8.699000e+03 6.431250e-04
8.700000e+03 6.278850e-04
8.701000e+03 6.124470e-04
8.702000e+03 5.970340e-04
8.703000e+03 5.816450e-04
8.704000e+03 5.662790e-04
8.705000e+03 5.509390e-04
8.706000e+03 5.356210e-04
8.707000e+03 5.203280e-04
8.708000e+03 5.050580e-04
8.709000e+03 4.898110e-04
8.710000e+03 4.745890e-04
8.711000e+03 4.658400e-04
8.712000e+03 4.571010e-04
8.713000e+03 4.483710e-04
8.714000e+03 4.396550e-04
8.715000e+03 4.309500e-04
8.716000e+03 4.222530e-04
8.717000e+03 4.135680e-04
8.718000e+03 4.048930e-04
8.719000e+03 3.962310e-04
8.720000e+03 3.875760e-04
8.721000e+03 3.789200e-04
8.722000e+03 3.702760e-04
8.723000e+03 3.616430e-04
8.724000e+03 3.530210e-04
8.725000e+03 3.444110e-04
8.726000e+03 3.358110e-04
8.727000e+03 3.272230e-04
8.728000e+03 3.186470e-04
8.729000e+03 3.100820e-04
8.730000e+03 3.015290e-04
8.731000e+03 2.929750e-04
8.732000e+03 2.844370e-04
8.733000e+03 2.759090e-04
8.734000e+03 2.673930e-04
8.735000e+03 2.588880e-04
8.736000e+03 2.503960e-04
8.737000e+03 2.419160e-04
8.738000e+03 2.334480e-04
8.739000e+03 2.249910e-04
8.740000e+03 2.165470e-04
8.741000e+03 2.081330e-04
8.742000e+03 1.997300e-04
8.743000e+03 1.913380e-04
8.744000e+03 1.829550e-04
8.745000e+03 1.745830e-04
8.746000e+03 1.662220e-04
8.747000e+03 1.578700e-04
8.748000e+03 1.495290e-04
8.749000e+03 1.411980e-04
8.750000e+03 1.328770e-04
8.751000e+03 1.304500e-04
8.752000e+03 1.280270e-04
8.753000e+03 1.256080e-04
8.754000e+03 1.231920e-04
8.755000e+03 1.207800e-04
8.756000e+03 1.183710e-04
8.757000e+03 1.159670e-04
8.758000e+03 1.135650e-04
8.759000e+03 1.111680e-04
8.760000e+03 1.087740e-04
8.761000e+03 1.064040e-04
8.762000e+03 1.040360e-04
8.763000e+03 1.016720e-04
8.764000e+03 9.930930e-05
8.765000e+03 9.694970e-05
8.766000e+03 9.459320e-05
8.767000e+03 9.223980e-05
8.768000e+03 8.988910e-05
8.769000e+03 8.754060e-05
