# # Wavelength(Angstrom)  Transmission
3.674000e+04 1.023580e-04
3.675350e+04 1.096740e-04
3.676700e+04 1.134150e-04
3.678050e+04 1.161630e-04
3.679400e+04 1.229660e-04
3.680750e+04 1.277090e-04
3.682110e+04 1.330640e-04
3.683460e+04 1.377220e-04
3.684810e+04 1.390870e-04
3.686160e+04 1.466000e-04
3.687510e+04 1.530960e-04
3.688860e+04 1.570220e-04
3.690210e+04 1.695100e-04
3.691560e+04 1.810430e-04
3.692920e+04 1.878060e-04
3.694270e+04 1.965090e-04
3.695620e+04 2.012910e-04
3.696970e+04 2.076190e-04
3.698320e+04 2.207400e-04
3.699670e+04 2.316510e-04
3.701020e+04 2.431860e-04
3.702370e+04 2.575540e-04
3.703730e+04 2.697800e-04
3.705080e+04 2.849510e-04
3.706430e+04 3.025300e-04
3.707780e+04 3.186530e-04
3.709130e+04 3.361670e-04
3.710480e+04 3.516200e-04
3.711830e+04 3.676550e-04
3.713180e+04 3.895670e-04
3.714540e+04 4.098600e-04
3.715890e+04 4.299310e-04
3.717240e+04 4.539250e-04
3.718590e+04 4.750560e-04
3.719940e+04 4.979920e-04
3.721290e+04 5.273490e-04
3.722640e+04 5.576150e-04
3.723990e+04 5.905750e-04
3.725350e+04 6.247270e-04
3.726700e+04 6.590710e-04
3.728050e+04 7.016910e-04
3.729400e+04 7.456630e-04
3.730750e+04 7.850720e-04
3.732100e+04 8.294930e-04
3.733450e+04 8.764940e-04
3.734800e+04 9.252390e-04
3.736150e+04 9.836690e-04
3.737510e+04 1.041780e-03
3.738860e+04 1.100380e-03
3.740210e+04 1.167480e-03
3.741560e+04 1.236970e-03
3.742910e+04 1.308490e-03
3.744260e+04 1.387480e-03
3.745610e+04 1.466410e-03
3.746960e+04 1.549190e-03
3.748320e+04 1.640640e-03
3.749670e+04 1.736760e-03
3.751020e+04 1.843270e-03
3.752370e+04 1.958030e-03
3.753720e+04 2.073040e-03
3.755070e+04 2.196570e-03
3.756420e+04 2.329170e-03
3.757770e+04 2.465660e-03
3.759130e+04 2.614950e-03
3.760480e+04 2.775700e-03
3.761830e+04 2.941830e-03
3.763180e+04 3.120030e-03
3.764530e+04 3.308620e-03
3.765880e+04 3.506440e-03
3.767230e+04 3.722290e-03
3.768580e+04 3.950860e-03
3.769940e+04 4.188170e-03
3.771290e+04 4.443810e-03
3.772640e+04 4.715460e-03
3.773990e+04 5.001630e-03
3.775340e+04 5.311860e-03
3.776690e+04 5.646090e-03
3.778040e+04 5.993680e-03
3.779390e+04 6.364260e-03
3.780750e+04 6.758940e-03
3.782100e+04 7.177360e-03
3.783450e+04 7.629090e-03
3.784800e+04 8.110390e-03
3.786150e+04 8.620450e-03
3.787500e+04 9.168470e-03
3.788850e+04 9.747180e-03
3.790200e+04 1.035870e-02
3.791560e+04 1.101740e-02
3.792910e+04 1.171810e-02
3.794260e+04 1.246290e-02
3.795610e+04 1.326940e-02
3.796960e+04 1.412520e-02
3.798310e+04 1.503260e-02
3.799660e+04 1.601280e-02
3.801010e+04 1.705760e-02
3.802370e+04 1.817240e-02
3.803720e+04 1.937790e-02
3.805070e+04 2.065850e-02
3.806420e+04 2.202580e-02
3.807770e+04 2.349770e-02
3.809120e+04 2.506110e-02
3.810470e+04 2.672830e-02
3.811820e+04 2.851640e-02
3.813180e+04 3.042230e-02
3.814530e+04 3.245930e-02
3.815880e+04 3.464150e-02
3.817230e+04 3.697470e-02
3.818580e+04 3.948790e-02
3.819930e+04 4.213980e-02
3.821280e+04 4.496520e-02
3.822630e+04 4.797630e-02
3.823980e+04 5.119230e-02
3.825340e+04 5.461190e-02
3.826690e+04 5.824040e-02
3.828040e+04 6.209920e-02
3.829390e+04 6.618690e-02
3.830740e+04 7.050860e-02
3.832090e+04 7.509100e-02
3.833440e+04 7.992650e-02
3.834790e+04 8.501470e-02
3.836150e+04 9.038330e-02
3.837500e+04 9.600910e-02
3.838850e+04 1.019930e-01
3.840200e+04 1.081940e-01
3.841550e+04 1.146370e-01
3.842900e+04 1.213340e-01
3.844250e+04 1.283010e-01
3.845600e+04 1.355120e-01
3.846960e+04 1.429520e-01
3.848310e+04 1.506250e-01
3.849660e+04 1.585070e-01
3.851010e+04 1.665700e-01
3.852360e+04 1.748170e-01
3.853710e+04 1.832280e-01
3.855060e+04 1.917590e-01
3.856410e+04 2.004080e-01
3.857770e+04 2.093410e-01
3.859120e+04 2.182010e-01
3.860470e+04 2.270590e-01
3.861820e+04 2.359490e-01
3.863170e+04 2.448060e-01
3.864520e+04 2.536620e-01
3.865870e+04 2.624980e-01
3.867220e+04 2.712660e-01
3.868580e+04 2.799780e-01
3.869930e+04 2.886250e-01
3.871280e+04 2.971660e-01
3.872630e+04 3.056140e-01
3.873980e+04 3.139720e-01
3.875330e+04 3.222070e-01
3.876680e+04 3.303120e-01
3.878030e+04 3.383070e-01
3.879390e+04 3.461580e-01
3.880740e+04 3.538500e-01
3.882090e+04 3.614200e-01
3.883440e+04 3.687840e-01
3.884790e+04 3.759570e-01
3.886140e+04 3.829660e-01
3.887490e+04 3.897640e-01
3.888840e+04 3.963420e-01
3.890200e+04 4.027220e-01
3.891550e+04 4.088830e-01
3.892900e+04 4.148040e-01
3.894250e+04 4.204930e-01
3.895600e+04 4.259450e-01
3.896950e+04 4.311260e-01
3.898300e+04 4.365510e-01
3.899650e+04 4.412280e-01
3.901010e+04 4.455770e-01
3.902360e+04 4.496430e-01
3.903710e+04 4.534490e-01
3.905060e+04 4.569700e-01
3.906410e+04 4.602350e-01
3.907760e+04 4.632620e-01
3.909110e+04 4.660400e-01
3.910460e+04 4.685820e-01
3.911820e+04 4.709140e-01
3.913170e+04 4.730240e-01
3.914520e+04 4.751800e-01
3.915870e+04 4.771340e-01
3.917220e+04 4.786320e-01
3.918570e+04 4.799320e-01
3.919920e+04 4.810850e-01
3.921270e+04 4.820920e-01
3.922620e+04 4.829590e-01
3.923980e+04 4.837200e-01
3.925330e+04 4.843880e-01
3.926680e+04 4.849590e-01
3.928030e+04 4.854490e-01
3.929380e+04 4.858760e-01
3.930730e+04 4.862190e-01
3.932080e+04 4.864880e-01
3.933430e+04 4.867220e-01
3.934790e+04 4.869010e-01
3.936140e+04 4.870360e-01
3.937490e+04 4.874260e-01
3.938840e+04 4.878080e-01
3.940190e+04 4.878970e-01
3.941540e+04 4.880480e-01
3.942890e+04 4.882030e-01
3.944240e+04 4.883480e-01
3.945600e+04 4.885000e-01
3.946950e+04 4.886570e-01
3.948300e+04 4.887990e-01
3.949650e+04 4.889460e-01
3.951000e+04 4.890380e-01
3.952350e+04 4.891060e-01
3.953700e+04 4.891780e-01
3.955050e+04 4.892640e-01
3.956410e+04 4.893590e-01
3.957760e+04 4.894600e-01
3.959110e+04 4.895890e-01
3.960460e+04 4.897340e-01
3.961810e+04 4.898810e-01
3.963160e+04 4.900340e-01
3.964510e+04 4.901850e-01
3.965860e+04 4.903250e-01
3.967220e+04 4.904620e-01
3.968570e+04 4.905960e-01
3.969920e+04 4.912160e-01
3.971270e+04 4.913910e-01
3.972620e+04 4.915390e-01
3.973970e+04 4.916860e-01
3.975320e+04 4.918360e-01
3.976670e+04 4.919920e-01
3.978030e+04 4.927080e-01
3.979380e+04 4.928460e-01
3.980730e+04 4.929700e-01
3.982080e+04 4.930770e-01
3.983430e+04 4.931560e-01
3.984780e+04 4.932270e-01
3.986130e+04 4.932910e-01
3.987480e+04 4.933420e-01
3.988840e+04 4.933890e-01
3.990190e+04 4.934370e-01
3.991540e+04 4.934800e-01
3.992890e+04 4.935190e-01
3.994240e+04 4.935660e-01
3.995590e+04 4.936030e-01
3.996940e+04 4.936210e-01
3.998290e+04 4.936300e-01
3.999650e+04 4.936270e-01
4.001000e+04 4.936010e-01
4.002350e+04 4.935640e-01
4.003700e+04 4.935260e-01
4.005050e+04 4.934830e-01
4.006400e+04 4.934470e-01
4.007750e+04 4.934230e-01
4.009100e+04 4.933960e-01
4.010450e+04 4.933900e-01
4.011810e+04 4.934290e-01
4.013160e+04 4.934660e-01
4.014510e+04 4.934870e-01
4.015860e+04 4.934990e-01
4.017210e+04 4.935070e-01
4.018560e+04 4.938260e-01
4.019910e+04 4.940780e-01
4.021260e+04 4.945770e-01
4.022620e+04 4.945260e-01
4.023970e+04 4.944790e-01
4.025320e+04 4.944490e-01
4.026670e+04 4.944300e-01
4.028020e+04 4.944040e-01
4.029370e+04 4.943770e-01
4.030720e+04 4.943450e-01
4.032070e+04 4.943060e-01
4.033430e+04 4.942630e-01
4.034780e+04 4.942190e-01
4.036130e+04 4.941690e-01
4.037480e+04 4.941220e-01
4.038830e+04 4.940890e-01
4.040180e+04 4.940740e-01
4.041530e+04 4.941240e-01
4.042880e+04 4.941800e-01
4.044240e+04 4.942440e-01
4.045590e+04 4.943060e-01
4.046940e+04 4.943680e-01
4.048290e+04 4.944270e-01
4.049640e+04 4.944810e-01
4.050990e+04 4.944850e-01
4.052340e+04 4.944750e-01
4.053690e+04 4.944640e-01
4.055050e+04 4.944400e-01
4.056400e+04 4.944290e-01
4.057750e+04 4.944330e-01
4.059100e+04 4.944470e-01
4.060450e+04 4.947240e-01
4.061800e+04 4.950640e-01
4.063150e+04 4.950900e-01
4.064500e+04 4.951040e-01
4.065860e+04 4.951200e-01
4.067210e+04 4.951330e-01
4.068560e+04 4.951400e-01
4.069910e+04 4.951450e-01
4.071260e+04 4.952170e-01
4.072610e+04 4.956260e-01
4.073960e+04 4.959140e-01
4.075310e+04 4.960000e-01
4.076670e+04 4.960920e-01
4.078020e+04 4.961850e-01
4.079370e+04 4.962790e-01
4.080720e+04 4.963400e-01
4.082070e+04 4.963530e-01
4.083420e+04 4.963580e-01
4.084770e+04 4.963570e-01
4.086120e+04 4.963480e-01
4.087480e+04 4.963300e-01
4.088830e+04 4.963110e-01
4.090180e+04 4.962950e-01
4.091530e+04 4.962760e-01
4.092880e+04 4.962640e-01
4.094230e+04 4.962570e-01
4.095580e+04 4.962500e-01
4.096930e+04 4.962370e-01
4.098280e+04 4.962250e-01
4.099640e+04 4.962050e-01
4.100990e+04 4.961240e-01
4.102340e+04 4.960190e-01
4.103690e+04 4.963020e-01
4.105040e+04 4.963580e-01
4.106390e+04 4.962260e-01
4.107740e+04 4.961010e-01
4.109090e+04 4.959810e-01
4.110450e+04 4.958830e-01
4.111800e+04 4.958310e-01
4.113150e+04 4.957880e-01
4.114500e+04 4.957400e-01
4.115850e+04 4.956860e-01
4.117200e+04 4.956290e-01
4.118550e+04 4.958690e-01
4.119900e+04 4.960440e-01
4.121260e+04 4.959740e-01
4.122610e+04 4.959040e-01
4.123960e+04 4.958360e-01
4.125310e+04 4.957780e-01
4.126660e+04 4.957330e-01
4.128010e+04 4.956980e-01
4.129360e+04 4.956700e-01
4.130710e+04 4.956210e-01
4.132070e+04 4.955520e-01
4.133420e+04 4.954890e-01
4.134770e+04 4.954280e-01
4.136120e+04 4.953690e-01
4.137470e+04 4.953100e-01
4.138820e+04 4.952520e-01
4.140170e+04 4.952170e-01
4.141520e+04 4.953010e-01
4.142880e+04 4.953940e-01
4.144230e+04 4.955050e-01
4.145580e+04 4.956420e-01
4.146930e+04 4.957950e-01
4.148280e+04 4.965280e-01
4.149630e+04 4.967030e-01
4.150980e+04 4.968380e-01
4.152330e+04 4.969590e-01
4.153690e+04 4.970880e-01
4.155040e+04 4.972240e-01
4.156390e+04 4.973580e-01
4.157740e+04 4.974910e-01
4.159090e+04 4.976330e-01
4.160440e+04 4.980330e-01
4.161790e+04 4.985060e-01
4.163140e+04 4.986780e-01
4.164500e+04 4.988580e-01
4.165850e+04 4.990470e-01
4.167200e+04 4.992350e-01
4.168550e+04 4.994200e-01
4.169900e+04 4.995970e-01
4.171250e+04 4.997640e-01
4.172600e+04 4.999120e-01
4.173950e+04 5.000480e-01
4.175310e+04 5.001690e-01
4.176660e+04 5.002760e-01
4.178010e+04 5.003720e-01
4.179360e+04 5.004630e-01
4.180710e+04 5.005370e-01
4.182060e+04 5.005990e-01
4.183410e+04 5.006520e-01
4.184760e+04 5.006940e-01
4.186110e+04 5.007160e-01
4.187470e+04 5.007110e-01
4.188820e+04 5.006790e-01
4.190170e+04 5.006170e-01
4.191520e+04 5.005200e-01
4.192870e+04 5.004010e-01
4.194220e+04 5.008280e-01
4.195570e+04 5.006610e-01
4.196920e+04 5.004780e-01
4.198280e+04 5.002840e-01
4.199630e+04 5.000780e-01
4.200980e+04 4.998460e-01
4.202330e+04 4.996040e-01
4.203680e+04 4.997240e-01
4.205030e+04 4.996280e-01
4.206380e+04 4.993360e-01
4.207730e+04 4.990360e-01
4.209090e+04 4.987150e-01
4.210440e+04 4.983800e-01
4.211790e+04 4.980390e-01
4.213140e+04 4.976970e-01
4.214490e+04 4.973500e-01
4.215840e+04 4.970000e-01
4.217190e+04 4.966520e-01
4.218540e+04 4.963110e-01
4.219900e+04 4.959640e-01
4.221250e+04 4.956060e-01
4.222600e+04 4.952490e-01
4.223950e+04 4.948900e-01
4.225300e+04 4.945160e-01
4.226650e+04 4.941260e-01
4.228000e+04 4.937150e-01
4.229350e+04 4.932790e-01
4.230710e+04 4.928170e-01
4.232060e+04 4.923450e-01
4.233410e+04 4.918550e-01
4.234760e+04 4.913290e-01
4.236110e+04 4.907680e-01
4.237460e+04 4.901800e-01
4.238810e+04 4.895500e-01
4.240160e+04 4.888660e-01
4.241520e+04 4.881240e-01
4.242870e+04 4.878090e-01
4.244220e+04 4.869940e-01
4.245570e+04 4.859730e-01
4.246920e+04 4.848430e-01
4.248270e+04 4.841270e-01
4.249620e+04 4.827450e-01
4.250970e+04 4.811570e-01
4.252330e+04 4.794240e-01
4.253680e+04 4.775260e-01
4.255030e+04 4.754500e-01
4.256380e+04 4.731430e-01
4.257730e+04 4.706180e-01
4.259080e+04 4.678750e-01
4.260430e+04 4.646200e-01
4.261780e+04 4.605240e-01
4.263140e+04 4.560980e-01
4.264490e+04 4.514050e-01
4.265840e+04 4.464470e-01
4.267190e+04 4.412310e-01
4.268540e+04 4.356550e-01
4.269890e+04 4.297720e-01
4.271240e+04 4.232560e-01
4.272590e+04 4.164680e-01
4.273950e+04 4.093770e-01
4.275300e+04 4.019620e-01
4.276650e+04 3.943320e-01
4.278000e+04 3.864980e-01
4.279350e+04 3.784310e-01
4.280700e+04 3.715080e-01
4.282050e+04 3.657130e-01
4.283400e+04 3.596580e-01
4.284750e+04 3.533530e-01
4.286110e+04 3.466340e-01
4.287460e+04 3.397120e-01
4.288810e+04 3.326070e-01
4.290160e+04 3.251610e-01
4.291510e+04 3.162090e-01
4.292860e+04 3.072080e-01
4.294210e+04 2.986030e-01
4.295560e+04 2.898500e-01
4.296920e+04 2.807730e-01
4.298270e+04 2.717230e-01
4.299620e+04 2.627460e-01
4.300970e+04 2.538260e-01
4.302320e+04 2.449510e-01
4.303670e+04 2.361830e-01
4.305020e+04 2.275660e-01
4.306370e+04 2.191070e-01
4.307730e+04 2.107920e-01
4.309080e+04 2.026480e-01
4.310430e+04 1.947010e-01
4.311780e+04 1.869530e-01
4.313130e+04 1.793950e-01
4.314480e+04 1.720400e-01
4.315830e+04 1.648960e-01
4.317180e+04 1.579610e-01
4.318540e+04 1.512290e-01
4.319890e+04 1.447040e-01
4.321240e+04 1.383930e-01
4.322590e+04 1.322890e-01
4.323940e+04 1.263900e-01
4.325290e+04 1.206970e-01
4.326640e+04 1.152050e-01
4.327990e+04 1.099130e-01
4.329350e+04 1.048180e-01
4.330700e+04 9.991490e-02
4.332050e+04 9.519530e-02
4.333400e+04 9.065860e-02
4.334750e+04 8.630410e-02
4.336100e+04 8.212460e-02
4.337450e+04 7.810990e-02
4.338800e+04 7.425790e-02
4.340160e+04 7.056940e-02
4.341510e+04 6.703440e-02
4.342860e+04 6.364500e-02
4.344210e+04 6.039950e-02
4.345560e+04 5.733890e-02
4.346910e+04 5.440850e-02
4.348260e+04 5.158160e-02
4.349610e+04 4.888050e-02
4.350970e+04 4.631090e-02
4.352320e+04 4.391140e-02
4.353670e+04 4.157290e-02
4.355020e+04 3.934330e-02
4.356370e+04 3.722960e-02
4.357720e+04 3.521610e-02
4.359070e+04 3.329870e-02
4.360420e+04 3.147320e-02
4.361780e+04 2.975180e-02
4.363130e+04 2.811520e-02
4.364480e+04 2.655960e-02
4.365830e+04 2.508030e-02
4.367180e+04 2.369030e-02
4.368530e+04 2.237100e-02
4.369880e+04 2.111840e-02
4.371230e+04 1.992920e-02
4.372580e+04 1.881380e-02
4.373940e+04 1.775660e-02
4.375290e+04 1.675310e-02
4.376640e+04 1.580670e-02
4.377990e+04 1.492240e-02
4.379340e+04 1.408480e-02
4.380690e+04 1.328540e-02
4.382040e+04 1.252940e-02
4.383390e+04 1.182290e-02
4.384750e+04 1.115710e-02
4.386100e+04 1.052180e-02
4.387450e+04 9.926340e-03
4.388800e+04 9.369270e-03
4.390150e+04 8.845960e-03
4.391500e+04 8.344690e-03
4.392850e+04 7.878090e-03
4.394200e+04 7.441200e-03
4.395560e+04 7.031070e-03
4.396910e+04 6.633730e-03
4.398260e+04 6.265600e-03
4.399610e+04 5.922650e-03
4.400960e+04 5.601610e-03
4.402310e+04 5.291320e-03
4.403660e+04 5.003040e-03
4.405010e+04 4.736230e-03
4.406370e+04 4.487970e-03
4.407720e+04 4.241290e-03
4.409070e+04 4.009950e-03
4.410420e+04 3.799470e-03
4.411770e+04 3.602110e-03
4.413120e+04 3.413250e-03
4.414470e+04 3.237070e-03
4.415820e+04 3.075440e-03
4.417180e+04 2.918560e-03
4.418530e+04 2.767330e-03
4.419880e+04 2.621710e-03
4.421230e+04 2.494760e-03
4.422580e+04 2.371170e-03
4.423930e+04 2.251260e-03
4.425280e+04 2.135310e-03
4.426630e+04 2.032420e-03
4.427990e+04 1.933980e-03
4.429340e+04 1.837160e-03
4.430690e+04 1.746220e-03
4.432040e+04 1.664370e-03
4.433390e+04 1.587970e-03
4.434740e+04 1.509900e-03
4.436090e+04 1.438210e-03
4.437440e+04 1.372650e-03
4.438800e+04 1.313240e-03
4.440150e+04 1.249130e-03
4.441500e+04 1.190930e-03
4.442850e+04 1.137790e-03
4.444200e+04 1.088620e-03
4.445550e+04 1.034700e-03
4.446900e+04 9.843730e-04
4.448250e+04 9.417390e-04
4.449610e+04 9.058240e-04
4.450960e+04 8.682310e-04
4.452310e+04 8.298800e-04
4.453660e+04 7.974060e-04
4.455010e+04 7.647480e-04
4.456360e+04 7.311320e-04
4.457710e+04 6.947610e-04
4.459060e+04 6.659920e-04
4.460410e+04 6.382050e-04
4.461770e+04 6.101960e-04
4.463120e+04 5.817040e-04
4.464470e+04 5.604770e-04
4.465820e+04 5.429510e-04
4.467170e+04 5.218160e-04
4.468520e+04 4.977430e-04
4.469870e+04 4.753620e-04
4.471220e+04 4.572830e-04
4.472580e+04 4.350720e-04
4.473930e+04 4.150840e-04
4.475280e+04 3.980870e-04
4.476630e+04 3.910220e-04
4.477980e+04 3.790190e-04
4.479330e+04 3.639990e-04
4.480680e+04 3.487930e-04
4.482030e+04 3.379780e-04
4.483390e+04 3.263140e-04
4.484740e+04 3.104500e-04
4.486090e+04 2.975560e-04
4.487440e+04 2.873680e-04
4.488790e+04 2.797900e-04
4.490140e+04 2.645100e-04
4.491490e+04 2.516520e-04
4.492840e+04 2.409310e-04
4.494200e+04 2.333010e-04
4.495550e+04 2.232710e-04
4.496900e+04 2.142610e-04
4.498250e+04 2.102980e-04
4.499600e+04 2.056240e-04
4.500950e+04 1.987420e-04
4.502300e+04 1.886380e-04
4.503650e+04 1.852060e-04
4.505010e+04 1.811090e-04
4.506360e+04 1.754540e-04
4.507710e+04 1.639510e-04
4.509060e+04 1.570110e-04
4.510410e+04 1.528280e-04
4.511760e+04 1.466850e-04
4.513110e+04 1.393580e-04
4.514460e+04 1.333210e-04
4.515820e+04 1.317040e-04
4.517170e+04 1.238220e-04
4.518520e+04 1.127880e-04
4.519870e+04 1.046250e-04
4.521220e+04 1.036020e-04
4.522570e+04 1.022590e-04
