# Wavelength(Angstrom)  Transmission
1.728490e+05  4.107900e-04
1.731370e+05  1.171200e-03
1.734270e+05  2.382100e-03
1.737170e+05  8.169600e-04
1.740090e+05  1.020200e-03
1.743010e+05  3.410400e-03
1.745950e+05  2.346600e-03
1.748890e+05  3.206800e-04
1.751840e+05  4.947000e-04
1.754810e+05  1.726300e-03
1.757780e+05  6.076700e-04
1.760770e+05  1.745400e-03
1.763760e+05  1.210800e-03
1.766770e+05  2.638100e-03
1.769780e+05  7.640600e-04
1.772810e+05  0.000000e+00
1.775840e+05  1.944800e-03
1.778890e+05  3.179600e-03
1.781950e+05  2.528700e-03
1.785010e+05  2.520700e-03
1.788090e+05  4.307300e-03
1.791180e+05  4.504200e-03
1.794280e+05  2.716700e-03
1.797390e+05  2.086200e-03
1.800510e+05  2.810200e-03
1.803640e+05  4.595100e-03
1.806780e+05  5.619200e-03
1.809930e+05  4.617100e-03
1.813100e+05  5.190100e-03
1.816270e+05  6.646900e-03
1.819460e+05  5.004900e-03
1.822660e+05  6.026600e-03
1.825870e+05  8.122000e-03
1.829090e+05  8.074600e-03
1.832320e+05  7.740500e-03
1.835560e+05  7.733300e-03
1.838810e+05  9.381200e-03
1.842080e+05  1.078500e-02
1.845360e+05  1.226800e-02
1.848650e+05  1.157000e-02
1.851950e+05  9.512500e-03
1.855260e+05  1.129500e-02
1.858590e+05  1.179200e-02
1.861920e+05  9.578200e-03
1.865270e+05  1.287600e-02
1.868630e+05  1.438000e-02
1.872010e+05  1.195500e-02
1.875390e+05  1.194900e-02
1.878790e+05  1.083700e-02
1.882200e+05  1.265100e-02
1.885620e+05  1.742100e-02
1.889060e+05  1.510200e-02
1.892500e+05  1.322100e-02
1.895960e+05  1.499100e-02
1.899440e+05  1.711000e-02
1.902920e+05  2.052800e-02
1.906420e+05  2.022800e-02
1.909930e+05  1.831100e-02
1.913450e+05  1.885300e-02
1.916990e+05  2.072100e-02
1.920540e+05  2.365400e-02
1.924100e+05  2.406700e-02
1.927680e+05  2.513700e-02
1.931270e+05  2.847100e-02
1.934870e+05  2.884500e-02
1.938490e+05  3.117100e-02
1.942120e+05  3.456500e-02
1.945760e+05  3.807700e-02
1.949420e+05  4.301600e-02
1.953090e+05  4.610900e-02
1.956780e+05  5.055600e-02
1.960480e+05  5.589400e-02
1.964190e+05  5.977800e-02
1.967920e+05  6.428100e-02
1.971660e+05  6.782900e-02
1.975410e+05  7.501500e-02
1.979180e+05  8.305200e-02
1.982970e+05  8.735300e-02
1.986770e+05  9.485700e-02
1.990580e+05  1.050200e-01
1.994410e+05  1.163600e-01
1.998250e+05  1.289600e-01
2.002110e+05  1.415600e-01
2.005980e+05  1.583400e-01
2.009870e+05  1.799300e-01
2.013770e+05  2.034500e-01
2.017690e+05  2.289300e-01
2.021620e+05  2.571100e-01
2.025570e+05  2.859300e-01
2.029530e+05  3.170100e-01
2.033510e+05  3.523800e-01
2.037510e+05  3.903900e-01
2.041520e+05  4.308300e-01
2.045550e+05  4.696300e-01
2.049590e+05  5.116700e-01
2.053650e+05  5.539800e-01
2.057720e+05  5.920200e-01
2.061810e+05  6.268100e-01
2.065920e+05  6.615100e-01
2.070040e+05  6.913900e-01
2.074180e+05  7.151700e-01
2.078340e+05  7.409100e-01
2.082510e+05  7.713300e-01
2.086700e+05  7.893800e-01
2.090910e+05  8.022000e-01
2.095130e+05  8.232900e-01
2.099380e+05  8.347700e-01
2.103640e+05  8.467900e-01
2.107910e+05  8.658800e-01
2.112200e+05  8.800000e-01
2.116510e+05  8.906100e-01
2.120840e+05  9.088900e-01
2.125190e+05  9.225600e-01
2.129550e+05  9.296900e-01
2.133930e+05  9.441400e-01
2.138330e+05  9.627100e-01
2.142750e+05  9.663400e-01
2.147190e+05  9.669400e-01
2.151640e+05  9.784100e-01
2.156120e+05  9.848300e-01
2.160610e+05  9.827900e-01
2.165120e+05  9.903000e-01
2.169650e+05  9.995200e-01
2.174200e+05  9.980600e-01
2.178760e+05  9.965100e-01
2.183350e+05  9.981500e-01
2.187960e+05  1.000000e+00
2.192580e+05  9.966900e-01
2.197230e+05  9.962100e-01
2.201890e+05  9.939200e-01
2.206580e+05  9.811300e-01
2.211280e+05  9.797800e-01
2.216010e+05  9.819100e-01
2.220750e+05  9.736900e-01
2.225520e+05  9.715400e-01
2.230300e+05  9.718900e-01
2.235110e+05  9.688400e-01
2.239940e+05  9.691500e-01
2.244790e+05  9.726400e-01
2.249660e+05  9.658700e-01
2.254550e+05  9.517200e-01
2.259460e+05  9.540200e-01
2.264390e+05  9.467200e-01
2.269350e+05  9.304300e-01
2.274320e+05  9.249000e-01
2.279320e+05  9.239600e-01
2.284340e+05  9.251800e-01
2.289390e+05  9.199400e-01
2.294450e+05  9.206300e-01
2.299540e+05  9.234500e-01
2.304650e+05  9.244100e-01
2.309780e+05  9.411400e-01
2.314940e+05  9.563800e-01
2.320120e+05  9.617300e-01
2.325320e+05  9.709900e-01
2.330540e+05  9.744800e-01
2.335790e+05  9.740600e-01
2.341070e+05  9.774000e-01
2.346360e+05  9.849400e-01
2.351680e+05  9.795400e-01
2.357030e+05  9.617000e-01
2.362400e+05  9.577600e-01
2.367790e+05  9.463000e-01
2.373210e+05  9.299100e-01
2.378650e+05  9.201800e-01
2.384120e+05  9.078800e-01
2.389610e+05  8.934900e-01
2.395130e+05  8.874100e-01
2.400680e+05  8.783200e-01
2.406250e+05  8.632600e-01
2.411840e+05  8.529300e-01
2.417460e+05  8.502500e-01
2.423110e+05  8.368900e-01
2.428790e+05  8.235500e-01
2.434490e+05  8.194100e-01
2.440220e+05  8.041100e-01
2.445970e+05  7.856000e-01
2.451750e+05  7.809100e-01
2.457560e+05  7.764000e-01
2.463400e+05  7.641600e-01
2.469270e+05  7.621900e-01
2.475160e+05  7.646800e-01
2.481080e+05  7.539800e-01
2.487030e+05  7.480200e-01
2.493010e+05  7.531400e-01
2.499020e+05  7.494700e-01
2.505050e+05  7.201000e-01
2.511120e+05  6.940300e-01
2.517210e+05  6.659800e-01
2.523340e+05  6.381000e-01
2.529490e+05  6.149300e-01
2.535680e+05  5.899000e-01
2.541890e+05  5.593700e-01
2.548140e+05  5.339500e-01
2.554410e+05  5.227200e-01
2.560720e+05  5.119400e-01
2.567060e+05  5.064500e-01
2.573430e+05  5.019300e-01
2.579830e+05  4.841500e-01
2.586260e+05  4.614200e-01
2.592730e+05  4.446900e-01
2.599230e+05  4.279600e-01
2.605760e+05  4.122800e-01
2.612320e+05  3.995000e-01
2.618920e+05  3.861100e-01
2.625550e+05  3.729500e-01
2.632210e+05  3.769000e-01
2.638910e+05  3.772300e-01
2.645640e+05  3.719000e-01
2.652410e+05  3.670900e-01
2.659210e+05  3.515800e-01
2.666050e+05  3.285800e-01
2.672920e+05  3.025700e-01
2.679820e+05  2.811700e-01
2.686770e+05  2.633100e-01
2.693750e+05  2.429700e-01
2.700760e+05  2.233200e-01
2.707810e+05  2.180600e-01
2.714900e+05  2.096100e-01
2.722030e+05  2.002800e-01
2.729190e+05  1.943700e-01
2.736390e+05  1.830300e-01
2.743630e+05  1.713300e-01
2.750910e+05  1.640400e-01
2.758220e+05  1.581000e-01
2.765580e+05  1.503900e-01
2.772970e+05  1.442000e-01
2.780410e+05  1.389500e-01
2.787880e+05  1.330000e-01
2.795400e+05  1.268400e-01
2.802950e+05  1.170000e-01
2.810550e+05  1.011400e-01
2.818180e+05  8.630800e-02
2.825860e+05  7.308700e-02
2.833580e+05  6.003900e-02
2.841350e+05  4.692200e-02
2.849150e+05  3.525000e-02
2.857000e+05  3.345900e-02
2.864900e+05  3.217600e-02
2.872830e+05  0.000000e+00
