# Wavelength(Angstrom)  Transmission
3.248000e+04  1.228200e-03
3.249000e+04  9.186400e-04
3.250100e+04  7.559600e-04
3.251100e+04  7.045600e-04
3.252100e+04  1.003000e-03
3.253100e+04  1.087700e-03
3.254100e+04  7.366900e-04
3.255200e+04  6.972800e-04
3.256200e+04  1.040300e-03
3.257200e+04  1.152400e-03
3.258200e+04  1.213800e-03
3.259200e+04  1.164600e-03
3.260300e+04  6.699400e-04
3.261300e+04  8.013500e-04
3.262300e+04  1.187000e-03
3.263400e+04  1.185300e-03
3.264400e+04  1.189500e-03
3.265400e+04  9.509200e-04
3.266400e+04  1.157100e-03
3.267500e+04  1.160300e-03
3.268500e+04  8.978000e-04
3.269500e+04  1.211500e-03
3.270600e+04  1.270900e-03
3.271600e+04  1.184100e-03
3.272600e+04  1.114900e-03
3.273600e+04  1.104900e-03
3.274700e+04  1.317200e-03
3.275700e+04  1.261800e-03
3.276800e+04  1.289000e-03
3.277800e+04  1.189300e-03
3.278800e+04  8.978200e-04
3.279900e+04  1.025500e-03
3.280900e+04  1.223000e-03
3.281900e+04  1.187000e-03
3.283000e+04  1.178000e-03
3.284000e+04  1.281700e-03
3.285000e+04  1.338600e-03
3.286100e+04  1.280600e-03
3.287100e+04  1.173600e-03
3.288200e+04  1.143800e-03
3.289200e+04  1.272300e-03
3.290300e+04  1.165300e-03
3.291300e+04  1.221600e-03
3.292400e+04  1.527900e-03
3.293400e+04  1.395500e-03
3.294500e+04  1.366400e-03
3.295500e+04  1.592500e-03
3.296500e+04  1.601000e-03
3.297600e+04  1.719400e-03
3.298600e+04  1.540000e-03
3.299700e+04  1.365000e-03
3.300700e+04  1.587200e-03
3.301800e+04  1.372000e-03
3.302800e+04  1.386400e-03
3.303900e+04  1.686900e-03
3.304900e+04  1.442600e-03
3.306000e+04  1.334900e-03
3.307000e+04  1.518500e-03
3.308100e+04  1.525200e-03
3.309200e+04  1.478000e-03
3.310200e+04  1.496100e-03
3.311300e+04  1.465900e-03
3.312300e+04  1.582600e-03
3.313400e+04  1.854700e-03
3.314500e+04  1.764000e-03
3.315500e+04  1.716200e-03
3.316600e+04  1.684400e-03
3.317600e+04  1.431100e-03
3.318700e+04  1.739700e-03
3.319800e+04  1.916600e-03
3.320800e+04  1.657900e-03
3.321900e+04  1.881400e-03
3.322900e+04  2.016900e-03
3.324000e+04  1.818900e-03
3.325100e+04  1.843100e-03
3.326100e+04  1.827300e-03
3.327200e+04  2.081700e-03
3.328300e+04  2.457100e-03
3.329300e+04  2.070400e-03
3.330400e+04  2.050200e-03
3.331500e+04  2.316200e-03
3.332600e+04  1.914300e-03
3.333600e+04  2.195800e-03
3.334700e+04  2.488100e-03
3.335800e+04  2.102700e-03
3.336800e+04  2.431800e-03
3.337900e+04  2.596800e-03
3.339000e+04  2.300600e-03
3.340100e+04  2.653000e-03
3.341200e+04  2.729200e-03
3.342200e+04  2.410800e-03
3.343300e+04  2.757300e-03
3.344400e+04  3.056900e-03
3.345500e+04  2.778300e-03
3.346500e+04  2.856100e-03
3.347600e+04  3.126800e-03
3.348700e+04  2.862200e-03
3.349800e+04  2.895800e-03
3.350900e+04  3.215700e-03
3.351900e+04  3.181700e-03
3.353000e+04  3.299600e-03
3.354100e+04  3.312500e-03
3.355200e+04  3.284200e-03
3.356300e+04  3.651800e-03
3.357400e+04  3.820400e-03
3.358500e+04  3.794900e-03
3.359500e+04  3.985400e-03
3.360600e+04  4.210900e-03
3.361700e+04  4.219200e-03
3.362800e+04  4.258700e-03
3.363900e+04  4.270800e-03
3.365000e+04  3.980900e-03
3.366100e+04  4.262700e-03
3.367200e+04  4.886000e-03
3.368300e+04  4.821500e-03
3.369400e+04  4.768200e-03
3.370500e+04  5.129000e-03
3.371600e+04  5.185600e-03
3.372700e+04  4.995800e-03
3.373700e+04  5.003300e-03
3.374900e+04  5.248800e-03
3.376000e+04  5.596500e-03
3.377000e+04  5.760000e-03
3.378100e+04  5.956000e-03
3.379300e+04  6.231300e-03
3.380400e+04  6.129200e-03
3.381400e+04  6.384100e-03
3.382600e+04  6.808800e-03
3.383700e+04  6.603800e-03
3.384800e+04  6.840500e-03
3.385900e+04  7.351200e-03
3.387000e+04  7.237700e-03
3.388100e+04  7.223400e-03
3.389200e+04  7.678000e-03
3.390300e+04  7.995200e-03
3.391400e+04  8.070800e-03
3.392500e+04  8.369500e-03
3.393600e+04  8.685600e-03
3.394700e+04  8.909400e-03
3.395800e+04  9.392000e-03
3.397000e+04  9.543200e-03
3.398100e+04  9.571300e-03
3.399200e+04  1.005700e-02
3.400300e+04  1.053200e-02
3.401400e+04  1.085600e-02
3.402500e+04  1.085900e-02
3.403700e+04  1.104000e-02
3.404800e+04  1.163800e-02
3.405900e+04  1.178800e-02
3.407000e+04  1.207100e-02
3.408100e+04  1.261900e-02
3.409200e+04  1.275600e-02
3.410400e+04  1.294300e-02
3.411500e+04  1.348100e-02
3.412600e+04  1.421800e-02
3.413700e+04  1.454400e-02
3.414900e+04  1.468500e-02
3.416000e+04  1.537300e-02
3.417100e+04  1.587000e-02
3.418200e+04  1.616000e-02
3.419400e+04  1.674800e-02
3.420500e+04  1.709900e-02
3.421600e+04  1.731100e-02
3.422700e+04  1.781500e-02
3.423900e+04  1.824500e-02
3.425000e+04  1.854300e-02
3.426100e+04  1.923000e-02
3.427300e+04  1.994300e-02
3.428400e+04  2.038100e-02
3.429500e+04  2.113500e-02
3.430700e+04  2.188300e-02
3.431800e+04  2.225000e-02
3.432900e+04  2.300900e-02
3.434100e+04  2.411600e-02
3.435200e+04  2.466300e-02
3.436400e+04  2.516000e-02
3.437500e+04  2.624300e-02
3.438600e+04  2.713500e-02
3.439800e+04  2.776500e-02
3.440900e+04  2.849900e-02
3.442100e+04  2.933400e-02
3.443200e+04  3.019900e-02
3.444300e+04  3.088200e-02
3.445500e+04  3.169900e-02
3.446600e+04  3.267100e-02
3.447800e+04  3.347100e-02
3.448900e+04  3.438100e-02
3.450100e+04  3.534000e-02
3.451200e+04  3.610800e-02
3.452400e+04  3.702200e-02
3.453500e+04  3.809600e-02
3.454700e+04  3.896900e-02
3.455800e+04  3.991500e-02
3.457000e+04  4.100700e-02
3.458100e+04  4.192000e-02
3.459300e+04  4.273400e-02
3.460400e+04  4.368900e-02
3.461600e+04  4.489700e-02
3.462700e+04  4.612300e-02
3.463900e+04  4.720500e-02
3.465100e+04  4.812400e-02
3.466200e+04  4.918500e-02
3.467400e+04  5.062900e-02
3.468500e+04  5.185100e-02
3.469700e+04  5.297200e-02
3.470900e+04  5.417400e-02
3.472000e+04  5.533400e-02
3.473200e+04  5.660600e-02
3.474300e+04  5.769500e-02
3.475500e+04  5.905700e-02
3.476700e+04  6.063300e-02
3.477800e+04  6.178700e-02
3.479000e+04  6.309100e-02
3.480200e+04  6.476300e-02
3.481300e+04  6.631100e-02
3.482500e+04  6.774900e-02
3.483700e+04  6.940300e-02
3.484800e+04  7.065200e-02
3.486000e+04  7.187400e-02
3.487200e+04  7.390800e-02
3.488400e+04  7.569500e-02
3.489500e+04  7.714500e-02
3.490700e+04  7.885600e-02
3.491900e+04  8.071200e-02
3.493100e+04  8.244000e-02
3.494200e+04  8.429000e-02
3.495400e+04  8.614400e-02
3.496600e+04  8.802200e-02
3.497800e+04  8.987400e-02
3.499000e+04  9.179200e-02
3.500100e+04  9.364800e-02
3.501300e+04  9.561000e-02
3.502500e+04  9.745400e-02
3.503700e+04  9.949800e-02
3.504900e+04  1.019700e-01
3.506100e+04  1.040200e-01
3.507200e+04  1.060800e-01
3.508400e+04  1.085700e-01
3.509600e+04  1.105600e-01
3.510800e+04  1.123900e-01
3.512000e+04  1.154400e-01
3.513200e+04  1.191600e-01
3.514400e+04  1.223500e-01
3.515600e+04  1.257900e-01
3.516800e+04  1.296600e-01
3.518000e+04  1.331500e-01
3.519100e+04  1.368000e-01
3.520300e+04  1.408600e-01
3.521500e+04  1.444200e-01
3.522700e+04  1.479300e-01
3.523900e+04  1.522700e-01
3.525100e+04  1.562700e-01
3.526300e+04  1.599600e-01
3.527500e+04  1.645600e-01
3.528700e+04  1.688300e-01
3.529900e+04  1.728500e-01
3.531100e+04  1.778500e-01
3.532300e+04  1.826800e-01
3.533500e+04  1.875800e-01
3.534700e+04  1.929500e-01
3.535900e+04  1.972700e-01
3.537100e+04  2.018600e-01
3.538400e+04  2.078900e-01
3.539600e+04  2.135000e-01
3.540800e+04  2.190400e-01
3.542000e+04  2.251500e-01
3.543200e+04  2.308200e-01
3.544400e+04  2.370700e-01
3.545600e+04  2.438000e-01
3.546800e+04  2.499200e-01
3.548000e+04  2.566400e-01
3.549200e+04  2.637500e-01
3.550500e+04  2.702800e-01
3.551700e+04  2.774300e-01
3.552900e+04  2.852300e-01
3.554100e+04  2.924000e-01
3.555300e+04  2.996100e-01
3.556600e+04  3.076400e-01
3.557800e+04  3.155300e-01
3.559000e+04  3.234700e-01
3.560200e+04  3.320400e-01
3.561400e+04  3.405300e-01
3.562700e+04  3.488400e-01
3.563900e+04  3.573200e-01
3.565100e+04  3.658700e-01
3.566300e+04  3.742600e-01
3.567600e+04  3.834300e-01
3.568800e+04  3.932400e-01
3.570000e+04  4.015800e-01
3.571200e+04  4.101900e-01
3.572500e+04  4.202300e-01
3.573700e+04  4.290400e-01
3.574900e+04  4.376600e-01
3.576200e+04  4.471900e-01
3.577400e+04  4.559600e-01
3.578600e+04  4.646800e-01
3.579900e+04  4.742400e-01
3.581100e+04  4.831200e-01
3.582400e+04  4.909500e-01
3.583600e+04  4.996800e-01
3.584800e+04  5.085800e-01
3.586100e+04  5.162000e-01
3.587300e+04  5.246200e-01
3.588600e+04  5.331000e-01
3.589800e+04  5.399900e-01
3.591000e+04  5.475100e-01
3.592300e+04  5.550800e-01
3.593500e+04  5.611900e-01
3.594800e+04  5.682300e-01
3.596000e+04  5.751200e-01
3.597300e+04  5.797800e-01
3.598500e+04  5.856400e-01
3.599800e+04  5.922900e-01
3.601000e+04  5.963400e-01
3.602300e+04  6.011500e-01
3.603500e+04  6.070700e-01
3.604800e+04  6.109700e-01
3.606000e+04  6.142500e-01
3.607300e+04  6.178500e-01
3.608500e+04  6.210700e-01
3.609800e+04  6.242400e-01
3.611000e+04  6.278300e-01
3.612300e+04  6.301700e-01
3.613600e+04  6.315300e-01
3.614800e+04  6.341700e-01
3.616100e+04  6.355900e-01
3.617300e+04  6.361200e-01
3.618600e+04  6.385100e-01
3.619900e+04  6.396200e-01
3.621100e+04  6.397400e-01
3.622400e+04  6.415400e-01
3.623700e+04  6.416700e-01
3.624900e+04  6.406000e-01
3.626200e+04  6.422000e-01
3.627500e+04  6.425600e-01
3.628700e+04  6.407800e-01
3.630000e+04  6.414100e-01
3.631300e+04  6.418500e-01
3.632600e+04  6.399000e-01
3.633800e+04  6.394800e-01
3.635100e+04  6.403500e-01
3.636400e+04  6.387600e-01
3.637600e+04  6.370100e-01
3.638900e+04  6.372900e-01
3.640200e+04  6.362400e-01
3.641500e+04  6.345700e-01
3.642800e+04  6.341700e-01
3.644000e+04  6.323600e-01
3.645300e+04  6.307100e-01
3.646600e+04  6.315300e-01
3.647900e+04  6.305800e-01
3.649200e+04  6.283000e-01
3.650400e+04  6.280400e-01
3.651700e+04  6.266100e-01
3.653000e+04  6.249300e-01
3.654300e+04  6.253800e-01
3.655600e+04  6.239300e-01
3.656900e+04  6.220200e-01
3.658200e+04  6.225100e-01
3.659500e+04  6.218300e-01
3.660700e+04  6.200900e-01
3.662100e+04  6.198800e-01
3.663300e+04  6.192900e-01
3.664600e+04  6.178600e-01
3.665900e+04  6.176500e-01
3.667200e+04  6.173600e-01
3.668500e+04  6.161200e-01
3.669800e+04  6.161500e-01
3.671100e+04  6.163200e-01
3.672400e+04  6.151500e-01
3.673700e+04  6.154300e-01
3.675000e+04  6.164500e-01
3.676300e+04  6.156600e-01
3.677600e+04  6.155100e-01
3.678900e+04  6.159900e-01
3.680200e+04  6.154700e-01
3.681600e+04  6.162500e-01
3.682800e+04  6.175300e-01
3.684200e+04  6.173900e-01
3.685500e+04  6.178600e-01
3.686800e+04  6.190800e-01
3.688100e+04  6.188600e-01
3.689400e+04  6.187300e-01
3.690700e+04  6.204700e-01
3.692000e+04  6.209200e-01
3.693400e+04  6.211800e-01
3.694700e+04  6.242000e-01
3.696000e+04  6.254300e-01
3.697300e+04  6.251100e-01
3.698600e+04  6.269300e-01
3.699900e+04  6.277800e-01
3.701300e+04  6.281500e-01
3.702600e+04  6.306200e-01
3.703900e+04  6.325600e-01
3.705200e+04  6.333100e-01
3.706500e+04  6.350000e-01
3.707900e+04  6.365300e-01
3.709200e+04  6.378100e-01
3.710500e+04  6.407700e-01
3.711800e+04  6.424100e-01
3.713200e+04  6.425500e-01
3.714500e+04  6.456200e-01
3.715800e+04  6.481400e-01
3.717200e+04  6.483200e-01
3.718500e+04  6.510000e-01
3.719800e+04  6.542600e-01
3.721200e+04  6.554400e-01
3.722500e+04  6.574800e-01
3.723900e+04  6.600800e-01
3.725200e+04  6.611300e-01
3.726500e+04  6.630900e-01
3.727900e+04  6.667700e-01
3.729200e+04  6.687600e-01
3.730600e+04  6.707900e-01
3.731900e+04  6.745500e-01
3.733200e+04  6.761800e-01
3.734600e+04  6.775400e-01
3.735900e+04  6.813600e-01
3.737300e+04  6.838800e-01
3.738600e+04  6.861400e-01
3.740000e+04  6.898000e-01
3.741300e+04  6.912700e-01
3.742700e+04  6.929200e-01
3.744000e+04  6.962500e-01
3.745400e+04  6.985400e-01
3.746700e+04  7.013600e-01
3.748100e+04  7.045700e-01
3.749400e+04  7.068900e-01
3.750800e+04  7.091100e-01
3.752100e+04  7.116100e-01
3.753500e+04  7.148200e-01
3.754900e+04  7.174100e-01
3.756200e+04  7.204500e-01
3.757600e+04  7.241300e-01
3.758900e+04  7.254200e-01
3.760300e+04  7.277800e-01
3.761700e+04  7.316300e-01
3.763000e+04  7.327200e-01
3.764400e+04  7.348200e-01
3.765800e+04  7.389600e-01
3.767100e+04  7.407200e-01
3.768500e+04  7.428400e-01
3.769900e+04  7.465400e-01
3.771200e+04  7.489400e-01
3.772600e+04  7.511400e-01
3.774000e+04  7.534800e-01
3.775400e+04  7.554400e-01
3.776700e+04  7.580100e-01
3.778100e+04  7.606400e-01
3.779500e+04  7.626100e-01
3.780900e+04  7.643900e-01
3.782200e+04  7.672500e-01
3.783600e+04  7.702200e-01
3.785000e+04  7.710800e-01
3.786400e+04  7.733400e-01
3.787800e+04  7.775300e-01
3.789200e+04  7.785400e-01
3.790500e+04  7.795600e-01
3.791900e+04  7.825500e-01
3.793300e+04  7.839600e-01
3.794700e+04  7.863900e-01
3.796100e+04  7.891800e-01
3.797500e+04  7.897200e-01
3.798900e+04  7.919800e-01
3.800300e+04  7.945200e-01
3.801700e+04  7.951500e-01
3.803100e+04  7.978400e-01
3.804500e+04  8.006500e-01
3.805800e+04  8.005500e-01
3.807200e+04  8.019200e-01
3.808600e+04  8.045600e-01
3.810000e+04  8.057800e-01
3.811400e+04  8.072100e-01
3.812800e+04  8.092600e-01
3.814200e+04  8.101000e-01
3.815600e+04  8.106400e-01
3.817000e+04  8.127300e-01
3.818400e+04  8.138900e-01
3.819900e+04  8.143200e-01
3.821300e+04  8.169300e-01
3.822700e+04  8.175200e-01
3.824100e+04  8.168000e-01
3.825500e+04  8.193700e-01
3.826900e+04  8.212400e-01
3.828300e+04  8.208000e-01
3.829700e+04  8.217500e-01
3.831200e+04  8.232100e-01
3.832600e+04  8.228300e-01
3.834000e+04  8.242000e-01
3.835400e+04  8.262800e-01
3.836800e+04  8.257100e-01
3.838200e+04  8.266900e-01
3.839700e+04  8.283000e-01
3.841100e+04  8.278500e-01
3.842500e+04  8.290000e-01
3.843900e+04  8.306400e-01
3.845400e+04  8.305800e-01
3.846800e+04  8.309000e-01
3.848200e+04  8.318400e-01
3.849600e+04  8.329200e-01
3.851100e+04  8.350100e-01
3.852500e+04  8.353200e-01
3.853900e+04  8.339400e-01
3.855400e+04  8.352800e-01
3.856800e+04  8.363700e-01
3.858200e+04  8.354400e-01
3.859700e+04  8.360400e-01
3.861100e+04  8.377700e-01
3.862500e+04  8.383400e-01
3.864000e+04  8.383100e-01
3.865400e+04  8.392600e-01
3.866900e+04  8.393700e-01
3.868300e+04  8.393500e-01
3.869800e+04  8.405900e-01
3.871200e+04  8.400400e-01
3.872600e+04  8.401300e-01
3.874100e+04  8.427500e-01
3.875500e+04  8.426400e-01
3.877000e+04  8.420200e-01
3.878400e+04  8.436600e-01
3.879900e+04  8.440800e-01
3.881300e+04  8.444600e-01
3.882800e+04  8.452200e-01
3.884200e+04  8.451500e-01
3.885700e+04  8.453100e-01
3.887200e+04  8.456500e-01
3.888600e+04  8.462000e-01
3.890100e+04  8.460600e-01
3.891500e+04  8.467500e-01
3.893000e+04  8.482600e-01
3.894400e+04  8.471500e-01
3.895900e+04  8.475400e-01
3.897400e+04  8.496200e-01
3.898800e+04  8.492600e-01
3.900300e+04  8.495100e-01
3.901800e+04  8.505600e-01
3.903200e+04  8.505500e-01
3.904700e+04  8.497600e-01
3.906200e+04  8.497000e-01
3.907700e+04  8.511400e-01
3.909100e+04  8.514500e-01
3.910600e+04  8.518500e-01
3.912100e+04  8.523000e-01
3.913500e+04  8.510700e-01
3.915000e+04  8.513600e-01
3.916500e+04  8.524700e-01
3.918000e+04  8.526400e-01
3.919500e+04  8.530900e-01
3.920900e+04  8.536000e-01
3.922400e+04  8.534400e-01
3.923900e+04  8.525900e-01
3.925400e+04  8.539100e-01
3.926900e+04  8.554700e-01
3.928400e+04  8.542100e-01
3.929900e+04  8.541100e-01
3.931400e+04  8.542800e-01
3.932800e+04  8.542100e-01
3.934300e+04  8.543700e-01
3.935800e+04  8.539700e-01
3.937300e+04  8.565400e-01
3.938800e+04  8.575200e-01
3.940300e+04  8.554400e-01
3.941800e+04  8.567500e-01
3.943300e+04  8.570500e-01
3.944800e+04  8.557400e-01
3.946300e+04  8.575300e-01
3.947800e+04  8.574600e-01
3.949300e+04  8.553500e-01
3.950800e+04  8.562700e-01
3.952300e+04  8.574300e-01
3.953800e+04  8.571600e-01
3.955300e+04  8.577800e-01
3.956900e+04  8.581900e-01
3.958400e+04  8.577100e-01
3.959900e+04  8.576600e-01
3.961400e+04  8.583600e-01
3.962900e+04  8.583300e-01
3.964400e+04  8.572300e-01
3.965900e+04  8.576900e-01
3.967400e+04  8.586200e-01
3.969000e+04  8.584100e-01
3.970500e+04  8.587000e-01
3.972000e+04  8.585600e-01
3.973500e+04  8.575000e-01
3.975000e+04  8.577700e-01
3.976600e+04  8.582400e-01
3.978100e+04  8.580100e-01
3.979600e+04  8.585300e-01
3.981200e+04  8.591200e-01
3.982700e+04  8.588100e-01
3.984200e+04  8.590000e-01
3.985700e+04  8.598700e-01
3.987300e+04  8.592800e-01
3.988800e+04  8.589500e-01
3.990400e+04  8.601800e-01
3.991900e+04  8.599300e-01
3.993400e+04  8.595000e-01
3.995000e+04  8.602600e-01
3.996500e+04  8.598400e-01
3.998000e+04  8.592900e-01
3.999600e+04  8.603600e-01
4.001100e+04  8.599500e-01
4.002700e+04  8.577400e-01
4.004200e+04  8.588000e-01
4.005800e+04  8.611700e-01
4.007300e+04  8.608400e-01
4.008900e+04  8.604500e-01
4.010400e+04  8.611500e-01
4.012000e+04  8.617900e-01
4.013500e+04  8.608400e-01
4.015100e+04  8.605700e-01
4.016600e+04  8.624700e-01
4.018200e+04  8.620900e-01
4.019700e+04  8.604500e-01
4.021300e+04  8.606400e-01
4.022900e+04  8.618100e-01
4.024400e+04  8.618100e-01
4.026000e+04  8.605000e-01
4.027500e+04  8.617300e-01
4.029100e+04  8.627300e-01
4.030700e+04  8.614000e-01
4.032200e+04  8.629800e-01
4.033800e+04  8.644000e-01
4.035400e+04  8.635500e-01
4.037000e+04  8.638500e-01
4.038500e+04  8.640700e-01
4.040100e+04  8.639800e-01
4.041700e+04  8.644000e-01
4.043200e+04  8.653700e-01
4.044800e+04  8.656200e-01
4.046400e+04  8.646900e-01
4.048000e+04  8.651400e-01
4.049600e+04  8.658900e-01
4.051100e+04  8.664900e-01
4.052700e+04  8.677500e-01
4.054300e+04  8.673700e-01
4.055900e+04  8.673400e-01
4.057500e+04  8.686500e-01
4.059100e+04  8.688200e-01
4.060700e+04  8.687600e-01
4.062300e+04  8.691400e-01
4.063800e+04  8.695000e-01
4.065400e+04  8.704500e-01
4.067000e+04  8.709400e-01
4.068600e+04  8.711000e-01
4.070200e+04  8.714600e-01
4.071800e+04  8.719300e-01
4.073400e+04  8.734400e-01
4.075000e+04  8.740900e-01
4.076600e+04  8.738500e-01
4.078200e+04  8.751700e-01
4.079800e+04  8.761400e-01
4.081400e+04  8.756300e-01
4.083000e+04  8.761600e-01
4.084700e+04  8.777600e-01
4.086300e+04  8.784600e-01
4.087900e+04  8.794100e-01
4.089500e+04  8.806300e-01
4.091100e+04  8.805800e-01
4.092700e+04  8.820400e-01
4.094300e+04  8.835600e-01
4.095900e+04  8.831800e-01
4.097600e+04  8.849200e-01
4.099200e+04  8.863300e-01
4.100800e+04  8.856900e-01
4.102400e+04  8.864400e-01
4.104000e+04  8.879800e-01
4.105700e+04  8.890500e-01
4.107300e+04  8.894600e-01
4.108900e+04  8.894900e-01
4.110500e+04  8.897700e-01
4.112200e+04  8.909500e-01
4.113800e+04  8.924000e-01
4.115400e+04  8.930700e-01
4.117100e+04  8.942100e-01
4.118700e+04  8.949700e-01
4.120300e+04  8.945600e-01
4.122000e+04  8.953400e-01
4.123600e+04  8.969200e-01
4.125300e+04  8.979700e-01
4.126900e+04  8.982400e-01
4.128600e+04  8.984900e-01
4.130200e+04  8.997300e-01
4.131800e+04  9.008700e-01
4.133500e+04  9.018600e-01
4.135100e+04  9.025900e-01
4.136800e+04  9.029300e-01
4.138400e+04  9.035400e-01
4.140100e+04  9.043000e-01
4.141700e+04  9.049800e-01
4.143400e+04  9.050300e-01
4.145100e+04  9.059600e-01
4.146700e+04  9.072200e-01
4.148400e+04  9.071500e-01
4.150000e+04  9.083800e-01
4.151700e+04  9.091500e-01
4.153300e+04  9.089900e-01
4.155000e+04  9.104900e-01
4.156700e+04  9.107400e-01
4.158300e+04  9.106100e-01
4.160000e+04  9.122300e-01
4.161700e+04  9.138200e-01
4.163400e+04  9.141400e-01
4.165000e+04  9.134500e-01
4.166700e+04  9.138200e-01
4.168400e+04  9.145100e-01
4.170100e+04  9.148500e-01
4.171700e+04  9.157600e-01
4.173400e+04  9.162300e-01
4.175100e+04  9.167300e-01
4.176800e+04  9.166300e-01
4.178500e+04  9.156500e-01
4.180100e+04  9.164100e-01
4.181800e+04  9.177200e-01
4.183500e+04  9.177500e-01
4.185200e+04  9.177400e-01
4.186900e+04  9.178400e-01
4.188600e+04  9.176600e-01
4.190300e+04  9.173600e-01
4.192000e+04  9.176800e-01
4.193700e+04  9.174700e-01
4.195400e+04  9.164700e-01
4.197100e+04  9.159800e-01
4.198800e+04  9.140300e-01
4.200400e+04  9.112200e-01
4.202100e+04  9.091700e-01
4.203900e+04  9.050200e-01
4.205600e+04  9.004300e-01
4.207300e+04  8.978900e-01
4.209000e+04  8.940200e-01
4.210700e+04  8.910300e-01
4.212400e+04  8.919200e-01
4.214100e+04  8.903900e-01
4.215800e+04  8.870100e-01
4.217500e+04  8.879800e-01
4.219300e+04  8.895000e-01
4.221000e+04  8.873600e-01
4.222700e+04  8.855000e-01
4.224400e+04  8.860100e-01
4.226100e+04  8.854600e-01
4.227800e+04  8.851900e-01
4.229600e+04  8.856100e-01
4.231300e+04  8.839700e-01
4.233000e+04  8.832600e-01
4.234800e+04  8.840400e-01
4.236500e+04  8.830000e-01
4.238200e+04  8.819200e-01
4.240000e+04  8.823000e-01
4.241700e+04  8.823500e-01
4.243400e+04  8.826000e-01
4.245200e+04  8.829900e-01
4.246900e+04  8.834800e-01
4.248600e+04  8.840500e-01
4.250400e+04  8.847000e-01
4.252100e+04  8.853300e-01
4.253900e+04  8.860100e-01
4.255600e+04  8.866600e-01
4.257400e+04  8.873400e-01
4.259100e+04  8.879700e-01
4.260800e+04  8.886000e-01
4.262600e+04  8.892600e-01
4.264400e+04  8.899100e-01
4.266100e+04  8.905100e-01
4.267900e+04  8.911300e-01
4.269600e+04  8.917100e-01
4.271400e+04  8.923100e-01
4.273100e+04  8.928700e-01
4.274900e+04  8.934500e-01
4.276700e+04  8.940100e-01
4.278400e+04  8.945400e-01
4.280200e+04  8.950800e-01
4.282000e+04  8.956000e-01
4.283700e+04  8.960900e-01
4.285500e+04  8.966300e-01
4.287300e+04  8.972000e-01
4.289100e+04  8.977800e-01
4.290800e+04  8.983900e-01
4.292600e+04  8.991300e-01
4.294400e+04  9.001400e-01
4.296200e+04  9.010300e-01
4.297900e+04  9.016800e-01
4.299700e+04  9.024700e-01
4.301500e+04  9.034700e-01
4.303300e+04  9.031500e-01
4.305100e+04  9.040700e-01
4.306900e+04  9.046300e-01
4.308700e+04  9.043200e-01
4.310400e+04  9.037800e-01
4.312200e+04  9.037700e-01
4.314000e+04  9.055300e-01
4.315800e+04  9.064400e-01
4.317600e+04  9.064700e-01
4.319400e+04  9.074500e-01
4.321200e+04  9.077000e-01
4.323000e+04  9.074600e-01
4.324800e+04  9.081500e-01
4.326600e+04  9.094900e-01
4.328400e+04  9.100700e-01
4.330200e+04  9.092500e-01
4.332000e+04  9.090400e-01
4.333900e+04  9.105500e-01
4.335700e+04  9.101300e-01
4.337500e+04  9.090800e-01
4.339300e+04  9.121300e-01
4.341100e+04  9.139200e-01
4.342900e+04  9.133000e-01
4.344700e+04  9.145300e-01
4.346600e+04  9.146400e-01
4.348400e+04  9.154000e-01
4.350200e+04  9.173000e-01
4.352000e+04  9.174500e-01
4.353900e+04  9.175800e-01
4.355700e+04  9.179200e-01
4.357500e+04  9.191800e-01
4.359400e+04  9.201800e-01
4.361200e+04  9.199000e-01
4.363000e+04  9.217200e-01
4.364900e+04  9.225900e-01
4.366700e+04  9.217800e-01
4.368500e+04  9.228800e-01
4.370400e+04  9.236900e-01
4.372200e+04  9.245600e-01
4.374100e+04  9.249700e-01
4.375900e+04  9.249700e-01
4.377800e+04  9.267500e-01
4.379600e+04  9.257100e-01
4.381500e+04  9.238800e-01
4.383300e+04  9.262800e-01
4.385200e+04  9.287800e-01
4.387000e+04  9.296800e-01
4.388900e+04  9.314100e-01
4.390700e+04  9.332100e-01
4.392600e+04  9.336900e-01
4.394500e+04  9.357200e-01
4.396300e+04  9.378800e-01
4.398200e+04  9.375500e-01
4.400100e+04  9.385100e-01
4.401900e+04  9.394500e-01
4.403800e+04  9.404400e-01
4.405700e+04  9.417900e-01
4.407500e+04  9.407600e-01
4.409400e+04  9.433100e-01
4.411300e+04  9.470000e-01
4.413200e+04  9.460200e-01
4.415000e+04  9.474200e-01
4.416900e+04  9.490500e-01
4.418800e+04  9.488200e-01
4.420700e+04  9.505800e-01
4.422600e+04  9.507900e-01
4.424400e+04  9.532000e-01
4.426300e+04  9.570400e-01
4.428200e+04  9.558300e-01
4.430100e+04  9.562600e-01
4.432000e+04  9.591100e-01
4.433900e+04  9.602900e-01
4.435800e+04  9.611100e-01
4.437700e+04  9.618900e-01
4.439600e+04  9.630400e-01
4.441500e+04  9.638400e-01
4.443400e+04  9.646000e-01
4.445300e+04  9.651500e-01
4.447200e+04  9.669700e-01
4.449100e+04  9.700100e-01
4.451000e+04  9.709800e-01
4.453000e+04  9.731200e-01
4.454900e+04  9.738800e-01
4.456800e+04  9.731100e-01
4.458700e+04  9.773900e-01
4.460600e+04  9.795600e-01
4.462500e+04  9.776600e-01
4.464400e+04  9.779600e-01
4.466400e+04  9.795200e-01
4.468300e+04  9.811800e-01
4.470200e+04  9.811000e-01
4.472100e+04  9.805600e-01
4.474100e+04  9.829900e-01
4.476000e+04  9.851200e-01
4.477900e+04  9.854200e-01
4.479900e+04  9.857100e-01
4.481800e+04  9.856100e-01
4.483700e+04  9.858700e-01
4.485700e+04  9.877000e-01
4.487600e+04  9.898900e-01
4.489600e+04  9.911300e-01
4.491500e+04  9.910000e-01
4.493500e+04  9.905800e-01
4.495400e+04  9.911100e-01
4.497400e+04  9.918500e-01
4.499300e+04  9.919400e-01
4.501300e+04  9.924000e-01
4.503200e+04  9.933700e-01
4.505200e+04  9.944900e-01
4.507100e+04  9.953400e-01
4.509100e+04  9.944900e-01
4.511100e+04  9.948800e-01
4.513000e+04  9.958800e-01
4.515000e+04  9.953800e-01
4.517000e+04  9.964200e-01
4.518900e+04  9.965200e-01
4.520900e+04  9.969200e-01
4.522900e+04  9.990300e-01
4.524800e+04  9.985300e-01
4.526800e+04  9.986000e-01
4.528800e+04  9.979400e-01
4.530800e+04  9.970700e-01
4.532700e+04  9.987000e-01
4.534700e+04  9.980400e-01
4.536700e+04  9.985200e-01
4.538700e+04  9.993300e-01
4.540700e+04  9.977800e-01
4.542700e+04  9.985400e-01
4.544700e+04  9.982600e-01
4.546600e+04  9.980300e-01
4.548600e+04  1.000000e+00
4.550600e+04  9.985100e-01
4.552600e+04  9.974300e-01
4.554600e+04  9.986600e-01
4.556600e+04  9.964100e-01
4.558700e+04  9.956400e-01
4.560600e+04  9.982500e-01
4.562700e+04  9.972600e-01
4.564700e+04  9.965900e-01
4.566700e+04  9.987200e-01
4.568700e+04  9.979700e-01
4.570700e+04  9.970200e-01
4.572700e+04  9.963800e-01
4.574700e+04  9.939000e-01
4.576700e+04  9.947500e-01
4.578800e+04  9.967700e-01
4.580800e+04  9.961700e-01
4.582800e+04  9.967300e-01
4.584800e+04  9.963200e-01
4.586900e+04  9.949700e-01
4.588900e+04  9.953600e-01
4.590900e+04  9.938800e-01
4.593000e+04  9.934900e-01
4.595000e+04  9.950000e-01
4.597000e+04  9.927600e-01
4.599100e+04  9.906200e-01
4.601100e+04  9.911200e-01
4.603200e+04  9.913600e-01
4.605200e+04  9.905600e-01
4.607300e+04  9.886300e-01
4.609300e+04  9.877700e-01
4.611400e+04  9.894700e-01
4.613400e+04  9.904400e-01
4.615400e+04  9.892700e-01
4.617500e+04  9.879300e-01
4.619600e+04  9.874400e-01
4.621600e+04  9.884500e-01
4.623700e+04  9.878800e-01
4.625700e+04  9.874400e-01
4.627800e+04  9.878600e-01
4.629900e+04  9.845500e-01
4.631900e+04  9.866500e-01
4.634000e+04  9.904900e-01
4.636100e+04  9.873600e-01
4.638200e+04  9.885300e-01
4.640200e+04  9.889800e-01
4.642300e+04  9.858800e-01
4.644400e+04  9.868400e-01
4.646500e+04  9.861700e-01
4.648600e+04  9.873400e-01
4.650600e+04  9.891600e-01
4.652700e+04  9.885600e-01
4.654800e+04  9.903200e-01
4.656900e+04  9.880800e-01
4.659000e+04  9.872000e-01
4.661100e+04  9.897100e-01
4.663200e+04  9.852200e-01
4.665300e+04  9.853600e-01
4.667400e+04  9.898000e-01
4.669500e+04  9.853000e-01
4.671600e+04  9.842600e-01
4.673700e+04  9.876200e-01
4.675800e+04  9.849800e-01
4.677900e+04  9.851600e-01
4.680000e+04  9.879600e-01
4.682100e+04  9.854900e-01
4.684200e+04  9.852300e-01
4.686400e+04  9.877700e-01
4.688500e+04  9.861900e-01
4.690600e+04  9.844900e-01
4.692700e+04  9.851000e-01
4.694800e+04  9.838400e-01
4.697000e+04  9.818200e-01
4.699100e+04  9.825600e-01
4.701200e+04  9.833300e-01
4.703400e+04  9.804000e-01
4.705500e+04  9.791300e-01
4.707600e+04  9.815200e-01
4.709800e+04  9.818900e-01
4.711900e+04  9.816200e-01
4.714000e+04  9.810000e-01
4.716200e+04  9.795800e-01
4.718300e+04  9.804900e-01
4.720500e+04  9.811000e-01
4.722600e+04  9.793200e-01
4.724800e+04  9.763900e-01
4.727000e+04  9.760900e-01
4.729100e+04  9.788700e-01
4.731300e+04  9.788600e-01
4.733400e+04  9.776000e-01
4.735600e+04  9.783400e-01
4.737700e+04  9.794300e-01
4.739900e+04  9.786900e-01
4.742100e+04  9.767700e-01
4.744200e+04  9.775100e-01
4.746400e+04  9.782700e-01
4.748600e+04  9.748800e-01
4.750800e+04  9.727800e-01
4.752900e+04  9.738400e-01
4.755100e+04  9.715000e-01
4.757300e+04  9.700600e-01
4.759500e+04  9.691800e-01
4.761700e+04  9.637800e-01
4.763900e+04  9.633200e-01
4.766000e+04  9.639100e-01
4.768200e+04  9.609000e-01
4.770400e+04  9.599900e-01
4.772600e+04  9.568400e-01
4.774800e+04  9.559800e-01
4.777000e+04  9.580900e-01
4.779200e+04  9.554400e-01
4.781400e+04  9.543000e-01
4.783600e+04  9.548900e-01
4.785800e+04  9.517300e-01
4.788100e+04  9.508000e-01
4.790300e+04  9.531900e-01
4.792500e+04  9.516100e-01
4.794700e+04  9.499800e-01
4.796900e+04  9.497800e-01
4.799100e+04  9.461800e-01
4.801400e+04  9.481300e-01
4.803600e+04  9.531300e-01
4.805800e+04  9.517000e-01
4.808000e+04  9.505100e-01
4.810300e+04  9.509300e-01
4.812500e+04  9.520000e-01
4.814700e+04  9.539000e-01
4.817000e+04  9.544200e-01
4.819200e+04  9.540400e-01
4.821400e+04  9.528600e-01
4.823700e+04  9.538400e-01
4.825900e+04  9.547700e-01
4.828200e+04  9.520800e-01
4.830400e+04  9.501200e-01
4.832700e+04  9.502600e-01
4.834900e+04  9.524500e-01
4.837200e+04  9.524200e-01
4.839400e+04  9.512700e-01
4.841700e+04  9.540200e-01
4.844000e+04  9.517800e-01
4.846200e+04  9.476700e-01
4.848500e+04  9.484800e-01
4.850800e+04  9.459600e-01
4.853000e+04  9.445400e-01
4.855300e+04  9.478300e-01
4.857600e+04  9.461000e-01
4.859800e+04  9.434600e-01
4.862100e+04  9.451100e-01
4.864400e+04  9.435800e-01
4.866700e+04  9.417400e-01
4.869000e+04  9.428600e-01
4.871300e+04  9.399000e-01
4.873500e+04  9.342200e-01
4.875800e+04  9.339800e-01
4.878100e+04  9.350500e-01
4.880400e+04  9.309100e-01
4.882700e+04  9.291300e-01
4.885000e+04  9.307500e-01
4.887300e+04  9.286700e-01
4.889600e+04  9.257300e-01
4.891900e+04  9.235400e-01
4.894200e+04  9.206600e-01
4.896600e+04  9.179400e-01
4.898900e+04  9.149600e-01
4.901200e+04  9.138400e-01
4.903500e+04  9.143200e-01
4.905800e+04  9.114600e-01
4.908200e+04  9.068800e-01
4.910500e+04  9.052900e-01
4.912800e+04  9.050700e-01
4.915100e+04  9.031100e-01
4.917500e+04  9.003900e-01
4.919800e+04  8.974800e-01
4.922100e+04  8.927900e-01
4.924500e+04  8.885900e-01
4.926800e+04  8.877500e-01
4.929100e+04  8.866700e-01
4.931500e+04  8.832200e-01
4.933800e+04  8.804800e-01
4.936200e+04  8.770000e-01
4.938500e+04  8.738200e-01
4.940900e+04  8.715500e-01
4.943200e+04  8.670500e-01
4.945600e+04  8.644100e-01
4.948000e+04  8.642200e-01
4.950300e+04  8.626700e-01
4.952700e+04  8.596500e-01
4.955000e+04  8.563200e-01
4.957400e+04  8.537200e-01
4.959800e+04  8.489600e-01
4.962200e+04  8.451300e-01
4.964500e+04  8.429700e-01
4.966900e+04  8.391900e-01
4.969300e+04  8.384200e-01
4.971700e+04  8.348700e-01
4.974100e+04  8.287600e-01
4.976400e+04  8.272900e-01
4.978800e+04  8.236700e-01
4.981200e+04  8.199500e-01
4.983600e+04  8.186800e-01
4.986000e+04  8.153800e-01
4.988400e+04  8.120100e-01
4.990800e+04  8.089400e-01
4.993200e+04  8.055700e-01
4.995600e+04  8.029100e-01
4.998000e+04  8.007300e-01
5.000400e+04  7.974800e-01
5.002900e+04  7.942200e-01
5.005300e+04  7.914800e-01
5.007700e+04  7.858800e-01
5.010100e+04  7.823900e-01
5.012500e+04  7.797200e-01
5.014900e+04  7.738500e-01
5.017400e+04  7.728100e-01
5.019800e+04  7.729900e-01
5.022200e+04  7.659200e-01
5.024700e+04  7.595000e-01
5.027100e+04  7.577400e-01
5.029500e+04  7.546200e-01
5.032000e+04  7.503300e-01
5.034400e+04  7.471900e-01
5.036900e+04  7.422300e-01
5.039300e+04  7.372700e-01
5.041800e+04  7.349600e-01
5.044200e+04  7.339100e-01
5.046700e+04  7.312500e-01
5.049100e+04  7.263100e-01
5.051600e+04  7.241200e-01
5.054000e+04  7.210500e-01
5.056500e+04  7.152000e-01
5.059000e+04  7.143300e-01
5.061500e+04  7.132500e-01
5.063900e+04  7.083900e-01
5.066400e+04  7.046800e-01
5.068900e+04  6.992100e-01
5.071400e+04  6.935300e-01
5.073800e+04  6.912100e-01
5.076300e+04  6.877800e-01
5.078800e+04  6.820800e-01
5.081300e+04  6.818200e-01
5.083800e+04  6.814500e-01
5.086300e+04  6.745800e-01
5.088800e+04  6.703400e-01
5.091300e+04  6.675500e-01
5.093800e+04  6.640200e-01
5.096300e+04  6.623400e-01
5.098800e+04  6.589100e-01
5.101300e+04  6.546700e-01
5.103800e+04  6.518800e-01
5.106300e+04  6.495000e-01
5.108800e+04  6.464400e-01
5.111300e+04  6.433700e-01
5.113900e+04  6.408000e-01
5.116400e+04  6.370400e-01
5.118900e+04  6.336100e-01
5.121400e+04  6.304200e-01
5.124000e+04  6.266100e-01
5.126500e+04  6.242100e-01
5.129000e+04  6.210800e-01
5.131600e+04  6.179700e-01
5.134100e+04  6.153200e-01
5.136700e+04  6.115100e-01
5.139200e+04  6.088400e-01
5.141700e+04  6.035500e-01
5.144300e+04  5.993800e-01
5.146900e+04  6.018400e-01
5.149400e+04  5.988300e-01
5.152000e+04  5.914100e-01
5.154500e+04  5.896000e-01
5.157100e+04  5.860400e-01
5.159700e+04  5.802000e-01
5.162200e+04  5.775600e-01
5.164800e+04  5.743100e-01
5.167400e+04  5.708900e-01
5.170000e+04  5.682300e-01
5.172500e+04  5.645100e-01
5.175100e+04  5.614900e-01
5.177700e+04  5.570600e-01
5.180300e+04  5.518000e-01
5.182900e+04  5.489200e-01
5.185500e+04  5.458100e-01
5.188000e+04  5.417500e-01
5.190600e+04  5.384800e-01
5.193300e+04  5.338200e-01
5.195800e+04  5.285300e-01
5.198500e+04  5.276200e-01
5.201100e+04  5.252400e-01
5.203700e+04  5.202500e-01
5.206300e+04  5.165700e-01
5.208900e+04  5.101600e-01
5.211500e+04  5.102800e-01
5.214100e+04  5.118800e-01
5.216800e+04  5.021900e-01
5.219400e+04  4.972800e-01
5.222000e+04  4.963300e-01
5.224600e+04  4.911800e-01
5.227300e+04  4.879700e-01
5.229900e+04  4.839200e-01
5.232600e+04  4.810300e-01
5.235200e+04  4.797100e-01
5.237800e+04  4.749200e-01
5.240500e+04  4.709600e-01
5.243100e+04  4.680000e-01
5.245800e+04  4.646600e-01
5.248400e+04  4.634900e-01
5.251100e+04  4.622500e-01
5.253800e+04  4.586500e-01
5.256400e+04  4.549200e-01
5.259100e+04  4.514800e-01
5.261800e+04  4.485700e-01
5.264400e+04  4.464700e-01
5.267100e+04  4.440900e-01
5.269800e+04  4.411900e-01
5.272400e+04  4.383200e-01
5.275100e+04  4.365500e-01
5.277800e+04  4.344700e-01
5.280500e+04  4.303700e-01
5.283200e+04  4.269300e-01
5.285900e+04  4.233400e-01
5.288600e+04  4.204600e-01
5.291300e+04  4.198400e-01
5.294000e+04  4.169900e-01
5.296700e+04  4.136900e-01
5.299400e+04  4.113700e-01
5.302100e+04  4.083600e-01
5.304800e+04  4.065200e-01
5.307500e+04  4.030400e-01
5.310200e+04  3.997000e-01
5.313000e+04  3.984600e-01
5.315700e+04  3.946200e-01
5.318400e+04  3.917100e-01
5.321100e+04  3.905400e-01
5.323900e+04  3.870000e-01
5.326600e+04  3.844300e-01
5.329300e+04  3.830600e-01
5.332100e+04  3.797700e-01
5.334800e+04  3.772400e-01
5.337600e+04  3.751700e-01
5.340300e+04  3.725400e-01
5.343100e+04  3.709700e-01
5.345800e+04  3.692500e-01
5.348600e+04  3.684300e-01
5.351300e+04  3.653100e-01
5.354100e+04  3.588800e-01
5.356900e+04  3.544800e-01
5.359700e+04  3.503900e-01
5.362400e+04  3.454800e-01
5.365200e+04  3.421500e-01
5.368000e+04  3.396300e-01
5.370700e+04  3.356100e-01
5.373500e+04  3.308700e-01
5.376300e+04  3.268700e-01
5.379100e+04  3.230800e-01
5.381900e+04  3.198200e-01
5.384700e+04  3.164100e-01
5.387500e+04  3.122100e-01
5.390300e+04  3.079600e-01
5.393100e+04  3.043600e-01
5.395900e+04  3.014100e-01
5.398700e+04  2.987300e-01
5.401500e+04  2.958900e-01
5.404300e+04  2.919100e-01
5.407100e+04  2.881200e-01
5.410000e+04  2.855800e-01
5.412800e+04  2.827200e-01
5.415600e+04  2.781500e-01
5.418400e+04  2.750000e-01
5.421300e+04  2.743500e-01
5.424100e+04  2.701800e-01
5.427000e+04  2.643600e-01
5.429800e+04  2.607000e-01
5.432600e+04  2.568900e-01
5.435500e+04  2.534900e-01
5.438300e+04  2.500600e-01
5.441200e+04  2.469100e-01
5.444000e+04  2.445200e-01
5.446900e+04  2.411600e-01
5.449800e+04  2.375100e-01
5.452600e+04  2.348900e-01
5.455500e+04  2.322900e-01
5.458400e+04  2.280600e-01
5.461200e+04  2.256400e-01
5.464100e+04  2.247400e-01
5.467000e+04  2.210600e-01
5.469900e+04  2.164200e-01
5.472800e+04  2.122900e-01
5.475700e+04  2.102900e-01
5.478600e+04  2.090800e-01
5.481500e+04  2.046700e-01
5.484400e+04  2.014700e-01
5.487300e+04  1.992300e-01
5.490200e+04  1.951800e-01
5.493100e+04  1.924500e-01
5.496000e+04  1.898800e-01
5.498900e+04  1.873000e-01
5.501800e+04  1.855500e-01
5.504700e+04  1.824900e-01
5.507700e+04  1.793800e-01
5.510600e+04  1.770600e-01
5.513500e+04  1.747600e-01
5.516400e+04  1.721900e-01
5.519400e+04  1.696400e-01
5.522300e+04  1.673700e-01
5.525300e+04  1.641800e-01
5.528200e+04  1.612700e-01
5.531200e+04  1.589700e-01
5.534100e+04  1.556200e-01
5.537100e+04  1.530000e-01
5.540000e+04  1.511100e-01
5.543000e+04  1.482800e-01
5.545900e+04  1.464300e-01
5.548900e+04  1.451100e-01
5.551900e+04  1.419100e-01
5.554900e+04  1.392200e-01
5.557800e+04  1.374900e-01
5.560800e+04  1.344300e-01
5.563800e+04  1.318100e-01
5.566800e+04  1.303600e-01
5.569800e+04  1.274200e-01
5.572800e+04  1.241000e-01
5.575800e+04  1.224100e-01
5.578800e+04  1.204400e-01
5.581800e+04  1.178400e-01
5.584800e+04  1.154000e-01
5.587800e+04  1.120900e-01
5.590800e+04  1.098200e-01
5.593800e+04  1.082200e-01
5.596800e+04  1.054200e-01
5.599900e+04  1.040100e-01
5.602900e+04  1.025600e-01
5.605900e+04  9.914600e-02
5.608900e+04  9.649400e-02
5.612000e+04  9.498100e-02
5.615000e+04  9.355800e-02
5.618100e+04  9.128000e-02
5.621100e+04  8.867300e-02
5.624100e+04  8.637000e-02
5.627200e+04  8.414400e-02
5.630200e+04  8.268800e-02
5.633300e+04  8.044200e-02
5.636400e+04  7.775100e-02
5.639400e+04  7.623300e-02
5.642500e+04  7.444400e-02
5.645600e+04  7.233700e-02
5.648700e+04  7.004300e-02
5.651700e+04  6.805700e-02
5.654800e+04  6.672700e-02
5.657900e+04  6.445700e-02
5.661000e+04  6.202000e-02
5.664100e+04  6.029100e-02
5.667200e+04  5.825000e-02
5.670300e+04  5.606900e-02
5.673400e+04  5.441600e-02
5.676500e+04  5.264900e-02
5.679600e+04  5.028400e-02
5.682700e+04  4.834000e-02
5.685800e+04  4.670400e-02
5.688900e+04  4.488700e-02
5.692000e+04  4.312500e-02
5.695200e+04  4.100500e-02
5.698300e+04  3.908800e-02
5.701400e+04  3.739800e-02
5.704600e+04  3.538300e-02
5.707700e+04  3.389700e-02
5.710900e+04  3.239300e-02
5.714000e+04  3.034500e-02
5.717200e+04  2.865200e-02
5.720300e+04  2.702600e-02
5.723500e+04  2.525700e-02
5.726600e+04  2.340500e-02
5.729800e+04  2.144000e-02
5.733000e+04  1.980000e-02
5.736100e+04  1.830100e-02
5.739300e+04  1.652100e-02
5.742500e+04  1.471700e-02
5.745700e+04  1.311600e-02
5.748800e+04  1.142600e-02
5.752000e+04  9.702500e-03
5.755200e+04  8.106100e-03
5.758400e+04  6.465100e-03
5.761600e+04  4.862600e-03
5.764800e+04  3.308400e-03
5.768000e+04  1.694900e-03
5.771200e+04  1.026300e-04
5.774400e+04  0.000000e+00
