# Wavelength(Angstrom)  Transmission
1.652000e+04  1.417300e-04
1.652200e+04  2.636500e-04
1.652500e+04  2.681400e-04
1.652700e+04  1.943900e-04
1.653000e+04  1.073800e-04
1.653300e+04  1.468500e-04
1.653500e+04  2.758000e-04
1.653800e+04  2.036200e-04
1.654000e+04  2.294400e-04
1.654300e+04  4.284300e-04
1.654600e+04  3.648600e-04
1.654900e+04  2.303300e-04
1.655100e+04  3.226000e-04
1.655400e+04  3.000200e-04
1.655600e+04  2.185800e-04
1.655900e+04  2.547400e-04
1.656200e+04  2.782300e-04
1.656400e+04  4.138900e-04
1.656700e+04  4.612600e-04
1.657000e+04  3.223200e-04
1.657200e+04  3.260100e-04
1.657500e+04  4.093900e-04
1.657800e+04  4.170600e-04
1.658000e+04  3.981300e-04
1.658300e+04  3.962600e-04
1.658600e+04  5.245300e-04
1.658800e+04  5.603200e-04
1.659100e+04  5.081400e-04
1.659400e+04  4.753600e-04
1.659600e+04  5.226400e-04
1.659900e+04  5.210500e-04
1.660100e+04  4.100600e-04
1.660400e+04  4.180800e-04
1.660700e+04  4.745700e-04
1.660900e+04  5.841500e-04
1.661200e+04  6.681300e-04
1.661500e+04  5.854300e-04
1.661700e+04  6.046800e-04
1.662000e+04  6.328100e-04
1.662300e+04  5.527100e-04
1.662500e+04  6.027400e-04
1.662800e+04  6.823100e-04
1.663100e+04  7.897100e-04
1.663300e+04  8.890000e-04
1.663600e+04  8.326500e-04
1.663900e+04  7.974500e-04
1.664100e+04  8.910400e-04
1.664400e+04  9.503900e-04
1.664700e+04  9.010400e-04
1.664900e+04  9.953500e-04
1.665200e+04  1.172700e-03
1.665500e+04  1.146300e-03
1.665700e+04  1.095500e-03
1.666000e+04  1.150400e-03
1.666300e+04  1.172100e-03
1.666600e+04  1.193600e-03
1.666800e+04  1.214200e-03
1.667100e+04  1.225200e-03
1.667400e+04  1.386200e-03
1.667600e+04  1.571300e-03
1.667900e+04  1.557700e-03
1.668100e+04  1.517000e-03
1.668400e+04  1.666900e-03
1.668700e+04  1.784300e-03
1.669000e+04  1.776200e-03
1.669200e+04  1.932800e-03
1.669500e+04  2.014900e-03
1.669800e+04  1.972300e-03
1.670000e+04  2.150700e-03
1.670300e+04  2.188700e-03
1.670600e+04  2.187100e-03
1.670800e+04  2.409000e-03
1.671100e+04  2.503000e-03
1.671400e+04  2.614400e-03
1.671700e+04  2.821400e-03
1.671900e+04  2.841600e-03
1.672200e+04  2.820600e-03
1.672500e+04  2.964500e-03
1.672700e+04  3.244000e-03
1.673000e+04  3.362100e-03
1.673300e+04  3.420900e-03
1.673500e+04  3.676900e-03
1.673800e+04  3.869600e-03
1.674100e+04  3.896200e-03
1.674400e+04  3.958000e-03
1.674600e+04  4.182100e-03
1.674900e+04  4.467800e-03
1.675200e+04  4.617100e-03
1.675400e+04  4.817700e-03
1.675700e+04  5.110000e-03
1.676000e+04  5.268400e-03
1.676200e+04  5.462800e-03
1.676500e+04  5.744200e-03
1.676800e+04  6.064800e-03
1.677100e+04  6.386600e-03
1.677300e+04  6.583300e-03
1.677600e+04  6.788900e-03
1.677900e+04  7.161700e-03
1.678100e+04  7.640400e-03
1.678400e+04  8.028500e-03
1.678700e+04  8.247500e-03
1.679000e+04  8.587100e-03
1.679200e+04  9.011200e-03
1.679500e+04  9.291900e-03
1.679800e+04  9.712800e-03
1.680100e+04  1.028400e-02
1.680300e+04  1.068500e-02
1.680600e+04  1.109200e-02
1.680900e+04  1.166800e-02
1.681100e+04  1.222700e-02
1.681400e+04  1.271100e-02
1.681700e+04  1.324200e-02
1.681900e+04  1.386900e-02
1.682200e+04  1.445100e-02
1.682500e+04  1.508000e-02
1.682800e+04  1.581800e-02
1.683000e+04  1.632200e-02
1.683300e+04  1.679700e-02
1.683600e+04  1.777700e-02
1.683900e+04  1.875500e-02
1.684100e+04  1.931200e-02
1.684400e+04  2.002200e-02
1.684700e+04  2.091400e-02
1.685000e+04  2.171400e-02
1.685200e+04  2.249000e-02
1.685500e+04  2.325000e-02
1.685800e+04  2.421200e-02
1.686100e+04  2.509100e-02
1.686300e+04  2.574900e-02
1.686600e+04  2.670400e-02
1.686900e+04  2.765500e-02
1.687200e+04  2.848500e-02
1.687400e+04  2.950300e-02
1.687700e+04  3.044200e-02
1.688000e+04  3.131500e-02
1.688200e+04  3.231700e-02
1.688500e+04  3.327500e-02
1.688800e+04  3.407600e-02
1.689100e+04  3.498900e-02
1.689400e+04  3.593700e-02
1.689600e+04  3.662900e-02
1.689900e+04  3.738800e-02
1.690200e+04  3.819500e-02
1.690400e+04  3.886200e-02
1.690700e+04  3.971800e-02
1.691000e+04  4.057900e-02
1.691300e+04  4.126100e-02
1.691600e+04  4.209200e-02
1.691800e+04  4.280100e-02
1.692100e+04  4.320800e-02
1.692400e+04  4.378600e-02
1.692700e+04  4.446500e-02
1.692900e+04  4.499100e-02
1.693200e+04  4.552800e-02
1.693500e+04  4.611400e-02
1.693800e+04  4.670100e-02
1.694000e+04  4.718200e-02
1.694300e+04  4.755500e-02
1.694600e+04  4.799100e-02
1.694900e+04  4.833500e-02
1.695200e+04  4.851000e-02
1.695400e+04  4.883100e-02
1.695700e+04  4.916600e-02
1.696000e+04  4.922000e-02
1.696300e+04  4.944800e-02
1.696500e+04  4.976100e-02
1.696800e+04  4.978400e-02
1.697100e+04  4.999300e-02
1.697400e+04  5.041100e-02
1.697600e+04  5.051800e-02
1.697900e+04  5.056200e-02
1.698200e+04  5.075600e-02
1.698500e+04  5.083100e-02
1.698800e+04  5.090000e-02
1.699000e+04  5.096100e-02
1.699300e+04  5.089500e-02
1.699600e+04  5.086300e-02
1.699900e+04  5.087200e-02
1.700200e+04  5.081800e-02
1.700400e+04  5.088400e-02
1.700700e+04  5.087300e-02
1.701000e+04  5.067500e-02
1.701300e+04  5.060200e-02
1.701600e+04  5.064200e-02
1.701800e+04  5.063400e-02
1.702100e+04  5.062300e-02
1.702400e+04  5.065900e-02
1.702700e+04  5.054800e-02
1.702900e+04  5.046000e-02
1.703200e+04  5.080200e-02
1.703500e+04  5.082300e-02
1.703800e+04  5.035700e-02
1.704100e+04  5.050800e-02
1.704300e+04  5.062200e-02
1.704600e+04  5.017000e-02
1.704900e+04  5.001800e-02
1.705200e+04  4.988400e-02
1.705500e+04  4.962800e-02
1.705700e+04  4.986700e-02
1.706000e+04  5.007400e-02
1.706300e+04  4.982000e-02
1.706600e+04  4.969200e-02
1.706900e+04  4.979500e-02
1.707100e+04  4.967400e-02
1.707400e+04  4.940300e-02
1.707700e+04  4.936000e-02
1.708000e+04  4.936100e-02
1.708300e+04  4.927400e-02
1.708500e+04  4.930600e-02
1.708800e+04  4.919300e-02
1.709100e+04  4.913800e-02
1.709400e+04  4.934700e-02
1.709700e+04  4.917700e-02
1.710000e+04  4.896700e-02
1.710200e+04  4.906200e-02
1.710500e+04  4.890800e-02
1.710800e+04  4.871300e-02
1.711100e+04  4.863300e-02
1.711400e+04  4.847500e-02
1.711700e+04  4.846700e-02
1.711900e+04  4.848600e-02
1.712200e+04  4.846000e-02
1.712500e+04  4.840000e-02
1.712800e+04  4.824300e-02
1.713100e+04  4.832700e-02
1.713400e+04  4.827700e-02
1.713600e+04  4.799300e-02
1.713900e+04  4.807000e-02
1.714200e+04  4.808100e-02
1.714500e+04  4.786500e-02
1.714800e+04  4.781000e-02
1.715000e+04  4.763500e-02
1.715300e+04  4.756700e-02
1.715600e+04  4.762600e-02
1.715900e+04  4.739000e-02
1.716200e+04  4.734300e-02
1.716500e+04  4.741500e-02
1.716800e+04  4.723600e-02
1.717000e+04  4.720700e-02
1.717300e+04  4.722800e-02
1.717600e+04  4.710700e-02
1.717900e+04  4.704200e-02
1.718200e+04  4.700000e-02
1.718500e+04  4.676400e-02
1.718800e+04  4.634900e-02
1.719000e+04  4.621500e-02
1.719300e+04  4.606900e-02
1.719600e+04  4.590700e-02
1.719900e+04  4.597800e-02
1.720200e+04  4.590000e-02
1.720500e+04  4.567800e-02
1.720700e+04  4.552000e-02
1.721000e+04  4.556100e-02
1.721300e+04  4.566300e-02
1.721600e+04  4.551300e-02
1.721900e+04  4.545500e-02
1.722200e+04  4.540600e-02
1.722500e+04  4.508500e-02
1.722700e+04  4.484100e-02
1.723000e+04  4.457000e-02
1.723300e+04  4.428300e-02
1.723600e+04  4.408200e-02
1.723900e+04  4.388000e-02
1.724200e+04  4.370500e-02
1.724500e+04  4.348100e-02
1.724800e+04  4.334100e-02
1.725000e+04  4.311400e-02
1.725300e+04  4.277000e-02
1.725600e+04  4.274500e-02
1.725900e+04  4.272900e-02
1.726200e+04  4.238500e-02
1.726500e+04  4.230300e-02
1.726800e+04  4.238400e-02
1.727000e+04  4.236500e-02
1.727300e+04  4.225300e-02
1.727600e+04  4.178700e-02
1.727900e+04  4.130500e-02
1.728200e+04  4.109300e-02
1.728500e+04  4.082600e-02
1.728800e+04  4.060700e-02
1.729100e+04  4.075900e-02
1.729300e+04  4.075300e-02
1.729600e+04  4.038500e-02
1.729900e+04  4.024400e-02
1.730200e+04  4.007000e-02
1.730500e+04  3.958200e-02
1.730800e+04  3.939800e-02
1.731100e+04  3.927900e-02
1.731400e+04  3.920200e-02
1.731700e+04  3.939100e-02
1.732000e+04  3.901600e-02
1.732200e+04  3.859100e-02
1.732500e+04  3.860500e-02
1.732800e+04  3.826500e-02
1.733100e+04  3.797900e-02
1.733400e+04  3.792400e-02
1.733700e+04  3.785400e-02
1.734000e+04  3.787800e-02
1.734300e+04  3.756900e-02
1.734600e+04  3.743900e-02
1.734900e+04  3.761400e-02
1.735100e+04  3.737300e-02
1.735400e+04  3.708200e-02
1.735700e+04  3.683000e-02
1.736000e+04  3.647400e-02
1.736300e+04  3.636700e-02
1.736600e+04  3.649000e-02
1.736900e+04  3.653600e-02
1.737200e+04  3.631400e-02
1.737500e+04  3.612300e-02
1.737800e+04  3.598700e-02
1.738000e+04  3.571800e-02
1.738300e+04  3.570100e-02
1.738600e+04  3.575700e-02
1.738900e+04  3.530600e-02
1.739200e+04  3.486300e-02
1.739500e+04  3.496400e-02
1.739800e+04  3.499400e-02
1.740100e+04  3.501900e-02
1.740400e+04  3.516300e-02
1.740700e+04  3.490900e-02
1.741000e+04  3.449000e-02
1.741300e+04  3.463100e-02
1.741500e+04  3.495000e-02
1.741800e+04  3.503700e-02
1.742100e+04  3.501900e-02
1.742400e+04  3.482900e-02
1.742700e+04  3.447700e-02
1.743000e+04  3.411600e-02
1.743300e+04  3.402600e-02
1.743600e+04  3.405700e-02
1.743900e+04  3.392800e-02
1.744200e+04  3.394900e-02
1.744500e+04  3.414400e-02
1.744800e+04  3.402600e-02
1.745100e+04  3.409100e-02
1.745400e+04  3.433600e-02
1.745700e+04  3.416600e-02
1.745900e+04  3.403800e-02
1.746200e+04  3.415000e-02
1.746500e+04  3.422700e-02
1.746800e+04  3.431700e-02
1.747100e+04  3.437900e-02
1.747400e+04  3.438500e-02
1.747700e+04  3.441000e-02
1.748000e+04  3.453800e-02
1.748300e+04  3.471000e-02
1.748600e+04  3.464300e-02
1.748900e+04  3.459700e-02
1.749200e+04  3.467200e-02
1.749500e+04  3.455900e-02
1.749800e+04  3.461400e-02
1.750100e+04  3.488400e-02
1.750400e+04  3.486400e-02
1.750700e+04  3.491200e-02
1.751000e+04  3.510500e-02
1.751300e+04  3.512900e-02
1.751500e+04  3.526000e-02
1.751800e+04  3.541700e-02
1.752100e+04  3.550900e-02
1.752400e+04  3.586300e-02
1.752700e+04  3.630000e-02
1.753000e+04  3.667600e-02
1.753300e+04  3.673100e-02
1.753600e+04  3.662900e-02
1.753900e+04  3.670300e-02
1.754200e+04  3.680500e-02
1.754500e+04  3.708700e-02
1.754800e+04  3.721400e-02
1.755100e+04  3.714800e-02
1.755400e+04  3.757100e-02
1.755700e+04  3.806900e-02
1.756000e+04  3.826300e-02
1.756300e+04  3.859500e-02
1.756600e+04  3.890200e-02
1.756900e+04  3.895400e-02
1.757200e+04  3.904200e-02
1.757500e+04  3.922000e-02
1.757800e+04  3.945000e-02
1.758100e+04  3.979500e-02
1.758400e+04  4.011100e-02
1.758700e+04  4.046200e-02
1.759000e+04  4.111300e-02
1.759300e+04  4.161900e-02
1.759600e+04  4.173000e-02
1.759900e+04  4.198600e-02
1.760200e+04  4.217900e-02
1.760500e+04  4.228100e-02
1.760800e+04  4.278700e-02
1.761100e+04  4.334300e-02
1.761400e+04  4.384300e-02
1.761700e+04  4.432600e-02
1.762000e+04  4.446000e-02
1.762300e+04  4.479100e-02
1.762600e+04  4.546500e-02
1.762900e+04  4.595700e-02
1.763200e+04  4.629700e-02
1.763500e+04  4.652100e-02
1.763800e+04  4.690000e-02
1.764100e+04  4.737100e-02
1.764400e+04  4.775100e-02
1.764700e+04  4.866900e-02
1.765000e+04  4.945200e-02
1.765300e+04  4.960300e-02
1.765600e+04  5.013500e-02
1.765900e+04  5.084900e-02
1.766200e+04  5.141400e-02
1.766500e+04  5.225100e-02
1.766800e+04  5.299000e-02
1.767100e+04  5.311200e-02
1.767400e+04  5.334100e-02
1.767700e+04  5.369600e-02
1.768000e+04  5.403400e-02
1.768300e+04  5.486700e-02
1.768600e+04  5.571900e-02
1.768900e+04  5.625200e-02
1.769200e+04  5.693700e-02
1.769500e+04  5.770100e-02
1.769800e+04  5.862200e-02
1.770100e+04  5.954400e-02
1.770400e+04  5.973200e-02
1.770700e+04  6.007600e-02
1.771000e+04  6.084600e-02
1.771300e+04  6.149300e-02
1.771600e+04  6.267100e-02
1.771900e+04  6.386400e-02
1.772200e+04  6.416500e-02
1.772500e+04  6.439500e-02
1.772800e+04  6.514500e-02
1.773100e+04  6.622900e-02
1.773400e+04  6.715300e-02
1.773700e+04  6.783500e-02
1.774000e+04  6.858100e-02
1.774300e+04  6.915200e-02
1.774600e+04  6.999100e-02
1.774900e+04  7.131100e-02
1.775200e+04  7.230900e-02
1.775500e+04  7.320700e-02
1.775800e+04  7.432800e-02
1.776100e+04  7.475100e-02
1.776500e+04  7.514900e-02
1.776700e+04  7.629500e-02
1.777100e+04  7.723200e-02
1.777400e+04  7.775000e-02
1.777700e+04  7.845100e-02
1.778000e+04  7.929000e-02
1.778300e+04  7.985300e-02
1.778600e+04  8.100100e-02
1.778900e+04  8.253600e-02
1.779200e+04  8.333500e-02
1.779500e+04  8.400900e-02
1.779800e+04  8.476100e-02
1.780100e+04  8.551500e-02
1.780400e+04  8.648800e-02
1.780700e+04  8.735800e-02
1.781000e+04  8.849800e-02
1.781300e+04  8.959700e-02
1.781600e+04  9.038600e-02
1.781900e+04  9.144100e-02
1.782300e+04  9.278400e-02
1.782600e+04  9.382800e-02
1.782900e+04  9.422700e-02
1.783200e+04  9.496100e-02
1.783500e+04  9.611600e-02
1.783800e+04  9.697900e-02
1.784100e+04  9.814300e-02
1.784400e+04  9.881700e-02
1.784700e+04  9.924500e-02
1.785000e+04  1.002000e-01
1.785300e+04  1.007300e-01
1.785600e+04  1.017300e-01
1.785900e+04  1.032100e-01
1.786200e+04  1.040000e-01
1.786600e+04  1.049800e-01
1.786900e+04  1.062000e-01
1.787200e+04  1.070900e-01
1.787500e+04  1.082700e-01
1.787800e+04  1.094600e-01
1.788100e+04  1.104700e-01
1.788400e+04  1.110100e-01
1.788700e+04  1.111500e-01
1.789000e+04  1.121100e-01
1.789300e+04  1.135800e-01
1.789600e+04  1.149100e-01
1.789900e+04  1.158800e-01
1.790200e+04  1.161700e-01
1.790600e+04  1.169300e-01
1.790900e+04  1.177000e-01
1.791200e+04  1.178400e-01
1.791500e+04  1.186800e-01
1.791800e+04  1.198300e-01
1.792100e+04  1.204700e-01
1.792400e+04  1.215600e-01
1.792700e+04  1.230100e-01
1.793000e+04  1.236100e-01
1.793300e+04  1.240800e-01
1.793700e+04  1.248600e-01
1.794000e+04  1.253100e-01
1.794300e+04  1.263300e-01
1.794600e+04  1.275300e-01
1.794900e+04  1.281800e-01
1.795200e+04  1.290700e-01
1.795500e+04  1.297300e-01
1.795800e+04  1.301200e-01
1.796100e+04  1.315800e-01
1.796500e+04  1.332500e-01
1.796800e+04  1.338100e-01
1.797100e+04  1.339600e-01
1.797400e+04  1.347800e-01
1.797700e+04  1.358100e-01
1.798000e+04  1.360200e-01
1.798300e+04  1.358900e-01
1.798600e+04  1.372500e-01
1.798900e+04  1.388500e-01
1.799300e+04  1.390100e-01
1.799600e+04  1.406100e-01
1.799900e+04  1.424800e-01
1.800200e+04  1.419800e-01
1.800500e+04  1.423800e-01
1.800800e+04  1.427300e-01
1.801100e+04  1.419800e-01
1.801400e+04  1.432400e-01
1.801800e+04  1.453100e-01
1.802100e+04  1.470400e-01
1.802400e+04  1.480800e-01
1.802700e+04  1.487200e-01
1.803000e+04  1.497900e-01
1.803300e+04  1.502100e-01
1.803600e+04  1.506700e-01
1.803900e+04  1.517200e-01
1.804300e+04  1.523600e-01
1.804600e+04  1.527200e-01
1.804900e+04  1.534600e-01
1.805200e+04  1.545100e-01
1.805500e+04  1.547800e-01
1.805800e+04  1.556600e-01
1.806100e+04  1.578200e-01
1.806500e+04  1.586400e-01
1.806800e+04  1.591100e-01
1.807100e+04  1.601500e-01
1.807400e+04  1.615700e-01
1.807700e+04  1.633900e-01
1.808000e+04  1.642400e-01
1.808400e+04  1.649700e-01
1.808700e+04  1.652700e-01
1.809000e+04  1.656900e-01
1.809300e+04  1.678800e-01
1.809600e+04  1.693000e-01
1.809900e+04  1.697500e-01
1.810300e+04  1.704400e-01
1.810600e+04  1.707200e-01
1.810900e+04  1.715900e-01
1.811200e+04  1.726400e-01
1.811500e+04  1.735800e-01
1.811800e+04  1.752500e-01
1.812200e+04  1.767300e-01
1.812500e+04  1.776200e-01
1.812800e+04  1.783100e-01
1.813100e+04  1.790000e-01
1.813400e+04  1.803800e-01
1.813700e+04  1.821400e-01
1.814000e+04  1.828600e-01
1.814400e+04  1.833400e-01
1.814700e+04  1.847400e-01
1.815000e+04  1.866600e-01
1.815300e+04  1.884900e-01
1.815600e+04  1.897000e-01
1.816000e+04  1.908000e-01
1.816300e+04  1.929700e-01
1.816600e+04  1.956600e-01
1.816900e+04  1.970400e-01
1.817200e+04  1.973600e-01
1.817500e+04  1.966600e-01
1.817900e+04  1.961600e-01
1.818200e+04  1.987400e-01
1.818500e+04  2.015500e-01
1.818800e+04  2.018200e-01
1.819100e+04  2.027500e-01
1.819500e+04  2.050900e-01
1.819800e+04  2.065500e-01
1.820100e+04  2.077500e-01
1.820400e+04  2.089200e-01
1.820700e+04  2.093400e-01
1.821100e+04  2.101800e-01
1.821400e+04  2.108800e-01
1.821700e+04  2.127500e-01
1.822000e+04  2.169200e-01
1.822300e+04  2.190400e-01
1.822700e+04  2.191900e-01
1.823000e+04  2.203100e-01
1.823300e+04  2.218400e-01
1.823600e+04  2.224000e-01
1.823900e+04  2.232000e-01
1.824300e+04  2.258700e-01
1.824600e+04  2.271600e-01
1.824900e+04  2.272800e-01
1.825200e+04  2.298400e-01
1.825500e+04  2.308300e-01
1.825900e+04  2.309900e-01
1.826200e+04  2.338400e-01
1.826500e+04  2.355700e-01
1.826800e+04  2.357900e-01
1.827100e+04  2.365000e-01
1.827500e+04  2.391400e-01
1.827800e+04  2.422400e-01
1.828100e+04  2.412100e-01
1.828400e+04  2.415900e-01
1.828800e+04  2.448600e-01
1.829100e+04  2.459900e-01
1.829400e+04  2.476900e-01
1.829700e+04  2.495300e-01
1.830000e+04  2.511800e-01
1.830400e+04  2.521000e-01
1.830700e+04  2.521300e-01
1.831000e+04  2.551900e-01
1.831300e+04  2.560700e-01
1.831700e+04  2.557400e-01
1.832000e+04  2.589800e-01
1.832300e+04  2.605300e-01
1.832600e+04  2.600700e-01
1.833000e+04  2.604000e-01
1.833300e+04  2.615900e-01
1.833600e+04  2.634500e-01
1.833900e+04  2.661100e-01
1.834300e+04  2.678400e-01
1.834600e+04  2.676800e-01
1.834900e+04  2.689800e-01
1.835200e+04  2.708200e-01
1.835600e+04  2.708700e-01
1.835900e+04  2.718300e-01
1.836200e+04  2.742000e-01
1.836500e+04  2.746000e-01
1.836900e+04  2.750100e-01
1.837200e+04  2.776900e-01
1.837500e+04  2.780300e-01
1.837800e+04  2.785800e-01
1.838200e+04  2.803100e-01
1.838500e+04  2.785800e-01
1.838800e+04  2.792200e-01
1.839100e+04  2.821900e-01
1.839500e+04  2.823900e-01
1.839800e+04  2.848700e-01
1.840100e+04  2.872200e-01
1.840500e+04  2.854800e-01
1.840800e+04  2.848200e-01
1.841100e+04  2.850100e-01
1.841400e+04  2.851600e-01
1.841800e+04  2.873800e-01
1.842100e+04  2.900100e-01
1.842400e+04  2.900900e-01
1.842700e+04  2.895100e-01
1.843100e+04  2.895700e-01
1.843400e+04  2.893600e-01
1.843700e+04  2.911100e-01
1.844100e+04  2.921600e-01
1.844400e+04  2.912100e-01
1.844700e+04  2.913500e-01
1.845000e+04  2.921100e-01
1.845400e+04  2.937400e-01
1.845700e+04  2.938300e-01
1.846000e+04  2.934800e-01
1.846300e+04  2.938000e-01
1.846700e+04  2.950100e-01
1.847000e+04  2.987600e-01
1.847300e+04  2.957700e-01
1.847700e+04  2.917700e-01
1.848000e+04  2.960700e-01
1.848300e+04  2.974000e-01
1.848600e+04  2.955300e-01
1.849000e+04  2.955400e-01
1.849300e+04  2.958000e-01
1.849600e+04  2.954700e-01
1.850000e+04  2.934500e-01
1.850300e+04  2.933400e-01
1.850600e+04  2.957800e-01
1.851000e+04  2.973000e-01
1.851300e+04  2.960300e-01
1.851600e+04  2.937500e-01
1.852000e+04  2.953600e-01
1.852300e+04  2.955900e-01
1.852600e+04  2.939900e-01
1.852900e+04  2.974500e-01
1.853300e+04  2.968200e-01
1.853600e+04  2.943300e-01
1.853900e+04  2.973400e-01
1.854300e+04  2.950400e-01
1.854600e+04  2.939700e-01
1.854900e+04  2.960600e-01
1.855300e+04  2.921700e-01
1.855600e+04  2.930300e-01
1.855900e+04  2.952500e-01
1.856300e+04  2.931000e-01
1.856600e+04  2.944200e-01
1.856900e+04  2.945500e-01
1.857300e+04  2.928000e-01
1.857600e+04  2.924700e-01
1.857900e+04  2.922700e-01
1.858300e+04  2.925800e-01
1.858600e+04  2.915800e-01
1.858900e+04  2.904600e-01
1.859200e+04  2.917400e-01
1.859600e+04  2.930200e-01
1.859900e+04  2.912900e-01
1.860200e+04  2.894800e-01
1.860600e+04  2.906900e-01
1.860900e+04  2.903600e-01
1.861300e+04  2.882400e-01
1.861600e+04  2.877300e-01
1.861900e+04  2.877500e-01
1.862300e+04  2.879800e-01
1.862600e+04  2.882700e-01
1.862900e+04  2.885200e-01
1.863300e+04  2.886700e-01
1.863600e+04  2.868700e-01
1.863900e+04  2.856900e-01
1.864300e+04  2.870000e-01
1.864600e+04  2.873900e-01
1.864900e+04  2.861400e-01
1.865300e+04  2.853100e-01
1.865600e+04  2.850300e-01
1.865900e+04  2.846900e-01
1.866300e+04  2.849600e-01
1.866600e+04  2.850100e-01
1.867000e+04  2.841800e-01
1.867300e+04  2.831000e-01
1.867600e+04  2.829700e-01
1.868000e+04  2.852600e-01
1.868300e+04  2.855000e-01
1.868600e+04  2.839700e-01
1.869000e+04  2.847000e-01
1.869300e+04  2.834000e-01
1.869600e+04  2.830800e-01
1.870000e+04  2.842000e-01
1.870300e+04  2.810600e-01
1.870700e+04  2.815600e-01
1.871000e+04  2.860300e-01
1.871300e+04  2.846900e-01
1.871700e+04  2.820900e-01
1.872000e+04  2.825600e-01
1.872300e+04  2.812700e-01
1.872700e+04  2.805800e-01
1.873000e+04  2.832200e-01
1.873400e+04  2.830700e-01
1.873700e+04  2.817500e-01
1.874000e+04  2.828400e-01
1.874400e+04  2.817900e-01
1.874700e+04  2.813100e-01
1.875000e+04  2.821000e-01
1.875400e+04  2.804100e-01
1.875700e+04  2.813100e-01
1.876100e+04  2.818300e-01
1.876400e+04  2.785100e-01
1.876700e+04  2.797500e-01
1.877100e+04  2.821000e-01
1.877400e+04  2.802600e-01
1.877800e+04  2.799200e-01
1.878100e+04  2.808800e-01
1.878500e+04  2.806500e-01
1.878800e+04  2.803200e-01
1.879100e+04  2.804400e-01
1.879500e+04  2.812400e-01
1.879800e+04  2.818900e-01
1.880100e+04  2.808900e-01
1.880500e+04  2.806000e-01
1.880800e+04  2.816600e-01
1.881200e+04  2.811000e-01
1.881500e+04  2.813000e-01
1.881900e+04  2.822100e-01
1.882200e+04  2.816000e-01
1.882500e+04  2.819500e-01
1.882900e+04  2.824500e-01
1.883200e+04  2.826400e-01
1.883600e+04  2.829400e-01
1.883900e+04  2.838100e-01
1.884300e+04  2.857700e-01
1.884600e+04  2.844400e-01
1.884900e+04  2.825300e-01
1.885300e+04  2.847900e-01
1.885600e+04  2.857800e-01
1.886000e+04  2.855900e-01
1.886300e+04  2.872100e-01
1.886600e+04  2.870700e-01
1.887000e+04  2.862900e-01
1.887300e+04  2.870300e-01
1.887700e+04  2.871600e-01
1.888000e+04  2.877000e-01
1.888400e+04  2.886300e-01
1.888700e+04  2.885500e-01
1.889100e+04  2.892200e-01
1.889400e+04  2.901200e-01
1.889700e+04  2.899800e-01
1.890100e+04  2.901900e-01
1.890400e+04  2.909100e-01
1.890800e+04  2.915700e-01
1.891100e+04  2.921100e-01
1.891500e+04  2.923400e-01
1.891800e+04  2.934800e-01
1.892200e+04  2.944200e-01
1.892500e+04  2.942400e-01
1.892900e+04  2.950100e-01
1.893200e+04  2.956100e-01
1.893500e+04  2.962900e-01
1.893900e+04  2.975000e-01
1.894200e+04  2.969400e-01
1.894600e+04  2.969000e-01
1.894900e+04  2.985600e-01
1.895300e+04  2.996500e-01
1.895600e+04  3.000200e-01
1.896000e+04  3.005800e-01
1.896300e+04  3.017000e-01
1.896700e+04  3.025000e-01
1.897000e+04  3.018000e-01
1.897300e+04  3.017300e-01
1.897700e+04  3.042300e-01
1.898000e+04  3.050500e-01
1.898400e+04  3.053500e-01
1.898700e+04  3.070300e-01
1.899100e+04  3.070300e-01
1.899400e+04  3.090300e-01
1.899800e+04  3.102700e-01
1.900100e+04  3.083100e-01
1.900500e+04  3.095600e-01
1.900800e+04  3.108500e-01
1.901200e+04  3.101800e-01
1.901500e+04  3.112600e-01
1.901900e+04  3.128800e-01
1.902200e+04  3.134500e-01
1.902600e+04  3.149700e-01
1.902900e+04  3.167000e-01
1.903300e+04  3.159700e-01
1.903600e+04  3.160600e-01
1.904000e+04  3.174400e-01
1.904300e+04  3.176000e-01
1.904700e+04  3.175000e-01
1.905000e+04  3.182100e-01
1.905400e+04  3.202100e-01
1.905700e+04  3.212900e-01
1.906100e+04  3.210400e-01
1.906400e+04  3.223000e-01
1.906800e+04  3.249000e-01
1.907100e+04  3.256000e-01
1.907500e+04  3.239500e-01
1.907800e+04  3.245500e-01
1.908200e+04  3.258200e-01
1.908500e+04  3.252800e-01
1.908900e+04  3.264600e-01
1.909200e+04  3.277900e-01
1.909600e+04  3.281300e-01
1.909900e+04  3.294300e-01
1.910300e+04  3.302300e-01
1.910600e+04  3.307500e-01
1.911000e+04  3.313700e-01
1.911300e+04  3.318700e-01
1.911700e+04  3.337200e-01
1.912000e+04  3.345700e-01
1.912400e+04  3.340700e-01
1.912800e+04  3.345100e-01
1.913100e+04  3.355900e-01
1.913500e+04  3.381700e-01
1.913800e+04  3.390600e-01
1.914200e+04  3.377200e-01
1.914500e+04  3.383700e-01
1.914900e+04  3.392500e-01
1.915200e+04  3.400000e-01
1.915600e+04  3.407800e-01
1.915900e+04  3.414000e-01
1.916300e+04  3.429700e-01
1.916600e+04  3.428200e-01
1.917000e+04  3.421800e-01
1.917300e+04  3.433300e-01
1.917700e+04  3.449300e-01
1.918100e+04  3.456700e-01
1.918400e+04  3.456600e-01
1.918800e+04  3.458500e-01
1.919100e+04  3.462000e-01
1.919500e+04  3.480600e-01
1.919800e+04  3.492800e-01
1.920200e+04  3.490300e-01
1.920500e+04  3.510400e-01
1.920900e+04  3.514000e-01
1.921200e+04  3.499000e-01
1.921600e+04  3.501200e-01
1.922000e+04  3.498200e-01
1.922300e+04  3.497000e-01
1.922700e+04  3.511200e-01
1.923000e+04  3.529200e-01
1.923400e+04  3.525400e-01
1.923800e+04  3.525400e-01
1.924100e+04  3.554200e-01
1.924500e+04  3.551200e-01
1.924800e+04  3.536500e-01
1.925200e+04  3.551400e-01
1.925500e+04  3.555100e-01
1.925900e+04  3.556600e-01
1.926200e+04  3.568400e-01
1.926600e+04  3.569800e-01
1.927000e+04  3.572100e-01
1.927300e+04  3.585500e-01
1.927700e+04  3.587500e-01
1.928000e+04  3.581600e-01
1.928400e+04  3.594900e-01
1.928800e+04  3.605900e-01
1.929100e+04  3.598700e-01
1.929500e+04  3.600600e-01
1.929800e+04  3.614200e-01
1.930200e+04  3.622200e-01
1.930500e+04  3.628200e-01
1.930900e+04  3.630200e-01
1.931300e+04  3.627500e-01
1.931600e+04  3.637300e-01
1.932000e+04  3.645300e-01
1.932400e+04  3.640600e-01
1.932700e+04  3.649600e-01
1.933100e+04  3.666500e-01
1.933400e+04  3.665300e-01
1.933800e+04  3.662700e-01
1.934100e+04  3.672300e-01
1.934500e+04  3.676800e-01
1.934900e+04  3.677700e-01
1.935200e+04  3.678600e-01
1.935600e+04  3.681100e-01
1.936000e+04  3.692300e-01
1.936300e+04  3.695500e-01
1.936700e+04  3.697300e-01
1.937000e+04  3.706300e-01
1.937400e+04  3.712900e-01
1.937800e+04  3.724800e-01
1.938100e+04  3.724800e-01
1.938500e+04  3.717700e-01
1.938900e+04  3.730000e-01
1.939200e+04  3.736800e-01
1.939600e+04  3.739400e-01
1.939900e+04  3.752100e-01
1.940300e+04  3.755600e-01
1.940700e+04  3.754100e-01
1.941000e+04  3.756400e-01
1.941400e+04  3.761600e-01
1.941800e+04  3.771900e-01
1.942100e+04  3.779400e-01
1.942500e+04  3.783000e-01
1.942800e+04  3.789200e-01
1.943200e+04  3.796400e-01
1.943600e+04  3.801500e-01
1.943900e+04  3.808100e-01
1.944300e+04  3.818500e-01
1.944700e+04  3.828000e-01
1.945000e+04  3.837500e-01
1.945400e+04  3.847200e-01
1.945800e+04  3.849200e-01
1.946100e+04  3.853400e-01
1.946500e+04  3.868800e-01
1.946900e+04  3.878500e-01
1.947200e+04  3.883800e-01
1.947600e+04  3.891000e-01
1.948000e+04  3.894300e-01
1.948300e+04  3.900400e-01
1.948700e+04  3.905300e-01
1.949000e+04  3.909800e-01
1.949400e+04  3.919400e-01
1.949800e+04  3.929900e-01
1.950200e+04  3.940000e-01
1.950500e+04  3.945300e-01
1.950900e+04  3.953100e-01
1.951200e+04  3.963800e-01
1.951600e+04  3.974700e-01
1.952000e+04  3.988300e-01
1.952400e+04  3.988700e-01
1.952700e+04  3.992900e-01
1.953100e+04  4.014000e-01
1.953500e+04  4.025500e-01
1.953800e+04  4.035500e-01
1.954200e+04  4.044500e-01
1.954600e+04  4.046200e-01
1.954900e+04  4.058900e-01
1.955300e+04  4.068800e-01
1.955700e+04  4.077200e-01
1.956000e+04  4.098900e-01
1.956400e+04  4.111700e-01
1.956800e+04  4.115800e-01
1.957100e+04  4.126600e-01
1.957500e+04  4.134400e-01
1.957900e+04  4.142900e-01
1.958300e+04  4.158000e-01
1.958600e+04  4.166900e-01
1.959000e+04  4.182500e-01
1.959400e+04  4.203000e-01
1.959700e+04  4.211600e-01
1.960100e+04  4.221000e-01
1.960500e+04  4.226200e-01
1.960900e+04  4.233000e-01
1.961200e+04  4.252200e-01
1.961600e+04  4.267900e-01
1.962000e+04  4.278600e-01
1.962300e+04  4.290100e-01
1.962700e+04  4.305900e-01
1.963100e+04  4.315800e-01
1.963400e+04  4.324300e-01
1.963800e+04  4.343900e-01
1.964200e+04  4.359600e-01
1.964600e+04  4.370800e-01
1.964900e+04  4.382300e-01
1.965300e+04  4.397300e-01
1.965700e+04  4.412300e-01
1.966100e+04  4.416400e-01
1.966400e+04  4.429300e-01
1.966800e+04  4.451200e-01
1.967200e+04  4.465100e-01
1.967500e+04  4.480100e-01
1.967900e+04  4.495700e-01
1.968300e+04  4.506100e-01
1.968700e+04  4.517100e-01
1.969000e+04  4.532700e-01
1.969400e+04  4.545200e-01
1.969800e+04  4.560500e-01
1.970200e+04  4.579100e-01
1.970500e+04  4.590200e-01
1.970900e+04  4.605400e-01
1.971300e+04  4.619000e-01
1.971700e+04  4.627600e-01
1.972000e+04  4.642400e-01
1.972400e+04  4.661300e-01
1.972800e+04  4.677700e-01
1.973200e+04  4.690100e-01
1.973500e+04  4.704600e-01
1.973900e+04  4.715400e-01
1.974300e+04  4.724200e-01
1.974700e+04  4.744800e-01
1.975000e+04  4.759300e-01
1.975400e+04  4.771300e-01
1.975800e+04  4.795400e-01
1.976200e+04  4.812900e-01
1.976500e+04  4.821400e-01
1.976900e+04  4.834200e-01
1.977300e+04  4.848000e-01
1.977700e+04  4.855200e-01
1.978000e+04  4.866700e-01
1.978400e+04  4.886800e-01
1.978800e+04  4.900900e-01
1.979200e+04  4.914300e-01
1.979600e+04  4.934500e-01
1.979900e+04  4.946800e-01
1.980300e+04  4.956000e-01
1.980700e+04  4.967600e-01
1.981100e+04  4.979100e-01
1.981400e+04  4.998200e-01
1.981800e+04  5.014100e-01
1.982200e+04  5.023600e-01
1.982600e+04  5.042800e-01
1.983000e+04  5.059500e-01
1.983400e+04  5.066800e-01
1.983700e+04  5.080400e-01
1.984100e+04  5.097400e-01
1.984500e+04  5.111600e-01
1.984900e+04  5.125600e-01
1.985200e+04  5.133800e-01
1.985600e+04  5.141700e-01
1.986000e+04  5.161300e-01
1.986400e+04  5.177200e-01
1.986800e+04  5.187600e-01
1.987100e+04  5.204500e-01
1.987500e+04  5.212800e-01
1.987900e+04  5.218100e-01
1.988300e+04  5.234300e-01
1.988700e+04  5.242200e-01
1.989100e+04  5.248500e-01
1.989400e+04  5.268000e-01
1.989800e+04  5.282600e-01
1.990200e+04  5.285900e-01
1.990600e+04  5.297100e-01
1.991000e+04  5.314300e-01
1.991300e+04  5.320200e-01
1.991700e+04  5.330900e-01
1.992100e+04  5.346500e-01
1.992500e+04  5.349200e-01
1.992900e+04  5.354800e-01
1.993300e+04  5.370200e-01
1.993600e+04  5.385000e-01
1.994000e+04  5.395300e-01
1.994400e+04  5.404200e-01
1.994800e+04  5.411500e-01
1.995200e+04  5.413500e-01
1.995600e+04  5.424300e-01
1.995900e+04  5.443300e-01
1.996300e+04  5.455100e-01
1.996700e+04  5.462500e-01
1.997100e+04  5.471500e-01
1.997500e+04  5.475200e-01
1.997900e+04  5.476500e-01
1.998300e+04  5.491200e-01
1.998600e+04  5.508300e-01
1.999000e+04  5.515800e-01
1.999400e+04  5.526300e-01
1.999800e+04  5.529700e-01
2.000200e+04  5.531400e-01
2.000600e+04  5.543800e-01
2.001000e+04  5.552900e-01
2.001300e+04  5.556200e-01
2.001700e+04  5.562600e-01
2.002100e+04  5.572500e-01
2.002500e+04  5.576500e-01
2.002900e+04  5.574400e-01
2.003300e+04  5.587500e-01
2.003600e+04  5.602800e-01
2.004000e+04  5.604900e-01
2.004400e+04  5.611700e-01
2.004800e+04  5.620100e-01
2.005200e+04  5.630900e-01
2.005600e+04  5.638600e-01
2.006000e+04  5.632100e-01
2.006400e+04  5.639200e-01
2.006800e+04  5.654100e-01
2.007100e+04  5.657500e-01
2.007500e+04  5.663900e-01
2.007900e+04  5.666700e-01
2.008300e+04  5.669100e-01
2.008700e+04  5.678000e-01
2.009100e+04  5.677400e-01
2.009500e+04  5.679000e-01
2.009900e+04  5.692800e-01
2.010300e+04  5.695300e-01
2.010600e+04  5.691700e-01
2.011000e+04  5.699200e-01
2.011400e+04  5.707600e-01
2.011800e+04  5.709300e-01
2.012200e+04  5.713900e-01
2.012600e+04  5.720100e-01
2.013000e+04  5.723800e-01
2.013400e+04  5.726400e-01
2.013800e+04  5.730200e-01
2.014200e+04  5.739000e-01
2.014500e+04  5.743500e-01
2.014900e+04  5.746900e-01
2.015300e+04  5.748300e-01
2.015700e+04  5.746500e-01
2.016100e+04  5.753400e-01
2.016500e+04  5.752200e-01
2.016900e+04  5.751100e-01
2.017300e+04  5.763100e-01
2.017700e+04  5.765000e-01
2.018100e+04  5.772100e-01
2.018500e+04  5.782500e-01
2.018900e+04  5.777000e-01
2.019300e+04  5.775900e-01
2.019600e+04  5.778100e-01
2.020100e+04  5.779500e-01
2.020400e+04  5.792300e-01
2.020800e+04  5.800800e-01
2.021200e+04  5.794100e-01
2.021600e+04  5.796700e-01
2.022000e+04  5.803300e-01
2.022400e+04  5.801900e-01
2.022800e+04  5.809700e-01
2.023200e+04  5.813100e-01
2.023600e+04  5.810200e-01
2.024000e+04  5.817800e-01
2.024400e+04  5.816200e-01
2.024800e+04  5.809800e-01
2.025200e+04  5.810800e-01
2.025600e+04  5.815800e-01
2.026000e+04  5.823000e-01
2.026400e+04  5.826600e-01
2.026800e+04  5.829100e-01
2.027100e+04  5.828800e-01
2.027500e+04  5.831000e-01
2.028000e+04  5.832700e-01
2.028300e+04  5.832700e-01
2.028700e+04  5.839200e-01
2.029100e+04  5.837400e-01
2.029500e+04  5.834900e-01
2.029900e+04  5.842300e-01
2.030300e+04  5.841000e-01
2.030700e+04  5.842200e-01
2.031100e+04  5.844300e-01
2.031500e+04  5.838200e-01
2.031900e+04  5.844300e-01
2.032300e+04  5.856400e-01
2.032700e+04  5.861600e-01
2.033100e+04  5.860400e-01
2.033500e+04  5.858100e-01
2.033900e+04  5.861500e-01
2.034300e+04  5.856800e-01
2.034700e+04  5.856600e-01
2.035100e+04  5.870100e-01
2.035500e+04  5.867200e-01
2.035900e+04  5.858700e-01
2.036300e+04  5.861500e-01
2.036700e+04  5.859300e-01
2.037100e+04  5.860200e-01
2.037500e+04  5.870600e-01
2.037900e+04  5.877100e-01
2.038300e+04  5.882000e-01
2.038700e+04  5.882200e-01
2.039100e+04  5.869000e-01
2.039500e+04  5.870200e-01
2.039900e+04  5.879900e-01
2.040300e+04  5.872100e-01
2.040700e+04  5.877800e-01
2.041100e+04  5.882800e-01
2.041500e+04  5.874700e-01
2.041900e+04  5.879400e-01
2.042300e+04  5.876300e-01
2.042700e+04  5.873300e-01
2.043100e+04  5.886600e-01
2.043500e+04  5.892400e-01
2.043900e+04  5.892100e-01
2.044300e+04  5.891900e-01
2.044700e+04  5.888900e-01
2.045100e+04  5.885300e-01
2.045600e+04  5.883600e-01
2.045900e+04  5.887800e-01
2.046400e+04  5.888400e-01
2.046800e+04  5.884300e-01
2.047200e+04  5.883800e-01
2.047600e+04  5.883300e-01
2.048000e+04  5.886200e-01
2.048400e+04  5.895500e-01
2.048800e+04  5.890200e-01
2.049200e+04  5.880600e-01
2.049600e+04  5.891000e-01
2.050000e+04  5.890300e-01
2.050400e+04  5.876100e-01
2.050800e+04  5.877200e-01
2.051200e+04  5.879800e-01
2.051600e+04  5.879100e-01
2.052000e+04  5.876900e-01
2.052400e+04  5.871800e-01
2.052800e+04  5.873100e-01
2.053200e+04  5.873200e-01
2.053600e+04  5.871300e-01
2.054000e+04  5.872700e-01
2.054500e+04  5.870900e-01
2.054900e+04  5.872900e-01
2.055300e+04  5.874900e-01
2.055700e+04  5.868700e-01
2.056100e+04  5.868900e-01
2.056500e+04  5.866900e-01
2.056900e+04  5.855200e-01
2.057300e+04  5.854600e-01
2.057700e+04  5.854100e-01
2.058100e+04  5.848600e-01
2.058500e+04  5.850900e-01
2.058900e+04  5.846600e-01
2.059400e+04  5.838100e-01
2.059800e+04  5.837100e-01
2.060200e+04  5.833400e-01
2.060600e+04  5.829300e-01
2.061000e+04  5.831500e-01
2.061400e+04  5.830700e-01
2.061800e+04  5.826200e-01
2.062200e+04  5.823700e-01
2.062600e+04  5.818900e-01
2.063000e+04  5.815800e-01
2.063500e+04  5.815600e-01
2.063900e+04  5.805800e-01
2.064300e+04  5.795300e-01
2.064700e+04  5.793500e-01
2.065100e+04  5.791500e-01
2.065500e+04  5.791500e-01
2.065900e+04  5.792800e-01
2.066300e+04  5.791900e-01
2.066700e+04  5.787600e-01
2.067200e+04  5.779100e-01
2.067600e+04  5.773200e-01
2.068000e+04  5.764600e-01
2.068400e+04  5.756900e-01
2.068800e+04  5.756400e-01
2.069200e+04  5.752400e-01
2.069600e+04  5.743900e-01
2.070000e+04  5.740400e-01
2.070500e+04  5.742000e-01
2.070900e+04  5.735000e-01
2.071300e+04  5.719500e-01
2.071700e+04  5.714300e-01
2.072100e+04  5.717500e-01
2.072500e+04  5.715800e-01
2.072900e+04  5.713700e-01
2.073300e+04  5.719800e-01
2.073800e+04  5.717900e-01
2.074200e+04  5.711900e-01
2.074600e+04  5.715200e-01
2.075000e+04  5.715800e-01
2.075400e+04  5.715300e-01
2.075800e+04  5.720500e-01
2.076300e+04  5.719700e-01
2.076700e+04  5.717000e-01
2.077100e+04  5.717900e-01
2.077500e+04  5.720600e-01
2.077900e+04  5.722300e-01
2.078300e+04  5.720300e-01
2.078800e+04  5.720800e-01
2.079200e+04  5.718400e-01
2.079600e+04  5.713200e-01
2.080000e+04  5.710800e-01
2.080400e+04  5.707200e-01
2.080800e+04  5.707700e-01
2.081300e+04  5.712000e-01
2.081700e+04  5.713000e-01
2.082100e+04  5.713200e-01
2.082500e+04  5.711900e-01
2.082900e+04  5.711300e-01
2.083300e+04  5.713500e-01
2.083800e+04  5.713400e-01
2.084200e+04  5.708600e-01
2.084600e+04  5.709400e-01
2.085000e+04  5.711600e-01
2.085400e+04  5.703300e-01
2.085900e+04  5.700700e-01
2.086300e+04  5.707500e-01
2.086700e+04  5.707600e-01
2.087100e+04  5.704700e-01
2.087500e+04  5.705700e-01
2.088000e+04  5.703900e-01
2.088400e+04  5.698800e-01
2.088800e+04  5.701700e-01
2.089200e+04  5.704500e-01
2.089600e+04  5.699500e-01
2.090100e+04  5.702900e-01
2.090500e+04  5.704800e-01
2.090900e+04  5.696200e-01
2.091300e+04  5.694900e-01
2.091700e+04  5.696000e-01
2.092200e+04  5.693200e-01
2.092600e+04  5.692000e-01
2.093000e+04  5.691400e-01
2.093400e+04  5.691100e-01
2.093900e+04  5.690900e-01
2.094300e+04  5.693600e-01
2.094700e+04  5.694900e-01
2.095100e+04  5.690900e-01
2.095600e+04  5.689600e-01
2.096000e+04  5.687900e-01
2.096400e+04  5.683300e-01
2.096800e+04  5.687500e-01
2.097200e+04  5.691500e-01
2.097700e+04  5.685000e-01
2.098100e+04  5.684400e-01
2.098500e+04  5.685000e-01
2.098900e+04  5.680200e-01
2.099400e+04  5.685700e-01
2.099800e+04  5.687700e-01
2.100200e+04  5.682500e-01
2.100700e+04  5.686800e-01
2.101100e+04  5.688400e-01
2.101500e+04  5.685700e-01
2.101900e+04  5.687600e-01
2.102400e+04  5.688600e-01
2.102800e+04  5.688200e-01
2.103200e+04  5.689700e-01
2.103600e+04  5.690100e-01
2.104100e+04  5.685900e-01
2.104500e+04  5.684600e-01
2.104900e+04  5.688600e-01
2.105300e+04  5.694300e-01
2.105800e+04  5.697900e-01
2.106200e+04  5.691000e-01
2.106600e+04  5.682100e-01
2.107000e+04  5.684900e-01
2.107500e+04  5.689100e-01
2.107900e+04  5.686700e-01
2.108300e+04  5.686200e-01
2.108800e+04  5.691700e-01
2.109200e+04  5.696200e-01
2.109600e+04  5.702000e-01
2.110000e+04  5.700700e-01
2.110500e+04  5.690600e-01
2.110900e+04  5.697300e-01
2.111300e+04  5.706700e-01
2.111800e+04  5.703300e-01
2.112200e+04  5.703800e-01
2.112600e+04  5.704500e-01
2.113100e+04  5.704900e-01
2.113500e+04  5.708700e-01
2.113900e+04  5.711300e-01
2.114400e+04  5.713200e-01
2.114800e+04  5.712100e-01
2.115200e+04  5.715000e-01
2.115600e+04  5.720300e-01
2.116100e+04  5.718900e-01
2.116500e+04  5.716500e-01
2.117000e+04  5.719300e-01
2.117400e+04  5.722300e-01
2.117800e+04  5.726100e-01
2.118200e+04  5.732300e-01
2.118700e+04  5.729300e-01
2.119100e+04  5.732400e-01
2.119500e+04  5.742700e-01
2.120000e+04  5.742300e-01
2.120400e+04  5.744600e-01
2.120800e+04  5.745000e-01
2.121300e+04  5.744600e-01
2.121700e+04  5.750100e-01
2.122100e+04  5.748400e-01
2.122600e+04  5.751600e-01
2.123000e+04  5.757300e-01
2.123500e+04  5.756500e-01
2.123900e+04  5.763200e-01
2.124300e+04  5.769500e-01
2.124700e+04  5.767000e-01
2.125200e+04  5.764900e-01
2.125600e+04  5.767300e-01
2.126100e+04  5.772100e-01
2.126500e+04  5.776100e-01
2.126900e+04  5.783400e-01
2.127400e+04  5.784900e-01
2.127800e+04  5.782600e-01
2.128200e+04  5.791400e-01
2.128700e+04  5.795800e-01
2.129100e+04  5.794600e-01
2.129500e+04  5.800400e-01
2.130000e+04  5.803200e-01
2.130400e+04  5.801500e-01
2.130900e+04  5.802400e-01
2.131300e+04  5.808600e-01
2.131700e+04  5.812700e-01
2.132200e+04  5.811500e-01
2.132600e+04  5.816200e-01
2.133100e+04  5.820600e-01
2.133500e+04  5.821600e-01
2.133900e+04  5.825200e-01
2.134400e+04  5.825800e-01
2.134800e+04  5.827600e-01
2.135300e+04  5.834600e-01
2.135700e+04  5.838100e-01
2.136100e+04  5.840100e-01
2.136600e+04  5.842000e-01
2.137000e+04  5.840100e-01
2.137400e+04  5.842600e-01
2.137900e+04  5.849900e-01
2.138300e+04  5.852800e-01
2.138800e+04  5.854200e-01
2.139200e+04  5.855700e-01
2.139700e+04  5.854500e-01
2.140100e+04  5.853300e-01
2.140500e+04  5.855100e-01
2.141000e+04  5.858300e-01
2.141400e+04  5.864600e-01
2.141900e+04  5.868300e-01
2.142300e+04  5.864800e-01
2.142800e+04  5.865800e-01
2.143200e+04  5.872200e-01
2.143600e+04  5.873500e-01
2.144100e+04  5.873400e-01
2.144500e+04  5.878000e-01
2.145000e+04  5.878900e-01
2.145400e+04  5.877100e-01
2.145900e+04  5.880200e-01
2.146300e+04  5.878400e-01
2.146700e+04  5.880400e-01
2.147200e+04  5.887100e-01
2.147600e+04  5.880400e-01
2.148100e+04  5.877100e-01
2.148500e+04  5.881200e-01
2.149000e+04  5.883500e-01
2.149400e+04  5.887500e-01
2.149900e+04  5.885300e-01
2.150300e+04  5.884500e-01
2.150700e+04  5.885000e-01
2.151200e+04  5.878500e-01
2.151600e+04  5.881000e-01
2.152100e+04  5.885600e-01
2.152500e+04  5.883000e-01
2.153000e+04  5.882200e-01
2.153400e+04  5.879500e-01
2.153900e+04  5.876000e-01
2.154300e+04  5.879500e-01
2.154800e+04  5.881200e-01
2.155200e+04  5.880400e-01
2.155700e+04  5.878600e-01
2.156100e+04  5.877200e-01
2.156600e+04  5.879600e-01
2.157000e+04  5.874300e-01
2.157500e+04  5.864600e-01
2.157900e+04  5.868300e-01
2.158400e+04  5.871700e-01
2.158800e+04  5.864300e-01
2.159300e+04  5.864000e-01
2.159700e+04  5.867800e-01
2.160200e+04  5.860600e-01
2.160600e+04  5.855400e-01
2.161100e+04  5.854400e-01
2.161500e+04  5.849200e-01
2.162000e+04  5.846500e-01
2.162400e+04  5.845900e-01
2.162900e+04  5.842800e-01
2.163300e+04  5.840400e-01
2.163800e+04  5.842800e-01
2.164200e+04  5.841400e-01
2.164700e+04  5.834400e-01
2.165100e+04  5.833100e-01
2.165600e+04  5.830400e-01
2.166000e+04  5.822100e-01
2.166500e+04  5.816700e-01
2.166900e+04  5.814000e-01
2.167400e+04  5.812400e-01
2.167800e+04  5.809800e-01
2.168300e+04  5.808400e-01
2.168700e+04  5.804900e-01
2.169200e+04  5.798400e-01
2.169700e+04  5.794700e-01
2.170100e+04  5.788700e-01
2.170600e+04  5.783000e-01
2.171000e+04  5.780300e-01
2.171500e+04  5.777100e-01
2.171900e+04  5.774300e-01
2.172400e+04  5.770500e-01
2.172800e+04  5.764300e-01
2.173300e+04  5.755700e-01
2.173700e+04  5.749300e-01
2.174200e+04  5.747200e-01
2.174600e+04  5.744600e-01
2.175100e+04  5.739300e-01
2.175600e+04  5.733900e-01
2.176000e+04  5.732800e-01
2.176500e+04  5.729600e-01
2.176900e+04  5.723500e-01
2.177400e+04  5.722000e-01
2.177900e+04  5.718800e-01
2.178300e+04  5.709700e-01
2.178800e+04  5.702000e-01
2.179200e+04  5.699900e-01
2.179700e+04  5.697600e-01
2.180100e+04  5.690900e-01
2.180600e+04  5.685500e-01
2.181100e+04  5.679500e-01
2.181500e+04  5.672100e-01
2.182000e+04  5.674300e-01
2.182400e+04  5.677200e-01
2.182900e+04  5.668600e-01
2.183400e+04  5.658500e-01
2.183800e+04  5.656200e-01
2.184300e+04  5.657100e-01
2.184700e+04  5.651300e-01
2.185200e+04  5.644000e-01
2.185700e+04  5.644500e-01
2.186100e+04  5.644300e-01
2.186600e+04  5.638600e-01
2.187000e+04  5.633400e-01
2.187500e+04  5.626800e-01
2.188000e+04  5.621400e-01
2.188400e+04  5.622600e-01
2.188900e+04  5.621000e-01
2.189300e+04  5.612900e-01
2.189800e+04  5.607200e-01
2.190300e+04  5.606100e-01
2.190700e+04  5.603400e-01
2.191200e+04  5.597600e-01
2.191700e+04  5.594400e-01
2.192100e+04  5.594200e-01
2.192600e+04  5.590000e-01
2.193000e+04  5.583000e-01
2.193500e+04  5.585300e-01
2.194000e+04  5.587400e-01
2.194400e+04  5.579900e-01
2.194900e+04  5.576900e-01
2.195400e+04  5.577300e-01
2.195800e+04  5.572900e-01
2.196300e+04  5.567000e-01
2.196800e+04  5.568200e-01
2.197200e+04  5.570500e-01
2.197700e+04  5.566000e-01
2.198200e+04  5.565900e-01
2.198600e+04  5.562300e-01
2.199100e+04  5.555400e-01
2.199600e+04  5.558300e-01
2.200000e+04  5.556900e-01
2.200500e+04  5.555900e-01
2.201000e+04  5.558400e-01
2.201400e+04  5.552800e-01
2.201900e+04  5.551500e-01
2.202400e+04  5.556300e-01
2.202800e+04  5.554600e-01
2.203300e+04  5.548600e-01
2.203800e+04  5.547500e-01
2.204200e+04  5.547500e-01
2.204700e+04  5.545200e-01
2.205200e+04  5.544600e-01
2.205600e+04  5.542800e-01
2.206100e+04  5.544600e-01
2.206600e+04  5.546600e-01
2.207100e+04  5.544900e-01
2.207500e+04  5.548400e-01
2.208000e+04  5.548900e-01
2.208500e+04  5.547700e-01
2.208900e+04  5.551700e-01
2.209400e+04  5.549300e-01
2.209900e+04  5.548100e-01
2.210300e+04  5.556100e-01
2.210800e+04  5.557700e-01
2.211300e+04  5.552500e-01
2.211800e+04  5.552700e-01
2.212200e+04  5.553500e-01
2.212700e+04  5.553300e-01
2.213200e+04  5.556600e-01
2.213600e+04  5.555100e-01
2.214100e+04  5.552800e-01
2.214600e+04  5.557300e-01
2.215100e+04  5.559000e-01
2.215500e+04  5.561000e-01
2.216000e+04  5.566600e-01
2.216500e+04  5.571700e-01
2.217000e+04  5.571800e-01
2.217400e+04  5.571300e-01
2.217900e+04  5.574000e-01
2.218400e+04  5.573000e-01
2.218800e+04  5.575300e-01
2.219300e+04  5.581400e-01
2.219800e+04  5.586700e-01
2.220300e+04  5.588400e-01
2.220800e+04  5.583300e-01
2.221200e+04  5.585800e-01
2.221700e+04  5.591500e-01
2.222200e+04  5.592200e-01
2.222700e+04  5.598300e-01
2.223100e+04  5.600700e-01
2.223600e+04  5.597400e-01
2.224100e+04  5.599200e-01
2.224600e+04  5.605600e-01
2.225000e+04  5.610200e-01
2.225500e+04  5.612700e-01
2.226000e+04  5.618500e-01
2.226500e+04  5.621300e-01
2.226900e+04  5.620800e-01
2.227400e+04  5.623100e-01
2.227900e+04  5.626700e-01
2.228400e+04  5.631400e-01
2.228900e+04  5.629700e-01
2.229400e+04  5.628100e-01
2.229800e+04  5.637100e-01
2.230300e+04  5.645400e-01
2.230800e+04  5.648200e-01
2.231300e+04  5.651100e-01
2.231700e+04  5.656500e-01
2.232200e+04  5.661200e-01
2.232700e+04  5.665100e-01
2.233200e+04  5.666300e-01
2.233700e+04  5.665600e-01
2.234100e+04  5.671700e-01
2.234600e+04  5.672900e-01
2.235100e+04  5.669200e-01
2.235600e+04  5.678400e-01
2.236100e+04  5.685200e-01
2.236600e+04  5.677800e-01
2.237000e+04  5.677800e-01
2.237500e+04  5.687000e-01
2.238000e+04  5.689300e-01
2.238500e+04  5.689500e-01
2.239000e+04  5.692500e-01
2.239500e+04  5.693900e-01
2.239900e+04  5.694000e-01
2.240400e+04  5.695000e-01
2.240900e+04  5.697200e-01
2.241400e+04  5.699700e-01
2.241900e+04  5.700600e-01
2.242400e+04  5.701400e-01
2.242900e+04  5.704200e-01
2.243300e+04  5.707400e-01
2.243800e+04  5.707800e-01
2.244300e+04  5.710600e-01
2.244800e+04  5.715300e-01
2.245300e+04  5.711900e-01
2.245800e+04  5.709700e-01
2.246200e+04  5.712000e-01
2.246700e+04  5.709000e-01
2.247200e+04  5.711000e-01
2.247700e+04  5.715400e-01
2.248200e+04  5.715200e-01
2.248700e+04  5.715400e-01
2.249200e+04  5.714400e-01
2.249700e+04  5.712200e-01
2.250100e+04  5.710200e-01
2.250600e+04  5.710600e-01
2.251100e+04  5.709100e-01
2.251600e+04  5.702700e-01
2.252100e+04  5.703900e-01
2.252600e+04  5.706600e-01
2.253100e+04  5.700500e-01
2.253600e+04  5.698100e-01
2.254100e+04  5.702100e-01
2.254500e+04  5.698900e-01
2.255000e+04  5.693600e-01
2.255500e+04  5.693700e-01
2.256000e+04  5.691500e-01
2.256500e+04  5.687800e-01
2.257000e+04  5.686100e-01
2.257500e+04  5.683500e-01
2.258000e+04  5.678700e-01
2.258500e+04  5.673700e-01
2.259000e+04  5.671600e-01
2.259500e+04  5.668700e-01
2.259900e+04  5.662200e-01
2.260400e+04  5.659200e-01
2.260900e+04  5.658300e-01
2.261400e+04  5.652600e-01
2.261900e+04  5.645900e-01
2.262400e+04  5.643800e-01
2.262900e+04  5.641600e-01
2.263400e+04  5.634300e-01
2.263900e+04  5.626500e-01
2.264400e+04  5.619300e-01
2.264900e+04  5.614400e-01
2.265400e+04  5.613700e-01
2.265900e+04  5.608200e-01
2.266400e+04  5.597900e-01
2.266900e+04  5.595000e-01
2.267400e+04  5.591600e-01
2.267900e+04  5.582800e-01
2.268300e+04  5.575300e-01
2.268900e+04  5.567400e-01
2.269400e+04  5.558500e-01
2.269800e+04  5.554000e-01
2.270300e+04  5.552700e-01
2.270800e+04  5.544200e-01
2.271300e+04  5.532200e-01
2.271800e+04  5.524900e-01
2.272300e+04  5.519600e-01
2.272800e+04  5.514800e-01
2.273300e+04  5.503800e-01
2.273800e+04  5.493000e-01
2.274300e+04  5.490300e-01
2.274800e+04  5.482300e-01
2.275300e+04  5.471100e-01
2.275800e+04  5.463000e-01
2.276300e+04  5.453500e-01
2.276800e+04  5.446300e-01
2.277300e+04  5.439200e-01
2.277800e+04  5.431200e-01
2.278300e+04  5.424700e-01
2.278800e+04  5.415700e-01
2.279300e+04  5.407400e-01
2.279800e+04  5.397400e-01
2.280300e+04  5.386100e-01
2.280800e+04  5.381500e-01
2.281300e+04  5.371100e-01
2.281800e+04  5.358100e-01
2.282300e+04  5.353000e-01
2.282800e+04  5.340400e-01
2.283300e+04  5.329300e-01
2.283800e+04  5.323500e-01
2.284300e+04  5.312700e-01
2.284800e+04  5.304000e-01
2.285400e+04  5.295300e-01
2.285900e+04  5.289200e-01
2.286400e+04  5.278200e-01
2.286900e+04  5.262800e-01
2.287400e+04  5.260900e-01
2.287900e+04  5.253000e-01
2.288400e+04  5.238000e-01
2.288900e+04  5.231100e-01
2.289400e+04  5.220900e-01
2.289900e+04  5.212500e-01
2.290400e+04  5.210200e-01
2.290900e+04  5.200700e-01
2.291400e+04  5.186400e-01
2.291900e+04  5.172000e-01
2.292400e+04  5.164200e-01
2.292900e+04  5.165100e-01
2.293400e+04  5.157600e-01
2.293900e+04  5.143000e-01
2.294500e+04  5.136800e-01
2.295000e+04  5.131400e-01
2.295500e+04  5.119000e-01
2.296000e+04  5.107400e-01
2.296500e+04  5.099900e-01
2.297000e+04  5.092000e-01
2.297500e+04  5.082700e-01
2.298000e+04  5.074500e-01
2.298500e+04  5.065600e-01
2.299000e+04  5.060300e-01
2.299500e+04  5.055700e-01
2.300100e+04  5.045100e-01
2.300600e+04  5.038200e-01
2.301100e+04  5.034200e-01
2.301600e+04  5.024300e-01
2.302100e+04  5.013700e-01
2.302600e+04  5.003400e-01
2.303100e+04  4.993000e-01
2.303600e+04  4.988300e-01
2.304100e+04  4.988800e-01
2.304700e+04  4.983000e-01
2.305200e+04  4.970100e-01
2.305700e+04  4.962500e-01
2.306200e+04  4.957400e-01
2.306700e+04  4.950400e-01
2.307200e+04  4.948800e-01
2.307700e+04  4.940700e-01
2.308200e+04  4.926500e-01
2.308700e+04  4.923500e-01
2.309300e+04  4.921800e-01
2.309800e+04  4.915400e-01
2.310300e+04  4.910600e-01
2.310800e+04  4.903900e-01
2.311300e+04  4.899400e-01
2.311800e+04  4.896700e-01
2.312400e+04  4.889000e-01
2.312900e+04  4.882300e-01
2.313400e+04  4.880600e-01
2.313900e+04  4.876500e-01
2.314400e+04  4.871900e-01
2.314900e+04  4.869700e-01
2.315400e+04  4.866600e-01
2.316000e+04  4.865800e-01
2.316500e+04  4.858300e-01
2.317000e+04  4.849700e-01
2.317500e+04  4.851400e-01
2.318000e+04  4.849100e-01
2.318600e+04  4.848200e-01
2.319100e+04  4.848900e-01
2.319600e+04  4.841500e-01
2.320100e+04  4.839600e-01
2.320600e+04  4.837000e-01
2.321200e+04  4.832300e-01
2.321700e+04  4.831400e-01
2.322200e+04  4.829400e-01
2.322700e+04  4.830700e-01
2.323200e+04  4.826600e-01
2.323800e+04  4.824300e-01
2.324300e+04  4.829900e-01
2.324800e+04  4.825000e-01
2.325300e+04  4.824100e-01
2.325800e+04  4.830300e-01
2.326400e+04  4.824800e-01
2.326900e+04  4.824000e-01
2.327400e+04  4.831000e-01
2.327900e+04  4.826800e-01
2.328400e+04  4.824300e-01
2.329000e+04  4.829200e-01
2.329500e+04  4.827100e-01
2.330000e+04  4.828600e-01
2.330500e+04  4.833000e-01
2.331100e+04  4.829900e-01
2.331600e+04  4.831100e-01
2.332100e+04  4.839300e-01
2.332600e+04  4.842200e-01
2.333200e+04  4.842000e-01
2.333700e+04  4.847700e-01
2.334200e+04  4.849300e-01
2.334700e+04  4.845300e-01
2.335300e+04  4.851000e-01
2.335800e+04  4.857300e-01
2.336300e+04  4.857500e-01
2.336800e+04  4.862900e-01
2.337400e+04  4.872800e-01
2.337900e+04  4.875700e-01
2.338400e+04  4.876900e-01
2.338900e+04  4.883300e-01
2.339500e+04  4.886600e-01
2.340000e+04  4.889700e-01
2.340500e+04  4.894100e-01
2.341100e+04  4.900200e-01
2.341600e+04  4.910300e-01
2.342100e+04  4.914400e-01
2.342600e+04  4.913200e-01
2.343200e+04  4.917100e-01
2.343700e+04  4.927100e-01
2.344200e+04  4.936600e-01
2.344800e+04  4.942800e-01
2.345300e+04  4.948100e-01
2.345800e+04  4.958500e-01
2.346400e+04  4.969900e-01
2.346900e+04  4.971300e-01
2.347400e+04  4.975800e-01
2.348000e+04  4.987300e-01
2.348500e+04  4.993200e-01
2.349000e+04  5.000400e-01
2.349600e+04  5.006300e-01
2.350100e+04  5.015700e-01
2.350600e+04  5.028100e-01
2.351200e+04  5.032600e-01
2.351700e+04  5.048000e-01
2.352200e+04  5.061500e-01
2.352800e+04  5.063400e-01
2.353300e+04  5.079300e-01
2.353800e+04  5.091000e-01
2.354400e+04  5.095600e-01
2.354900e+04  5.110500e-01
2.355400e+04  5.118700e-01
2.356000e+04  5.127200e-01
2.356500e+04  5.141700e-01
2.357000e+04  5.150400e-01
2.357600e+04  5.160900e-01
2.358100e+04  5.175000e-01
2.358600e+04  5.190800e-01
2.359200e+04  5.208400e-01
2.359700e+04  5.220900e-01
2.360200e+04  5.232400e-01
2.360800e+04  5.244100e-01
2.361300e+04  5.254600e-01
2.361900e+04  5.267800e-01
2.362400e+04  5.282900e-01
2.362900e+04  5.299100e-01
2.363500e+04  5.314400e-01
2.364000e+04  5.329200e-01
2.364600e+04  5.345700e-01
2.365100e+04  5.360400e-01
2.365600e+04  5.372200e-01
2.366200e+04  5.385800e-01
2.366700e+04  5.403400e-01
2.367200e+04  5.421100e-01
2.367800e+04  5.432100e-01
2.368300e+04  5.444100e-01
2.368900e+04  5.464400e-01
2.369400e+04  5.482500e-01
2.370000e+04  5.500600e-01
2.370500e+04  5.519200e-01
2.371000e+04  5.533900e-01
2.371600e+04  5.553900e-01
2.372100e+04  5.570100e-01
2.372700e+04  5.582100e-01
2.373200e+04  5.603900e-01
2.373700e+04  5.626700e-01
2.374300e+04  5.643000e-01
2.374800e+04  5.661100e-01
2.375400e+04  5.680500e-01
2.375900e+04  5.694900e-01
2.376500e+04  5.716800e-01
2.377000e+04  5.742600e-01
2.377600e+04  5.758800e-01
2.378100e+04  5.781300e-01
2.378600e+04  5.805700e-01
2.379200e+04  5.825500e-01
2.379700e+04  5.850400e-01
2.380300e+04  5.870200e-01
2.380800e+04  5.886600e-01
2.381400e+04  5.905500e-01
2.381900e+04  5.923300e-01
2.382500e+04  5.946000e-01
2.383000e+04  5.975600e-01
2.383600e+04  5.998200e-01
2.384100e+04  6.016600e-01
2.384700e+04  6.043600e-01
2.385200e+04  6.063900e-01
2.385800e+04  6.084200e-01
2.386300e+04  6.114500e-01
2.386900e+04  6.137800e-01
2.387400e+04  6.162900e-01
2.388000e+04  6.192300e-01
2.388500e+04  6.211900e-01
2.389100e+04  6.229100e-01
2.389600e+04  6.247700e-01
2.390200e+04  6.275100e-01
2.390700e+04  6.308100e-01
2.391300e+04  6.328600e-01
2.391800e+04  6.352000e-01
2.392400e+04  6.382000e-01
2.392900e+04  6.405400e-01
2.393500e+04  6.430600e-01
2.394000e+04  6.464300e-01
2.394600e+04  6.500700e-01
2.395100e+04  6.531600e-01
2.395700e+04  6.554700e-01
2.396200e+04  6.575000e-01
2.396800e+04  6.593500e-01
2.397400e+04  6.620000e-01
2.397900e+04  6.661100e-01
2.398400e+04  6.694700e-01
2.399000e+04  6.717700e-01
2.399600e+04  6.747100e-01
2.400100e+04  6.761400e-01
2.400700e+04  6.771000e-01
2.401200e+04  6.806500e-01
2.401800e+04  6.837300e-01
2.402300e+04  6.860700e-01
2.402900e+04  6.889400e-01
2.403500e+04  6.918600e-01
2.404000e+04  6.961800e-01
2.404600e+04  7.015200e-01
2.405100e+04  7.049700e-01
2.405700e+04  7.076900e-01
2.406300e+04  7.101500e-01
2.406800e+04  7.112200e-01
2.407400e+04  7.129900e-01
2.407900e+04  7.157000e-01
2.408500e+04  7.190000e-01
2.409000e+04  7.233700e-01
2.409600e+04  7.278400e-01
2.410200e+04  7.307900e-01
2.410700e+04  7.318300e-01
2.411300e+04  7.338500e-01
2.411800e+04  7.371000e-01
2.412400e+04  7.395700e-01
2.413000e+04  7.434600e-01
2.413500e+04  7.485300e-01
2.414100e+04  7.530700e-01
2.414600e+04  7.562800e-01
2.415200e+04  7.575900e-01
2.415800e+04  7.587700e-01
2.416300e+04  7.599900e-01
2.416900e+04  7.618400e-01
2.417500e+04  7.650400e-01
2.418000e+04  7.688200e-01
2.418600e+04  7.722000e-01
2.419200e+04  7.739300e-01
2.419700e+04  7.759100e-01
2.420300e+04  7.804000e-01
2.420900e+04  7.842400e-01
2.421400e+04  7.896300e-01
2.422000e+04  7.958200e-01
2.422500e+04  7.988000e-01
2.423100e+04  8.024000e-01
2.423700e+04  8.058400e-01
2.424200e+04  8.086000e-01
2.424800e+04  8.115200e-01
2.425400e+04  8.143800e-01
2.426000e+04  8.158300e-01
2.426500e+04  8.157900e-01
2.427100e+04  8.155900e-01
2.427600e+04  8.165800e-01
2.428200e+04  8.193900e-01
2.428800e+04  8.238400e-01
2.429400e+04  8.280000e-01
2.429900e+04  8.322700e-01
2.430500e+04  8.359000e-01
2.431100e+04  8.356900e-01
2.431600e+04  8.361300e-01
2.432200e+04  8.393900e-01
2.432800e+04  8.415800e-01
2.433400e+04  8.482600e-01
2.433900e+04  8.556200e-01
2.434500e+04  8.552800e-01
2.435100e+04  8.544300e-01
2.435600e+04  8.576600e-01
2.436200e+04  8.612500e-01
2.436800e+04  8.661000e-01
2.437400e+04  8.717900e-01
2.437900e+04  8.730900e-01
2.438500e+04  8.694900e-01
2.439100e+04  8.675200e-01
2.439600e+04  8.700600e-01
2.440200e+04  8.739900e-01
2.440800e+04  8.802100e-01
2.441400e+04  8.854800e-01
2.441900e+04  8.850100e-01
2.442500e+04  8.847100e-01
2.443100e+04  8.885300e-01
2.443700e+04  8.922900e-01
2.444200e+04  8.943900e-01
2.444800e+04  8.957700e-01
2.445400e+04  8.953700e-01
2.446000e+04  8.953400e-01
2.446500e+04  8.980100e-01
2.447100e+04  9.021500e-01
2.447700e+04  9.060200e-01
2.448300e+04  9.075200e-01
2.448900e+04  9.068200e-01
2.449400e+04  9.070200e-01
2.450000e+04  9.079600e-01
2.450600e+04  9.091700e-01
2.451200e+04  9.116100e-01
2.451800e+04  9.136100e-01
2.452300e+04  9.151200e-01
2.452900e+04  9.213000e-01
2.453500e+04  9.275700e-01
2.454100e+04  9.296600e-01
2.454700e+04  9.311400e-01
2.455200e+04  9.271800e-01
2.455800e+04  9.237300e-01
2.456400e+04  9.236100e-01
2.457000e+04  9.241700e-01
2.457600e+04  9.250200e-01
2.458100e+04  9.250000e-01
2.458700e+04  9.257200e-01
2.459300e+04  9.278900e-01
2.459900e+04  9.302400e-01
2.460500e+04  9.327600e-01
2.461100e+04  9.353400e-01
2.461600e+04  9.363600e-01
2.462200e+04  9.370500e-01
2.462800e+04  9.384500e-01
2.463400e+04  9.389300e-01
2.464000e+04  9.374600e-01
2.464600e+04  9.371900e-01
2.465200e+04  9.374400e-01
2.465700e+04  9.369500e-01
2.466300e+04  9.376000e-01
2.466900e+04  9.387300e-01
2.467500e+04  9.400700e-01
2.468100e+04  9.406000e-01
2.468700e+04  9.393200e-01
2.469300e+04  9.383700e-01
2.469900e+04  9.390000e-01
2.470400e+04  9.402400e-01
2.471000e+04  9.411200e-01
2.471600e+04  9.430600e-01
2.472200e+04  9.445900e-01
2.472800e+04  9.421500e-01
2.473400e+04  9.402500e-01
2.474000e+04  9.428000e-01
2.474600e+04  9.449300e-01
2.475200e+04  9.463900e-01
2.475700e+04  9.478200e-01
2.476300e+04  9.440200e-01
2.476900e+04  9.401200e-01
2.477500e+04  9.402100e-01
2.478100e+04  9.410600e-01
2.478700e+04  9.409600e-01
2.479300e+04  9.406200e-01
2.479900e+04  9.396200e-01
2.480500e+04  9.382400e-01
2.481100e+04  9.375300e-01
2.481700e+04  9.369300e-01
2.482300e+04  9.366400e-01
2.482900e+04  9.367400e-01
2.483500e+04  9.370900e-01
2.484100e+04  9.391400e-01
2.484600e+04  9.394100e-01
2.485200e+04  9.365300e-01
2.485800e+04  9.358900e-01
2.486400e+04  9.372500e-01
2.487000e+04  9.381200e-01
2.487600e+04  9.398800e-01
2.488200e+04  9.395500e-01
2.488800e+04  9.358200e-01
2.489400e+04  9.336800e-01
2.490000e+04  9.343400e-01
2.490600e+04  9.349000e-01
2.491200e+04  9.347000e-01
2.491800e+04  9.339100e-01
2.492400e+04  9.314900e-01
2.493000e+04  9.285700e-01
2.493600e+04  9.267800e-01
2.494200e+04  9.274200e-01
2.494800e+04  9.284100e-01
2.495400e+04  9.267900e-01
2.496000e+04  9.252900e-01
2.496600e+04  9.249200e-01
2.497200e+04  9.240500e-01
2.497800e+04  9.259100e-01
2.498400e+04  9.273200e-01
2.499000e+04  9.253900e-01
2.499600e+04  9.238000e-01
2.500200e+04  9.224900e-01
2.500800e+04  9.212500e-01
2.501400e+04  9.215600e-01
2.502000e+04  9.229400e-01
2.502600e+04  9.242000e-01
2.503200e+04  9.228200e-01
2.503800e+04  9.196000e-01
2.504500e+04  9.174000e-01
2.505000e+04  9.157700e-01
2.505700e+04  9.152800e-01
2.506300e+04  9.152200e-01
2.506900e+04  9.147500e-01
2.507500e+04  9.156100e-01
2.508100e+04  9.174900e-01
2.508700e+04  9.177800e-01
2.509300e+04  9.158400e-01
2.509900e+04  9.142600e-01
2.510500e+04  9.137000e-01
2.511100e+04  9.136600e-01
2.511700e+04  9.133300e-01
2.512300e+04  9.127600e-01
2.512900e+04  9.107200e-01
2.513600e+04  9.081900e-01
2.514200e+04  9.086800e-01
2.514800e+04  9.110800e-01
2.515400e+04  9.123300e-01
2.516000e+04  9.126100e-01
2.516600e+04  9.126400e-01
2.517200e+04  9.112400e-01
2.517800e+04  9.088700e-01
2.518400e+04  9.079700e-01
2.519000e+04  9.090200e-01
2.519700e+04  9.095500e-01
2.520300e+04  9.094900e-01
2.520900e+04  9.122900e-01
2.521500e+04  9.142100e-01
2.522100e+04  9.122300e-01
2.522700e+04  9.092000e-01
2.523300e+04  9.081500e-01
2.524000e+04  9.093200e-01
2.524600e+04  9.103700e-01
2.525200e+04  9.137600e-01
2.525800e+04  9.157500e-01
2.526400e+04  9.134900e-01
2.527000e+04  9.115600e-01
2.527600e+04  9.077200e-01
2.528300e+04  9.039500e-01
2.528900e+04  9.040000e-01
2.529500e+04  9.060000e-01
2.530100e+04  9.080300e-01
2.530700e+04  9.100500e-01
2.531300e+04  9.182000e-01
2.532000e+04  9.202100e-01
2.532600e+04  9.160300e-01
2.533200e+04  9.171000e-01
2.533800e+04  9.099100e-01
2.534400e+04  9.038400e-01
2.535100e+04  9.025400e-01
2.535700e+04  9.033500e-01
2.536300e+04  9.094900e-01
2.536900e+04  9.069700e-01
2.537500e+04  9.042100e-01
2.538200e+04  9.087700e-01
2.538800e+04  9.094000e-01
2.539400e+04  9.080700e-01
2.540000e+04  9.062000e-01
2.540600e+04  9.056600e-01
2.541300e+04  9.064500e-01
2.541900e+04  9.045500e-01
2.542500e+04  9.100700e-01
2.543100e+04  9.135700e-01
2.543800e+04  9.055600e-01
2.544400e+04  9.045800e-01
2.545000e+04  9.066100e-01
2.545600e+04  9.050900e-01
2.546300e+04  9.041000e-01
2.546900e+04  9.065100e-01
2.547500e+04  9.162300e-01
2.548100e+04  9.176100e-01
2.548800e+04  9.132600e-01
2.549400e+04  9.113000e-01
2.550000e+04  9.073800e-01
2.550600e+04  9.138900e-01
2.551300e+04  9.127600e-01
2.551900e+04  9.047100e-01
2.552500e+04  9.153400e-01
2.553200e+04  9.180000e-01
2.553800e+04  9.096900e-01
2.554400e+04  9.119400e-01
2.555000e+04  9.140100e-01
2.555700e+04  9.130500e-01
2.556300e+04  9.124500e-01
2.556900e+04  9.086900e-01
2.557600e+04  9.100400e-01
2.558200e+04  9.120400e-01
2.558800e+04  9.098900e-01
2.559500e+04  9.146400e-01
2.560100e+04  9.144400e-01
2.560700e+04  9.229400e-01
2.561400e+04  9.307800e-01
2.562000e+04  9.221700e-01
2.562600e+04  9.358600e-01
2.563300e+04  9.322000e-01
2.563900e+04  9.190000e-01
2.564500e+04  9.345500e-01
2.565200e+04  9.248100e-01
2.565800e+04  9.146200e-01
2.566400e+04  9.202100e-01
2.567100e+04  9.157200e-01
2.567700e+04  9.198400e-01
2.568300e+04  9.203900e-01
2.569000e+04  9.201600e-01
2.569600e+04  9.326300e-01
2.570200e+04  9.288900e-01
2.570900e+04  9.204600e-01
2.571500e+04  9.263800e-01
2.572100e+04  9.226700e-01
2.572800e+04  9.318400e-01
2.573400e+04  9.514200e-01
2.574100e+04  9.333000e-01
2.574700e+04  9.266700e-01
2.575400e+04  9.320400e-01
2.576000e+04  9.209800e-01
2.576600e+04  9.378500e-01
2.577300e+04  9.509200e-01
2.577900e+04  9.302100e-01
2.578600e+04  9.252900e-01
2.579200e+04  9.297200e-01
2.579800e+04  9.216900e-01
2.580500e+04  9.271900e-01
2.581100e+04  9.400200e-01
2.581800e+04  9.319100e-01
2.582400e+04  9.248300e-01
2.583000e+04  9.288200e-01
2.583700e+04  9.361100e-01
2.584300e+04  9.397600e-01
2.585000e+04  9.322700e-01
2.585600e+04  9.280000e-01
2.586300e+04  9.298800e-01
2.586900e+04  9.386900e-01
2.587500e+04  9.422200e-01
2.588200e+04  9.282700e-01
2.588900e+04  9.316800e-01
2.589500e+04  9.413400e-01
2.590100e+04  9.342000e-01
2.590800e+04  9.367500e-01
2.591400e+04  9.362300e-01
2.592100e+04  9.399700e-01
2.592700e+04  9.484300e-01
2.593400e+04  9.312600e-01
2.594000e+04  9.442400e-01
2.594700e+04  9.672800e-01
2.595300e+04  9.420100e-01
2.596000e+04  9.336200e-01
2.596600e+04  9.337300e-01
2.597300e+04  9.286200e-01
2.597900e+04  9.345700e-01
2.598600e+04  9.282700e-01
2.599200e+04  9.264200e-01
2.599900e+04  9.293200e-01
2.600500e+04  9.248800e-01
2.601200e+04  9.339100e-01
2.601800e+04  9.395400e-01
2.602500e+04  9.267300e-01
2.603100e+04  9.306800e-01
2.603800e+04  9.428600e-01
2.604400e+04  9.316200e-01
2.605100e+04  9.344000e-01
2.605800e+04  9.455900e-01
2.606400e+04  9.321400e-01
2.607100e+04  9.336600e-01
2.607700e+04  9.410200e-01
2.608400e+04  9.230300e-01
2.609000e+04  9.210100e-01
2.609700e+04  9.331100e-01
2.610300e+04  9.256200e-01
2.611000e+04  9.210800e-01
2.611700e+04  9.232200e-01
2.612300e+04  9.247000e-01
2.613000e+04  9.333900e-01
2.613600e+04  9.311200e-01
2.614300e+04  9.234700e-01
2.615000e+04  9.248700e-01
2.615600e+04  9.217300e-01
2.616300e+04  9.261900e-01
2.616900e+04  9.379700e-01
2.617600e+04  9.302100e-01
2.618300e+04  9.212800e-01
2.618900e+04  9.183600e-01
2.619600e+04  9.163000e-01
2.620200e+04  9.251100e-01
2.620900e+04  9.252000e-01
2.621600e+04  9.163100e-01
2.622200e+04  9.148000e-01
2.622900e+04  9.122200e-01
2.623600e+04  9.081000e-01
2.624200e+04  9.079900e-01
2.624900e+04  9.085500e-01
2.625600e+04  9.070300e-01
2.626200e+04  9.140800e-01
2.626900e+04  9.199300e-01
2.627500e+04  9.089200e-01
2.628200e+04  9.042400e-01
2.628900e+04  9.086100e-01
2.629500e+04  9.089900e-01
2.630200e+04  9.136600e-01
2.630900e+04  9.144000e-01
2.631500e+04  9.067200e-01
2.632200e+04  9.028500e-01
2.632900e+04  9.013300e-01
2.633500e+04  9.037500e-01
2.634200e+04  9.061400e-01
2.634900e+04  9.033600e-01
2.635600e+04  9.048100e-01
2.636200e+04  9.071100e-01
2.636900e+04  9.060100e-01
2.637600e+04  9.010400e-01
2.638200e+04  8.962500e-01
2.638900e+04  8.941200e-01
2.639600e+04  8.922400e-01
2.640200e+04  8.930300e-01
2.640900e+04  8.920600e-01
2.641600e+04  8.947700e-01
2.642300e+04  8.975300e-01
2.643000e+04  8.900300e-01
2.643600e+04  8.893100e-01
2.644300e+04  8.892500e-01
2.645000e+04  8.880700e-01
2.645600e+04  8.970800e-01
2.646300e+04  8.942900e-01
2.647000e+04  8.866900e-01
2.647700e+04  8.855800e-01
2.648300e+04  8.836300e-01
2.649000e+04  8.857700e-01
2.649700e+04  8.863600e-01
2.650400e+04  8.908700e-01
2.651100e+04  8.944000e-01
2.651700e+04  8.943700e-01
2.652400e+04  9.008800e-01
2.653100e+04  8.948200e-01
2.653800e+04  8.826100e-01
2.654400e+04  8.821200e-01
2.655100e+04  8.893700e-01
2.655800e+04  8.897400e-01
2.656500e+04  8.814600e-01
2.657200e+04  8.815700e-01
2.657900e+04  8.831400e-01
2.658500e+04  8.778200e-01
2.659200e+04  8.838900e-01
2.659900e+04  8.909000e-01
2.660600e+04  8.808300e-01
2.661300e+04  8.818100e-01
2.661900e+04  8.892100e-01
2.662600e+04  8.850600e-01
2.663300e+04  8.816900e-01
2.664000e+04  8.789600e-01
2.664700e+04  8.920400e-01
2.665400e+04  8.942800e-01
2.666000e+04  8.810900e-01
2.666700e+04  8.993800e-01
2.667400e+04  8.991500e-01
2.668100e+04  8.839800e-01
2.668800e+04  8.861700e-01
2.669500e+04  8.815600e-01
2.670200e+04  9.040300e-01
2.670900e+04  9.119800e-01
2.671500e+04  8.787400e-01
2.672200e+04  8.806700e-01
2.672900e+04  8.909700e-01
2.673600e+04  8.837700e-01
2.674300e+04  8.847200e-01
2.675000e+04  8.875200e-01
2.675700e+04  8.916300e-01
2.676400e+04  8.961800e-01
2.677100e+04  9.034200e-01
2.677800e+04  8.994200e-01
2.678400e+04  8.853500e-01
2.679100e+04  8.941400e-01
2.679800e+04  8.967100e-01
2.680500e+04  8.866600e-01
2.681200e+04  8.900000e-01
2.681900e+04  8.872200e-01
2.682600e+04  8.907200e-01
2.683300e+04  8.995800e-01
2.684000e+04  8.969100e-01
2.684700e+04  8.957200e-01
2.685400e+04  8.911400e-01
2.686100e+04  8.951200e-01
2.686800e+04  9.003800e-01
2.687500e+04  8.891000e-01
2.688200e+04  8.906700e-01
2.688900e+04  8.982700e-01
2.689500e+04  8.934600e-01
2.690200e+04  8.906800e-01
2.690900e+04  8.924600e-01
2.691600e+04  8.973000e-01
2.692300e+04  8.954800e-01
2.693000e+04  8.964600e-01
2.693700e+04  9.112400e-01
2.694400e+04  9.060800e-01
2.695100e+04  9.011300e-01
2.695800e+04  9.117700e-01
2.696500e+04  9.035500e-01
2.697200e+04  8.991600e-01
2.697900e+04  9.038100e-01
2.698600e+04  9.044600e-01
2.699400e+04  9.081600e-01
2.700100e+04  9.055900e-01
2.700800e+04  9.131000e-01
2.701500e+04  9.220100e-01
2.702200e+04  9.108400e-01
2.702900e+04  9.072600e-01
2.703600e+04  9.108100e-01
2.704300e+04  9.094700e-01
2.705000e+04  9.139000e-01
2.705700e+04  9.141900e-01
2.706400e+04  9.128300e-01
2.707100e+04  9.165800e-01
2.707800e+04  9.121700e-01
2.708500e+04  9.204600e-01
2.709200e+04  9.311200e-01
2.709900e+04  9.186700e-01
2.710600e+04  9.216700e-01
2.711300e+04  9.300500e-01
2.712100e+04  9.204800e-01
2.712800e+04  9.198300e-01
2.713500e+04  9.236900e-01
2.714200e+04  9.225200e-01
2.714900e+04  9.244000e-01
2.715600e+04  9.258900e-01
2.716300e+04  9.245800e-01
2.717000e+04  9.291500e-01
2.717800e+04  9.339500e-01
2.718500e+04  9.299700e-01
2.719200e+04  9.297100e-01
2.719900e+04  9.357400e-01
2.720600e+04  9.429600e-01
2.721300e+04  9.465400e-01
2.722000e+04  9.374700e-01
2.722700e+04  9.289900e-01
2.723500e+04  9.360300e-01
2.724200e+04  9.429900e-01
2.724900e+04  9.406300e-01
2.725600e+04  9.430400e-01
2.726300e+04  9.411400e-01
2.727000e+04  9.351300e-01
2.727800e+04  9.385900e-01
2.728500e+04  9.393500e-01
2.729200e+04  9.385400e-01
2.729900e+04  9.402800e-01
2.730600e+04  9.417400e-01
2.731300e+04  9.433700e-01
2.732100e+04  9.435700e-01
2.732800e+04  9.461300e-01
2.733500e+04  9.422000e-01
2.734200e+04  9.454500e-01
2.735000e+04  9.572800e-01
2.735700e+04  9.502900e-01
2.736400e+04  9.456000e-01
2.737100e+04  9.485100e-01
2.737800e+04  9.500900e-01
2.738600e+04  9.593500e-01
2.739300e+04  9.644500e-01
2.740000e+04  9.604100e-01
2.740700e+04  9.575900e-01
2.741500e+04  9.660500e-01
2.742200e+04  9.704400e-01
2.742900e+04  9.595800e-01
2.743600e+04  9.570000e-01
2.744400e+04  9.609700e-01
2.745100e+04  9.613600e-01
2.745800e+04  9.613900e-01
2.746500e+04  9.599100e-01
2.747300e+04  9.592900e-01
2.748000e+04  9.612800e-01
2.748700e+04  9.642500e-01
2.749400e+04  9.634900e-01
2.750200e+04  9.596900e-01
2.750900e+04  9.622200e-01
2.751600e+04  9.699100e-01
2.752400e+04  9.690800e-01
2.753100e+04  9.645000e-01
2.753800e+04  9.655200e-01
2.754600e+04  9.746800e-01
2.755300e+04  9.885500e-01
2.756000e+04  9.822200e-01
2.756800e+04  9.691300e-01
2.757500e+04  9.728200e-01
2.758200e+04  9.734300e-01
2.759000e+04  9.697300e-01
2.759700e+04  9.734200e-01
2.760400e+04  9.755700e-01
2.761200e+04  9.746400e-01
2.761900e+04  9.817200e-01
2.762600e+04  9.840100e-01
2.763400e+04  9.805700e-01
2.764100e+04  9.873900e-01
2.764800e+04  9.800300e-01
2.765600e+04  9.731000e-01
2.766300e+04  9.812700e-01
2.767100e+04  9.745200e-01
2.767800e+04  9.811500e-01
2.768500e+04  9.889600e-01
2.769300e+04  9.746700e-01
2.770000e+04  9.887900e-01
2.770800e+04  1.000000e+00
2.771500e+04  9.869200e-01
2.772200e+04  9.919600e-01
2.773000e+04  9.914500e-01
2.773700e+04  9.839700e-01
2.774500e+04  9.883700e-01
2.775200e+04  9.890900e-01
2.775900e+04  9.884700e-01
2.776700e+04  9.942700e-01
2.777400e+04  9.941800e-01
2.778200e+04  9.913100e-01
2.778900e+04  9.950300e-01
2.779700e+04  9.903600e-01
2.780400e+04  9.912300e-01
2.781200e+04  9.976600e-01
2.781900e+04  9.908900e-01
2.782600e+04  9.920900e-01
2.783400e+04  9.933900e-01
2.784100e+04  9.879100e-01
2.784900e+04  9.844500e-01
2.785600e+04  9.885500e-01
2.786400e+04  9.990300e-01
2.787100e+04  9.945600e-01
2.787900e+04  9.923600e-01
2.788600e+04  9.890500e-01
2.789400e+04  9.757400e-01
2.790100e+04  9.756900e-01
2.790900e+04  9.747600e-01
2.791600e+04  9.680000e-01
2.792400e+04  9.663200e-01
2.793100e+04  9.659700e-01
2.793900e+04  9.617700e-01
2.794600e+04  9.561800e-01
2.795400e+04  9.543100e-01
2.796100e+04  9.491800e-01
2.796900e+04  9.423400e-01
2.797700e+04  9.391800e-01
2.798400e+04  9.336200e-01
2.799200e+04  9.250200e-01
2.799900e+04  9.219800e-01
2.800700e+04  9.153900e-01
2.801400e+04  9.072300e-01
2.802200e+04  9.107800e-01
2.802900e+04  9.060500e-01
2.803700e+04  8.963000e-01
2.804500e+04  8.870900e-01
2.805200e+04  8.701400e-01
2.806000e+04  8.619600e-01
2.806700e+04  8.537300e-01
2.807500e+04  8.397800e-01
2.808300e+04  8.329300e-01
2.809000e+04  8.243800e-01
2.809800e+04  8.105200e-01
2.810500e+04  8.005400e-01
2.811300e+04  7.902400e-01
2.812100e+04  7.759300e-01
2.812800e+04  7.658100e-01
2.813600e+04  7.543500e-01
2.814400e+04  7.421700e-01
2.815100e+04  7.331700e-01
2.815900e+04  7.174900e-01
2.816600e+04  7.021800e-01
2.817400e+04  6.900900e-01
2.818200e+04  6.778000e-01
2.818900e+04  6.670600e-01
2.819700e+04  6.531200e-01
2.820500e+04  6.391100e-01
2.821200e+04  6.246900e-01
2.822000e+04  6.079900e-01
2.822800e+04  5.934400e-01
2.823600e+04  5.784300e-01
2.824300e+04  5.640300e-01
2.825100e+04  5.521400e-01
2.825900e+04  5.385300e-01
2.826600e+04  5.258200e-01
2.827400e+04  5.158200e-01
2.828200e+04  5.023900e-01
2.828900e+04  4.875700e-01
2.829700e+04  4.752900e-01
2.830500e+04  4.618900e-01
2.831300e+04  4.488600e-01
2.832000e+04  4.376500e-01
2.832800e+04  4.257100e-01
2.833600e+04  4.145000e-01
2.834400e+04  4.035700e-01
2.835100e+04  3.914100e-01
2.835900e+04  3.797900e-01
2.836700e+04  3.684900e-01
2.837500e+04  3.572400e-01
2.838200e+04  3.473800e-01
2.839000e+04  3.373700e-01
2.839800e+04  3.265300e-01
2.840600e+04  3.161600e-01
2.841400e+04  3.060500e-01
2.842100e+04  2.968700e-01
2.842900e+04  2.880100e-01
2.843700e+04  2.788700e-01
2.844500e+04  2.706100e-01
2.845200e+04  2.618600e-01
2.846000e+04  2.529500e-01
2.846800e+04  2.457500e-01
2.847600e+04  2.380900e-01
2.848400e+04  2.304000e-01
2.849100e+04  2.239000e-01
2.849900e+04  2.163400e-01
2.850700e+04  2.088800e-01
2.851500e+04  2.025000e-01
2.852300e+04  1.958800e-01
2.853100e+04  1.898400e-01
2.853900e+04  1.843700e-01
2.854600e+04  1.785600e-01
2.855400e+04  1.724300e-01
2.856200e+04  1.663700e-01
2.857000e+04  1.611700e-01
2.857800e+04  1.563500e-01
2.858600e+04  1.513000e-01
2.859400e+04  1.465600e-01
2.860200e+04  1.421400e-01
2.860900e+04  1.376300e-01
2.861700e+04  1.331200e-01
2.862500e+04  1.287200e-01
2.863300e+04  1.250100e-01
2.864100e+04  1.214600e-01
2.864900e+04  1.166600e-01
2.865700e+04  1.128400e-01
2.866500e+04  1.103500e-01
2.867300e+04  1.068700e-01
2.868100e+04  1.032300e-01
2.868900e+04  9.977100e-02
2.869600e+04  9.655400e-02
2.870500e+04  9.415800e-02
2.871200e+04  9.148300e-02
2.872000e+04  8.871400e-02
2.872800e+04  8.623900e-02
2.873600e+04  8.359900e-02
2.874400e+04  8.082400e-02
2.875200e+04  7.831700e-02
2.876000e+04  7.624200e-02
2.876800e+04  7.396900e-02
2.877600e+04  7.178800e-02
2.878400e+04  6.967200e-02
2.879200e+04  6.752600e-02
2.880000e+04  6.607600e-02
2.880800e+04  6.414000e-02
2.881600e+04  6.183300e-02
2.882400e+04  6.008200e-02
2.883200e+04  5.814500e-02
2.884000e+04  5.679600e-02
2.884800e+04  5.562100e-02
2.885600e+04  5.375200e-02
2.886400e+04  5.219700e-02
2.887200e+04  5.090400e-02
2.888000e+04  4.936200e-02
2.888800e+04  4.769000e-02
2.889600e+04  4.655400e-02
2.890500e+04  4.571200e-02
2.891200e+04  4.413500e-02
2.892100e+04  4.274100e-02
2.892900e+04  4.165300e-02
2.893700e+04  4.060100e-02
2.894500e+04  3.976000e-02
2.895300e+04  3.859000e-02
2.896100e+04  3.790000e-02
2.896900e+04  3.695600e-02
2.897700e+04  3.538100e-02
2.898500e+04  3.489800e-02
2.899300e+04  3.412900e-02
2.900100e+04  3.290500e-02
2.901000e+04  3.246600e-02
2.901800e+04  3.168500e-02
2.902600e+04  3.080400e-02
2.903400e+04  3.016000e-02
2.904200e+04  2.933400e-02
2.905000e+04  2.865900e-02
2.905800e+04  2.789900e-02
2.906700e+04  2.685800e-02
2.907500e+04  2.619200e-02
2.908300e+04  2.590600e-02
2.909100e+04  2.537400e-02
2.909900e+04  2.482100e-02
2.910700e+04  2.455900e-02
2.911500e+04  2.403900e-02
2.912400e+04  2.318100e-02
2.913200e+04  2.277000e-02
2.914000e+04  2.256000e-02
2.914800e+04  2.182100e-02
2.915600e+04  2.123500e-02
2.916500e+04  2.074000e-02
2.917300e+04  2.017100e-02
2.918100e+04  1.979800e-02
2.918900e+04  1.958600e-02
2.919700e+04  1.945700e-02
2.920600e+04  1.869900e-02
2.921400e+04  1.809300e-02
2.922200e+04  1.811100e-02
2.923000e+04  1.760900e-02
2.923900e+04  1.726300e-02
2.924700e+04  1.722300e-02
2.925500e+04  1.700800e-02
2.926300e+04  1.666700e-02
2.927200e+04  1.614100e-02
2.928000e+04  1.601200e-02
2.928800e+04  1.566300e-02
2.929600e+04  1.514500e-02
2.930500e+04  1.511300e-02
2.931300e+04  1.479500e-02
2.932100e+04  1.430600e-02
2.933000e+04  1.389400e-02
2.933800e+04  1.311600e-02
2.934600e+04  1.267400e-02
2.935400e+04  1.304800e-02
2.936300e+04  1.313900e-02
2.937100e+04  1.254700e-02
2.937900e+04  1.226200e-02
2.938800e+04  1.264100e-02
2.939600e+04  1.291900e-02
2.940400e+04  1.198300e-02
2.941300e+04  1.127000e-02
2.942100e+04  1.196300e-02
2.942900e+04  1.178200e-02
2.943800e+04  1.083600e-02
2.944600e+04  1.078800e-02
2.945500e+04  1.081600e-02
2.946300e+04  1.070200e-02
2.947100e+04  1.053100e-02
2.948000e+04  1.006500e-02
2.948800e+04  9.928900e-03
2.949600e+04  1.005800e-02
2.950500e+04  9.500500e-03
2.951300e+04  9.011000e-03
2.952200e+04  9.456900e-03
2.953000e+04  9.419800e-03
2.953800e+04  9.204200e-03
2.954700e+04  9.385400e-03
2.955500e+04  8.857800e-03
2.956400e+04  8.557500e-03
2.957200e+04  8.564100e-03
2.958100e+04  8.332700e-03
2.958900e+04  8.243000e-03
2.959700e+04  7.629600e-03
2.960600e+04  7.330600e-03
2.961400e+04  7.723500e-03
2.962300e+04  7.492200e-03
2.963100e+04  7.590800e-03
2.964000e+04  8.129200e-03
2.964800e+04  7.829600e-03
2.965700e+04  7.533900e-03
2.966500e+04  7.192900e-03
2.967400e+04  6.742500e-03
2.968200e+04  7.259800e-03
2.969100e+04  7.274600e-03
2.969900e+04  6.576000e-03
2.970800e+04  6.544200e-03
2.971600e+04  6.519300e-03
2.972500e+04  6.478300e-03
2.973300e+04  6.631800e-03
2.974200e+04  6.470100e-03
2.975000e+04  6.069000e-03
2.975900e+04  5.826700e-03
2.976700e+04  5.796800e-03
2.977600e+04  5.803700e-03
2.978400e+04  6.066100e-03
2.979300e+04  6.115700e-03
2.980100e+04  5.710300e-03
2.981000e+04  5.777500e-03
2.981900e+04  5.871100e-03
2.982700e+04  5.581800e-03
2.983600e+04  5.376000e-03
2.984400e+04  5.172900e-03
2.985300e+04  5.164100e-03
2.986200e+04  5.282200e-03
2.987000e+04  5.336400e-03
2.987900e+04  5.337100e-03
2.988700e+04  5.035600e-03
2.989600e+04  4.891600e-03
2.990500e+04  5.162200e-03
2.991300e+04  4.925900e-03
2.992200e+04  4.659400e-03
2.993100e+04  4.794100e-03
2.993900e+04  4.301700e-03
2.994800e+04  4.346500e-03
2.995600e+04  4.967100e-03
2.996500e+04  4.635500e-03
2.997400e+04  4.558200e-03
2.998200e+04  4.570100e-03
2.999100e+04  4.320300e-03
3.000000e+04  4.746000e-03
3.000800e+04  4.525000e-03
3.001700e+04  3.811100e-03
3.002600e+04  4.100700e-03
3.003400e+04  4.192000e-03
3.004300e+04  3.516200e-03
3.005200e+04  3.590400e-03
3.006100e+04  3.850800e-03
3.006900e+04  3.785600e-03
3.007800e+04  4.171700e-03
3.008700e+04  4.322100e-03
3.009600e+04  4.037800e-03
3.010400e+04  3.891500e-03
3.011300e+04  3.781700e-03
3.012200e+04  3.592900e-03
3.013100e+04  3.391300e-03
3.013900e+04  3.828600e-03
3.014800e+04  4.435100e-03
3.015700e+04  4.125400e-03
3.016600e+04  3.973700e-03
3.017400e+04  4.112300e-03
3.018300e+04  3.801000e-03
3.019200e+04  3.828800e-03
3.020100e+04  3.677300e-03
3.021000e+04  3.793900e-03
3.021800e+04  3.767600e-03
3.022700e+04  2.717000e-03
3.023600e+04  3.203700e-03
3.024500e+04  4.047400e-03
3.025400e+04  3.368700e-03
3.026200e+04  3.634700e-03
3.027100e+04  4.203800e-03
3.028000e+04  3.580000e-03
3.028900e+04  2.933500e-03
3.029800e+04  3.282400e-03
3.030700e+04  3.390100e-03
3.031500e+04  2.906500e-03
3.032400e+04  3.159200e-03
3.033300e+04  3.212600e-03
3.034200e+04  2.992800e-03
3.035100e+04  2.997400e-03
3.036000e+04  3.035000e-03
3.036900e+04  3.631300e-03
3.037800e+04  3.415600e-03
3.038700e+04  2.982100e-03
3.039500e+04  3.356300e-03
3.040400e+04  2.763000e-03
3.041300e+04  3.051300e-03
3.042200e+04  3.716200e-03
3.043100e+04  3.234500e-03
3.044000e+04  3.608200e-03
3.044900e+04  3.577400e-03
3.045800e+04  3.067400e-03
3.046700e+04  3.443300e-03
3.047600e+04  3.468700e-03
3.048500e+04  3.404200e-03
3.049400e+04  3.308200e-03
3.050300e+04  3.387400e-03
3.051200e+04  3.764900e-03
3.052100e+04  3.460300e-03
3.053000e+04  3.123500e-03
3.053900e+04  2.957900e-03
3.054800e+04  2.707700e-03
3.055700e+04  2.635800e-03
3.056600e+04  2.998200e-03
3.057500e+04  3.484300e-03
3.058400e+04  3.396400e-03
3.059300e+04  2.981500e-03
3.060200e+04  2.914100e-03
3.061100e+04  3.173300e-03
3.062000e+04  3.562000e-03
3.062900e+04  3.497200e-03
3.063800e+04  3.147100e-03
3.064700e+04  2.965400e-03
3.065600e+04  3.244400e-03
3.066500e+04  3.364100e-03
3.067400e+04  3.085700e-03
3.068300e+04  3.228200e-03
3.069200e+04  2.906000e-03
3.070100e+04  2.709800e-03
3.071000e+04  3.406500e-03
3.071900e+04  3.209800e-03
3.072900e+04  2.831400e-03
3.073800e+04  3.220700e-03
3.074700e+04  3.190100e-03
3.075600e+04  3.211200e-03
3.076500e+04  3.476200e-03
3.077400e+04  3.489300e-03
3.078300e+04  3.194700e-03
3.079300e+04  2.949600e-03
3.080200e+04  3.430300e-03
3.081100e+04  3.285400e-03
3.082000e+04  2.736800e-03
3.082900e+04  2.888200e-03
3.083800e+04  2.787700e-03
3.084700e+04  3.077500e-03
3.085700e+04  3.680800e-03
3.086600e+04  3.167200e-03
3.087500e+04  3.004100e-03
3.088400e+04  3.689100e-03
3.089300e+04  3.570800e-03
3.090300e+04  2.982600e-03
3.091200e+04  2.656000e-03
3.092100e+04  2.691500e-03
3.093000e+04  3.291100e-03
3.094000e+04  3.499000e-03
3.094900e+04  3.218700e-03
3.095800e+04  2.928100e-03
3.096700e+04  2.739100e-03
3.097700e+04  3.115900e-03
3.098600e+04  3.466600e-03
3.099500e+04  3.428700e-03
3.100400e+04  3.517500e-03
3.101400e+04  3.497900e-03
3.102300e+04  2.945100e-03
3.103200e+04  2.682900e-03
3.104100e+04  3.502200e-03
3.105100e+04  3.790100e-03
3.106000e+04  3.204100e-03
3.106900e+04  3.184400e-03
3.107900e+04  3.187100e-03
3.108800e+04  3.479300e-03
3.109700e+04  4.035700e-03
3.110700e+04  3.539300e-03
3.111600e+04  3.213900e-03
3.112500e+04  3.516000e-03
3.113500e+04  3.424500e-03
3.114400e+04  3.383000e-03
3.115300e+04  3.213100e-03
3.116300e+04  3.105000e-03
3.117200e+04  3.291300e-03
3.118100e+04  2.896800e-03
3.119100e+04  3.070500e-03
3.120000e+04  3.684900e-03
3.120900e+04  3.141900e-03
3.121900e+04  3.072900e-03
3.122800e+04  3.258400e-03
3.123800e+04  3.036500e-03
3.124700e+04  3.484900e-03
3.125600e+04  3.460000e-03
3.126600e+04  2.975300e-03
3.127500e+04  3.367900e-03
3.128500e+04  4.015800e-03
3.129400e+04  3.663300e-03
3.130400e+04  2.960000e-03
3.131300e+04  3.330000e-03
3.132300e+04  3.547300e-03
3.133200e+04  3.081800e-03
3.134200e+04  3.135600e-03
3.135100e+04  3.234700e-03
3.136000e+04  3.528200e-03
3.137000e+04  3.647600e-03
3.137900e+04  3.146000e-03
3.138900e+04  2.825800e-03
3.139800e+04  2.827200e-03
3.140800e+04  3.407800e-03
3.141800e+04  3.851500e-03
3.142700e+04  3.347800e-03
3.143700e+04  3.060000e-03
3.144600e+04  3.167400e-03
3.145600e+04  2.959700e-03
3.146500e+04  3.215400e-03
3.147500e+04  3.515600e-03
3.148400e+04  3.192400e-03
3.149400e+04  3.332200e-03
3.150300e+04  3.040000e-03
3.151300e+04  2.447500e-03
3.152300e+04  3.087300e-03
3.153200e+04  3.348000e-03
3.154200e+04  2.950400e-03
3.155100e+04  2.950200e-03
3.156100e+04  2.978800e-03
3.157000e+04  3.241700e-03
3.158000e+04  3.356700e-03
3.159000e+04  3.118900e-03
3.159900e+04  3.114400e-03
3.160900e+04  3.179300e-03
3.161900e+04  2.993500e-03
3.162800e+04  3.100100e-03
3.163800e+04  3.392100e-03
3.164800e+04  3.573000e-03
3.165700e+04  3.274900e-03
3.166700e+04  2.749300e-03
3.167700e+04  2.945400e-03
3.168600e+04  3.475000e-03
3.169600e+04  3.287200e-03
3.170600e+04  2.934500e-03
3.171500e+04  3.125900e-03
3.172500e+04  3.109900e-03
3.173500e+04  3.019400e-03
3.174400e+04  3.347300e-03
3.175400e+04  3.233700e-03
3.176400e+04  3.106400e-03
3.177400e+04  3.281000e-03
3.178300e+04  2.945200e-03
3.179300e+04  3.178900e-03
3.180300e+04  3.157600e-03
3.181300e+04  2.368700e-03
3.182200e+04  2.674200e-03
3.183200e+04  2.725800e-03
3.184200e+04  2.624600e-03
3.185200e+04  3.221700e-03
3.186200e+04  3.003300e-03
3.187100e+04  2.708100e-03
3.188100e+04  2.889900e-03
3.189100e+04  2.842700e-03
3.190100e+04  3.042900e-03
3.191100e+04  3.176200e-03
3.192000e+04  2.576400e-03
3.193000e+04  2.294600e-03
3.194000e+04  3.125100e-03
3.195000e+04  3.380300e-03
3.196000e+04  2.724900e-03
3.196900e+04  2.581200e-03
3.197900e+04  2.874900e-03
3.198900e+04  2.891900e-03
3.199900e+04  2.986000e-03
3.200900e+04  3.230300e-03
3.201900e+04  2.736400e-03
3.202900e+04  2.474200e-03
3.203900e+04  2.945600e-03
3.204900e+04  2.726600e-03
3.205800e+04  2.654300e-03
3.206800e+04  3.173700e-03
3.207800e+04  2.930800e-03
3.208800e+04  2.845700e-03
3.209800e+04  2.787100e-03
3.210800e+04  2.111500e-03
3.211800e+04  2.402800e-03
3.212800e+04  2.707700e-03
3.213800e+04  2.488100e-03
3.214800e+04  2.718300e-03
3.215800e+04  2.463400e-03
3.216800e+04  2.257000e-03
3.217800e+04  2.577600e-03
3.218800e+04  2.532300e-03
3.219800e+04  2.813100e-03
3.220800e+04  3.072500e-03
3.221800e+04  2.808400e-03
3.222800e+04  2.857100e-03
3.223800e+04  2.734900e-03
3.224800e+04  2.368500e-03
3.225800e+04  2.579300e-03
3.226800e+04  2.924800e-03
3.227800e+04  2.937200e-03
3.228800e+04  2.657800e-03
3.229800e+04  2.386700e-03
3.230800e+04  2.453700e-03
3.231800e+04  2.529300e-03
3.232800e+04  2.758700e-03
3.233800e+04  2.790000e-03
3.234800e+04  2.243200e-03
3.235900e+04  2.358600e-03
3.236900e+04  2.434800e-03
3.237900e+04  2.139600e-03
3.238900e+04  2.343700e-03
3.239900e+04  2.329500e-03
3.240900e+04  2.515800e-03
3.241900e+04  2.462100e-03
