# Wavelength(Angstrom)  Transmission
2.473400e+04  2.014200e-03
2.474000e+04  2.043700e-03
2.474600e+04  2.057100e-03
2.475200e+04  2.007000e-03
2.475700e+04  1.995200e-03
2.476300e+04  2.146400e-03
2.476900e+04  2.072000e-03
2.477500e+04  2.236400e-03
2.478100e+04  2.351700e-03
2.478700e+04  2.099300e-03
2.479300e+04  2.300200e-03
2.479900e+04  2.538100e-03
2.480500e+04  2.581300e-03
2.481100e+04  2.572200e-03
2.481700e+04  2.379000e-03
2.482300e+04  2.425200e-03
2.482900e+04  2.480700e-03
2.483500e+04  2.417500e-03
2.484100e+04  2.316800e-03
2.484600e+04  2.169200e-03
2.485200e+04  2.472900e-03
2.485800e+04  2.583000e-03
2.486400e+04  2.342500e-03
2.487000e+04  2.596000e-03
2.487600e+04  2.908100e-03
2.488200e+04  2.835400e-03
2.488800e+04  2.688200e-03
2.489400e+04  2.841600e-03
2.490000e+04  2.874400e-03
2.490600e+04  2.691500e-03
2.491200e+04  2.888900e-03
2.491800e+04  3.106100e-03
2.492400e+04  3.402100e-03
2.493000e+04  3.440400e-03
2.493600e+04  3.146100e-03
2.494200e+04  3.493700e-03
2.494800e+04  3.512500e-03
2.495400e+04  3.146200e-03
2.496000e+04  3.655300e-03
2.496600e+04  3.678700e-03
2.497200e+04  3.289900e-03
2.497800e+04  3.712600e-03
2.498400e+04  3.867900e-03
2.499000e+04  3.623500e-03
2.499600e+04  3.654800e-03
2.500200e+04  3.834700e-03
2.500800e+04  4.090700e-03
2.501400e+04  4.014400e-03
2.502000e+04  3.898500e-03
2.502600e+04  4.115200e-03
2.503200e+04  4.245900e-03
2.503800e+04  4.262000e-03
2.504500e+04  4.278100e-03
2.505000e+04  4.484200e-03
2.505700e+04  4.531000e-03
2.506300e+04  4.421800e-03
2.506900e+04  4.730000e-03
2.507500e+04  4.995200e-03
2.508100e+04  4.787800e-03
2.508700e+04  4.637200e-03
2.509300e+04  4.760200e-03
2.509900e+04  4.551600e-03
2.510500e+04  4.758000e-03
2.511100e+04  5.464100e-03
2.511700e+04  5.186400e-03
2.512300e+04  4.908000e-03
2.512900e+04  5.189400e-03
2.513600e+04  5.355600e-03
2.514200e+04  5.679900e-03
2.514800e+04  5.588100e-03
2.515400e+04  5.538600e-03
2.516000e+04  5.783200e-03
2.516600e+04  5.763900e-03
2.517200e+04  6.015100e-03
2.517800e+04  6.054900e-03
2.518400e+04  5.974700e-03
2.519000e+04  6.382200e-03
2.519700e+04  6.362700e-03
2.520300e+04  6.196800e-03
2.520900e+04  6.561600e-03
2.521500e+04  6.658400e-03
2.522100e+04  6.620400e-03
2.522700e+04  6.929800e-03
2.523300e+04  7.077600e-03
2.524000e+04  7.090000e-03
2.524600e+04  7.071300e-03
2.525200e+04  7.078300e-03
2.525800e+04  7.506000e-03
2.526400e+04  7.969300e-03
2.527000e+04  8.043500e-03
2.527600e+04  8.018900e-03
2.528300e+04  8.026600e-03
2.528900e+04  8.128700e-03
2.529500e+04  7.926500e-03
2.530100e+04  7.955900e-03
2.530700e+04  8.600600e-03
2.531300e+04  8.708800e-03
2.532000e+04  8.728100e-03
2.532600e+04  9.216400e-03
2.533200e+04  9.335500e-03
2.533800e+04  9.319600e-03
2.534400e+04  9.401000e-03
2.535100e+04  9.639800e-03
2.535700e+04  9.805100e-03
2.536300e+04  9.609200e-03
2.536900e+04  9.902900e-03
2.537500e+04  1.037400e-02
2.538200e+04  1.038600e-02
2.538800e+04  1.050800e-02
2.539400e+04  1.051300e-02
2.540000e+04  1.066800e-02
2.540600e+04  1.116200e-02
2.541300e+04  1.114500e-02
2.541900e+04  1.097700e-02
2.542500e+04  1.125800e-02
2.543100e+04  1.170700e-02
2.543800e+04  1.193900e-02
2.544400e+04  1.208600e-02
2.545000e+04  1.233700e-02
2.545600e+04  1.250800e-02
2.546300e+04  1.299300e-02
2.546900e+04  1.338700e-02
2.547500e+04  1.323600e-02
2.548100e+04  1.360000e-02
2.548800e+04  1.396900e-02
2.549400e+04  1.399700e-02
2.550000e+04  1.435800e-02
2.550600e+04  1.440500e-02
2.551300e+04  1.436700e-02
2.551900e+04  1.480800e-02
2.552500e+04  1.516100e-02
2.553200e+04  1.540000e-02
2.553800e+04  1.574000e-02
2.554400e+04  1.600000e-02
2.555000e+04  1.616100e-02
2.555700e+04  1.637300e-02
2.556300e+04  1.678200e-02
2.556900e+04  1.699600e-02
2.557600e+04  1.706800e-02
2.558200e+04  1.754000e-02
2.558800e+04  1.786700e-02
2.559500e+04  1.798200e-02
2.560100e+04  1.846100e-02
2.560700e+04  1.925200e-02
2.561400e+04  1.957600e-02
2.562000e+04  1.958400e-02
2.562600e+04  2.023000e-02
2.563300e+04  2.051200e-02
2.563900e+04  2.079100e-02
2.564500e+04  2.173600e-02
2.565200e+04  2.157900e-02
2.565800e+04  2.149300e-02
2.566400e+04  2.220200e-02
2.567100e+04  2.243600e-02
2.567700e+04  2.288500e-02
2.568300e+04  2.358200e-02
2.569000e+04  2.398200e-02
2.569600e+04  2.443500e-02
2.570200e+04  2.479400e-02
2.570900e+04  2.509800e-02
2.571500e+04  2.564100e-02
2.572100e+04  2.618500e-02
2.572800e+04  2.705000e-02
2.573400e+04  2.804200e-02
2.574100e+04  2.795300e-02
2.574700e+04  2.814500e-02
2.575400e+04  2.906900e-02
2.576000e+04  2.946100e-02
2.576600e+04  3.024000e-02
2.577300e+04  3.115400e-02
2.577900e+04  3.128600e-02
2.578600e+04  3.161200e-02
2.579200e+04  3.233200e-02
2.579800e+04  3.286500e-02
2.580500e+04  3.333600e-02
2.581100e+04  3.443800e-02
2.581800e+04  3.528800e-02
2.582400e+04  3.555500e-02
2.583000e+04  3.641100e-02
2.583700e+04  3.744500e-02
2.584300e+04  3.815800e-02
2.585000e+04  3.867400e-02
2.585600e+04  3.923700e-02
2.586300e+04  4.025500e-02
2.586900e+04  4.144600e-02
2.587500e+04  4.235400e-02
2.588200e+04  4.258900e-02
2.588900e+04  4.330500e-02
2.589500e+04  4.472200e-02
2.590100e+04  4.538200e-02
2.590800e+04  4.629900e-02
2.591400e+04  4.752400e-02
2.592100e+04  4.875100e-02
2.592700e+04  5.014400e-02
2.593400e+04  5.036500e-02
2.594000e+04  5.199400e-02
2.594700e+04  5.449400e-02
2.595300e+04  5.435100e-02
2.596000e+04  5.500500e-02
2.596600e+04  5.617600e-02
2.597300e+04  5.684500e-02
2.597900e+04  5.840800e-02
2.598600e+04  5.952500e-02
2.599200e+04  6.064700e-02
2.599900e+04  6.190000e-02
2.600500e+04  6.316600e-02
2.601200e+04  6.523200e-02
2.601800e+04  6.689700e-02
2.602500e+04  6.793700e-02
2.603100e+04  6.971300e-02
2.603800e+04  7.187000e-02
2.604400e+04  7.284300e-02
2.605100e+04  7.466700e-02
2.605800e+04  7.710700e-02
2.606400e+04  7.756700e-02
2.607100e+04  7.975600e-02
2.607700e+04  8.257200e-02
2.608400e+04  8.242100e-02
2.609000e+04  8.428600e-02
2.609700e+04  8.767300e-02
2.610300e+04  8.885900e-02
2.611000e+04  9.065200e-02
2.611700e+04  9.292700e-02
2.612300e+04  9.501200e-02
2.613000e+04  9.828800e-02
2.613600e+04  1.006500e-01
2.614300e+04  1.020300e-01
2.615000e+04  1.044600e-01
2.615600e+04  1.070000e-01
2.616300e+04  1.100300e-01
2.616900e+04  1.140000e-01
2.617600e+04  1.161700e-01
2.618300e+04  1.177700e-01
2.618900e+04  1.202300e-01
2.619600e+04  1.229400e-01
2.620200e+04  1.271200e-01
2.620900e+04  1.306600e-01
2.621600e+04  1.325200e-01
2.622200e+04  1.352800e-01
2.622900e+04  1.384400e-01
2.623600e+04  1.410900e-01
2.624200e+04  1.444400e-01
2.624900e+04  1.484600e-01
2.625600e+04  1.518500e-01
2.626200e+04  1.567800e-01
2.626900e+04  1.620600e-01
2.627500e+04  1.639100e-01
2.628200e+04  1.668000e-01
2.628900e+04  1.718200e-01
2.629500e+04  1.763300e-01
2.630200e+04  1.820300e-01
2.630900e+04  1.867300e-01
2.631500e+04  1.895400e-01
2.632200e+04  1.934700e-01
2.632900e+04  1.978800e-01
2.633500e+04  2.036500e-01
2.634200e+04  2.095100e-01
2.634900e+04  2.136200e-01
2.635600e+04  2.194400e-01
2.636200e+04  2.255600e-01
2.636900e+04  2.302400e-01
2.637600e+04  2.346500e-01
2.638200e+04  2.393400e-01
2.638900e+04  2.445000e-01
2.639600e+04  2.501600e-01
2.640200e+04  2.564600e-01
2.640900e+04  2.618600e-01
2.641600e+04  2.690300e-01
2.642300e+04  2.766400e-01
2.643000e+04  2.804200e-01
2.643600e+04  2.868300e-01
2.644300e+04  2.939700e-01
2.645000e+04  3.000600e-01
2.645600e+04  3.100800e-01
2.646300e+04  3.163500e-01
2.647000e+04  3.200600e-01
2.647700e+04  3.267800e-01
2.648300e+04  3.338600e-01
2.649000e+04  3.418300e-01
2.649700e+04  3.492600e-01
2.650400e+04  3.584900e-01
2.651100e+04  3.671500e-01
2.651700e+04  3.748400e-01
2.652400e+04  3.857100e-01
2.653100e+04  3.905900e-01
2.653800e+04  3.924300e-01
2.654400e+04  3.998400e-01
2.655100e+04  4.107800e-01
2.655800e+04  4.186700e-01
2.656500e+04  4.224100e-01
2.657200e+04  4.297900e-01
2.657900e+04  4.381400e-01
2.658500e+04  4.428900e-01
2.659200e+04  4.531200e-01
2.659900e+04  4.643000e-01
2.660600e+04  4.664100e-01
2.661300e+04  4.739500e-01
2.661900e+04  4.852400e-01
2.662600e+04  4.898500e-01
2.663300e+04  4.946300e-01
2.664000e+04  5.004200e-01
2.664700e+04  5.150200e-01
2.665400e+04  5.223300e-01
2.666000e+04  5.207500e-01
2.666700e+04  5.387100e-01
2.667400e+04  5.444600e-01
2.668100e+04  5.401300e-01
2.668800e+04  5.473400e-01
2.669500e+04  5.499600e-01
2.670200e+04  5.697000e-01
2.670900e+04  5.803000e-01
2.671500e+04  5.632400e-01
2.672200e+04  5.692500e-01
2.672900e+04  5.805200e-01
2.673600e+04  5.796900e-01
2.674300e+04  5.843600e-01
2.675000e+04  5.901100e-01
2.675700e+04  5.966800e-01
2.676400e+04  6.028600e-01
2.677100e+04  6.107300e-01
2.677800e+04  6.109600e-01
2.678400e+04  6.038400e-01
2.679100e+04  6.126800e-01
2.679800e+04  6.167700e-01
2.680500e+04  6.117800e-01
2.681200e+04  6.159800e-01
2.681900e+04  6.154000e-01
2.682600e+04  6.194600e-01
2.683300e+04  6.268600e-01
2.684000e+04  6.256900e-01
2.684700e+04  6.256800e-01
2.685400e+04  6.231100e-01
2.686100e+04  6.269200e-01
2.686800e+04  6.308700e-01
2.687500e+04  6.223800e-01
2.688200e+04  6.238500e-01
2.688900e+04  6.292700e-01
2.689500e+04  6.253400e-01
2.690200e+04  6.228900e-01
2.690900e+04  6.236100e-01
2.691600e+04  6.262700e-01
2.692300e+04  6.239900e-01
2.693000e+04  6.241900e-01
2.693700e+04  6.337700e-01
2.694400e+04  6.288100e-01
2.695100e+04  6.241100e-01
2.695800e+04  6.302900e-01
2.696500e+04  6.233000e-01
2.697200e+04  6.183500e-01
2.697900e+04  6.202700e-01
2.698600e+04  6.196400e-01
2.699400e+04  6.197800e-01
2.700100e+04  6.160400e-01
2.700800e+04  6.199000e-01
2.701500e+04  6.241200e-01
2.702200e+04  6.141700e-01
2.702900e+04  6.100500e-01
2.703600e+04  6.113400e-01
2.704300e+04  6.082500e-01
2.705000e+04  6.091400e-01
2.705700e+04  6.074200e-01
2.706400e+04  6.040800e-01
2.707100e+04  6.051900e-01
2.707800e+04  6.004000e-01
2.708500e+04  6.033400e-01
2.709200e+04  6.093200e-01
2.709900e+04  5.993500e-01
2.710600e+04  5.986900e-01
2.711300e+04  6.023000e-01
2.712100e+04  5.936700e-01
2.712800e+04  5.911300e-01
2.713500e+04  5.922900e-01
2.714200e+04  5.897600e-01
2.714900e+04  5.886500e-01
2.715600e+04  5.874700e-01
2.716300e+04  5.852400e-01
2.717000e+04  5.867100e-01
2.717800e+04  5.883000e-01
2.718500e+04  5.838900e-01
2.719200e+04  5.812700e-01
2.719900e+04  5.835800e-01
2.720600e+04  5.867700e-01
2.721300e+04  5.871300e-01
2.722000e+04  5.797400e-01
2.722700e+04  5.728300e-01
2.723500e+04  5.758600e-01
2.724200e+04  5.788900e-01
2.724900e+04  5.759900e-01
2.725600e+04  5.757900e-01
2.726300e+04  5.730400e-01
2.727000e+04  5.681100e-01
2.727800e+04  5.688300e-01
2.728500e+04  5.680500e-01
2.729200e+04  5.661200e-01
2.729900e+04  5.658100e-01
2.730600e+04  5.659500e-01
2.731300e+04  5.655600e-01
2.732100e+04  5.642100e-01
2.732800e+04  5.651400e-01
2.733500e+04  5.619300e-01
2.734200e+04  5.625100e-01
2.735000e+04  5.683300e-01
2.735700e+04  5.631200e-01
2.736400e+04  5.593500e-01
2.737100e+04  5.603400e-01
2.737800e+04  5.605700e-01
2.738600e+04  5.653200e-01
2.739300e+04  5.675600e-01
2.740000e+04  5.641400e-01
2.740700e+04  5.619700e-01
2.741500e+04  5.667300e-01
2.742200e+04  5.684700e-01
2.742900e+04  5.610800e-01
2.743600e+04  5.587900e-01
2.744400e+04  5.603900e-01
2.745100e+04  5.598700e-01
2.745800e+04  5.596300e-01
2.746500e+04  5.584700e-01
2.747300e+04  5.574900e-01
2.748000e+04  5.583800e-01
2.748700e+04  5.593400e-01
2.749400e+04  5.581000e-01
2.750200e+04  5.559500e-01
2.750900e+04  5.572800e-01
2.751600e+04  5.615800e-01
2.752400e+04  5.609400e-01
2.753100e+04  5.574300e-01
2.753800e+04  5.576000e-01
2.754600e+04  5.633900e-01
2.755300e+04  5.713600e-01
2.756000e+04  5.672000e-01
2.756800e+04  5.594600e-01
2.757500e+04  5.612100e-01
2.758200e+04  5.611500e-01
2.759000e+04  5.589000e-01
2.759700e+04  5.610300e-01
2.760400e+04  5.620400e-01
2.761200e+04  5.609800e-01
2.761900e+04  5.654000e-01
2.762600e+04  5.673500e-01
2.763400e+04  5.647600e-01
2.764100e+04  5.683300e-01
2.764800e+04  5.643700e-01
2.765600e+04  5.603200e-01
2.766300e+04  5.652100e-01
2.767100e+04  5.616000e-01
2.767800e+04  5.656900e-01
2.768500e+04  5.704100e-01
2.769300e+04  5.621500e-01
2.770000e+04  5.707600e-01
2.770800e+04  5.775300e-01
2.771500e+04  5.698700e-01
2.772200e+04  5.732900e-01
2.773000e+04  5.733600e-01
2.773700e+04  5.690900e-01
2.774500e+04  5.719500e-01
2.775200e+04  5.728000e-01
2.775900e+04  5.730300e-01
2.776700e+04  5.767800e-01
2.777400e+04  5.770700e-01
2.778200e+04  5.763400e-01
2.778900e+04  5.794700e-01
2.779700e+04  5.775300e-01
2.780400e+04  5.789900e-01
2.781200e+04  5.837700e-01
2.781900e+04  5.807000e-01
2.782600e+04  5.822100e-01
2.783400e+04  5.839600e-01
2.784100e+04  5.820900e-01
2.784900e+04  5.815700e-01
2.785600e+04  5.852100e-01
2.786400e+04  5.926600e-01
2.787100e+04  5.918500e-01
2.787900e+04  5.924300e-01
2.788600e+04  5.920000e-01
2.789400e+04  5.857900e-01
2.790100e+04  5.878700e-01
2.790900e+04  5.895100e-01
2.791600e+04  5.879800e-01
2.792400e+04  5.898400e-01
2.793100e+04  5.922800e-01
2.793900e+04  5.923500e-01
2.794600e+04  5.920100e-01
2.795400e+04  5.938200e-01
2.796100e+04  5.939000e-01
2.796900e+04  5.937000e-01
2.797700e+04  5.954400e-01
2.798400e+04  5.960900e-01
2.799200e+04  5.954900e-01
2.799900e+04  5.975900e-01
2.800700e+04  5.978300e-01
2.801400e+04  5.979500e-01
2.802200e+04  6.056600e-01
2.802900e+04  6.083200e-01
2.803700e+04  6.081500e-01
2.804500e+04  6.077300e-01
2.805200e+04  6.017200e-01
2.806000e+04  6.031500e-01
2.806700e+04  6.050700e-01
2.807500e+04  6.023400e-01
2.808300e+04  6.049800e-01
2.809000e+04  6.071400e-01
2.809800e+04  6.055800e-01
2.810500e+04  6.064100e-01
2.811300e+04  6.077800e-01
2.812100e+04  6.066300e-01
2.812800e+04  6.079600e-01
2.813600e+04  6.087300e-01
2.814400e+04  6.096900e-01
2.815100e+04  6.133800e-01
2.815900e+04  6.117100e-01
2.816600e+04  6.105600e-01
2.817400e+04  6.118100e-01
2.818200e+04  6.125900e-01
2.818900e+04  6.158700e-01
2.819700e+04  6.165100e-01
2.820500e+04  6.163800e-01
2.821200e+04  6.163300e-01
2.822000e+04  6.149400e-01
2.822800e+04  6.157900e-01
2.823600e+04  6.147400e-01
2.824300e+04  6.134400e-01
2.825100e+04  6.154400e-01
2.825900e+04  6.148500e-01
2.826600e+04  6.146700e-01
2.827400e+04  6.187100e-01
2.828200e+04  6.193400e-01
2.828900e+04  6.178500e-01
2.829700e+04  6.190300e-01
2.830500e+04  6.192000e-01
2.831300e+04  6.196900e-01
2.832000e+04  6.212800e-01
2.832800e+04  6.217200e-01
2.833600e+04  6.229600e-01
2.834400e+04  6.244500e-01
2.835100e+04  6.243600e-01
2.835900e+04  6.240400e-01
2.836700e+04  6.243800e-01
2.837500e+04  6.249400e-01
2.838200e+04  6.264900e-01
2.839000e+04  6.269400e-01
2.839800e+04  6.251500e-01
2.840600e+04  6.251100e-01
2.841400e+04  6.265000e-01
2.842100e+04  6.269700e-01
2.842900e+04  6.270500e-01
2.843700e+04  6.272600e-01
2.844500e+04  6.276500e-01
2.845200e+04  6.276800e-01
2.846000e+04  6.280400e-01
2.846800e+04  6.293600e-01
2.847600e+04  6.293700e-01
2.848400e+04  6.297900e-01
2.849100e+04  6.326100e-01
2.849900e+04  6.320000e-01
2.850700e+04  6.295000e-01
2.851500e+04  6.306600e-01
2.852300e+04  6.313000e-01
2.853100e+04  6.320600e-01
2.853900e+04  6.346700e-01
2.854600e+04  6.347100e-01
2.855400e+04  6.336300e-01
2.856200e+04  6.335900e-01
2.857000e+04  6.340200e-01
2.857800e+04  6.340700e-01
2.858600e+04  6.344200e-01
2.859400e+04  6.360100e-01
2.860200e+04  6.361100e-01
2.860900e+04  6.357100e-01
2.861700e+04  6.362000e-01
2.862500e+04  6.359000e-01
2.863300e+04  6.363700e-01
2.864100e+04  6.371000e-01
2.864900e+04  6.364900e-01
2.865700e+04  6.370700e-01
2.866500e+04  6.390100e-01
2.867300e+04  6.390300e-01
2.868100e+04  6.384200e-01
2.868900e+04  6.395800e-01
2.869600e+04  6.393600e-01
2.870500e+04  6.391800e-01
2.871200e+04  6.415600e-01
2.872000e+04  6.424800e-01
2.872800e+04  6.424800e-01
2.873600e+04  6.429200e-01
2.874400e+04  6.424300e-01
2.875200e+04  6.427200e-01
2.876000e+04  6.432900e-01
2.876800e+04  6.434200e-01
2.877600e+04  6.442300e-01
2.878400e+04  6.445000e-01
2.879200e+04  6.440000e-01
2.880000e+04  6.446200e-01
2.880800e+04  6.458200e-01
2.881600e+04  6.461100e-01
2.882400e+04  6.461700e-01
2.883200e+04  6.467200e-01
2.884000e+04  6.475400e-01
2.884800e+04  6.481000e-01
2.885600e+04  6.485700e-01
2.886400e+04  6.490400e-01
2.887200e+04  6.493800e-01
2.888000e+04  6.502800e-01
2.888800e+04  6.510200e-01
2.889600e+04  6.508200e-01
2.890500e+04  6.513000e-01
2.891200e+04  6.517300e-01
2.892100e+04  6.514900e-01
2.892900e+04  6.523100e-01
2.893700e+04  6.532000e-01
2.894500e+04  6.533700e-01
2.895300e+04  6.540500e-01
2.896100e+04  6.549000e-01
2.896900e+04  6.548100e-01
2.897700e+04  6.554800e-01
2.898500e+04  6.568200e-01
2.899300e+04  6.558600e-01
2.900100e+04  6.575400e-01
2.901000e+04  6.607200e-01
2.901800e+04  6.588900e-01
2.902600e+04  6.580900e-01
2.903400e+04  6.592400e-01
2.904200e+04  6.597200e-01
2.905000e+04  6.608600e-01
2.905800e+04  6.608400e-01
2.906700e+04  6.607400e-01
2.907500e+04  6.616900e-01
2.908300e+04  6.626700e-01
2.909100e+04  6.630600e-01
2.909900e+04  6.636400e-01
2.910700e+04  6.643700e-01
2.911500e+04  6.640000e-01
2.912400e+04  6.644900e-01
2.913200e+04  6.661000e-01
2.914000e+04  6.668600e-01
2.914800e+04  6.671700e-01
2.915600e+04  6.679400e-01
2.916500e+04  6.689200e-01
2.917300e+04  6.690200e-01
2.918100e+04  6.693300e-01
2.918900e+04  6.702300e-01
2.919700e+04  6.707900e-01
2.920600e+04  6.719200e-01
2.921400e+04  6.728000e-01
2.922200e+04  6.724300e-01
2.923000e+04  6.740800e-01
2.923900e+04  6.762900e-01
2.924700e+04  6.754400e-01
2.925500e+04  6.757800e-01
2.926300e+04  6.777800e-01
2.927200e+04  6.775300e-01
2.928000e+04  6.775400e-01
2.928800e+04  6.792900e-01
2.929600e+04  6.794300e-01
2.930500e+04  6.793600e-01
2.931300e+04  6.814200e-01
2.932100e+04  6.819000e-01
2.933000e+04  6.820800e-01
2.933800e+04  6.840400e-01
2.934600e+04  6.842000e-01
2.935400e+04  6.846700e-01
2.936300e+04  6.868900e-01
2.937100e+04  6.873700e-01
2.937900e+04  6.877300e-01
2.938800e+04  6.890800e-01
2.939600e+04  6.890900e-01
2.940400e+04  6.900900e-01
2.941300e+04  6.923600e-01
2.942100e+04  6.928100e-01
2.942900e+04  6.937500e-01
2.943800e+04  6.951500e-01
2.944600e+04  6.954400e-01
2.945500e+04  6.961000e-01
2.946300e+04  6.969800e-01
2.947100e+04  6.981200e-01
2.948000e+04  6.984100e-01
2.948800e+04  6.988400e-01
2.949600e+04  7.004600e-01
2.950500e+04  7.004000e-01
2.951300e+04  7.008500e-01
2.952200e+04  7.031000e-01
2.953000e+04  7.035000e-01
2.953800e+04  7.039700e-01
2.954700e+04  7.055200e-01
2.955500e+04  7.058200e-01
2.956400e+04  7.064300e-01
2.957200e+04  7.080500e-01
2.958100e+04  7.086300e-01
2.958900e+04  7.089500e-01
2.959700e+04  7.101300e-01
2.960600e+04  7.107300e-01
2.961400e+04  7.110800e-01
2.962300e+04  7.119400e-01
2.963100e+04  7.124400e-01
2.964000e+04  7.132500e-01
2.964800e+04  7.147100e-01
2.965700e+04  7.152900e-01
2.966500e+04  7.158400e-01
2.967400e+04  7.173500e-01
2.968200e+04  7.179700e-01
2.969100e+04  7.183900e-01
2.969900e+04  7.203900e-01
2.970800e+04  7.216800e-01
2.971600e+04  7.219500e-01
2.972500e+04  7.234300e-01
2.973300e+04  7.245700e-01
2.974200e+04  7.247500e-01
2.975000e+04  7.267400e-01
2.975900e+04  7.287900e-01
2.976700e+04  7.285500e-01
2.977600e+04  7.299600e-01
2.978400e+04  7.321900e-01
2.979300e+04  7.318300e-01
2.980100e+04  7.329300e-01
2.981000e+04  7.353800e-01
2.981900e+04  7.358300e-01
2.982700e+04  7.371400e-01
2.983600e+04  7.387800e-01
2.984400e+04  7.387000e-01
2.985300e+04  7.397900e-01
2.986200e+04  7.418500e-01
2.987000e+04  7.423100e-01
2.987900e+04  7.429500e-01
2.988700e+04  7.446500e-01
2.989600e+04  7.452700e-01
2.990500e+04  7.459500e-01
2.991300e+04  7.479100e-01
2.992200e+04  7.489700e-01
2.993100e+04  7.492200e-01
2.993900e+04  7.509800e-01
2.994800e+04  7.521300e-01
2.995600e+04  7.520200e-01
2.996500e+04  7.542200e-01
2.997400e+04  7.554700e-01
2.998200e+04  7.550200e-01
2.999100e+04  7.570300e-01
3.000000e+04  7.580100e-01
3.000800e+04  7.579300e-01
3.001700e+04  7.600500e-01
3.002600e+04  7.610800e-01
3.003400e+04  7.609700e-01
3.004300e+04  7.623700e-01
3.005200e+04  7.640300e-01
3.006100e+04  7.651500e-01
3.006900e+04  7.666900e-01
3.007800e+04  7.676100e-01
3.008700e+04  7.679000e-01
3.009600e+04  7.693000e-01
3.010400e+04  7.699200e-01
3.011300e+04  7.699400e-01
3.012200e+04  7.720400e-01
3.013100e+04  7.734200e-01
3.013900e+04  7.733800e-01
3.014800e+04  7.750800e-01
3.015700e+04  7.764200e-01
3.016600e+04  7.770000e-01
3.017400e+04  7.790100e-01
3.018300e+04  7.799100e-01
3.019200e+04  7.800200e-01
3.020100e+04  7.812900e-01
3.021000e+04  7.824100e-01
3.021800e+04  7.834000e-01
3.022700e+04  7.839600e-01
3.023600e+04  7.850200e-01
3.024500e+04  7.861100e-01
3.025400e+04  7.859800e-01
3.026200e+04  7.870000e-01
3.027100e+04  7.883600e-01
3.028000e+04  7.888600e-01
3.028900e+04  7.904700e-01
3.029800e+04  7.911900e-01
3.030700e+04  7.908600e-01
3.031500e+04  7.921500e-01
3.032400e+04  7.936700e-01
3.033300e+04  7.934900e-01
3.034200e+04  7.943000e-01
3.035100e+04  7.962300e-01
3.036000e+04  7.958800e-01
3.036900e+04  7.966600e-01
3.037800e+04  7.989600e-01
3.038700e+04  7.983200e-01
3.039500e+04  7.983000e-01
3.040400e+04  7.999100e-01
3.041300e+04  7.995700e-01
3.042200e+04  8.002500e-01
3.043100e+04  8.017500e-01
3.044000e+04  8.015700e-01
3.044900e+04  8.018700e-01
3.045800e+04  8.029000e-01
3.046700e+04  8.032500e-01
3.047600e+04  8.033900e-01
3.048500e+04  8.048100e-01
3.049400e+04  8.061000e-01
3.050300e+04  8.051700e-01
3.051200e+04  8.058500e-01
3.052100e+04  8.071500e-01
3.053000e+04  8.062100e-01
3.053900e+04  8.073900e-01
3.054800e+04  8.083900e-01
3.055700e+04  8.068200e-01
3.056600e+04  8.070700e-01
3.057500e+04  8.075800e-01
3.058400e+04  8.065300e-01
3.059300e+04  8.075000e-01
3.060200e+04  8.090000e-01
3.061100e+04  8.081100e-01
3.062000e+04  8.082200e-01
3.062900e+04  8.094800e-01
3.063800e+04  8.092300e-01
3.064700e+04  8.090600e-01
3.065600e+04  8.093400e-01
3.066500e+04  8.083800e-01
3.067400e+04  8.085500e-01
3.068300e+04  8.098800e-01
3.069200e+04  8.087700e-01
3.070100e+04  8.083600e-01
3.071000e+04  8.096600e-01
3.071900e+04  8.088700e-01
3.072900e+04  8.086500e-01
3.073800e+04  8.094500e-01
3.074700e+04  8.082800e-01
3.075600e+04  8.066500e-01
3.076500e+04  8.068100e-01
3.077400e+04  8.065200e-01
3.078300e+04  8.054800e-01
3.079300e+04  8.062800e-01
3.080200e+04  8.057400e-01
3.081100e+04  8.048900e-01
3.082000e+04  8.057700e-01
3.082900e+04  8.043100e-01
3.083800e+04  8.032200e-01
3.084700e+04  8.041900e-01
3.085700e+04  8.033300e-01
3.086600e+04  8.018600e-01
3.087500e+04  8.018500e-01
3.088400e+04  8.015600e-01
3.089300e+04  7.995500e-01
3.090300e+04  7.991800e-01
3.091200e+04  7.999400e-01
3.092100e+04  7.980800e-01
3.093000e+04  7.975500e-01
3.094000e+04  7.980300e-01
3.094900e+04  7.956600e-01
3.095800e+04  7.948400e-01
3.096700e+04  7.948300e-01
3.097700e+04  7.927500e-01
3.098600e+04  7.924900e-01
3.099500e+04  7.928000e-01
3.100400e+04  7.907100e-01
3.101400e+04  7.892300e-01
3.102300e+04  7.892100e-01
3.103200e+04  7.876700e-01
3.104100e+04  7.860100e-01
3.105100e+04  7.864600e-01
3.106000e+04  7.856000e-01
3.106900e+04  7.832400e-01
3.107900e+04  7.829100e-01
3.108800e+04  7.818400e-01
3.109700e+04  7.795500e-01
3.110700e+04  7.795700e-01
3.111600e+04  7.785900e-01
3.112500e+04  7.760100e-01
3.113500e+04  7.757900e-01
3.114400e+04  7.755400e-01
3.115300e+04  7.736500e-01
3.116300e+04  7.723200e-01
3.117200e+04  7.712700e-01
3.118100e+04  7.695400e-01
3.119100e+04  7.686800e-01
3.120000e+04  7.675500e-01
3.120900e+04  7.648200e-01
3.121900e+04  7.641300e-01
3.122800e+04  7.634200e-01
3.123800e+04  7.603800e-01
3.124700e+04  7.591900e-01
3.125600e+04  7.591600e-01
3.126600e+04  7.574600e-01
3.127500e+04  7.560200e-01
3.128500e+04  7.553300e-01
3.129400e+04  7.530600e-01
3.130400e+04  7.509000e-01
3.131300e+04  7.505000e-01
3.132300e+04  7.489200e-01
3.133200e+04  7.470900e-01
3.134200e+04  7.469300e-01
3.135100e+04  7.453300e-01
3.136000e+04  7.426700e-01
3.137000e+04  7.419400e-01
3.137900e+04  7.407700e-01
3.138900e+04  7.389500e-01
3.139800e+04  7.384900e-01
3.140800e+04  7.362600e-01
3.141800e+04  7.335100e-01
3.142700e+04  7.336500e-01
3.143700e+04  7.329100e-01
3.144600e+04  7.301300e-01
3.145600e+04  7.293700e-01
3.146500e+04  7.288300e-01
3.147500e+04  7.261600e-01
3.148400e+04  7.251100e-01
3.149400e+04  7.241700e-01
3.150300e+04  7.214000e-01
3.151300e+04  7.202700e-01
3.152300e+04  7.193100e-01
3.153200e+04  7.176200e-01
3.154200e+04  7.172300e-01
3.155100e+04  7.159300e-01
3.156100e+04  7.133000e-01
3.157000e+04  7.119200e-01
3.158000e+04  7.112700e-01
3.159000e+04  7.094000e-01
3.159900e+04  7.079900e-01
3.160900e+04  7.076800e-01
3.161900e+04  7.055200e-01
3.162800e+04  7.034700e-01
3.163800e+04  7.032600e-01
3.164800e+04  7.015100e-01
3.165700e+04  6.996500e-01
3.166700e+04  6.995800e-01
3.167700e+04  6.981600e-01
3.168600e+04  6.959500e-01
3.169600e+04  6.953900e-01
3.170600e+04  6.945100e-01
3.171500e+04  6.927100e-01
3.172500e+04  6.916100e-01
3.173500e+04  6.901600e-01
3.174400e+04  6.888500e-01
3.175400e+04  6.884800e-01
3.176400e+04  6.868400e-01
3.177400e+04  6.845100e-01
3.178300e+04  6.840600e-01
3.179300e+04  6.836600e-01
3.180300e+04  6.815800e-01
3.181300e+04  6.808600e-01
3.182200e+04  6.803500e-01
3.183200e+04  6.778500e-01
3.184200e+04  6.771400e-01
3.185200e+04  6.769300e-01
3.186200e+04  6.744800e-01
3.187100e+04  6.733300e-01
3.188100e+04  6.731900e-01
3.189100e+04  6.709000e-01
3.190100e+04  6.691200e-01
3.191100e+04  6.692600e-01
3.192000e+04  6.676300e-01
3.193000e+04  6.661000e-01
3.194000e+04  6.665100e-01
3.195000e+04  6.647900e-01
3.196000e+04  6.630700e-01
3.196900e+04  6.630400e-01
3.197900e+04  6.619800e-01
3.198900e+04  6.608500e-01
3.199900e+04  6.602100e-01
3.200900e+04  6.590600e-01
3.201900e+04  6.583900e-01
3.202900e+04  6.586800e-01
3.203900e+04  6.578300e-01
3.204900e+04  6.560500e-01
3.205800e+04  6.565600e-01
3.206800e+04  6.567900e-01
3.207800e+04  6.546800e-01
3.208800e+04  6.546500e-01
3.209800e+04  6.554600e-01
3.210800e+04  6.538900e-01
3.211800e+04  6.535900e-01
3.212800e+04  6.538100e-01
3.213800e+04  6.516600e-01
3.214800e+04  6.512000e-01
3.215800e+04  6.518400e-01
3.216800e+04  6.502000e-01
3.217800e+04  6.497600e-01
3.218800e+04  6.499000e-01
3.219800e+04  6.477500e-01
3.220800e+04  6.470400e-01
3.221800e+04  6.477000e-01
3.222800e+04  6.458700e-01
3.223800e+04  6.450000e-01
3.224800e+04  6.458100e-01
3.225800e+04  6.441600e-01
3.226800e+04  6.426100e-01
3.227800e+04  6.427500e-01
3.228800e+04  6.424100e-01
3.229800e+04  6.412800e-01
3.230800e+04  6.404300e-01
3.231800e+04  6.398600e-01
3.232800e+04  6.385400e-01
3.233800e+04  6.381000e-01
3.234800e+04  6.378900e-01
3.235900e+04  6.356800e-01
3.236900e+04  6.347400e-01
3.237900e+04  6.350500e-01
3.238900e+04  6.335100e-01
3.239900e+04  6.323500e-01
3.240900e+04  6.320500e-01
3.241900e+04  6.303600e-01
3.242900e+04  6.298800e-01
3.243900e+04  6.303300e-01
3.245000e+04  6.293800e-01
3.246000e+04  6.299400e-01
3.247000e+04  6.320400e-01
3.248000e+04  6.317900e-01
3.249000e+04  6.330500e-01
3.250100e+04  6.351000e-01
3.251100e+04  6.349000e-01
3.252100e+04  6.357200e-01
3.253100e+04  6.371800e-01
3.254100e+04  6.367500e-01
3.255200e+04  6.364000e-01
3.256200e+04  6.371200e-01
3.257200e+04  6.367200e-01
3.258200e+04  6.363900e-01
3.259200e+04  6.369100e-01
3.260300e+04  6.366400e-01
3.261300e+04  6.366100e-01
3.262300e+04  6.376000e-01
3.263400e+04  6.371300e-01
3.264400e+04  6.357800e-01
3.265400e+04  6.367400e-01
3.266400e+04  6.370400e-01
3.267500e+04  6.355800e-01
3.268500e+04  6.364000e-01
3.269500e+04  6.365600e-01
3.270600e+04  6.355800e-01
3.271600e+04  6.373900e-01
3.272600e+04  6.375600e-01
3.273600e+04  6.348900e-01
3.274700e+04  6.354200e-01
3.275700e+04  6.366500e-01
3.276800e+04  6.348900e-01
3.277800e+04  6.350700e-01
3.278800e+04  6.367300e-01
3.279900e+04  6.356300e-01
3.280900e+04  6.348600e-01
3.281900e+04  6.356100e-01
3.283000e+04  6.346900e-01
3.284000e+04  6.339900e-01
3.285000e+04  6.349800e-01
3.286100e+04  6.343700e-01
3.287100e+04  6.334200e-01
3.288200e+04  6.345500e-01
3.289200e+04  6.341400e-01
3.290300e+04  6.332000e-01
3.291300e+04  6.343000e-01
3.292400e+04  6.337600e-01
3.293400e+04  6.325800e-01
3.294500e+04  6.336000e-01
3.295500e+04  6.333700e-01
3.296500e+04  6.324300e-01
3.297600e+04  6.334200e-01
3.298600e+04  6.332700e-01
3.299700e+04  6.317600e-01
3.300700e+04  6.321500e-01
3.301800e+04  6.321300e-01
3.302800e+04  6.305500e-01
3.303900e+04  6.313600e-01
3.304900e+04  6.316100e-01
3.306000e+04  6.292400e-01
3.307000e+04  6.300000e-01
3.308100e+04  6.309900e-01
3.309200e+04  6.288700e-01
3.310200e+04  6.288800e-01
3.311300e+04  6.289800e-01
3.312300e+04  6.268600e-01
3.313400e+04  6.270000e-01
3.314500e+04  6.271800e-01
3.315500e+04  6.252100e-01
3.316600e+04  6.246500e-01
3.317600e+04  6.247200e-01
3.318700e+04  6.231500e-01
3.319800e+04  6.219900e-01
3.320800e+04  6.216000e-01
3.321900e+04  6.199300e-01
3.322900e+04  6.192400e-01
3.324000e+04  6.214100e-01
3.325100e+04  6.211900e-01
3.326100e+04  6.214300e-01
3.327200e+04  6.241600e-01
3.328300e+04  6.247800e-01
3.329300e+04  6.244400e-01
3.330400e+04  6.251500e-01
3.331500e+04  6.245700e-01
3.332600e+04  6.237800e-01
3.333600e+04  6.249300e-01
3.334700e+04  6.252800e-01
3.335800e+04  6.245400e-01
3.336800e+04  6.252900e-01
3.337900e+04  6.256500e-01
3.339000e+04  6.239000e-01
3.340100e+04  6.236700e-01
3.341200e+04  6.245500e-01
3.342200e+04  6.234600e-01
3.343300e+04  6.233900e-01
3.344400e+04  6.239500e-01
3.345500e+04  6.226100e-01
3.346500e+04  6.227500e-01
3.347600e+04  6.237100e-01
3.348700e+04  6.221700e-01
3.349800e+04  6.214300e-01
3.350900e+04  6.226200e-01
3.351900e+04  6.216800e-01
3.353000e+04  6.208400e-01
3.354100e+04  6.219300e-01
3.355200e+04  6.209300e-01
3.356300e+04  6.198300e-01
3.357400e+04  6.208600e-01
3.358500e+04  6.203100e-01
3.359500e+04  6.193300e-01
3.360600e+04  6.201500e-01
3.361700e+04  6.194400e-01
3.362800e+04  6.181000e-01
3.363900e+04  6.189600e-01
3.365000e+04  6.185500e-01
3.366100e+04  6.167200e-01
3.367200e+04  6.175300e-01
3.368300e+04  6.175200e-01
3.369400e+04  6.153500e-01
3.370500e+04  6.157200e-01
3.371600e+04  6.163100e-01
3.372700e+04  6.148700e-01
3.373700e+04  6.152000e-01
3.374900e+04  6.154400e-01
3.376000e+04  6.136600e-01
3.377000e+04  6.135500e-01
3.378100e+04  6.140000e-01
3.379300e+04  6.127200e-01
3.380400e+04  6.123600e-01
3.381400e+04  6.135300e-01
3.382600e+04  6.129500e-01
3.383700e+04  6.129100e-01
3.384800e+04  6.147400e-01
3.385900e+04  6.138300e-01
3.387000e+04  6.131700e-01
3.388100e+04  6.150400e-01
3.389200e+04  6.145500e-01
3.390300e+04  6.141000e-01
3.391400e+04  6.156200e-01
3.392500e+04  6.151500e-01
3.393600e+04  6.148600e-01
3.394700e+04  6.164000e-01
3.395800e+04  6.156900e-01
3.397000e+04  6.149300e-01
3.398100e+04  6.162900e-01
3.399200e+04  6.157600e-01
3.400300e+04  6.151500e-01
3.401400e+04  6.163900e-01
3.402500e+04  6.156500e-01
3.403700e+04  6.144500e-01
3.404800e+04  6.153400e-01
3.405900e+04  6.153300e-01
3.407000e+04  6.140800e-01
3.408100e+04  6.144100e-01
3.409200e+04  6.146100e-01
3.410400e+04  6.131900e-01
3.411500e+04  6.134600e-01
3.412600e+04  6.139700e-01
3.413700e+04  6.119400e-01
3.414900e+04  6.115300e-01
3.416000e+04  6.124500e-01
3.417100e+04  6.105400e-01
3.418200e+04  6.096500e-01
3.419400e+04  6.104100e-01
3.420500e+04  6.092100e-01
3.421600e+04  6.088100e-01
3.422700e+04  6.090300e-01
3.423900e+04  6.074400e-01
3.425000e+04  6.066600e-01
3.426100e+04  6.068900e-01
3.427300e+04  6.062300e-01
3.428400e+04  6.061100e-01
3.429500e+04  6.078500e-01
3.430700e+04  6.107700e-01
3.431800e+04  6.150200e-01
3.432900e+04  6.207300e-01
3.434100e+04  6.246900e-01
3.435200e+04  6.268200e-01
3.436400e+04  6.305600e-01
3.437500e+04  6.334000e-01
3.438600e+04  6.339300e-01
3.439800e+04  6.361100e-01
3.440900e+04  6.384400e-01
3.442100e+04  6.395500e-01
3.443200e+04  6.417900e-01
3.444300e+04  6.433700e-01
3.445500e+04  6.433900e-01
3.446600e+04  6.450200e-01
3.447800e+04  6.471100e-01
3.448900e+04  6.472800e-01
3.450100e+04  6.488300e-01
3.451200e+04  6.514700e-01
3.452400e+04  6.518000e-01
3.453500e+04  6.528200e-01
3.454700e+04  6.555500e-01
3.455800e+04  6.561800e-01
3.457000e+04  6.569200e-01
3.458100e+04  6.596800e-01
3.459300e+04  6.605400e-01
3.460400e+04  6.609300e-01
3.461600e+04  6.634200e-01
3.462700e+04  6.644800e-01
3.463900e+04  6.652000e-01
3.465100e+04  6.676000e-01
3.466200e+04  6.680900e-01
3.467400e+04  6.686200e-01
3.468500e+04  6.720500e-01
3.469700e+04  6.731200e-01
3.470900e+04  6.723500e-01
3.472000e+04  6.748900e-01
3.473200e+04  6.767200e-01
3.474300e+04  6.765900e-01
3.475500e+04  6.788700e-01
3.476700e+04  6.806400e-01
3.477800e+04  6.802800e-01
3.479000e+04  6.819800e-01
3.480200e+04  6.841700e-01
3.481300e+04  6.838700e-01
3.482500e+04  6.853800e-01
3.483700e+04  6.884800e-01
3.484800e+04  6.884000e-01
3.486000e+04  6.892300e-01
3.487200e+04  6.920400e-01
3.488400e+04  6.925000e-01
3.489500e+04  6.930600e-01
3.490700e+04  6.947900e-01
3.491900e+04  6.954300e-01
3.493100e+04  6.944200e-01
3.494200e+04  6.964000e-01
3.495400e+04  6.964100e-01
3.496600e+04  6.968800e-01
3.497800e+04  6.989500e-01
3.499000e+04  6.988800e-01
3.500100e+04  6.985000e-01
3.501300e+04  7.001900e-01
3.502500e+04  7.005900e-01
3.503700e+04  6.997000e-01
3.504900e+04  7.007300e-01
3.506100e+04  7.012000e-01
3.507200e+04  6.999800e-01
3.508400e+04  7.007000e-01
3.509600e+04  7.002800e-01
3.510800e+04  6.986700e-01
3.512000e+04  7.002700e-01
3.513200e+04  7.020700e-01
3.514400e+04  7.049400e-01
3.515600e+04  7.123200e-01
3.516800e+04  7.186600e-01
3.518000e+04  7.210000e-01
3.519100e+04  7.238900e-01
3.520300e+04  7.274900e-01
3.521500e+04  7.289000e-01
3.522700e+04  7.304600e-01
3.523900e+04  7.327800e-01
3.525100e+04  7.333300e-01
3.526300e+04  7.349700e-01
3.527500e+04  7.379700e-01
3.528700e+04  7.381800e-01
3.529900e+04  7.386600e-01
3.531100e+04  7.415900e-01
3.532300e+04  7.429800e-01
3.533500e+04  7.439600e-01
3.534700e+04  7.461500e-01
3.535900e+04  7.465700e-01
3.537100e+04  7.468000e-01
3.538400e+04  7.491500e-01
3.539600e+04  7.505500e-01
3.540800e+04  7.507800e-01
3.542000e+04  7.526000e-01
3.543200e+04  7.538400e-01
3.544400e+04  7.540000e-01
3.545600e+04  7.561200e-01
3.546800e+04  7.579300e-01
3.548000e+04  7.580500e-01
3.549200e+04  7.595000e-01
3.550500e+04  7.608300e-01
3.551700e+04  7.607800e-01
3.552900e+04  7.625500e-01
3.554100e+04  7.643900e-01
3.555300e+04  7.639800e-01
3.556600e+04  7.650300e-01
3.557800e+04  7.666700e-01
3.559000e+04  7.672500e-01
3.560200e+04  7.693900e-01
3.561400e+04  7.707200e-01
3.562700e+04  7.702800e-01
3.563900e+04  7.716500e-01
3.565100e+04  7.735400e-01
3.566300e+04  7.730800e-01
3.567600e+04  7.742500e-01
3.568800e+04  7.774200e-01
3.570000e+04  7.773000e-01
3.571200e+04  7.773900e-01
3.572500e+04  7.798600e-01
3.573700e+04  7.804100e-01
3.574900e+04  7.809400e-01
3.576200e+04  7.826600e-01
3.577400e+04  7.831800e-01
3.578600e+04  7.836200e-01
3.579900e+04  7.853400e-01
3.581100e+04  7.865300e-01
3.582400e+04  7.866500e-01
3.583600e+04  7.880200e-01
3.584800e+04  7.894900e-01
3.586100e+04  7.897100e-01
3.587300e+04  7.910600e-01
3.588600e+04  7.925600e-01
3.589800e+04  7.930200e-01
3.591000e+04  7.947800e-01
3.592300e+04  7.960000e-01
3.593500e+04  7.951700e-01
3.594800e+04  7.967400e-01
3.596000e+04  7.990900e-01
3.597300e+04  7.987400e-01
3.598500e+04  7.999700e-01
3.599800e+04  8.027600e-01
3.601000e+04  8.023400e-01
3.602300e+04  8.024700e-01
3.603500e+04  8.053200e-01
3.604800e+04  8.055400e-01
3.606000e+04  8.053600e-01
3.607300e+04  8.078400e-01
3.608500e+04  8.087000e-01
3.609800e+04  8.090800e-01
3.611000e+04  8.115500e-01
3.612300e+04  8.123400e-01
3.613600e+04  8.122200e-01
3.614800e+04  8.143700e-01
3.616100e+04  8.152700e-01
3.617300e+04  8.152100e-01
3.618600e+04  8.174000e-01
3.619900e+04  8.185200e-01
3.621100e+04  8.192500e-01
3.622400e+04  8.215900e-01
3.623700e+04  8.216600e-01
3.624900e+04  8.215300e-01
3.626200e+04  8.249600e-01
3.627500e+04  8.266700e-01
3.628700e+04  8.255800e-01
3.630000e+04  8.276800e-01
3.631300e+04  8.300500e-01
3.632600e+04  8.291900e-01
3.633800e+04  8.306900e-01
3.635100e+04  8.341200e-01
3.636400e+04  8.343900e-01
3.637600e+04  8.347000e-01
3.638900e+04  8.370000e-01
3.640200e+04  8.377000e-01
3.641500e+04  8.384800e-01
3.642800e+04  8.406300e-01
3.644000e+04  8.404600e-01
3.645300e+04  8.412800e-01
3.646600e+04  8.452900e-01
3.647900e+04  8.462300e-01
3.649200e+04  8.457700e-01
3.650400e+04  8.483000e-01
3.651700e+04  8.497400e-01
3.653000e+04  8.500600e-01
3.654300e+04  8.526600e-01
3.655600e+04  8.544600e-01
3.656900e+04  8.543600e-01
3.658200e+04  8.561700e-01
3.659500e+04  8.584900e-01
3.660700e+04  8.597400e-01
3.662100e+04  8.624100e-01
3.663300e+04  8.635300e-01
3.664600e+04  8.631900e-01
3.665900e+04  8.658400e-01
3.667200e+04  8.678800e-01
3.668500e+04  8.682600e-01
3.669800e+04  8.706700e-01
3.671100e+04  8.730700e-01
3.672400e+04  8.741000e-01
3.673700e+04  8.762300e-01
3.675000e+04  8.790000e-01
3.676300e+04  8.794700e-01
3.677600e+04  8.805900e-01
3.678900e+04  8.838000e-01
3.680200e+04  8.847100e-01
3.681600e+04  8.867100e-01
3.682800e+04  8.905700e-01
3.684200e+04  8.912500e-01
3.685500e+04  8.926700e-01
3.686800e+04  8.958900e-01
3.688100e+04  8.969100e-01
3.689400e+04  8.981100e-01
3.690700e+04  9.010500e-01
3.692000e+04  9.030000e-01
3.693400e+04  9.048400e-01
3.694700e+04  9.089100e-01
3.696000e+04  9.111100e-01
3.697300e+04  9.116600e-01
3.698600e+04  9.150200e-01
3.699900e+04  9.164900e-01
3.701300e+04  9.167400e-01
3.702600e+04  9.212500e-01
3.703900e+04  9.248500e-01
3.705200e+04  9.253800e-01
3.706500e+04  9.279900e-01
3.707900e+04  9.311400e-01
3.709200e+04  9.327200e-01
3.710500e+04  9.361300e-01
3.711800e+04  9.386600e-01
3.713200e+04  9.391600e-01
3.714500e+04  9.433400e-01
3.715800e+04  9.477200e-01
3.717200e+04  9.481900e-01
3.718500e+04  9.499500e-01
3.719800e+04  9.534500e-01
3.721200e+04  9.552500e-01
3.722500e+04  9.577400e-01
3.723900e+04  9.611200e-01
3.725200e+04  9.617500e-01
3.726500e+04  9.637700e-01
3.727900e+04  9.683500e-01
3.729200e+04  9.693800e-01
3.730600e+04  9.715100e-01
3.731900e+04  9.767000e-01
3.733200e+04  9.774100e-01
3.734600e+04  9.782900e-01
3.735900e+04  9.824500e-01
3.737300e+04  9.840700e-01
3.738600e+04  9.858400e-01
3.740000e+04  9.889000e-01
3.741300e+04  9.896800e-01
3.742700e+04  9.907200e-01
3.744000e+04  9.930900e-01
3.745400e+04  9.948900e-01
3.746700e+04  9.958400e-01
3.748100e+04  9.971700e-01
3.749400e+04  9.986000e-01
3.750800e+04  9.986300e-01
3.752100e+04  9.990000e-01
3.753500e+04  1.000000e+00
3.754900e+04  9.999500e-01
3.756200e+04  9.999300e-01
3.757600e+04  9.995800e-01
3.758900e+04  9.976900e-01
3.760300e+04  9.963800e-01
3.761700e+04  9.962000e-01
3.763000e+04  9.932000e-01
3.764400e+04  9.895300e-01
3.765800e+04  9.888600e-01
3.767100e+04  9.853700e-01
3.768500e+04  9.801700e-01
3.769900e+04  9.774300e-01
3.771200e+04  9.729500e-01
3.772600e+04  9.675200e-01
3.774000e+04  9.621600e-01
3.775400e+04  9.551800e-01
3.776700e+04  9.486500e-01
3.778100e+04  9.422900e-01
3.779500e+04  9.336200e-01
3.780900e+04  9.245400e-01
3.782200e+04  9.171700e-01
3.783600e+04  9.067300e-01
3.785000e+04  8.943100e-01
3.786400e+04  8.859800e-01
3.787800e+04  8.760300e-01
3.789200e+04  8.621200e-01
3.790500e+04  8.495600e-01
3.791900e+04  8.370600e-01
3.793300e+04  8.232200e-01
3.794700e+04  8.098700e-01
3.796100e+04  7.964200e-01
3.797500e+04  7.812700e-01
3.798900e+04  7.653700e-01
3.800300e+04  7.495600e-01
3.801700e+04  7.339900e-01
3.803100e+04  7.188700e-01
3.804500e+04  7.030000e-01
3.805800e+04  6.854800e-01
3.807200e+04  6.677700e-01
3.808600e+04  6.521200e-01
3.810000e+04  6.357000e-01
3.811400e+04  6.169000e-01
3.812800e+04  6.006700e-01
3.814200e+04  5.844300e-01
3.815600e+04  5.666100e-01
3.817000e+04  5.508700e-01
3.818400e+04  5.341000e-01
3.819900e+04  5.162300e-01
3.821300e+04  5.004200e-01
3.822700e+04  4.845000e-01
3.824100e+04  4.678800e-01
3.825500e+04  4.530500e-01
3.826900e+04  4.385400e-01
3.828300e+04  4.226600e-01
3.829700e+04  4.080500e-01
3.831200e+04  3.939800e-01
3.832600e+04  3.795200e-01
3.834000e+04  3.664500e-01
3.835400e+04  3.527100e-01
3.836800e+04  3.388700e-01
3.838200e+04  3.271000e-01
3.839700e+04  3.156600e-01
3.841100e+04  3.039300e-01
3.842500e+04  2.923000e-01
3.843900e+04  2.808500e-01
3.845400e+04  2.701300e-01
3.846800e+04  2.599900e-01
3.848200e+04  2.500900e-01
3.849600e+04  2.405700e-01
3.851100e+04  2.317400e-01
3.852500e+04  2.228900e-01
3.853900e+04  2.139600e-01
3.855400e+04  2.057600e-01
3.856800e+04  1.974700e-01
3.858200e+04  1.892700e-01
3.859700e+04  1.820800e-01
3.861100e+04  1.752000e-01
3.862500e+04  1.684000e-01
3.864000e+04  1.622100e-01
3.865400e+04  1.561800e-01
3.866900e+04  1.497500e-01
3.868300e+04  1.443800e-01
3.869800e+04  1.397300e-01
3.871200e+04  1.333500e-01
3.872600e+04  1.274900e-01
3.874100e+04  1.237600e-01
3.875500e+04  1.188300e-01
3.877000e+04  1.135800e-01
3.878400e+04  1.098000e-01
3.879900e+04  1.055000e-01
3.881300e+04  1.012600e-01
3.882800e+04  9.749400e-02
3.884200e+04  9.326400e-02
3.885700e+04  9.035100e-02
3.887200e+04  8.727200e-02
3.888600e+04  8.340900e-02
3.890100e+04  8.108000e-02
3.891500e+04  7.816200e-02
3.893000e+04  7.481800e-02
3.894400e+04  7.265200e-02
3.895900e+04  6.986400e-02
3.897400e+04  6.674000e-02
3.898800e+04  6.454700e-02
3.900300e+04  6.257400e-02
3.901800e+04  5.974800e-02
3.903200e+04  5.721100e-02
3.904700e+04  5.554800e-02
3.906200e+04  5.350100e-02
3.907700e+04  5.157700e-02
3.909100e+04  5.024300e-02
3.910600e+04  4.913600e-02
3.912100e+04  4.742600e-02
3.913500e+04  4.447100e-02
3.915000e+04  4.244900e-02
3.916500e+04  4.220300e-02
3.918000e+04  4.081000e-02
3.919500e+04  3.851400e-02
3.920900e+04  3.736000e-02
3.922400e+04  3.636000e-02
3.923900e+04  3.533800e-02
3.925400e+04  3.434700e-02
3.926900e+04  3.325800e-02
3.928400e+04  3.219000e-02
3.929900e+04  3.021400e-02
3.931400e+04  2.926000e-02
3.932800e+04  2.914000e-02
3.934300e+04  2.822100e-02
3.935800e+04  2.795400e-02
3.937300e+04  2.665200e-02
3.938800e+04  2.478100e-02
3.940300e+04  2.478200e-02
3.941800e+04  2.474700e-02
3.943300e+04  2.357400e-02
3.944800e+04  2.227400e-02
3.946300e+04  2.212500e-02
3.947800e+04  2.150200e-02
3.949300e+04  2.018200e-02
3.950800e+04  2.016700e-02
3.952300e+04  1.977900e-02
3.953800e+04  1.891700e-02
3.955300e+04  1.806200e-02
3.956900e+04  1.734600e-02
3.958400e+04  1.728600e-02
3.959900e+04  1.638800e-02
3.961400e+04  1.582500e-02
3.962900e+04  1.635900e-02
3.964400e+04  1.632100e-02
3.965900e+04  1.521800e-02
3.967400e+04  1.411100e-02
3.969000e+04  1.449100e-02
3.970500e+04  1.462100e-02
3.972000e+04  1.359000e-02
3.973500e+04  1.293900e-02
3.975000e+04  1.233500e-02
3.976600e+04  1.207400e-02
3.978100e+04  1.191500e-02
3.979600e+04  1.138600e-02
3.981200e+04  1.121300e-02
3.982700e+04  1.109400e-02
3.984200e+04  1.072800e-02
3.985700e+04  1.057600e-02
3.987300e+04  9.850300e-03
3.988800e+04  9.101100e-03
3.990400e+04  9.637000e-03
3.991900e+04  9.769600e-03
3.993400e+04  9.096800e-03
3.995000e+04  9.379200e-03
3.996500e+04  9.181800e-03
3.998000e+04  8.587500e-03
3.999600e+04  8.959000e-03
4.001100e+04  8.365200e-03
4.002700e+04  7.838100e-03
4.004200e+04  8.303700e-03
4.005800e+04  7.303200e-03
4.007300e+04  7.056100e-03
4.008900e+04  8.474000e-03
4.010400e+04  7.944000e-03
4.012000e+04  7.338100e-03
4.013500e+04  8.440300e-03
4.015100e+04  7.725300e-03
4.016600e+04  6.388700e-03
4.018200e+04  6.680800e-03
4.019700e+04  6.639500e-03
4.021300e+04  6.135800e-03
4.022900e+04  6.007900e-03
4.024400e+04  6.741700e-03
4.026000e+04  6.940500e-03
4.027500e+04  5.284000e-03
4.029100e+04  4.821000e-03
4.030700e+04  5.498000e-03
4.032200e+04  5.594600e-03
4.033800e+04  5.796100e-03
4.035400e+04  5.396900e-03
4.037000e+04  5.652800e-03
4.038500e+04  5.826700e-03
4.040100e+04  4.814000e-03
4.041700e+04  5.360400e-03
4.043200e+04  5.881800e-03
4.044800e+04  5.085000e-03
4.046400e+04  5.272900e-03
4.048000e+04  5.939000e-03
4.049600e+04  6.059000e-03
4.051100e+04  5.609300e-03
4.052700e+04  4.786200e-03
4.054300e+04  5.387700e-03
4.055900e+04  5.215700e-03
4.057500e+04  4.121000e-03
4.059100e+04  5.067400e-03
4.060700e+04  5.295300e-03
4.062300e+04  4.615000e-03
4.063800e+04  5.338100e-03
4.065400e+04  5.129000e-03
4.067000e+04  4.728800e-03
4.068600e+04  5.675500e-03
4.070200e+04  5.634400e-03
4.071800e+04  4.605700e-03
4.073400e+04  4.219200e-03
4.075000e+04  4.716300e-03
4.076600e+04  5.039900e-03
4.078200e+04  4.518900e-03
4.079800e+04  4.840400e-03
4.081400e+04  4.412300e-03
4.083000e+04  2.834500e-03
4.084700e+04  3.906300e-03
4.086300e+04  5.392300e-03
4.087900e+04  4.135600e-03
4.089500e+04  3.883600e-03
4.091100e+04  5.088200e-03
4.092700e+04  4.661400e-03
4.094300e+04  4.155300e-03
4.095900e+04  4.691800e-03
4.097600e+04  4.815500e-03
4.099200e+04  4.843400e-03
4.100800e+04  4.586700e-03
4.102400e+04  3.998000e-03
4.104000e+04  4.132300e-03
4.105700e+04  4.105700e-03
4.107300e+04  4.189300e-03
4.108900e+04  4.081400e-03
4.110500e+04  3.610600e-03
4.112200e+04  4.619900e-03
4.113800e+04  4.875400e-03
4.115400e+04  3.990400e-03
4.117100e+04  4.222900e-03
4.118700e+04  4.235000e-03
4.120300e+04  4.138900e-03
4.122000e+04  4.168900e-03
4.123600e+04  4.049600e-03
4.125300e+04  4.170800e-03
4.126900e+04  4.469300e-03
4.128600e+04  4.887500e-03
4.130200e+04  4.711500e-03
4.131800e+04  4.713600e-03
4.133500e+04  4.621000e-03
4.135100e+04  3.327400e-03
4.136800e+04  3.288100e-03
4.138400e+04  4.908500e-03
4.140100e+04  4.600100e-03
4.141700e+04  2.899300e-03
4.143400e+04  3.626300e-03
4.145100e+04  5.301200e-03
4.146700e+04  4.737800e-03
4.148400e+04  4.455100e-03
4.150000e+04  5.049200e-03
4.151700e+04  4.901100e-03
4.153300e+04  4.253200e-03
4.155000e+04  4.268800e-03
4.156700e+04  5.163400e-03
4.158300e+04  5.040700e-03
4.160000e+04  3.974200e-03
4.161700e+04  3.665900e-03
