# Wavelength(Angstrom)  Transmission
4.582800e+04  7.331800e-06
4.584800e+04  8.286000e-06
4.586900e+04  9.255200e-06
4.588900e+04  9.787600e-06
4.590900e+04  9.943600e-06
4.593000e+04  1.046600e-05
4.595000e+04  1.152300e-05
4.597000e+04  1.250300e-05
4.599100e+04  1.320700e-05
4.601100e+04  1.384800e-05
4.603200e+04  1.396800e-05
4.605200e+04  1.373600e-05
4.607200e+04  1.437500e-05
4.609300e+04  1.563000e-05
4.611300e+04  1.671700e-05
4.613400e+04  1.734900e-05
4.615500e+04  1.791300e-05
4.617500e+04  1.881900e-05
4.619600e+04  1.981000e-05
4.621600e+04  2.041100e-05
4.623700e+04  2.068700e-05
4.625700e+04  2.125800e-05
4.627800e+04  2.214400e-05
4.629900e+04  2.263500e-05
4.631900e+04  2.258000e-05
4.634000e+04  2.259300e-05
4.636100e+04  2.295900e-05
4.638200e+04  2.354800e-05
4.640200e+04  2.412100e-05
4.642300e+04  2.519700e-05
4.644400e+04  2.661900e-05
4.646500e+04  2.822700e-05
4.648600e+04  2.941300e-05
4.650600e+04  3.017200e-05
4.652700e+04  3.151800e-05
4.654800e+04  3.361100e-05
4.656900e+04  3.516600e-05
4.659000e+04  3.551800e-05
4.661100e+04  3.603200e-05
4.663200e+04  3.766000e-05
4.665300e+04  3.945200e-05
4.667400e+04  4.056400e-05
4.669500e+04  4.147300e-05
4.671600e+04  4.233200e-05
4.673700e+04  4.279000e-05
4.675800e+04  4.337800e-05
4.677900e+04  4.523200e-05
4.680000e+04  4.806600e-05
4.682100e+04  5.022000e-05
4.684200e+04  5.120400e-05
4.686400e+04  5.127200e-05
4.688500e+04  5.194800e-05
4.690600e+04  5.537100e-05
4.692700e+04  5.847600e-05
4.694800e+04  5.960100e-05
4.697000e+04  6.085200e-05
4.699100e+04  6.280100e-05
4.701200e+04  6.492900e-05
4.703400e+04  6.718400e-05
4.705500e+04  6.898300e-05
4.707600e+04  7.092300e-05
4.709800e+04  7.436700e-05
4.711900e+04  7.713100e-05
4.714100e+04  7.791500e-05
4.716200e+04  7.927900e-05
4.718300e+04  8.276100e-05
4.720500e+04  8.648500e-05
4.722600e+04  8.767900e-05
4.724800e+04  8.686900e-05
4.726900e+04  8.847400e-05
4.729100e+04  9.327300e-05
4.731300e+04  9.656600e-05
4.733400e+04  9.729100e-05
4.735600e+04  9.986800e-05
4.737700e+04  1.049600e-04
4.739900e+04  1.076800e-04
4.742100e+04  1.071700e-04
4.744200e+04  1.074200e-04
4.746400e+04  1.095200e-04
4.748600e+04  1.118200e-04
4.750800e+04  1.139900e-04
4.752900e+04  1.166600e-04
4.755100e+04  1.227400e-04
4.757300e+04  1.291300e-04
4.759500e+04  1.302700e-04
4.761700e+04  1.285100e-04
4.763900e+04  1.307600e-04
4.766000e+04  1.384200e-04
4.768200e+04  1.463900e-04
4.770400e+04  1.506700e-04
4.772600e+04  1.521600e-04
4.774800e+04  1.549900e-04
4.777000e+04  1.604500e-04
4.779200e+04  1.654200e-04
4.781400e+04  1.683800e-04
4.783600e+04  1.704900e-04
4.785800e+04  1.743500e-04
4.788100e+04  1.808400e-04
4.790300e+04  1.872300e-04
4.792500e+04  1.922600e-04
4.794700e+04  1.960900e-04
4.796900e+04  1.976100e-04
4.799100e+04  1.971000e-04
4.801400e+04  1.963400e-04
4.803600e+04  2.012200e-04
4.805800e+04  2.091800e-04
4.808000e+04  2.105400e-04
4.810300e+04  2.101700e-04
4.812500e+04  2.155100e-04
4.814700e+04  2.248400e-04
4.817000e+04  2.305000e-04
4.819200e+04  2.300900e-04
4.821400e+04  2.304500e-04
4.823700e+04  2.363100e-04
4.825900e+04  2.413600e-04
4.828200e+04  2.437500e-04
4.830400e+04  2.519600e-04
4.832700e+04  2.638400e-04
4.834900e+04  2.704600e-04
4.837200e+04  2.747000e-04
4.839400e+04  2.806400e-04
4.841700e+04  2.871800e-04
4.844000e+04  2.937600e-04
4.846200e+04  2.946600e-04
4.848500e+04  2.884800e-04
4.850800e+04  2.843000e-04
4.853000e+04  2.907700e-04
4.855300e+04  3.032300e-04
4.857600e+04  3.105700e-04
4.859800e+04  3.128000e-04
4.862100e+04  3.159600e-04
4.864400e+04  3.215500e-04
4.866700e+04  3.251500e-04
4.869000e+04  3.257300e-04
4.871300e+04  3.292900e-04
4.873600e+04  3.404000e-04
4.875800e+04  3.528100e-04
4.878100e+04  3.591400e-04
4.880400e+04  3.653800e-04
4.882700e+04  3.768700e-04
4.885000e+04  3.877500e-04
4.887300e+04  3.915800e-04
4.889600e+04  3.910400e-04
4.891900e+04  3.945400e-04
4.894300e+04  4.036900e-04
4.896600e+04  4.134800e-04
4.898900e+04  4.197200e-04
4.901200e+04  4.220800e-04
4.903500e+04  4.217300e-04
4.905800e+04  4.238700e-04
4.908100e+04  4.313200e-04
4.910500e+04  4.354200e-04
4.912800e+04  4.351400e-04
4.915100e+04  4.392300e-04
4.917500e+04  4.446000e-04
4.919800e+04  4.496800e-04
4.922100e+04  4.640000e-04
4.924500e+04  4.776900e-04
4.926800e+04  4.772600e-04
4.929100e+04  4.801400e-04
4.931500e+04  4.956300e-04
4.933800e+04  5.124600e-04
4.936200e+04  5.234800e-04
4.938500e+04  5.233400e-04
4.940900e+04  5.315800e-04
4.943200e+04  5.596900e-04
4.945600e+04  5.779700e-04
4.948000e+04  5.720400e-04
4.950300e+04  5.636400e-04
4.952700e+04  5.682000e-04
4.955000e+04  5.788900e-04
4.957400e+04  5.911300e-04
4.959800e+04  6.045000e-04
4.962200e+04  6.199400e-04
4.964500e+04  6.339800e-04
4.966900e+04  6.363200e-04
4.969300e+04  6.302900e-04
4.971700e+04  6.308900e-04
4.974100e+04  6.429100e-04
4.976400e+04  6.560700e-04
4.978800e+04  6.594100e-04
4.981200e+04  6.588000e-04
4.983600e+04  6.701600e-04
4.986000e+04  6.909400e-04
4.988400e+04  7.033700e-04
4.990800e+04  7.044300e-04
4.993200e+04  7.062000e-04
4.995600e+04  7.143300e-04
4.998000e+04  7.200100e-04
5.000400e+04  7.206000e-04
5.002900e+04  7.317900e-04
5.005300e+04  7.559200e-04
5.007700e+04  7.712100e-04
5.010100e+04  7.664800e-04
5.012500e+04  7.656700e-04
5.015000e+04  7.828900e-04
5.017400e+04  7.950500e-04
5.019800e+04  7.894000e-04
5.022200e+04  7.911700e-04
5.024700e+04  8.233200e-04
5.027100e+04  8.601300e-04
5.029500e+04  8.619300e-04
5.032000e+04  8.362100e-04
5.034400e+04  8.199900e-04
5.036900e+04  8.220500e-04
5.039300e+04  8.222100e-04
5.041800e+04  8.199200e-04
5.044200e+04  8.330800e-04
5.046700e+04  8.636000e-04
5.049100e+04  8.875800e-04
5.051600e+04  8.822400e-04
5.054100e+04  8.659500e-04
5.056500e+04  8.708600e-04
5.059000e+04  8.849600e-04
5.061500e+04  8.913900e-04
5.063900e+04  9.023500e-04
5.066400e+04  9.203100e-04
5.068900e+04  9.496900e-04
5.071400e+04  9.754000e-04
5.073800e+04  9.672900e-04
5.076300e+04  9.421200e-04
5.078800e+04  9.483200e-04
5.081300e+04  9.945000e-04
5.083800e+04  1.039600e-03
5.086300e+04  1.050700e-03
5.088800e+04  1.044100e-03
5.091300e+04  1.042800e-03
5.093800e+04  1.036800e-03
5.096300e+04  1.017500e-03
5.098800e+04  1.017300e-03
5.101300e+04  1.052200e-03
5.103800e+04  1.073200e-03
5.106300e+04  1.060600e-03
5.108800e+04  1.059300e-03
5.111300e+04  1.076100e-03
5.113900e+04  1.085100e-03
5.116400e+04  1.088000e-03
5.118900e+04  1.099300e-03
5.121400e+04  1.124600e-03
5.124000e+04  1.154400e-03
5.126500e+04  1.167900e-03
5.129000e+04  1.156700e-03
5.131600e+04  1.148500e-03
5.134100e+04  1.168600e-03
5.136700e+04  1.189800e-03
5.139200e+04  1.186000e-03
5.141800e+04  1.172900e-03
5.144300e+04  1.164200e-03
5.146900e+04  1.152500e-03
5.149400e+04  1.140500e-03
5.152000e+04  1.165200e-03
5.154500e+04  1.232400e-03
5.157100e+04  1.294500e-03
5.159700e+04  1.312500e-03
5.162200e+04  1.279300e-03
5.164800e+04  1.233400e-03
5.167400e+04  1.220600e-03
5.169900e+04  1.233600e-03
5.172500e+04  1.245200e-03
5.175100e+04  1.247300e-03
5.177700e+04  1.253400e-03
5.180300e+04  1.272800e-03
5.182900e+04  1.280500e-03
5.185500e+04  1.250300e-03
5.188100e+04  1.214800e-03
5.190600e+04  1.216900e-03
5.193200e+04  1.231200e-03
5.195900e+04  1.233900e-03
5.198500e+04  1.245900e-03
5.201100e+04  1.276000e-03
5.203700e+04  1.316400e-03
5.206300e+04  1.344800e-03
5.208900e+04  1.341500e-03
5.211500e+04  1.333800e-03
5.214100e+04  1.342100e-03
5.216800e+04  1.347100e-03
5.219400e+04  1.343500e-03
5.222000e+04  1.350700e-03
5.224600e+04  1.389200e-03
5.227300e+04  1.424200e-03
5.229900e+04  1.410200e-03
5.232600e+04  1.389600e-03
5.235200e+04  1.398300e-03
5.237800e+04  1.401000e-03
5.240500e+04  1.389500e-03
5.243100e+04  1.392700e-03
5.245800e+04  1.408500e-03
5.248400e+04  1.422700e-03
5.251100e+04  1.431900e-03
5.253800e+04  1.424600e-03
5.256400e+04  1.419600e-03
5.259100e+04  1.454000e-03
5.261800e+04  1.497300e-03
5.264400e+04  1.500700e-03
5.267100e+04  1.475700e-03
5.269800e+04  1.459300e-03
5.272500e+04  1.456800e-03
5.275100e+04  1.455500e-03
5.277800e+04  1.448400e-03
5.280500e+04  1.438600e-03
5.283200e+04  1.423400e-03
5.285900e+04  1.398500e-03
5.288600e+04  1.411100e-03
5.291300e+04  1.473000e-03
5.294000e+04  1.513200e-03
5.296700e+04  1.516700e-03
5.299400e+04  1.506500e-03
5.302100e+04  1.505000e-03
5.304800e+04  1.541100e-03
5.307500e+04  1.565100e-03
5.310200e+04  1.533800e-03
5.313000e+04  1.499400e-03
5.315700e+04  1.501200e-03
5.318400e+04  1.520500e-03
5.321100e+04  1.530500e-03
5.323900e+04  1.521100e-03
5.326600e+04  1.518000e-03
5.329400e+04  1.559700e-03
5.332100e+04  1.614200e-03
5.334800e+04  1.606500e-03
5.337600e+04  1.551500e-03
5.340300e+04  1.541600e-03
5.343100e+04  1.577000e-03
5.345800e+04  1.576600e-03
5.348600e+04  1.553900e-03
5.351400e+04  1.573700e-03
5.354100e+04  1.609600e-03
5.356900e+04  1.613400e-03
5.359600e+04  1.598300e-03
5.362400e+04  1.604200e-03
5.365200e+04  1.643000e-03
5.368000e+04  1.676700e-03
5.370700e+04  1.666200e-03
5.373500e+04  1.624000e-03
5.376300e+04  1.614700e-03
5.379100e+04  1.651300e-03
5.381900e+04  1.657300e-03
5.384700e+04  1.635800e-03
5.387500e+04  1.670800e-03
5.390300e+04  1.726500e-03
5.393100e+04  1.710800e-03
5.395900e+04  1.659400e-03
5.398700e+04  1.658000e-03
5.401500e+04  1.696700e-03
5.404300e+04  1.717900e-03
5.407200e+04  1.718200e-03
5.410000e+04  1.719100e-03
5.412800e+04  1.719000e-03
5.415600e+04  1.721000e-03
5.418500e+04  1.736100e-03
5.421300e+04  1.747300e-03
5.424100e+04  1.735000e-03
5.427000e+04  1.725200e-03
5.429800e+04  1.710600e-03
5.432600e+04  1.668700e-03
5.435500e+04  1.642700e-03
5.438300e+04  1.668700e-03
5.441200e+04  1.718000e-03
5.444100e+04  1.744400e-03
5.446900e+04  1.745300e-03
5.449800e+04  1.747700e-03
5.452600e+04  1.760100e-03
5.455500e+04  1.753800e-03
5.458400e+04  1.711200e-03
5.461300e+04  1.698400e-03
5.464100e+04  1.756600e-03
5.467000e+04  1.819600e-03
5.469900e+04  1.816500e-03
5.472800e+04  1.748200e-03
5.475700e+04  1.708300e-03
5.478600e+04  1.720800e-03
5.481500e+04  1.731000e-03
5.484400e+04  1.775500e-03
5.487300e+04  1.849000e-03
5.490200e+04  1.870200e-03
5.493100e+04  1.843100e-03
5.496000e+04  1.810600e-03
5.498900e+04  1.799400e-03
5.501800e+04  1.810400e-03
5.504700e+04  1.818600e-03
5.507700e+04  1.806300e-03
5.510600e+04  1.784400e-03
5.513500e+04  1.781800e-03
5.516400e+04  1.793600e-03
5.519400e+04  1.813700e-03
5.522300e+04  1.845100e-03
5.525300e+04  1.850000e-03
5.528200e+04  1.813800e-03
5.531200e+04  1.766000e-03
5.534100e+04  1.711700e-03
5.537100e+04  1.681500e-03
5.540000e+04  1.710400e-03
5.543000e+04  1.748500e-03
5.545900e+04  1.747900e-03
5.548900e+04  1.739000e-03
5.551900e+04  1.767200e-03
5.554900e+04  1.827700e-03
5.557800e+04  1.840800e-03
5.560800e+04  1.786200e-03
5.563800e+04  1.764600e-03
5.566800e+04  1.817300e-03
5.569800e+04  1.851500e-03
5.572800e+04  1.826100e-03
5.575800e+04  1.830600e-03
5.578800e+04  1.882500e-03
5.581800e+04  1.888300e-03
5.584800e+04  1.816800e-03
5.587800e+04  1.731400e-03
5.590800e+04  1.711700e-03
5.593800e+04  1.756900e-03
5.596800e+04  1.796600e-03
5.599800e+04  1.787100e-03
5.602900e+04  1.749500e-03
5.605900e+04  1.717300e-03
5.608900e+04  1.687800e-03
5.612000e+04  1.674800e-03
5.615000e+04  1.698000e-03
5.618000e+04  1.727300e-03
5.621100e+04  1.742900e-03
5.624100e+04  1.720400e-03
5.627200e+04  1.674200e-03
5.630200e+04  1.672500e-03
5.633300e+04  1.667300e-03
5.636400e+04  1.624900e-03
5.639400e+04  1.628400e-03
5.642500e+04  1.697600e-03
5.645600e+04  1.773500e-03
5.648600e+04  1.775600e-03
5.651700e+04  1.692900e-03
5.654800e+04  1.620700e-03
5.657900e+04  1.607600e-03
5.661000e+04  1.632100e-03
5.664100e+04  1.652900e-03
5.667200e+04  1.640600e-03
5.670300e+04  1.626500e-03
5.673400e+04  1.673800e-03
5.676500e+04  1.737700e-03
5.679600e+04  1.726800e-03
5.682700e+04  1.715400e-03
5.685800e+04  1.743900e-03
5.688900e+04  1.716200e-03
5.692100e+04  1.633200e-03
5.695200e+04  1.573500e-03
5.698300e+04  1.589800e-03
5.701400e+04  1.637000e-03
5.704600e+04  1.640200e-03
5.707700e+04  1.622200e-03
5.710900e+04  1.619700e-03
5.714000e+04  1.651600e-03
5.717200e+04  1.717200e-03
5.720300e+04  1.784100e-03
5.723500e+04  1.842600e-03
5.726600e+04  1.878400e-03
5.729800e+04  1.902200e-03
5.733000e+04  1.966300e-03
5.736100e+04  2.054600e-03
5.739300e+04  2.130000e-03
5.742500e+04  2.197600e-03
5.745700e+04  2.263700e-03
5.748800e+04  2.295300e-03
5.752000e+04  2.354400e-03
5.755200e+04  2.505200e-03
5.758400e+04  2.656100e-03
5.761600e+04  2.813500e-03
5.764800e+04  3.008500e-03
5.768000e+04  3.128700e-03
5.771200e+04  3.207800e-03
5.774500e+04  3.327300e-03
5.777700e+04  3.459500e-03
5.780900e+04  3.576300e-03
5.784100e+04  3.702800e-03
5.787300e+04  3.891600e-03
5.790600e+04  4.121400e-03
5.793800e+04  4.355700e-03
5.797000e+04  4.595600e-03
5.800300e+04  4.804200e-03
5.803500e+04  4.999000e-03
5.806800e+04  5.246400e-03
5.810000e+04  5.557000e-03
5.813300e+04  5.879800e-03
5.816600e+04  6.212100e-03
5.819800e+04  6.560000e-03
5.823100e+04  6.873400e-03
5.826400e+04  7.174100e-03
5.829600e+04  7.527300e-03
5.832900e+04  7.934100e-03
5.836200e+04  8.402700e-03
5.839500e+04  8.947800e-03
5.842800e+04  9.501100e-03
5.846100e+04  1.000600e-02
5.849400e+04  1.044400e-02
5.852700e+04  1.085100e-02
5.856000e+04  1.138700e-02
5.859300e+04  1.205000e-02
5.862600e+04  1.269400e-02
5.865900e+04  1.337600e-02
5.869200e+04  1.414400e-02
5.872500e+04  1.485100e-02
5.875900e+04  1.569900e-02
5.879200e+04  1.682500e-02
5.882500e+04  1.769500e-02
5.885900e+04  1.841700e-02
5.889200e+04  1.936600e-02
5.892600e+04  2.040000e-02
5.895900e+04  2.164700e-02
5.899300e+04  2.281500e-02
5.902600e+04  2.385400e-02
5.906000e+04  2.520800e-02
5.909400e+04  2.659500e-02
5.912700e+04  2.807900e-02
5.916100e+04  2.979100e-02
5.919500e+04  3.145500e-02
5.922900e+04  3.327600e-02
5.926200e+04  3.508100e-02
5.929600e+04  3.689000e-02
5.933000e+04  3.921300e-02
5.936400e+04  4.169900e-02
5.939800e+04  4.407100e-02
5.943200e+04  4.640700e-02
5.946600e+04  4.896200e-02
5.950000e+04  5.206800e-02
5.953500e+04  5.503300e-02
5.956900e+04  5.797700e-02
5.960300e+04  6.131200e-02
5.963700e+04  6.478600e-02
5.967200e+04  6.911000e-02
5.970600e+04  7.334100e-02
5.974000e+04  7.670200e-02
5.977500e+04  8.120200e-02
5.980900e+04  8.644600e-02
5.984400e+04  9.088100e-02
5.987800e+04  9.603100e-02
5.991300e+04  1.018500e-01
5.994800e+04  1.067400e-01
5.998200e+04  1.121500e-01
6.001700e+04  1.186400e-01
6.005200e+04  1.249400e-01
6.008600e+04  1.317400e-01
6.012100e+04  1.395100e-01
6.015600e+04  1.465400e-01
6.019100e+04  1.528900e-01
6.022600e+04  1.602800e-01
6.026100e+04  1.677800e-01
6.029600e+04  1.753200e-01
6.033100e+04  1.832700e-01
6.036600e+04  1.908200e-01
6.040100e+04  1.984300e-01
6.043700e+04  2.061900e-01
6.047200e+04  2.150900e-01
6.050700e+04  2.229900e-01
6.054200e+04  2.282100e-01
6.057800e+04  2.343500e-01
6.061300e+04  2.409600e-01
6.064900e+04  2.475800e-01
6.068400e+04  2.538200e-01
6.072000e+04  2.589200e-01
6.075500e+04  2.646200e-01
6.079100e+04  2.686200e-01
6.082700e+04  2.722800e-01
6.086200e+04  2.770600e-01
6.089800e+04  2.798800e-01
6.093400e+04  2.829000e-01
6.097000e+04  2.853600e-01
6.100500e+04  2.870900e-01
6.104100e+04  2.907000e-01
6.107700e+04  2.917100e-01
6.111300e+04  2.930100e-01
6.114900e+04  2.962900e-01
6.118500e+04  2.949400e-01
6.122100e+04  2.937300e-01
6.125800e+04  2.947200e-01
6.129400e+04  2.952800e-01
6.133000e+04  2.959800e-01
6.136600e+04  2.956100e-01
6.140300e+04  2.962800e-01
6.143900e+04  2.967200e-01
6.147600e+04  2.951900e-01
6.151200e+04  2.939200e-01
6.154800e+04  2.938000e-01
6.158500e+04  2.946900e-01
6.162200e+04  2.938700e-01
6.165800e+04  2.922900e-01
6.169500e+04  2.917600e-01
6.173200e+04  2.915800e-01
6.176800e+04  2.908200e-01
6.180500e+04  2.904500e-01
6.184200e+04  2.916700e-01
6.187900e+04  2.902900e-01
6.191600e+04  2.883700e-01
6.195300e+04  2.887900e-01
6.199000e+04  2.882500e-01
6.202700e+04  2.878100e-01
6.206400e+04  2.875700e-01
6.210100e+04  2.872200e-01
6.213900e+04  2.869000e-01
6.217600e+04  2.858200e-01
6.221300e+04  2.855000e-01
6.225000e+04  2.853300e-01
6.228800e+04  2.848300e-01
6.232500e+04  2.847500e-01
6.236300e+04  2.844800e-01
6.240000e+04  2.843400e-01
6.243800e+04  2.846200e-01
6.247500e+04  2.843300e-01
6.251300e+04  2.839800e-01
6.255100e+04  2.840500e-01
6.258900e+04  2.835500e-01
6.262600e+04  2.828800e-01
6.266400e+04  2.829600e-01
6.270200e+04  2.832700e-01
6.274000e+04  2.829600e-01
6.277800e+04  2.830100e-01
6.281600e+04  2.833900e-01
6.285400e+04  2.835000e-01
6.289200e+04  2.838900e-01
6.293000e+04  2.839700e-01
6.296900e+04  2.838500e-01
6.300700e+04  2.838200e-01
6.304500e+04  2.841000e-01
6.308300e+04  2.841800e-01
6.312200e+04  2.842000e-01
6.316000e+04  2.849000e-01
6.319900e+04  2.853600e-01
6.323700e+04  2.858100e-01
6.327600e+04  2.864300e-01
6.331500e+04  2.871200e-01
6.335300e+04  2.871900e-01
6.339200e+04  2.878000e-01
6.343100e+04  2.900600e-01
6.347000e+04  2.898900e-01
6.350800e+04  2.888500e-01
6.354700e+04  2.905000e-01
6.358600e+04  2.920300e-01
6.362500e+04  2.918900e-01
6.366400e+04  2.932400e-01
6.370300e+04  2.956500e-01
6.374300e+04  2.954200e-01
6.378200e+04  2.951800e-01
6.382100e+04  2.958600e-01
6.386000e+04  2.969900e-01
6.390000e+04  2.986100e-01
6.393900e+04  2.988500e-01
6.397900e+04  2.993900e-01
6.401800e+04  2.993800e-01
6.405800e+04  3.010300e-01
6.409700e+04  3.040400e-01
6.413700e+04  3.036700e-01
6.417600e+04  3.058600e-01
6.421600e+04  3.071400e-01
6.425600e+04  3.042300e-01
6.429600e+04  3.065800e-01
6.433600e+04  3.095600e-01
6.437600e+04  3.087300e-01
6.441600e+04  3.091800e-01
6.445600e+04  3.109000e-01
6.449600e+04  3.129800e-01
6.453600e+04  3.134200e-01
6.457600e+04  3.134700e-01
6.461600e+04  3.146600e-01
6.465700e+04  3.152400e-01
6.469700e+04  3.175700e-01
6.473700e+04  3.181600e-01
6.477800e+04  3.155400e-01
6.481800e+04  3.157000e-01
6.485900e+04  3.139300e-01
6.489900e+04  3.090600e-01
6.494000e+04  3.092000e-01
6.498100e+04  3.120700e-01
6.502100e+04  3.146200e-01
6.506200e+04  3.197300e-01
6.510300e+04  3.245200e-01
6.514400e+04  3.278900e-01
6.518500e+04  3.321700e-01
6.522600e+04  3.338900e-01
6.526700e+04  3.342700e-01
6.530800e+04  3.364900e-01
6.534900e+04  3.371700e-01
6.539000e+04  3.387600e-01
6.543200e+04  3.416500e-01
6.547300e+04  3.417800e-01
6.551400e+04  3.431900e-01
6.555600e+04  3.455400e-01
6.559700e+04  3.454400e-01
6.563900e+04  3.464300e-01
6.568000e+04  3.489400e-01
6.572200e+04  3.513400e-01
6.576400e+04  3.528500e-01
6.580500e+04  3.508700e-01
6.584700e+04  3.507800e-01
6.588900e+04  3.553500e-01
6.593100e+04  3.561400e-01
6.597300e+04  3.557900e-01
6.601500e+04  3.571400e-01
6.605700e+04  3.564600e-01
6.609900e+04  3.587200e-01
6.614100e+04  3.603100e-01
6.618300e+04  3.593700e-01
6.622600e+04  3.619100e-01
6.626800e+04  3.630200e-01
6.631000e+04  3.627900e-01
6.635300e+04  3.648100e-01
6.639500e+04  3.654100e-01
6.643800e+04  3.644900e-01
6.648000e+04  3.642800e-01
6.652300e+04  3.649900e-01
6.656600e+04  3.668400e-01
6.660800e+04  3.667600e-01
6.665100e+04  3.659000e-01
6.669400e+04  3.693800e-01
6.673700e+04  3.699600e-01
6.678000e+04  3.686500e-01
6.682300e+04  3.721900e-01
6.686600e+04  3.723800e-01
6.690900e+04  3.711200e-01
6.695200e+04  3.731100e-01
6.699600e+04  3.733700e-01
6.703900e+04  3.735900e-01
6.708200e+04  3.763300e-01
6.712600e+04  3.774900e-01
6.716900e+04  3.766300e-01
6.721300e+04  3.782400e-01
6.725600e+04  3.794200e-01
6.730000e+04  3.783400e-01
6.734400e+04  3.792600e-01
6.738700e+04  3.803800e-01
6.743100e+04  3.804500e-01
6.747500e+04  3.817400e-01
6.751900e+04  3.824800e-01
6.756300e+04  3.826300e-01
6.760700e+04  3.833400e-01
6.765100e+04  3.830600e-01
6.769500e+04  3.849000e-01
6.774000e+04  3.866000e-01
6.778400e+04  3.842800e-01
6.782800e+04  3.848000e-01
6.787300e+04  3.869000e-01
6.791700e+04  3.870300e-01
6.796100e+04  3.875000e-01
6.800600e+04  3.864700e-01
6.805100e+04  3.856100e-01
6.809500e+04  3.863000e-01
6.814000e+04  3.863000e-01
6.818500e+04  3.854300e-01
6.823000e+04  3.867200e-01
6.827500e+04  3.885200e-01
6.832000e+04  3.864200e-01
6.836500e+04  3.862000e-01
6.841000e+04  3.874100e-01
6.845500e+04  3.868600e-01
6.850000e+04  3.884600e-01
6.854500e+04  3.884700e-01
6.859100e+04  3.888500e-01
6.863600e+04  3.914800e-01
6.868200e+04  3.895000e-01
6.872700e+04  3.874100e-01
6.877300e+04  3.876700e-01
6.881800e+04  3.869300e-01
6.886400e+04  3.871900e-01
6.891000e+04  3.875200e-01
6.895600e+04  3.865100e-01
6.900100e+04  3.864000e-01
6.904700e+04  3.868000e-01
6.909300e+04  3.858000e-01
6.913900e+04  3.846500e-01
6.918600e+04  3.845800e-01
6.923200e+04  3.839900e-01
6.927800e+04  3.829500e-01
6.932400e+04  3.826300e-01
6.937100e+04  3.815900e-01
6.941700e+04  3.808500e-01
6.946400e+04  3.809800e-01
6.951000e+04  3.792900e-01
6.955700e+04  3.805000e-01
6.960300e+04  3.832900e-01
6.965000e+04  3.798400e-01
6.969700e+04  3.776300e-01
6.974400e+04  3.786300e-01
6.979100e+04  3.779700e-01
6.983800e+04  3.776300e-01
6.988500e+04  3.777000e-01
6.993200e+04  3.784300e-01
6.997900e+04  3.777900e-01
7.002600e+04  3.767400e-01
7.007400e+04  3.777600e-01
7.012100e+04  3.775700e-01
7.016900e+04  3.786000e-01
7.021600e+04  3.799600e-01
7.026400e+04  3.794000e-01
7.031100e+04  3.798000e-01
7.035900e+04  3.789400e-01
7.040700e+04  3.811700e-01
7.045500e+04  3.851600e-01
7.050300e+04  3.828900e-01
7.055000e+04  3.826100e-01
7.059800e+04  3.846200e-01
7.064700e+04  3.845000e-01
7.069500e+04  3.863000e-01
7.074300e+04  3.882100e-01
7.079100e+04  3.895500e-01
7.084000e+04  3.909400e-01
7.088800e+04  3.927600e-01
7.093700e+04  3.951600e-01
7.098500e+04  3.967700e-01
7.103400e+04  3.988700e-01
7.108200e+04  4.004300e-01
7.113100e+04  4.024100e-01
7.118000e+04  4.056600e-01
7.122900e+04  4.071500e-01
7.127800e+04  4.090700e-01
7.132700e+04  4.116900e-01
7.137600e+04  4.133000e-01
7.142500e+04  4.169000e-01
7.147400e+04  4.202900e-01
7.152400e+04  4.211000e-01
7.157300e+04  4.228400e-01
7.162200e+04  4.252400e-01
7.167200e+04  4.284000e-01
7.172100e+04  4.317800e-01
7.177100e+04  4.337200e-01
7.182100e+04  4.370400e-01
7.187100e+04  4.421700e-01
7.192000e+04  4.462500e-01
7.197000e+04  4.484500e-01
7.202000e+04  4.532900e-01
7.207000e+04  4.591300e-01
7.212000e+04  4.600200e-01
7.217100e+04  4.624100e-01
7.222100e+04  4.673400e-01
7.227100e+04  4.706100e-01
7.232200e+04  4.740300e-01
7.237200e+04  4.771200e-01
7.242300e+04  4.803800e-01
7.247300e+04  4.841300e-01
7.252400e+04  4.877700e-01
7.257500e+04  4.914100e-01
7.262500e+04  4.947100e-01
7.267600e+04  4.984300e-01
7.272700e+04  5.023200e-01
7.277800e+04  5.060300e-01
7.282900e+04  5.093500e-01
7.288100e+04  5.131500e-01
7.293200e+04  5.172300e-01
7.298300e+04  5.199300e-01
7.303500e+04  5.241300e-01
7.308600e+04  5.282800e-01
7.313800e+04  5.304000e-01
7.318900e+04  5.343000e-01
7.324100e+04  5.369800e-01
7.329300e+04  5.396400e-01
7.334500e+04  5.445900e-01
7.339600e+04  5.474200e-01
7.344800e+04  5.508900e-01
7.350000e+04  5.548100e-01
7.355300e+04  5.574100e-01
7.360500e+04  5.610600e-01
7.365700e+04  5.637600e-01
7.370900e+04  5.663900e-01
7.376200e+04  5.703600e-01
7.381400e+04  5.739500e-01
7.386700e+04  5.769900e-01
7.392000e+04  5.800200e-01
7.397200e+04  5.828200e-01
7.402500e+04  5.856100e-01
7.407800e+04  5.891400e-01
7.413100e+04  5.918000e-01
7.418400e+04  5.937800e-01
7.423700e+04  5.965900e-01
7.429000e+04  5.998000e-01
7.434400e+04  6.025000e-01
7.439700e+04  6.042400e-01
7.445000e+04  6.063700e-01
7.450400e+04  6.089800e-01
7.455700e+04  6.111100e-01
7.461100e+04  6.136400e-01
7.466500e+04  6.159400e-01
7.471800e+04  6.175100e-01
7.477200e+04  6.194900e-01
7.482600e+04  6.212000e-01
7.488000e+04  6.224300e-01
7.493400e+04  6.237700e-01
7.498900e+04  6.252900e-01
7.504300e+04  6.273600e-01
7.509700e+04  6.283800e-01
7.515200e+04  6.293100e-01
7.520600e+04  6.311300e-01
7.526100e+04  6.319400e-01
7.531500e+04  6.329900e-01
7.537000e+04  6.339700e-01
7.542500e+04  6.343200e-01
7.548000e+04  6.349600e-01
7.553500e+04  6.351600e-01
7.559000e+04  6.355900e-01
7.564500e+04  6.360200e-01
7.570000e+04  6.369200e-01
7.575500e+04  6.385600e-01
7.581100e+04  6.383400e-01
7.586600e+04  6.380600e-01
7.592200e+04  6.388700e-01
7.597700e+04  6.388200e-01
7.603300e+04  6.393000e-01
7.608900e+04  6.402200e-01
7.614500e+04  6.408400e-01
7.620100e+04  6.412600e-01
7.625700e+04  6.413200e-01
7.631300e+04  6.420700e-01
7.636900e+04  6.428800e-01
7.642500e+04  6.434800e-01
7.648200e+04  6.439700e-01
7.653800e+04  6.437800e-01
7.659500e+04  6.439000e-01
7.665100e+04  6.444400e-01
7.670800e+04  6.450900e-01
7.676500e+04  6.451600e-01
7.682200e+04  6.453400e-01
7.687900e+04  6.463700e-01
7.693600e+04  6.465400e-01
7.699300e+04  6.470100e-01
7.705000e+04  6.474700e-01
7.710700e+04  6.471300e-01
7.716500e+04  6.477400e-01
7.722200e+04  6.483500e-01
7.728000e+04  6.485900e-01
7.733700e+04  6.487000e-01
7.739500e+04  6.490500e-01
7.745300e+04  6.504200e-01
7.751100e+04  6.508600e-01
7.756900e+04  6.517700e-01
7.762700e+04  6.537900e-01
7.768500e+04  6.545000e-01
7.774300e+04  6.555100e-01
7.780100e+04  6.566600e-01
7.786000e+04  6.573000e-01
7.791800e+04  6.587900e-01
7.797700e+04  6.609700e-01
7.803500e+04  6.632700e-01
7.809400e+04  6.645100e-01
7.815300e+04  6.664700e-01
7.821200e+04  6.691500e-01
7.827100e+04  6.697800e-01
7.833000e+04  6.715500e-01
7.838900e+04  6.746900e-01
7.844900e+04  6.768700e-01
7.850800e+04  6.788700e-01
7.856800e+04  6.812700e-01
7.862700e+04  6.845100e-01
7.868700e+04  6.868700e-01
7.874700e+04  6.889400e-01
7.880600e+04  6.925500e-01
7.886600e+04  6.953300e-01
7.892600e+04  6.977400e-01
7.898600e+04  7.005700e-01
7.904700e+04  7.026400e-01
7.910700e+04  7.054900e-01
7.916700e+04  7.092100e-01
7.922800e+04  7.121400e-01
7.928800e+04  7.146500e-01
7.934900e+04  7.178900e-01
7.941000e+04  7.209900e-01
7.947100e+04  7.235200e-01
7.953200e+04  7.268000e-01
7.959300e+04  7.298000e-01
7.965400e+04  7.329600e-01
7.971500e+04  7.370300e-01
7.977600e+04  7.401300e-01
7.983800e+04  7.437700e-01
7.989900e+04  7.479400e-01
7.996100e+04  7.509700e-01
8.002300e+04  7.545500e-01
8.008400e+04  7.563700e-01
8.014600e+04  7.568400e-01
8.020800e+04  7.595900e-01
8.027000e+04  7.619600e-01
8.033200e+04  7.628100e-01
8.039500e+04  7.643600e-01
8.045700e+04  7.664200e-01
8.052000e+04  7.682200e-01
8.058200e+04  7.690300e-01
8.064500e+04  7.704500e-01
8.070800e+04  7.719700e-01
8.077000e+04  7.725700e-01
8.083300e+04  7.737800e-01
8.089600e+04  7.748000e-01
8.096000e+04  7.757000e-01
8.102300e+04  7.771400e-01
8.108600e+04  7.783300e-01
8.115000e+04  7.787700e-01
8.121300e+04  7.791100e-01
8.127700e+04  7.804000e-01
8.134100e+04  7.810100e-01
8.140400e+04  7.816500e-01
8.146800e+04  7.830600e-01
8.153200e+04  7.834100e-01
8.159700e+04  7.843700e-01
8.166100e+04  7.864300e-01
8.172500e+04  7.873900e-01
8.179000e+04  7.881100e-01
8.185400e+04  7.887900e-01
8.191900e+04  7.892700e-01
8.198400e+04  7.902300e-01
8.204800e+04  7.906200e-01
8.211300e+04  7.913100e-01
8.217800e+04  7.927500e-01
8.224400e+04  7.931200e-01
8.230900e+04  7.931700e-01
8.237400e+04  7.946600e-01
8.244000e+04  7.968600e-01
8.250500e+04  7.977100e-01
8.257100e+04  7.981300e-01
8.263700e+04  7.988000e-01
8.270300e+04  7.994800e-01
8.276900e+04  8.007900e-01
8.283500e+04  8.014800e-01
8.290100e+04  8.026000e-01
8.296700e+04  8.047300e-01
8.303400e+04  8.058400e-01
8.310000e+04  8.069800e-01
8.316700e+04  8.084800e-01
8.323400e+04  8.098900e-01
8.330100e+04  8.109500e-01
8.336800e+04  8.113500e-01
8.343500e+04  8.128700e-01
8.350200e+04  8.141000e-01
8.356900e+04  8.147400e-01
8.363600e+04  8.164800e-01
8.370400e+04  8.174300e-01
8.377200e+04  8.178400e-01
8.383900e+04  8.199400e-01
8.390700e+04  8.220800e-01
8.397500e+04  8.223400e-01
8.404300e+04  8.230800e-01
8.411100e+04  8.247800e-01
8.418000e+04  8.250800e-01
8.424800e+04  8.258000e-01
8.431600e+04  8.277000e-01
8.438500e+04  8.287900e-01
8.445400e+04  8.297100e-01
8.452300e+04  8.304500e-01
8.459200e+04  8.308700e-01
8.466100e+04  8.317100e-01
8.473000e+04  8.323800e-01
8.479900e+04  8.329700e-01
8.486800e+04  8.336800e-01
8.493800e+04  8.338400e-01
8.500800e+04  8.344500e-01
8.507700e+04  8.361200e-01
8.514700e+04  8.368900e-01
8.521700e+04  8.380500e-01
8.528700e+04  8.390700e-01
8.535700e+04  8.386600e-01
8.542800e+04  8.395100e-01
8.549800e+04  8.417200e-01
8.556900e+04  8.421500e-01
8.563900e+04  8.424700e-01
8.571000e+04  8.442200e-01
8.578100e+04  8.450900e-01
8.585200e+04  8.451300e-01
8.592300e+04  8.460500e-01
8.599400e+04  8.469800e-01
8.606600e+04  8.465600e-01
8.613700e+04  8.472200e-01
8.620900e+04  8.490700e-01
8.628100e+04  8.486700e-01
8.635200e+04  8.484800e-01
8.642400e+04  8.506800e-01
8.649600e+04  8.513400e-01
8.656900e+04  8.510600e-01
8.664100e+04  8.526200e-01
8.671300e+04  8.536600e-01
8.678600e+04  8.533700e-01
8.685900e+04  8.543700e-01
8.693100e+04  8.559100e-01
8.700400e+04  8.564200e-01
8.707700e+04  8.580400e-01
8.715100e+04  8.599500e-01
8.722400e+04  8.605900e-01
8.729700e+04  8.624600e-01
8.737100e+04  8.644400e-01
8.744400e+04  8.656600e-01
8.751800e+04  8.676900e-01
8.759200e+04  8.691400e-01
8.766600e+04  8.706100e-01
8.774000e+04  8.732100e-01
8.781500e+04  8.756900e-01
8.788900e+04  8.783600e-01
8.796400e+04  8.804100e-01
8.803800e+04  8.820200e-01
8.811300e+04  8.846900e-01
8.818800e+04  8.870200e-01
8.826300e+04  8.886700e-01
8.833800e+04  8.908700e-01
8.841400e+04  8.927900e-01
8.848900e+04  8.945400e-01
8.856500e+04  8.966700e-01
8.864000e+04  8.990500e-01
8.871600e+04  9.011100e-01
8.879200e+04  9.031400e-01
8.886800e+04  9.056100e-01
8.894400e+04  9.073500e-01
8.902100e+04  9.097100e-01
8.909700e+04  9.137900e-01
8.917400e+04  9.175600e-01
8.925100e+04  9.197600e-01
8.932700e+04  9.219000e-01
8.940400e+04  9.246300e-01
8.948200e+04  9.271700e-01
8.955900e+04  9.306000e-01
8.963600e+04  9.332200e-01
8.971400e+04  9.351600e-01
8.979100e+04  9.386500e-01
8.986900e+04  9.415300e-01
8.994700e+04  9.452500e-01
9.002500e+04  9.494400e-01
9.010400e+04  9.520100e-01
9.018200e+04  9.550400e-01
9.026000e+04  9.566400e-01
9.033900e+04  9.584400e-01
9.041800e+04  9.614400e-01
9.049700e+04  9.624700e-01
9.057600e+04  9.629400e-01
9.065500e+04  9.644900e-01
9.073400e+04  9.660100e-01
9.081400e+04  9.661300e-01
9.089300e+04  9.667900e-01
9.097300e+04  9.677300e-01
9.105300e+04  9.669400e-01
9.113300e+04  9.670800e-01
9.121300e+04  9.676900e-01
9.129300e+04  9.667600e-01
9.137400e+04  9.660000e-01
9.145400e+04  9.672200e-01
9.153500e+04  9.685100e-01
9.161600e+04  9.675700e-01
9.169700e+04  9.674000e-01
9.177800e+04  9.674000e-01
9.185900e+04  9.658900e-01
9.194100e+04  9.655100e-01
9.202200e+04  9.652100e-01
9.210400e+04  9.633100e-01
9.218600e+04  9.612500e-01
9.226800e+04  9.602100e-01
9.235000e+04  9.600600e-01
9.243200e+04  9.587900e-01
9.251500e+04  9.568400e-01
9.259700e+04  9.571600e-01
9.268000e+04  9.569200e-01
9.276300e+04  9.541100e-01
9.284600e+04  9.534800e-01
9.292900e+04  9.540700e-01
9.301300e+04  9.518300e-01
9.309600e+04  9.496500e-01
9.318000e+04  9.489300e-01
9.326400e+04  9.477500e-01
9.334800e+04  9.474500e-01
9.343200e+04  9.482300e-01
9.351600e+04  9.474300e-01
9.360000e+04  9.452700e-01
9.368500e+04  9.448900e-01
9.377000e+04  9.453000e-01
9.385400e+04  9.443800e-01
9.393900e+04  9.441700e-01
9.402500e+04  9.438200e-01
9.411000e+04  9.427800e-01
9.419500e+04  9.435900e-01
9.428100e+04  9.441600e-01
9.436700e+04  9.437200e-01
9.445300e+04  9.423700e-01
9.453900e+04  9.419200e-01
9.462500e+04  9.432000e-01
9.471200e+04  9.424600e-01
9.479800e+04  9.429100e-01
9.488500e+04  9.445300e-01
9.497200e+04  9.432900e-01
9.505900e+04  9.433800e-01
9.514600e+04  9.453900e-01
9.523300e+04  9.469500e-01
9.532100e+04  9.481000e-01
9.540900e+04  9.495800e-01
9.549600e+04  9.515500e-01
9.558400e+04  9.535400e-01
9.567300e+04  9.562000e-01
9.576100e+04  9.584700e-01
9.585000e+04  9.600200e-01
9.593800e+04  9.626700e-01
9.602700e+04  9.653000e-01
9.611600e+04  9.665400e-01
9.620500e+04  9.676900e-01
9.629400e+04  9.700400e-01
9.638400e+04  9.715900e-01
9.647400e+04  9.718400e-01
9.656300e+04  9.738100e-01
9.665300e+04  9.766000e-01
9.674400e+04  9.779000e-01
9.683400e+04  9.788400e-01
9.692400e+04  9.799000e-01
9.701500e+04  9.807300e-01
9.710600e+04  9.817300e-01
9.719700e+04  9.829600e-01
9.728800e+04  9.833600e-01
9.738000e+04  9.834100e-01
9.747100e+04  9.848600e-01
9.756300e+04  9.854800e-01
9.765500e+04  9.848200e-01
9.774700e+04  9.861400e-01
9.783900e+04  9.871900e-01
9.793100e+04  9.867800e-01
9.802400e+04  9.876100e-01
9.811700e+04  9.883500e-01
9.820900e+04  9.872600e-01
9.830300e+04  9.858200e-01
9.839600e+04  9.867400e-01
9.848900e+04  9.888100e-01
9.858300e+04  9.888000e-01
9.867700e+04  9.896100e-01
9.877100e+04  9.912400e-01
9.886500e+04  9.910800e-01
9.895900e+04  9.920100e-01
9.905400e+04  9.938200e-01
9.914800e+04  9.945700e-01
9.924300e+04  9.953100e-01
9.933800e+04  9.961900e-01
9.943400e+04  9.959200e-01
9.952900e+04  9.958400e-01
9.962500e+04  9.979300e-01
9.972000e+04  9.995200e-01
9.981600e+04  9.997100e-01
9.991300e+04  1.000000e+00
1.000090e+05  9.992300e-01
1.001050e+05  9.961900e-01
1.002020e+05  9.938400e-01
1.002990e+05  9.914600e-01
1.003960e+05  9.892300e-01
1.004930e+05  9.859000e-01
1.005910e+05  9.835100e-01
1.006890e+05  9.822000e-01
1.007860e+05  9.782000e-01
1.008840e+05  9.746600e-01
1.009830e+05  9.734400e-01
1.010810e+05  9.714600e-01
1.011800e+05  9.693500e-01
1.012780e+05  9.675400e-01
1.013770e+05  9.651900e-01
1.014770e+05  9.627300e-01
1.015760e+05  9.615600e-01
1.016760e+05  9.607800e-01
1.017750e+05  9.577700e-01
1.018750e+05  9.548900e-01
1.019760e+05  9.538400e-01
1.020760e+05  9.515600e-01
1.021770e+05  9.486600e-01
1.022770e+05  9.479300e-01
1.023780e+05  9.464200e-01
1.024790e+05  9.432900e-01
1.025810e+05  9.409600e-01
1.026820e+05  9.377800e-01
1.027840e+05  9.345100e-01
1.028860e+05  9.323400e-01
1.029880e+05  9.295500e-01
1.030910e+05  9.267700e-01
1.031930e+05  9.242200e-01
1.032960e+05  9.216900e-01
1.033990e+05  9.188700e-01
1.035020e+05  9.149600e-01
1.036060e+05  9.117000e-01
1.037090e+05  9.094900e-01
1.038130e+05  9.051400e-01
1.039170e+05  8.998800e-01
1.040210e+05  8.961900e-01
1.041260e+05  8.919100e-01
1.042300e+05  8.876000e-01
1.043350e+05  8.845000e-01
1.044400e+05  8.803600e-01
1.045460e+05  8.752100e-01
1.046510e+05  8.713900e-01
1.047570e+05  8.675400e-01
1.048630e+05  8.615400e-01
1.049690e+05  8.565400e-01
1.050750e+05  8.550400e-01
1.051820e+05  8.525200e-01
1.052890e+05  8.519400e-01
1.053960e+05  8.529600e-01
1.055030e+05  8.520000e-01
1.056100e+05  8.507200e-01
1.057180e+05  8.503100e-01
1.058260e+05  8.501100e-01
1.059340e+05  8.492300e-01
1.060420e+05  8.489000e-01
1.061510e+05  8.493100e-01
1.062590e+05  8.479300e-01
1.063680e+05  8.469300e-01
1.064780e+05  8.474300e-01
1.065870e+05  8.471500e-01
1.066970e+05  8.469900e-01
1.068070e+05  8.468700e-01
1.069170e+05  8.461800e-01
1.070270e+05  8.471200e-01
1.071380e+05  8.482400e-01
1.072480e+05  8.478600e-01
1.073590e+05  8.485700e-01
1.074710e+05  8.499900e-01
1.075820e+05  8.514300e-01
1.076940e+05  8.533400e-01
1.078060e+05  8.539900e-01
1.079180e+05  8.546900e-01
1.080300e+05  8.563300e-01
1.081430e+05  8.564300e-01
1.082560e+05  8.570500e-01
1.083690e+05  8.592900e-01
1.084820e+05  8.592900e-01
1.085960e+05  8.588200e-01
1.087100e+05  8.603600e-01
1.088240e+05  8.612100e-01
1.089380e+05  8.626100e-01
1.090530e+05  8.644400e-01
1.091680e+05  8.640400e-01
1.092830e+05  8.636300e-01
1.093980e+05  8.633000e-01
1.095130e+05  8.627000e-01
1.096290e+05  8.625400e-01
1.097450e+05  8.629900e-01
1.098610e+05  8.636000e-01
1.099780e+05  8.617900e-01
1.100950e+05  8.587100e-01
1.102120e+05  8.574800e-01
1.103290e+05  8.548000e-01
1.104460e+05  8.516200e-01
1.105640e+05  8.496700e-01
1.106820e+05  8.472800e-01
1.108000e+05  8.445000e-01
1.109190e+05  8.413800e-01
1.110380e+05  8.377100e-01
1.111570e+05  8.359000e-01
1.112760e+05  8.342000e-01
1.113950e+05  8.299900e-01
1.115150e+05  8.266500e-01
1.116350e+05  8.237800e-01
1.117560e+05  8.198900e-01
1.118760e+05  8.176000e-01
1.119970e+05  8.141100e-01
1.121180e+05  8.086000e-01
1.122390e+05  8.051700e-01
1.123610e+05  8.008600e-01
1.124830e+05  7.946000e-01
1.126050e+05  7.894700e-01
1.127270e+05  7.842400e-01
1.128500e+05  7.775100e-01
1.129730e+05  7.700900e-01
1.130960e+05  7.628600e-01
1.132200e+05  7.546000e-01
1.133430e+05  7.446800e-01
1.134670e+05  7.351600e-01
1.135920e+05  7.247400e-01
1.137160e+05  7.127500e-01
1.138410e+05  7.007300e-01
1.139660e+05  6.875100e-01
1.140920e+05  6.723300e-01
1.142170e+05  6.557900e-01
1.143430e+05  6.381000e-01
1.144690e+05  6.190200e-01
1.145960e+05  5.996200e-01
1.147230e+05  5.798200e-01
1.148500e+05  5.595500e-01
1.149770e+05  5.396000e-01
1.151050e+05  5.185900e-01
1.152320e+05  4.975000e-01
1.153610e+05  4.766700e-01
1.154890e+05  4.556200e-01
1.156180e+05  4.344100e-01
1.157470e+05  4.126400e-01
1.158760e+05  3.907300e-01
1.160060e+05  3.689300e-01
1.161360e+05  3.478500e-01
1.162660e+05  3.275300e-01
1.163960e+05  3.071400e-01
1.165270e+05  2.868700e-01
1.166580e+05  2.671800e-01
1.167900e+05  2.484400e-01
1.169210e+05  2.303900e-01
1.170530e+05  2.126900e-01
1.171860e+05  1.959700e-01
1.173180e+05  1.805700e-01
1.174510e+05  1.660400e-01
1.175840e+05  1.527200e-01
1.177180e+05  1.404900e-01
1.178510e+05  1.286200e-01
1.179850e+05  1.176400e-01
1.181200e+05  1.075600e-01
1.182540e+05  9.819400e-02
1.183890e+05  8.984900e-02
1.185250e+05  8.198900e-02
1.186600e+05  7.474500e-02
1.187960e+05  6.835000e-02
1.189330e+05  6.232300e-02
1.190690e+05  5.696000e-02
1.192060e+05  5.209700e-02
1.193430e+05  4.725000e-02
1.194810e+05  4.292200e-02
1.196180e+05  3.934200e-02
1.197570e+05  3.620200e-02
1.198950e+05  3.326100e-02
1.200340e+05  3.041400e-02
1.201730e+05  2.782100e-02
1.203120e+05  2.549400e-02
1.204520e+05  2.320600e-02
1.205920e+05  2.110100e-02
1.207320e+05  1.957700e-02
1.208730e+05  1.849100e-02
1.210140e+05  1.724500e-02
1.211560e+05  1.560900e-02
1.212970e+05  1.408100e-02
1.214390e+05  1.293000e-02
1.215820e+05  1.185000e-02
1.217240e+05  1.083800e-02
1.218670e+05  1.005900e-02
1.220110e+05  9.396100e-03
1.221550e+05  8.653900e-03
1.222990e+05  7.809600e-03
1.224430e+05  7.057600e-03
1.225880e+05  6.483700e-03
1.227330e+05  6.025500e-03
1.228780e+05  5.666500e-03
1.230240e+05  5.239800e-03
1.231700e+05  4.688400e-03
1.233170e+05  4.406700e-03
1.234630e+05  4.429800e-03
1.236100e+05  4.111200e-03
1.237580e+05  3.305600e-03
1.239060e+05  2.664000e-03
1.240540e+05  2.515800e-03
1.242030e+05  2.504100e-03
1.243520e+05  2.409900e-03
1.245010e+05  2.359400e-03
1.246500e+05  2.393000e-03
1.248000e+05  2.325200e-03
1.249510e+05  1.884600e-03
1.251020e+05  1.253300e-03
1.252530e+05  1.030200e-03
1.254040e+05  1.300700e-03
1.255560e+05  1.603500e-03
1.257080e+05  1.575700e-03
1.258610e+05  1.170700e-03
1.260140e+05  7.422000e-04
1.261670e+05  6.960200e-04
1.263210e+05  9.641200e-04
1.264750e+05  1.229400e-03
1.266290e+05  1.335400e-03
1.267840e+05  1.359400e-03
1.269390e+05  1.391000e-03
1.270950e+05  1.260300e-03
1.272510e+05  8.359900e-04
1.274070e+05  4.625400e-04
1.275640e+05  3.877700e-04
1.277210e+05  3.085200e-04
1.278780e+05  2.254700e-04
1.280360e+05  4.992500e-04
1.281940e+05  8.572200e-04
1.283530e+05  8.643600e-04
1.285120e+05  7.130800e-04
1.286710e+05  5.910000e-04
1.288310e+05  3.565800e-04
1.289920e+05  1.014000e-04
1.291520e+05  7.277300e-05
1.293130e+05  2.279400e-04
1.294750e+05  4.186400e-04
1.296360e+05  5.300800e-04
1.297990e+05  3.992700e-04
1.299610e+05  1.034700e-04
1.301240e+05  0.000000e+00
