# Wavelength(Angstrom)  Transmission
1.186600e+05  9.202200e-04
1.187960e+05  1.054400e-03
1.189330e+05  1.196000e-03
1.190690e+05  1.195900e-03
1.192060e+05  1.160800e-03
1.193430e+05  1.239300e-03
1.194810e+05  1.450900e-03
1.196180e+05  1.739500e-03
1.197570e+05  1.922600e-03
1.198950e+05  1.925600e-03
1.200340e+05  1.988700e-03
1.201730e+05  2.225200e-03
1.203120e+05  2.473300e-03
1.204520e+05  2.648400e-03
1.205920e+05  2.892800e-03
1.207320e+05  3.327500e-03
1.208730e+05  3.835400e-03
1.210140e+05  4.354900e-03
1.211560e+05  4.877300e-03
1.212970e+05  5.390600e-03
1.214390e+05  5.911900e-03
1.215820e+05  6.531800e-03
1.217240e+05  7.316900e-03
1.218670e+05  8.226800e-03
1.220110e+05  9.208300e-03
1.221550e+05  1.031300e-02
1.222990e+05  1.154700e-02
1.224430e+05  1.285200e-02
1.225880e+05  1.438400e-02
1.227330e+05  1.630700e-02
1.228780e+05  1.847000e-02
1.230240e+05  2.076200e-02
1.231700e+05  2.355500e-02
1.233160e+05  2.683700e-02
1.234630e+05  3.052300e-02
1.236100e+05  3.473600e-02
1.237580e+05  3.965700e-02
1.239060e+05  4.532200e-02
1.240540e+05  5.197300e-02
1.242030e+05  5.969900e-02
1.243520e+05  6.823900e-02
1.245010e+05  7.749600e-02
1.246500e+05  8.797100e-02
1.248010e+05  1.003300e-01
1.249510e+05  1.144200e-01
1.251010e+05  1.298000e-01
1.252530e+05  1.470000e-01
1.254040e+05  1.672700e-01
1.255560e+05  1.896500e-01
1.257080e+05  2.148400e-01
1.258610e+05  2.421500e-01
1.260140e+05  2.709600e-01
1.261670e+05  3.024500e-01
1.263210e+05  3.361000e-01
1.264750e+05  3.700700e-01
1.266290e+05  4.039600e-01
1.267840e+05  4.376200e-01
1.269390e+05  4.700600e-01
1.270950e+05  5.012700e-01
1.272500e+05  5.309300e-01
1.274070e+05  5.591700e-01
1.275640e+05  5.833800e-01
1.277210e+05  6.038000e-01
1.278780e+05  6.223400e-01
1.280360e+05  6.365800e-01
1.281940e+05  6.482600e-01
1.283530e+05  6.596500e-01
1.285120e+05  6.664900e-01
1.286710e+05  6.706000e-01
1.288310e+05  6.762400e-01
1.289910e+05  6.799400e-01
1.291520e+05  6.801400e-01
1.293130e+05  6.816900e-01
1.294750e+05  6.837000e-01
1.296360e+05  6.833100e-01
1.297990e+05  6.836300e-01
1.299610e+05  6.839700e-01
1.301240e+05  6.822800e-01
1.302880e+05  6.810800e-01
1.304520e+05  6.813700e-01
1.306160e+05  6.812300e-01
1.307810e+05  6.802700e-01
1.309460e+05  6.803600e-01
1.311110e+05  6.817500e-01
1.312770e+05  6.812200e-01
1.314440e+05  6.805800e-01
1.316110e+05  6.830500e-01
1.317780e+05  6.842000e-01
1.319450e+05  6.830600e-01
1.321140e+05  6.841200e-01
1.322820e+05  6.858200e-01
1.324510e+05  6.881300e-01
1.326200e+05  6.922000e-01
1.327900e+05  6.962100e-01
1.329610e+05  7.000200e-01
1.331310e+05  7.039000e-01
1.333020e+05  7.090600e-01
1.334740e+05  7.139700e-01
1.336460e+05  7.173700e-01
1.338180e+05  7.222000e-01
1.339910e+05  7.277700e-01
1.341640e+05  7.324600e-01
1.343380e+05  7.381600e-01
1.345130e+05  7.455900e-01
1.346870e+05  7.507400e-01
1.348620e+05  7.544300e-01
1.350380e+05  7.582500e-01
1.352140e+05  7.597100e-01
1.353910e+05  7.607800e-01
1.355680e+05  7.642300e-01
1.357450e+05  7.668400e-01
1.359230e+05  7.670100e-01
1.361010e+05  7.689100e-01
1.362800e+05  7.717900e-01
1.364590e+05  7.757300e-01
1.366390e+05  7.811400e-01
1.368190e+05  7.889500e-01
1.370000e+05  7.942000e-01
1.371820e+05  7.988300e-01
1.373630e+05  8.055400e-01
1.375450e+05  8.113000e-01
1.377280e+05  8.135800e-01
1.379110e+05  8.172500e-01
1.380950e+05  8.223200e-01
1.382790e+05  8.231100e-01
1.384630e+05  8.254700e-01
1.386490e+05  8.310200e-01
1.388340e+05  8.328900e-01
1.390200e+05  8.354500e-01
1.392070e+05  8.432800e-01
1.393940e+05  8.486600e-01
1.395820e+05  8.533500e-01
1.397700e+05  8.593300e-01
1.399580e+05  8.638500e-01
1.401470e+05  8.656300e-01
1.403370e+05  8.679000e-01
1.405270e+05  8.695700e-01
1.407180e+05  8.686000e-01
1.409090e+05  8.669300e-01
1.411010e+05  8.680800e-01
1.412930e+05  8.685000e-01
1.414860e+05  8.674400e-01
1.416790e+05  8.685700e-01
1.418730e+05  8.683200e-01
1.420670e+05  8.714600e-01
1.422620e+05  8.781300e-01
1.424580e+05  8.855000e-01
1.426540e+05  8.880400e-01
1.428500e+05  8.916400e-01
1.430470e+05  8.990700e-01
1.432450e+05  9.030900e-01
1.434430e+05  9.041100e-01
1.436420e+05  9.079500e-01
1.438410e+05  9.120800e-01
1.440400e+05  9.126400e-01
1.442410e+05  9.139300e-01
1.444420e+05  9.176700e-01
1.446430e+05  9.183300e-01
1.448450e+05  9.184900e-01
1.450480e+05  9.223300e-01
1.452510e+05  9.247700e-01
1.454550e+05  9.245000e-01
1.456590e+05  9.260200e-01
1.458640e+05  9.279800e-01
1.460690e+05  9.266900e-01
1.462750e+05  9.277800e-01
1.464820e+05  9.285000e-01
1.466890e+05  9.249300e-01
1.468970e+05  9.232700e-01
1.471050e+05  9.227400e-01
1.473140e+05  9.189400e-01
1.475240e+05  9.163200e-01
1.477340e+05  9.170500e-01
1.479450e+05  9.163800e-01
1.481560e+05  9.148700e-01
1.483680e+05  9.156300e-01
1.485810e+05  9.186700e-01
1.487940e+05  9.182100e-01
1.490070e+05  9.182700e-01
1.492220e+05  9.206100e-01
1.494370e+05  9.205900e-01
1.496530e+05  9.219300e-01
1.498690e+05  9.245600e-01
1.500860e+05  9.249400e-01
1.503030e+05  9.271700e-01
1.505210e+05  9.329700e-01
1.507400e+05  9.373400e-01
1.509600e+05  9.384900e-01
1.511800e+05  9.408200e-01
1.514000e+05  9.443700e-01
1.516220e+05  9.433700e-01
1.518440e+05  9.422800e-01
1.520660e+05  9.465600e-01
1.522890e+05  9.476400e-01
1.525140e+05  9.452900e-01
1.527380e+05  9.464400e-01
1.529630e+05  9.487500e-01
1.531890e+05  9.482500e-01
1.534160e+05  9.498300e-01
1.536430e+05  9.551400e-01
1.538710e+05  9.565800e-01
1.541000e+05  9.559100e-01
1.543290e+05  9.615800e-01
1.545590e+05  9.624000e-01
1.547900e+05  9.590500e-01
1.550210e+05  9.594800e-01
1.552530e+05  9.534000e-01
1.554860e+05  9.463100e-01
1.557190e+05  9.413400e-01
1.559540e+05  9.370100e-01
1.561880e+05  9.318300e-01
1.564240e+05  9.302700e-01
1.566600e+05  9.309100e-01
1.568970e+05  9.287900e-01
1.571350e+05  9.247200e-01
1.573740e+05  9.242800e-01
1.576130e+05  9.231900e-01
1.578530e+05  9.189600e-01
1.580930e+05  9.138900e-01
1.583350e+05  9.091200e-01
1.585770e+05  9.031700e-01
1.588200e+05  8.971400e-01
1.590630e+05  8.934800e-01
1.593070e+05  8.861200e-01
1.595530e+05  8.756200e-01
1.597980e+05  8.683600e-01
1.600450e+05  8.635500e-01
1.602920e+05  8.624200e-01
1.605410e+05  8.642200e-01
1.607890e+05  8.660700e-01
1.610390e+05  8.634900e-01
1.612900e+05  8.621400e-01
1.615410e+05  8.653700e-01
1.617930e+05  8.623600e-01
1.620460e+05  8.572100e-01
1.622990e+05  8.567600e-01
1.625540e+05  8.513900e-01
1.628090e+05  8.439500e-01
1.630650e+05  8.446200e-01
1.633210e+05  8.448900e-01
1.635790e+05  8.389600e-01
1.638380e+05  8.395200e-01
1.640970e+05  8.438500e-01
1.643570e+05  8.466300e-01
1.646180e+05  8.496800e-01
1.648790e+05  8.553800e-01
1.651420e+05  8.606100e-01
1.654050e+05  8.656600e-01
1.656700e+05  8.736100e-01
1.659350e+05  8.811000e-01
1.662010e+05  8.837800e-01
1.664670e+05  8.898700e-01
1.667350e+05  8.981000e-01
1.670030e+05  9.012900e-01
1.672730e+05  9.076500e-01
1.675430e+05  9.187000e-01
1.678140e+05  9.270700e-01
1.680860e+05  9.325900e-01
1.683590e+05  9.414900e-01
1.686330e+05  9.535100e-01
1.689080e+05  9.628700e-01
1.691830e+05  9.730900e-01
1.694590e+05  9.855200e-01
1.697370e+05  9.918600e-01
1.700150e+05  9.951900e-01
1.702940e+05  9.992200e-01
1.705740e+05  1.000000e+00
1.708550e+05  9.948600e-01
1.711370e+05  9.947000e-01
1.714200e+05  9.943700e-01
1.717040e+05  9.909900e-01
1.719890e+05  9.939300e-01
1.722740e+05  9.937200e-01
1.725610e+05  9.892200e-01
1.728490e+05  9.881300e-01
1.731370e+05  9.869100e-01
1.734270e+05  9.841500e-01
1.737170e+05  9.817600e-01
1.740090e+05  9.827000e-01
1.743010e+05  9.816900e-01
1.745950e+05  9.757700e-01
1.748890e+05  9.766300e-01
1.751840e+05  9.769200e-01
1.754810e+05  9.671500e-01
1.757780e+05  9.624700e-01
1.760770e+05  9.632300e-01
1.763760e+05  9.589600e-01
1.766770e+05  9.550800e-01
1.769780e+05  9.582600e-01
1.772810e+05  9.568800e-01
1.775840e+05  9.482800e-01
1.778890e+05  9.457100e-01
1.781950e+05  9.454700e-01
1.785010e+05  9.384000e-01
1.788090e+05  9.341400e-01
1.791180e+05  9.310900e-01
1.794280e+05  9.219700e-01
1.797390e+05  9.162500e-01
1.800510e+05  9.164200e-01
1.803640e+05  9.149100e-01
1.806780e+05  9.080700e-01
1.809930e+05  9.078800e-01
1.813100e+05  9.125900e-01
1.816270e+05  9.096100e-01
1.819460e+05  9.074300e-01
1.822660e+05  9.097500e-01
1.825870e+05  9.055200e-01
1.829090e+05  9.011200e-01
1.832320e+05  9.031800e-01
1.835560e+05  9.000500e-01
1.838810e+05  8.928100e-01
1.842080e+05  8.911800e-01
1.845360e+05  8.907700e-01
1.848650e+05  8.865600e-01
1.851950e+05  8.821700e-01
1.855260e+05  8.780600e-01
1.858590e+05  8.665300e-01
1.861920e+05  8.558700e-01
1.865270e+05  8.519400e-01
1.868630e+05  8.403000e-01
1.872010e+05  8.229400e-01
1.875390e+05  8.126600e-01
1.878790e+05  7.999900e-01
1.882200e+05  7.818900e-01
1.885620e+05  7.691200e-01
1.889060e+05  7.589300e-01
1.892500e+05  7.373100e-01
1.895960e+05  7.168900e-01
1.899440e+05  7.036200e-01
1.902920e+05  6.787500e-01
1.906420e+05  6.480800e-01
1.909930e+05  6.246800e-01
1.913450e+05  5.975900e-01
1.916990e+05  5.656900e-01
1.920540e+05  5.399400e-01
1.924100e+05  5.145000e-01
1.927680e+05  4.838700e-01
1.931270e+05  4.547000e-01
1.934870e+05  4.280400e-01
1.938490e+05  4.004900e-01
1.942120e+05  3.744000e-01
1.945760e+05  3.513100e-01
1.949420e+05  3.281000e-01
1.953090e+05  3.028500e-01
1.956780e+05  2.811900e-01
1.960480e+05  2.587100e-01
1.964190e+05  2.351500e-01
1.967920e+05  2.170000e-01
1.971660e+05  2.003200e-01
1.975410e+05  1.816400e-01
1.979180e+05  1.654600e-01
1.982970e+05  1.521200e-01
1.986770e+05  1.389700e-01
1.990580e+05  1.274400e-01
1.994410e+05  1.170200e-01
1.998250e+05  1.064000e-01
2.002110e+05  9.844200e-02
2.005980e+05  9.334000e-02
2.009870e+05  8.821900e-02
2.013770e+05  8.253400e-02
2.017690e+05  7.689000e-02
2.021620e+05  7.137500e-02
2.025570e+05  6.587100e-02
2.029530e+05  6.134300e-02
2.033510e+05  5.810100e-02
2.037510e+05  5.463800e-02
2.041520e+05  5.093900e-02
2.045550e+05  4.801100e-02
2.049590e+05  4.538500e-02
2.053650e+05  4.235600e-02
2.057720e+05  3.952500e-02
2.061810e+05  3.624600e-02
2.065920e+05  3.299700e-02
2.070040e+05  3.059100e-02
2.074180e+05  2.885900e-02
2.078340e+05  2.721400e-02
2.082510e+05  2.550600e-02
2.086700e+05  2.409200e-02
2.090910e+05  2.263200e-02
2.095130e+05  2.086100e-02
2.099380e+05  1.924300e-02
2.103640e+05  1.753800e-02
2.107910e+05  1.581100e-02
2.112200e+05  1.507100e-02
2.116510e+05  1.493900e-02
2.120840e+05  1.465100e-02
2.125190e+05  1.387800e-02
2.129550e+05  1.283500e-02
2.133930e+05  1.209600e-02
2.138330e+05  1.142000e-02
2.142750e+05  1.058600e-02
2.147190e+05  9.945800e-03
2.151640e+05  9.272900e-03
2.156120e+05  8.611600e-03
2.160610e+05  8.311100e-03
2.165120e+05  8.066700e-03
2.169650e+05  7.723500e-03
2.174200e+05  7.494200e-03
2.178760e+05  7.490400e-03
2.183350e+05  7.839000e-03
2.187960e+05  8.005400e-03
2.192580e+05  7.335900e-03
2.197230e+05  6.574100e-03
2.201890e+05  6.524300e-03
2.206580e+05  6.842500e-03
2.211280e+05  6.745100e-03
2.216010e+05  6.187000e-03
2.220750e+05  5.665100e-03
2.225520e+05  4.984000e-03
2.230300e+05  3.805600e-03
2.235110e+05  2.392600e-03
2.239940e+05  1.680500e-03
2.244790e+05  2.624400e-03
2.249660e+05  4.394400e-03
2.254550e+05  4.890600e-03
2.259460e+05  3.390700e-03
2.264390e+05  1.539800e-03
2.269350e+05  1.372500e-03
2.274320e+05  2.490800e-03
2.279320e+05  3.168000e-03
2.284340e+05  3.025100e-03
2.289390e+05  2.070000e-03
2.294450e+05  1.079400e-03
2.299540e+05  1.579600e-03
2.304650e+05  3.011300e-03
2.309780e+05  3.959500e-03
2.314940e+05  4.050200e-03
2.320120e+05  2.527800e-03
2.325320e+05  2.090900e-04
2.330540e+05  0.000000e+00
