# Wavelength(Angstrom)  Transmission
7.803500e+04  3.350600e-04
7.809400e+04  6.030900e-04
7.815300e+04  2.936700e-04
7.821200e+04  7.665400e-04
7.827100e+04  9.380800e-04
7.833000e+04  1.446100e-04
7.838900e+04  1.464100e-04
7.844900e+04  2.439900e-04
7.850800e+04  2.956300e-04
7.856800e+04  2.408900e-04
7.862700e+04  1.156300e-04
7.868700e+04  1.100600e-05
7.874700e+04  5.149600e-04
7.880600e+04  5.571800e-04
7.886600e+04  9.834500e-05
7.892600e+04  4.400500e-04
7.898600e+04  7.138800e-04
7.904700e+04  1.452500e-04
7.910700e+04  5.900900e-04
7.916700e+04  9.467600e-04
7.922800e+04  9.666000e-04
7.928800e+04  1.093300e-04
7.934900e+04  0.000000e+00
7.941000e+04  8.724600e-04
7.947100e+04  4.093500e-04
7.953200e+04  0.000000e+00
7.959300e+04  8.220400e-04
7.965400e+04  9.655600e-04
7.971500e+04  5.576600e-04
7.977600e+04  4.756900e-04
7.983800e+04  8.268900e-04
7.989900e+04  9.026000e-04
7.996100e+04  8.552000e-04
8.002300e+04  7.867300e-04
8.008400e+04  1.108100e-03
8.014600e+04  7.595200e-04
8.020800e+04  7.474700e-04
8.027000e+04  8.674100e-04
8.033200e+04  6.650900e-04
8.039500e+04  1.021300e-03
8.045700e+04  1.212200e-03
8.052000e+04  6.752900e-04
8.058200e+04  7.720000e-04
8.064500e+04  1.315500e-03
8.070800e+04  1.208000e-03
8.077000e+04  6.923400e-04
8.083300e+04  1.086700e-03
8.089600e+04  1.645500e-03
8.096000e+04  1.570400e-03
8.102300e+04  1.927500e-03
8.108600e+04  2.323900e-03
8.115000e+04  2.111700e-03
8.121300e+04  2.095300e-03
8.127700e+04  2.339700e-03
8.134100e+04  2.422100e-03
8.140400e+04  2.392600e-03
8.146800e+04  2.493400e-03
8.153200e+04  2.896400e-03
8.159700e+04  3.181500e-03
8.166100e+04  2.913200e-03
8.172500e+04  2.820400e-03
8.179000e+04  3.342900e-03
8.185400e+04  3.828900e-03
8.191900e+04  3.952400e-03
8.198400e+04  4.485700e-03
8.204800e+04  4.489800e-03
8.211300e+04  4.244700e-03
8.217800e+04  5.328100e-03
8.224400e+04  5.563200e-03
8.230900e+04  5.422100e-03
8.237400e+04  6.239400e-03
8.244000e+04  6.740200e-03
8.250500e+04  7.995800e-03
8.257100e+04  8.819600e-03
8.263700e+04  8.752800e-03
8.270300e+04  1.009700e-02
8.276900e+04  1.133800e-02
8.283500e+04  1.170200e-02
8.290100e+04  1.258600e-02
8.296700e+04  1.379500e-02
8.303400e+04  1.480800e-02
8.310000e+04  1.601800e-02
8.316700e+04  1.755900e-02
8.323400e+04  1.934000e-02
8.330100e+04  2.109300e-02
8.336800e+04  2.259100e-02
8.343500e+04  2.484600e-02
8.350200e+04  2.754100e-02
8.356900e+04  2.953000e-02
8.363600e+04  3.209600e-02
8.370400e+04  3.594400e-02
8.377200e+04  3.951000e-02
8.383900e+04  4.301500e-02
8.390700e+04  4.729300e-02
8.397500e+04  5.206900e-02
8.404300e+04  5.778700e-02
8.411100e+04  6.355200e-02
8.418000e+04  6.965500e-02
8.424800e+04  7.751900e-02
8.431600e+04  8.585100e-02
8.438500e+04  9.420800e-02
8.445400e+04  1.040700e-01
8.452300e+04  1.157000e-01
8.459200e+04  1.278700e-01
8.466100e+04  1.414800e-01
8.473000e+04  1.570000e-01
8.479900e+04  1.732600e-01
8.486800e+04  1.911200e-01
8.493800e+04  2.110800e-01
8.500800e+04  2.329800e-01
8.507700e+04  2.566300e-01
8.514700e+04  2.825000e-01
8.521700e+04  3.103100e-01
8.528700e+04  3.389400e-01
8.535700e+04  3.697100e-01
8.542800e+04  4.021000e-01
8.549800e+04  4.359300e-01
8.556900e+04  4.705100e-01
8.563900e+04  5.054500e-01
8.571000e+04  5.408600e-01
8.578100e+04  5.746700e-01
8.585200e+04  6.075700e-01
8.592300e+04  6.394500e-01
8.599400e+04  6.698500e-01
8.606600e+04  6.978100e-01
8.613700e+04  7.227800e-01
8.620900e+04  7.462500e-01
8.628100e+04  7.658100e-01
8.635200e+04  7.830000e-01
8.642400e+04  7.997700e-01
8.649600e+04  8.128400e-01
8.656900e+04  8.227500e-01
8.664100e+04  8.311900e-01
8.671300e+04  8.381100e-01
8.678600e+04  8.428800e-01
8.685900e+04  8.461400e-01
8.693100e+04  8.487800e-01
8.700400e+04  8.502700e-01
8.707700e+04  8.515400e-01
8.715100e+04  8.523100e-01
8.722400e+04  8.520400e-01
8.729700e+04  8.523300e-01
8.737100e+04  8.524600e-01
8.744400e+04  8.521100e-01
8.751800e+04  8.517900e-01
8.759200e+04  8.499900e-01
8.766600e+04  8.493100e-01
8.774000e+04  8.507900e-01
8.781500e+04  8.504400e-01
8.788900e+04  8.500000e-01
8.796400e+04  8.507000e-01
8.803800e+04  8.504400e-01
8.811300e+04  8.503900e-01
8.818800e+04  8.510100e-01
8.826300e+04  8.509800e-01
8.833800e+04  8.507000e-01
8.841400e+04  8.514300e-01
8.848900e+04  8.527700e-01
8.856500e+04  8.529500e-01
8.864000e+04  8.531600e-01
8.871600e+04  8.543500e-01
8.879200e+04  8.552300e-01
8.886800e+04  8.561700e-01
8.894400e+04  8.573400e-01
8.902100e+04  8.587100e-01
8.909700e+04  8.608900e-01
8.917400e+04  8.632100e-01
8.925100e+04  8.658000e-01
8.932700e+04  8.685900e-01
8.940400e+04  8.694600e-01
8.948200e+04  8.701100e-01
8.955900e+04  8.728700e-01
8.963600e+04  8.748400e-01
8.971400e+04  8.767400e-01
8.979100e+04  8.800700e-01
8.986900e+04  8.823000e-01
8.994700e+04  8.852000e-01
9.002500e+04  8.892500e-01
9.010400e+04  8.923400e-01
9.018200e+04  8.949100e-01
9.026000e+04  8.963000e-01
9.033900e+04  8.983500e-01
9.041800e+04  9.005200e-01
9.049700e+04  9.010000e-01
9.057600e+04  9.023200e-01
9.065500e+04  9.046100e-01
9.073400e+04  9.060000e-01
9.081400e+04  9.070100e-01
9.089300e+04  9.088800e-01
9.097300e+04  9.094500e-01
9.105300e+04  9.092600e-01
9.113300e+04  9.109700e-01
9.121300e+04  9.115000e-01
9.129300e+04  9.113500e-01
9.137400e+04  9.126800e-01
9.145400e+04  9.147200e-01
9.153500e+04  9.171800e-01
9.161600e+04  9.177400e-01
9.169700e+04  9.182800e-01
9.177800e+04  9.201800e-01
9.185900e+04  9.211400e-01
9.194100e+04  9.221200e-01
9.202200e+04  9.226800e-01
9.210400e+04  9.225300e-01
9.218600e+04  9.231800e-01
9.226800e+04  9.241100e-01
9.235000e+04  9.257800e-01
9.243200e+04  9.267200e-01
9.251500e+04  9.262300e-01
9.259700e+04  9.280600e-01
9.268000e+04  9.295500e-01
9.276300e+04  9.284900e-01
9.284600e+04  9.290400e-01
9.292900e+04  9.300800e-01
9.301300e+04  9.298500e-01
9.309600e+04  9.298200e-01
9.318000e+04  9.305900e-01
9.326400e+04  9.318100e-01
9.334800e+04  9.326600e-01
9.343200e+04  9.344700e-01
9.351600e+04  9.356100e-01
9.360000e+04  9.339800e-01
9.368500e+04  9.337700e-01
9.377000e+04  9.351900e-01
9.385400e+04  9.354400e-01
9.393900e+04  9.356900e-01
9.402500e+04  9.353100e-01
9.411000e+04  9.352000e-01
9.419500e+04  9.369800e-01
9.428100e+04  9.374400e-01
9.436700e+04  9.375400e-01
9.445300e+04  9.374700e-01
9.453900e+04  9.369000e-01
9.462500e+04  9.379500e-01
9.471200e+04  9.375800e-01
9.479800e+04  9.373700e-01
9.488500e+04  9.384500e-01
9.497200e+04  9.370200e-01
9.505900e+04  9.367700e-01
9.514600e+04  9.387800e-01
9.523300e+04  9.398800e-01
9.532100e+04  9.397800e-01
9.540900e+04  9.408000e-01
9.549600e+04  9.435300e-01
9.558400e+04  9.453300e-01
9.567300e+04  9.469600e-01
9.576100e+04  9.488100e-01
9.585000e+04  9.503100e-01
9.593800e+04  9.522800e-01
9.602700e+04  9.538300e-01
9.611600e+04  9.551000e-01
9.620500e+04  9.557000e-01
9.629400e+04  9.570000e-01
9.638400e+04  9.591700e-01
9.647400e+04  9.592900e-01
9.656300e+04  9.600800e-01
9.665300e+04  9.628700e-01
9.674400e+04  9.643100e-01
9.683400e+04  9.643400e-01
9.692400e+04  9.648500e-01
9.701500e+04  9.663000e-01
9.710600e+04  9.679300e-01
9.719700e+04  9.690000e-01
9.728800e+04  9.688800e-01
9.738000e+04  9.693200e-01
9.747100e+04  9.710200e-01
9.756300e+04  9.715700e-01
9.765500e+04  9.716700e-01
9.774700e+04  9.729100e-01
9.783900e+04  9.740800e-01
9.793100e+04  9.746400e-01
9.802400e+04  9.756800e-01
9.811700e+04  9.770200e-01
9.820900e+04  9.771400e-01
9.830300e+04  9.771000e-01
9.839600e+04  9.783700e-01
9.848900e+04  9.799800e-01
9.858300e+04  9.816100e-01
9.867700e+04  9.845100e-01
9.877100e+04  9.865400e-01
9.886500e+04  9.868300e-01
9.895900e+04  9.883800e-01
9.905400e+04  9.900900e-01
9.914800e+04  9.921600e-01
9.924300e+04  9.950700e-01
9.933800e+04  9.948900e-01
9.943400e+04  9.938800e-01
9.952900e+04  9.957700e-01
9.962500e+04  9.974200e-01
9.972000e+04  9.984500e-01
9.981600e+04  1.000000e+00
9.991300e+04  9.994400e-01
1.000090e+05  9.976100e-01
1.001050e+05  9.957000e-01
1.002020e+05  9.935800e-01
1.002990e+05  9.895800e-01
1.003960e+05  9.866700e-01
1.004930e+05  9.839800e-01
1.005910e+05  9.812700e-01
1.006890e+05  9.794100e-01
1.007860e+05  9.748800e-01
1.008840e+05  9.702500e-01
1.009830e+05  9.681100e-01
1.010810e+05  9.649000e-01
1.011800e+05  9.620000e-01
1.012780e+05  9.599500e-01
1.013770e+05  9.569200e-01
1.014770e+05  9.543100e-01
1.015760e+05  9.528400e-01
1.016760e+05  9.509300e-01
1.017750e+05  9.470800e-01
1.018750e+05  9.439000e-01
1.019760e+05  9.428600e-01
1.020760e+05  9.404200e-01
1.021770e+05  9.370300e-01
1.022770e+05  9.359600e-01
1.023780e+05  9.340300e-01
1.024790e+05  9.306300e-01
1.025810e+05  9.283700e-01
1.026820e+05  9.255200e-01
1.027840e+05  9.228800e-01
1.028860e+05  9.198700e-01
1.029880e+05  9.169300e-01
1.030910e+05  9.157400e-01
1.031930e+05  9.127500e-01
1.032960e+05  9.103700e-01
1.033990e+05  9.094000e-01
1.035020e+05  9.057400e-01
1.036060e+05  9.021900e-01
1.037090e+05  9.007900e-01
1.038130e+05  8.979900e-01
1.039170e+05  8.932900e-01
1.040210e+05  8.902500e-01
1.041260e+05  8.870800e-01
1.042300e+05  8.823000e-01
1.043350e+05  8.795300e-01
1.044400e+05  8.769500e-01
1.045460e+05  8.723100e-01
1.046510e+05  8.690800e-01
1.047570e+05  8.664800e-01
1.048630e+05  8.616100e-01
1.049690e+05  8.578500e-01
1.050750e+05  8.563100e-01
1.051820e+05  8.537300e-01
1.052890e+05  8.549900e-01
1.053960e+05  8.562600e-01
1.055030e+05  8.552800e-01
1.056100e+05  8.563100e-01
1.057180e+05  8.565600e-01
1.058260e+05  8.559100e-01
1.059340e+05  8.566500e-01
1.060420e+05  8.577200e-01
1.061510e+05  8.580100e-01
1.062590e+05  8.577400e-01
1.063680e+05  8.583000e-01
1.064780e+05  8.596100e-01
1.065870e+05  8.608400e-01
1.066970e+05  8.615400e-01
1.068070e+05  8.623800e-01
1.069170e+05  8.633500e-01
1.070270e+05  8.652100e-01
1.071380e+05  8.674500e-01
1.072480e+05  8.677000e-01
1.073590e+05  8.689000e-01
1.074710e+05  8.711000e-01
1.075820e+05  8.727900e-01
1.076940e+05  8.770300e-01
1.078060e+05  8.804500e-01
1.079180e+05  8.810700e-01
1.080300e+05  8.831800e-01
1.081430e+05  8.855200e-01
1.082560e+05  8.872000e-01
1.083690e+05  8.890700e-01
1.084820e+05  8.900800e-01
1.085960e+05  8.921000e-01
1.087100e+05  8.942500e-01
1.088240e+05  8.951700e-01
1.089380e+05  8.973000e-01
1.090530e+05  8.985400e-01
1.091680e+05  8.987900e-01
1.092830e+05  9.001800e-01
1.093980e+05  8.998700e-01
1.095130e+05  8.990800e-01
1.096290e+05  8.995500e-01
1.097450e+05  9.002100e-01
1.098610e+05  8.996500e-01
1.099780e+05  8.974700e-01
1.100950e+05  8.964800e-01
1.102120e+05  8.955900e-01
1.103290e+05  8.915100e-01
1.104460e+05  8.892700e-01
1.105640e+05  8.880800e-01
1.106820e+05  8.858200e-01
1.108000e+05  8.847500e-01
1.109190e+05  8.824000e-01
1.110380e+05  8.791200e-01
1.111570e+05  8.794500e-01
1.112760e+05  8.805200e-01
1.113950e+05  8.784000e-01
1.115150e+05  8.762200e-01
1.116350e+05  8.757000e-01
1.117560e+05  8.748100e-01
1.118760e+05  8.744900e-01
1.119970e+05  8.747800e-01
1.121180e+05  8.744400e-01
1.122390e+05  8.740100e-01
1.123610e+05  8.729100e-01
1.124830e+05  8.722500e-01
1.126050e+05  8.710000e-01
1.127270e+05  8.691300e-01
1.128500e+05  8.690000e-01
1.129730e+05  8.675500e-01
1.130960e+05  8.652800e-01
1.132200e+05  8.646200e-01
1.133430e+05  8.635000e-01
1.134670e+05  8.620100e-01
1.135920e+05  8.604100e-01
1.137160e+05  8.592500e-01
1.138410e+05  8.581600e-01
1.139660e+05  8.568200e-01
1.140920e+05  8.554400e-01
1.142170e+05  8.520600e-01
1.143430e+05  8.488300e-01
1.144690e+05  8.461700e-01
1.145960e+05  8.426100e-01
1.147230e+05  8.394200e-01
1.148500e+05  8.366000e-01
1.149770e+05  8.339400e-01
1.151050e+05  8.300000e-01
1.152320e+05  8.266700e-01
1.153610e+05  8.254900e-01
1.154890e+05  8.241900e-01
1.156180e+05  8.215400e-01
1.157470e+05  8.188200e-01
1.158760e+05  8.161100e-01
1.160060e+05  8.136400e-01
1.161360e+05  8.135200e-01
1.162660e+05  8.129900e-01
1.163960e+05  8.095700e-01
1.165270e+05  8.063200e-01
1.166580e+05  8.038700e-01
1.167900e+05  8.009400e-01
1.169210e+05  7.968700e-01
1.170530e+05  7.918600e-01
1.171860e+05  7.870100e-01
1.173180e+05  7.825000e-01
1.174510e+05  7.777900e-01
1.175840e+05  7.735700e-01
1.177180e+05  7.693500e-01
1.178510e+05  7.640900e-01
1.179850e+05  7.593000e-01
1.181200e+05  7.538200e-01
1.182540e+05  7.479600e-01
1.183890e+05  7.448600e-01
1.185250e+05  7.393300e-01
1.186600e+05  7.316200e-01
1.187960e+05  7.278400e-01
1.189330e+05  7.229400e-01
1.190690e+05  7.166700e-01
1.192060e+05  7.132500e-01
1.193430e+05  7.092100e-01
1.194810e+05  7.042500e-01
1.196180e+05  7.003800e-01
1.197570e+05  6.961100e-01
1.198950e+05  6.916100e-01
1.200340e+05  6.892600e-01
1.201730e+05  6.874000e-01
1.203120e+05  6.849900e-01
1.204520e+05  6.831300e-01
1.205920e+05  6.794300e-01
1.207320e+05  6.763100e-01
1.208730e+05  6.746500e-01
1.210140e+05  6.723400e-01
1.211560e+05  6.705600e-01
1.212970e+05  6.684200e-01
1.214390e+05  6.657300e-01
1.215820e+05  6.634600e-01
1.217240e+05  6.606200e-01
1.218670e+05  6.577400e-01
1.220110e+05  6.557800e-01
1.221550e+05  6.531700e-01
1.222990e+05  6.497200e-01
1.224430e+05  6.461600e-01
1.225880e+05  6.423500e-01
1.227330e+05  6.394500e-01
1.228780e+05  6.349000e-01
1.230240e+05  6.285600e-01
1.231700e+05  6.249100e-01
1.233170e+05  6.221700e-01
1.234630e+05  6.169500e-01
1.236100e+05  6.104200e-01
1.237580e+05  6.063100e-01
1.239060e+05  6.021400e-01
1.240540e+05  5.952500e-01
1.242030e+05  5.906900e-01
1.243520e+05  5.868600e-01
1.245010e+05  5.803600e-01
1.246500e+05  5.746300e-01
1.248000e+05  5.700900e-01
1.249510e+05  5.645200e-01
1.251020e+05  5.581100e-01
1.252530e+05  5.511300e-01
1.254040e+05  5.433400e-01
1.255560e+05  5.363500e-01
1.257080e+05  5.306000e-01
1.258610e+05  5.245100e-01
1.260140e+05  5.177200e-01
1.261670e+05  5.111800e-01
1.263210e+05  5.038600e-01
1.264750e+05  4.969700e-01
1.266290e+05  4.931800e-01
1.267840e+05  4.891100e-01
1.269390e+05  4.838400e-01
1.270950e+05  4.800400e-01
1.272510e+05  4.757600e-01
1.274070e+05  4.698000e-01
1.275640e+05  4.647500e-01
1.277210e+05  4.605200e-01
1.278780e+05  4.560600e-01
1.280360e+05  4.524700e-01
1.281940e+05  4.484500e-01
1.283530e+05  4.426400e-01
1.285120e+05  4.376000e-01
1.286710e+05  4.330700e-01
1.288310e+05  4.287000e-01
1.289920e+05  4.258500e-01
1.291520e+05  4.224700e-01
1.293130e+05  4.175800e-01
1.294750e+05  4.124700e-01
1.296360e+05  4.069700e-01
1.297990e+05  4.022000e-01
1.299610e+05  3.981100e-01
1.301240e+05  3.944200e-01
1.302880e+05  3.916600e-01
1.304520e+05  3.884300e-01
1.306160e+05  3.846100e-01
1.307810e+05  3.812400e-01
1.309460e+05  3.775400e-01
1.311110e+05  3.743000e-01
1.312770e+05  3.717400e-01
1.314440e+05  3.684200e-01
1.316110e+05  3.653800e-01
1.317780e+05  3.623900e-01
1.319460e+05  3.591300e-01
1.321140e+05  3.570700e-01
1.322820e+05  3.538300e-01
1.324510e+05  3.498000e-01
1.326200e+05  3.477900e-01
1.327900e+05  3.452700e-01
1.329600e+05  3.423900e-01
1.331310e+05  3.401700e-01
1.333020e+05  3.369700e-01
1.334740e+05  3.344600e-01
1.336460e+05  3.319600e-01
1.338180e+05  3.293500e-01
1.339910e+05  3.279500e-01
1.341650e+05  3.260700e-01
1.343380e+05  3.236700e-01
1.345130e+05  3.209600e-01
1.346870e+05  3.180000e-01
1.348620e+05  3.174600e-01
1.350380e+05  3.166500e-01
1.352140e+05  3.147500e-01
1.353910e+05  3.145500e-01
1.355680e+05  3.143900e-01
1.357450e+05  3.127400e-01
1.359230e+05  3.119000e-01
1.361010e+05  3.125500e-01
1.362800e+05  3.121700e-01
1.364590e+05  3.105100e-01
1.366390e+05  3.105400e-01
1.368190e+05  3.108400e-01
1.370000e+05  3.093900e-01
1.371810e+05  3.098100e-01
1.373630e+05  3.108300e-01
1.375450e+05  3.102600e-01
1.377280e+05  3.105200e-01
1.379110e+05  3.112200e-01
1.380950e+05  3.108900e-01
1.382790e+05  3.115400e-01
1.384640e+05  3.118600e-01
1.386490e+05  3.118300e-01
1.388340e+05  3.130600e-01
1.390200e+05  3.133200e-01
1.392070e+05  3.127900e-01
1.393940e+05  3.129000e-01
1.395820e+05  3.132600e-01
1.397700e+05  3.139400e-01
1.399580e+05  3.142100e-01
1.401480e+05  3.121900e-01
1.403370e+05  3.096700e-01
1.405270e+05  3.078300e-01
1.407180e+05  3.060500e-01
1.409090e+05  3.045600e-01
1.411010e+05  3.017100e-01
1.412930e+05  2.964400e-01
1.414860e+05  2.894800e-01
1.416790e+05  2.682000e-01
1.418730e+05  2.322400e-01
1.420670e+05  2.039000e-01
1.422620e+05  1.853900e-01
1.424580e+05  1.690800e-01
1.426540e+05  1.556000e-01
1.428500e+05  1.430200e-01
1.430470e+05  1.316000e-01
1.432450e+05  1.222700e-01
1.434430e+05  1.127300e-01
1.436420e+05  1.033600e-01
1.438410e+05  9.556200e-02
1.440410e+05  8.814500e-02
1.442410e+05  8.136800e-02
1.444420e+05  7.445300e-02
1.446430e+05  6.669200e-02
1.448450e+05  6.041600e-02
1.450480e+05  5.415600e-02
1.452510e+05  4.754600e-02
1.454550e+05  4.167500e-02
1.456590e+05  3.560000e-02
1.458640e+05  3.010500e-02
1.460690e+05  2.435800e-02
1.462750e+05  1.889500e-02
1.464820e+05  1.474700e-02
1.466890e+05  9.683000e-03
1.468970e+05  4.389500e-03
1.471050e+05  1.464800e-03
1.473140e+05  2.244100e-04
1.475240e+05  0.000000e+00
1.477340e+05  2.174800e-04
1.479450e+05  0.000000e+00
1.481560e+05  8.063100e-04
1.483680e+05  7.760500e-03
1.485800e+05  2.302900e-02
1.487940e+05  4.884100e-02
1.490070e+05  7.916000e-02
1.492220e+05  1.049800e-01
1.494370e+05  1.252300e-01
1.496530e+05  1.414700e-01
1.498690e+05  1.523800e-01
1.500860e+05  1.586200e-01
1.503030e+05  1.629700e-01
1.505210e+05  1.639900e-01
1.507400e+05  1.620400e-01
1.509600e+05  1.589500e-01
1.511800e+05  1.536600e-01
1.514000e+05  1.465200e-01
1.516220e+05  1.374900e-01
1.518440e+05  1.266400e-01
1.520660e+05  1.126900e-01
1.522900e+05  9.568100e-02
1.525140e+05  7.632400e-02
1.527380e+05  4.527600e-02
1.529630e+05  1.151800e-02
1.531890e+05  0.000000e+00
1.534160e+05  5.913800e-04
1.536430e+05  4.406500e-04
1.538710e+05  5.238000e-04
1.541000e+05  4.531200e-04
1.543290e+05  3.470100e-04
1.545590e+05  8.125700e-04
1.547900e+05  6.342900e-05
1.550210e+05  8.109700e-04
1.552530e+05  5.799200e-04
1.554860e+05  4.900800e-05
1.557190e+05  3.483000e-05
1.559540e+05  5.252000e-04
1.561890e+05  5.231600e-04
1.564240e+05  1.396500e-04
