# # Wavelength(Angstrom)  Transmission
4.048000e+03 1.362000e-03
4.050000e+03 1.821000e-03
4.052000e+03 2.471000e-03
4.054000e+03 3.376000e-03
4.056000e+03 4.508000e-03
4.058000e+03 6.164000e-03
4.060000e+03 8.428000e-03
4.062000e+03 1.148800e-02
4.064000e+03 1.586200e-02
4.066000e+03 2.153500e-02
4.068000e+03 2.928900e-02
4.070000e+03 3.958400e-02
4.072000e+03 5.438600e-02
4.074000e+03 7.485200e-02
4.076000e+03 1.029860e-01
4.078000e+03 1.399640e-01
4.080000e+03 1.876340e-01
4.082000e+03 2.454730e-01
4.084000e+03 3.088300e-01
4.086000e+03 3.760400e-01
4.088000e+03 4.345270e-01
4.090000e+03 4.771140e-01
4.092000e+03 4.995500e-01
4.094000e+03 5.076600e-01
4.096000e+03 5.066830e-01
4.098000e+03 5.018600e-01
4.100000e+03 4.979780e-01
4.102000e+03 4.953460e-01
4.104000e+03 4.935930e-01
4.106000e+03 4.945420e-01
4.108000e+03 4.965830e-01
4.110000e+03 4.991970e-01
4.112000e+03 5.020470e-01
4.114000e+03 5.029220e-01
4.116000e+03 5.036140e-01
4.118000e+03 5.031570e-01
4.120000e+03 5.012120e-01
4.122000e+03 4.984750e-01
4.124000e+03 4.949400e-01
4.126000e+03 4.911160e-01
4.128000e+03 4.867050e-01
4.130000e+03 4.838550e-01
4.132000e+03 4.800690e-01
4.134000e+03 4.776220e-01
4.136000e+03 4.751190e-01
4.138000e+03 4.735450e-01
4.140000e+03 4.720380e-01
4.142000e+03 4.711100e-01
4.144000e+03 4.708040e-01
4.146000e+03 4.693570e-01
4.148000e+03 4.703670e-01
4.150000e+03 4.708250e-01
4.152000e+03 4.717260e-01
4.154000e+03 4.735310e-01
4.156000e+03 4.750740e-01
4.158000e+03 4.787500e-01
4.160000e+03 4.831090e-01
4.162000e+03 4.867570e-01
4.164000e+03 4.927750e-01
4.166000e+03 4.991420e-01
4.168000e+03 5.057460e-01
4.170000e+03 5.133990e-01
4.172000e+03 5.201240e-01
4.174000e+03 5.273670e-01
4.176000e+03 5.336310e-01
4.178000e+03 5.402340e-01
4.180000e+03 5.461770e-01
4.182000e+03 5.495970e-01
4.184000e+03 5.534600e-01
4.186000e+03 5.552190e-01
4.188000e+03 5.560370e-01
4.190000e+03 5.557950e-01
4.192000e+03 5.550910e-01
4.194000e+03 5.517870e-01
4.196000e+03 5.483990e-01
4.198000e+03 5.455730e-01
4.200000e+03 5.410120e-01
4.202000e+03 5.370170e-01
4.204000e+03 5.333290e-01
4.206000e+03 5.291220e-01
4.208000e+03 5.265870e-01
4.210000e+03 5.233860e-01
4.212000e+03 5.210140e-01
4.214000e+03 5.207750e-01
4.216000e+03 5.191640e-01
4.218000e+03 5.195870e-01
4.220000e+03 5.209500e-01
4.222000e+03 5.225000e-01
4.224000e+03 5.251420e-01
4.226000e+03 5.280030e-01
4.228000e+03 5.319430e-01
4.230000e+03 5.375730e-01
4.232000e+03 5.413590e-01
4.234000e+03 5.462950e-01
4.236000e+03 5.516630e-01
4.238000e+03 5.565310e-01
4.240000e+03 5.599700e-01
4.242000e+03 5.640280e-01
4.244000e+03 5.670100e-01
4.246000e+03 5.693420e-01
4.248000e+03 5.701550e-01
4.250000e+03 5.703690e-01
4.252000e+03 5.687260e-01
4.254000e+03 5.664240e-01
4.256000e+03 5.625160e-01
4.258000e+03 5.577760e-01
4.260000e+03 5.528990e-01
4.262000e+03 5.480170e-01
4.264000e+03 5.432010e-01
4.266000e+03 5.375130e-01
4.268000e+03 5.316200e-01
4.270000e+03 5.267620e-01
4.272000e+03 5.235550e-01
4.274000e+03 5.196240e-01
4.276000e+03 5.169210e-01
4.278000e+03 5.156240e-01
4.280000e+03 5.142200e-01
4.282000e+03 5.135620e-01
4.284000e+03 5.143680e-01
4.286000e+03 5.158390e-01
4.288000e+03 5.179670e-01
4.290000e+03 5.204660e-01
4.292000e+03 5.236740e-01
4.294000e+03 5.277980e-01
4.296000e+03 5.326820e-01
4.298000e+03 5.354520e-01
4.300000e+03 5.391950e-01
4.302000e+03 5.442110e-01
4.304000e+03 5.485640e-01
4.306000e+03 5.520630e-01
4.308000e+03 5.562570e-01
4.310000e+03 5.581700e-01
4.312000e+03 5.604880e-01
4.314000e+03 5.625750e-01
4.316000e+03 5.647980e-01
4.318000e+03 5.649220e-01
4.320000e+03 5.653760e-01
4.322000e+03 5.652650e-01
4.324000e+03 5.636700e-01
4.326000e+03 5.630240e-01
4.328000e+03 5.605330e-01
4.330000e+03 5.582440e-01
4.332000e+03 5.545330e-01
4.334000e+03 5.516440e-01
4.336000e+03 5.473910e-01
4.338000e+03 5.437410e-01
4.340000e+03 5.404640e-01
4.342000e+03 5.344580e-01
4.344000e+03 5.303610e-01
4.346000e+03 5.265370e-01
4.348000e+03 5.221690e-01
4.350000e+03 5.176100e-01
4.352000e+03 5.148620e-01
4.354000e+03 5.111350e-01
4.356000e+03 5.090040e-01
4.358000e+03 5.070260e-01
4.360000e+03 5.046460e-01
4.362000e+03 5.040960e-01
4.364000e+03 5.040550e-01
4.366000e+03 5.045360e-01
4.368000e+03 5.066400e-01
4.370000e+03 5.078190e-01
4.372000e+03 5.099780e-01
4.374000e+03 5.134040e-01
4.376000e+03 5.164510e-01
4.378000e+03 5.208400e-01
4.380000e+03 5.245530e-01
4.382000e+03 5.284370e-01
4.384000e+03 5.340160e-01
4.386000e+03 5.382070e-01
4.388000e+03 5.426610e-01
4.390000e+03 5.460530e-01
4.392000e+03 5.502580e-01
4.394000e+03 5.536800e-01
4.396000e+03 5.569110e-01
4.398000e+03 5.590270e-01
4.400000e+03 5.604490e-01
4.402000e+03 5.576380e-01
4.404000e+03 5.529460e-01
4.406000e+03 5.409750e-01
4.408000e+03 5.242530e-01
4.410000e+03 4.963560e-01
4.412000e+03 4.586770e-01
4.414000e+03 4.102130e-01
4.416000e+03 3.551970e-01
4.418000e+03 2.967430e-01
4.420000e+03 2.409480e-01
4.422000e+03 1.891480e-01
4.424000e+03 1.459650e-01
4.426000e+03 1.090890e-01
4.428000e+03 8.095200e-02
4.430000e+03 6.023800e-02
4.432000e+03 4.449300e-02
4.434000e+03 3.330400e-02
4.436000e+03 2.473000e-02
4.438000e+03 1.864800e-02
4.440000e+03 1.381000e-02
4.442000e+03 1.045700e-02
4.444000e+03 7.911000e-03
4.446000e+03 6.083000e-03
4.448000e+03 4.661000e-03
4.450000e+03 3.624000e-03
4.452000e+03 2.812000e-03
4.454000e+03 2.183000e-03
4.456000e+03 1.682000e-03
4.458000e+03 1.331000e-03
4.460000e+03 1.067000e-03
