# # Wavelength(Angstrom)  Transmission
4.368000e+03 1.058000e-03
4.370000e+03 1.469000e-03
4.372000e+03 2.088000e-03
4.374000e+03 2.933000e-03
4.376000e+03 4.162000e-03
4.378000e+03 5.806000e-03
4.380000e+03 7.758000e-03
4.382000e+03 1.008100e-02
4.384000e+03 1.248700e-02
4.386000e+03 1.496800e-02
4.388000e+03 1.732900e-02
4.390000e+03 1.986800e-02
4.392000e+03 2.259200e-02
4.394000e+03 2.585800e-02
4.396000e+03 2.980900e-02
4.398000e+03 3.536800e-02
4.400000e+03 4.275000e-02
4.402000e+03 5.324000e-02
4.404000e+03 6.800100e-02
4.406000e+03 8.932900e-02
4.408000e+03 1.202520e-01
4.410000e+03 1.624780e-01
4.412000e+03 2.237450e-01
4.414000e+03 3.011840e-01
4.416000e+03 3.927970e-01
4.418000e+03 4.800910e-01
4.420000e+03 5.436370e-01
4.422000e+03 5.705990e-01
4.424000e+03 5.668090e-01
4.426000e+03 5.470000e-01
4.428000e+03 5.245420e-01
4.430000e+03 5.073340e-01
4.432000e+03 4.985470e-01
4.434000e+03 4.984530e-01
4.436000e+03 5.051100e-01
4.438000e+03 5.169290e-01
4.440000e+03 5.344730e-01
4.442000e+03 5.545110e-01
4.444000e+03 5.733280e-01
4.446000e+03 5.901940e-01
4.448000e+03 6.031150e-01
4.450000e+03 6.088170e-01
4.452000e+03 6.104850e-01
4.454000e+03 6.071110e-01
4.456000e+03 5.994320e-01
4.458000e+03 5.896040e-01
4.460000e+03 5.794550e-01
4.462000e+03 5.695430e-01
4.464000e+03 5.611760e-01
4.466000e+03 5.548510e-01
4.468000e+03 5.495930e-01
4.470000e+03 5.464340e-01
4.472000e+03 5.446390e-01
4.474000e+03 5.444210e-01
4.476000e+03 5.441150e-01
4.478000e+03 5.443020e-01
4.480000e+03 5.449350e-01
4.482000e+03 5.456000e-01
4.484000e+03 5.438910e-01
4.486000e+03 5.437850e-01
4.488000e+03 5.418730e-01
4.490000e+03 5.391670e-01
4.492000e+03 5.374750e-01
4.494000e+03 5.342600e-01
4.496000e+03 5.322690e-01
4.498000e+03 5.305440e-01
4.500000e+03 5.297370e-01
4.502000e+03 5.296270e-01
4.504000e+03 5.300620e-01
4.506000e+03 5.318090e-01
4.508000e+03 5.339350e-01
4.510000e+03 5.370990e-01
4.512000e+03 5.407210e-01
4.514000e+03 5.449390e-01
4.516000e+03 5.501180e-01
4.518000e+03 5.551050e-01
4.520000e+03 5.606220e-01
4.522000e+03 5.659370e-01
4.524000e+03 5.705960e-01
4.526000e+03 5.756830e-01
4.528000e+03 5.803130e-01
4.530000e+03 5.847970e-01
4.532000e+03 5.888650e-01
4.534000e+03 5.920760e-01
4.536000e+03 5.950880e-01
4.538000e+03 5.974040e-01
4.540000e+03 5.989970e-01
4.542000e+03 6.008110e-01
4.544000e+03 6.025990e-01
4.546000e+03 6.024680e-01
4.548000e+03 6.024630e-01
4.550000e+03 6.022760e-01
4.552000e+03 6.014200e-01
4.554000e+03 5.995490e-01
4.556000e+03 5.977790e-01
4.558000e+03 5.962510e-01
4.560000e+03 5.930520e-01
4.562000e+03 5.896450e-01
4.564000e+03 5.874430e-01
4.566000e+03 5.853130e-01
4.568000e+03 5.835320e-01
4.570000e+03 5.820340e-01
4.572000e+03 5.809480e-01
4.574000e+03 5.820090e-01
4.576000e+03 5.820720e-01
4.578000e+03 5.830030e-01
4.580000e+03 5.862490e-01
4.582000e+03 5.900770e-01
4.584000e+03 5.928980e-01
4.586000e+03 5.970280e-01
4.588000e+03 6.013160e-01
4.590000e+03 6.057090e-01
4.592000e+03 6.096870e-01
4.594000e+03 6.136790e-01
4.596000e+03 6.168090e-01
4.598000e+03 6.192190e-01
4.600000e+03 6.201620e-01
4.602000e+03 6.199460e-01
4.604000e+03 6.192270e-01
4.606000e+03 6.175200e-01
4.608000e+03 6.154070e-01
4.610000e+03 6.123780e-01
4.612000e+03 6.097350e-01
4.614000e+03 6.057600e-01
4.616000e+03 6.023280e-01
4.618000e+03 6.000330e-01
4.620000e+03 5.971830e-01
4.622000e+03 5.946400e-01
4.624000e+03 5.933300e-01
4.626000e+03 5.921980e-01
4.628000e+03 5.908690e-01
4.630000e+03 5.900780e-01
4.632000e+03 5.882640e-01
4.634000e+03 5.879890e-01
4.636000e+03 5.854950e-01
4.638000e+03 5.821570e-01
4.640000e+03 5.781260e-01
4.642000e+03 5.727440e-01
4.644000e+03 5.666320e-01
4.646000e+03 5.586390e-01
4.648000e+03 5.504330e-01
4.650000e+03 5.419760e-01
4.652000e+03 5.326660e-01
4.654000e+03 5.234250e-01
4.656000e+03 5.138390e-01
4.658000e+03 5.071570e-01
4.660000e+03 5.009220e-01
4.662000e+03 4.956610e-01
4.664000e+03 4.929810e-01
4.666000e+03 4.918060e-01
4.668000e+03 4.920470e-01
4.670000e+03 4.957850e-01
4.672000e+03 5.010470e-01
4.674000e+03 5.084300e-01
4.676000e+03 5.191520e-01
4.678000e+03 5.297340e-01
4.680000e+03 5.423790e-01
4.682000e+03 5.565700e-01
4.684000e+03 5.724770e-01
4.686000e+03 5.860540e-01
4.688000e+03 5.992570e-01
4.690000e+03 6.102870e-01
4.692000e+03 6.182130e-01
4.694000e+03 6.208290e-01
4.696000e+03 6.205160e-01
4.698000e+03 6.155430e-01
4.700000e+03 6.054810e-01
4.702000e+03 5.929150e-01
4.704000e+03 5.784540e-01
4.706000e+03 5.636670e-01
4.708000e+03 5.479200e-01
4.710000e+03 5.325220e-01
4.712000e+03 5.186000e-01
4.714000e+03 5.081780e-01
4.716000e+03 5.013880e-01
4.718000e+03 4.967620e-01
4.720000e+03 4.961030e-01
4.722000e+03 4.993340e-01
4.724000e+03 5.068700e-01
4.726000e+03 5.181000e-01
4.728000e+03 5.325760e-01
4.730000e+03 5.464650e-01
4.732000e+03 5.547890e-01
4.734000e+03 5.547890e-01
4.736000e+03 5.363660e-01
4.738000e+03 4.939950e-01
4.740000e+03 4.291540e-01
4.742000e+03 3.491520e-01
4.744000e+03 2.702770e-01
4.746000e+03 1.997560e-01
4.748000e+03 1.429180e-01
4.750000e+03 1.005620e-01
4.752000e+03 7.134000e-02
4.754000e+03 5.017300e-02
4.756000e+03 3.594300e-02
4.758000e+03 2.597900e-02
4.760000e+03 1.904800e-02
4.762000e+03 1.404300e-02
4.764000e+03 1.039400e-02
4.766000e+03 7.814000e-03
4.768000e+03 5.880000e-03
4.770000e+03 4.543000e-03
4.772000e+03 3.542000e-03
4.774000e+03 2.734000e-03
4.776000e+03 2.156000e-03
4.778000e+03 1.709000e-03
4.780000e+03 1.378000e-03
4.782000e+03 1.086000e-03
