# # Wavelength(Angstrom)  Transmission
7.744243e+03 1.105000e-03
7.746002e+03 8.800000e-05
7.747782e+03 8.800000e-05
7.749912e+03 1.378000e-03
7.751678e+03 8.800000e-05
7.753450e+03 8.800000e-05
7.755587e+03 8.800000e-05
7.757346e+03 8.800000e-05
7.759126e+03 1.375000e-03
7.760885e+03 8.700000e-05
7.763021e+03 9.590000e-04
7.764801e+03 7.530000e-04
7.766560e+03 8.700000e-05
7.768796e+03 1.848000e-03
7.770469e+03 8.700000e-05
7.772228e+03 8.880000e-04
7.773994e+03 2.048000e-03
7.775766e+03 8.700000e-05
7.777903e+03 1.569000e-03
7.779682e+03 1.159000e-03
7.781441e+03 8.700000e-05
7.783200e+03 2.925000e-03
7.785435e+03 1.493000e-03
7.787115e+03 1.966000e-03
7.788874e+03 3.116000e-03
7.791109e+03 1.220000e-03
7.792868e+03 2.441000e-03
7.794647e+03 1.696000e-03
7.796320e+03 1.629000e-03
7.798542e+03 3.591000e-03
7.800314e+03 1.760000e-03
7.802079e+03 2.638000e-03
7.803752e+03 3.110000e-03
7.805987e+03 1.421000e-03
7.807746e+03 3.112000e-03
7.809525e+03 2.501000e-03
7.811283e+03 1.890000e-03
7.813419e+03 3.566000e-03
7.815197e+03 2.352000e-03
7.816956e+03 3.158000e-03
7.818715e+03 3.832000e-03
7.820863e+03 2.289000e-03
7.822629e+03 3.830000e-03
7.824387e+03 3.286000e-03
7.826166e+03 3.016000e-03
7.827924e+03 4.695000e-03
7.830053e+03 4.226000e-03
7.831831e+03 4.880000e-03
7.833590e+03 6.476000e-03
7.835368e+03 6.021000e-03
7.837126e+03 6.764000e-03
7.839261e+03 8.879000e-03
7.841040e+03 8.553000e-03
7.842798e+03 1.049600e-02
7.844556e+03 1.286500e-02
7.846334e+03 1.304700e-02
7.848549e+03 1.725800e-02
7.850327e+03 2.099200e-02
7.852006e+03 2.367800e-02
7.853764e+03 2.897600e-02
7.855522e+03 3.653800e-02
7.857386e+03 4.542000e-02
7.859164e+03 5.603100e-02
7.860922e+03 7.148200e-02
7.862680e+03 9.141700e-02
7.864544e+03 1.187180e-01
7.866401e+03 1.562400e-01
7.868265e+03 2.045610e-01
7.870122e+03 2.655000e-01
7.872072e+03 3.415000e-01
7.874015e+03 4.266160e-01
7.876063e+03 5.140060e-01
7.878211e+03 5.918350e-01
7.880346e+03 6.501620e-01
7.882473e+03 6.853900e-01
7.884707e+03 7.059370e-01
7.886841e+03 7.126670e-01
7.889075e+03 7.162900e-01
7.891308e+03 7.165790e-01
7.893436e+03 7.171350e-01
7.895669e+03 7.185480e-01
7.897903e+03 7.176420e-01
7.900037e+03 7.201090e-01
7.902264e+03 7.200370e-01
7.904497e+03 7.203120e-01
7.906631e+03 7.219490e-01
7.908864e+03 7.206120e-01
7.911097e+03 7.199230e-01
7.913225e+03 7.207410e-01
7.915458e+03 7.179820e-01
7.917691e+03 7.190410e-01
7.919825e+03 7.188810e-01
7.922058e+03 7.155530e-01
7.924291e+03 7.152760e-01
7.926418e+03 7.156340e-01
7.928651e+03 7.140690e-01
7.930883e+03 7.140450e-01
7.933017e+03 7.135190e-01
7.935243e+03 7.111630e-01
7.937476e+03 7.104680e-01
7.939610e+03 7.097910e-01
7.941842e+03 7.060330e-01
7.944075e+03 7.072010e-01
7.946202e+03 7.054390e-01
7.948434e+03 7.023130e-01
7.950667e+03 7.030010e-01
7.952800e+03 7.021630e-01
7.955032e+03 6.974150e-01
7.957265e+03 6.960340e-01
7.959391e+03 6.958960e-01
7.961624e+03 6.892480e-01
7.963757e+03 6.875710e-01
7.965989e+03 6.880110e-01
7.968116e+03 6.873280e-01
7.970348e+03 6.840570e-01
7.972580e+03 6.791570e-01
7.974706e+03 6.780430e-01
7.976938e+03 6.756410e-01
7.979091e+03 6.778120e-01
7.981303e+03 6.769620e-01
7.983449e+03 6.794660e-01
7.985661e+03 6.786670e-01
7.987807e+03 6.803590e-01
7.990039e+03 6.814100e-01
7.992172e+03 6.834940e-01
7.994404e+03 6.857200e-01
7.996530e+03 6.873030e-01
7.998761e+03 6.917450e-01
8.000993e+03 6.937290e-01
8.003126e+03 6.967270e-01
8.005357e+03 7.000820e-01
8.007589e+03 7.006700e-01
8.009820e+03 7.030200e-01
8.012032e+03 7.049850e-01
8.014177e+03 7.041910e-01
8.016409e+03 7.029930e-01
8.018620e+03 7.018920e-01
8.020852e+03 7.008390e-01
8.022984e+03 7.006130e-01
8.025215e+03 6.993170e-01
8.027446e+03 6.959440e-01
8.029677e+03 6.944860e-01
8.031803e+03 6.947030e-01
8.034034e+03 6.915060e-01
8.036265e+03 6.905950e-01
8.038397e+03 6.901420e-01
8.040621e+03 6.889890e-01
8.042852e+03 6.872100e-01
8.045083e+03 6.871350e-01
8.047215e+03 6.881080e-01
8.049446e+03 6.850000e-01
8.051677e+03 6.875540e-01
8.053908e+03 6.890470e-01
8.056033e+03 6.841150e-01
8.058263e+03 6.879100e-01
8.060474e+03 6.918250e-01
8.062705e+03 6.879710e-01
8.064856e+03 6.890920e-01
8.067067e+03 6.943930e-01
8.069297e+03 6.971640e-01
8.071528e+03 6.972780e-01
8.073758e+03 6.954120e-01
8.075883e+03 6.935440e-01
8.078113e+03 6.939900e-01
8.080343e+03 6.949860e-01
8.082574e+03 6.944670e-01
8.084804e+03 6.904200e-01
8.087014e+03 6.860390e-01
8.089159e+03 6.797880e-01
8.091376e+03 6.708710e-01
8.093606e+03 6.620770e-01
8.095750e+03 6.527550e-01
8.097960e+03 6.433370e-01
8.100105e+03 6.356400e-01
8.102334e+03 6.290450e-01
8.104465e+03 6.234040e-01
8.106590e+03 6.204900e-01
8.108819e+03 6.180010e-01
8.110950e+03 6.194310e-01
8.113094e+03 6.193280e-01
8.115324e+03 6.227820e-01
8.117448e+03 6.282870e-01
8.119579e+03 6.370310e-01
8.121808e+03 6.437390e-01
8.124038e+03 6.500630e-01
8.126162e+03 6.596220e-01
8.128391e+03 6.687810e-01
8.130621e+03 6.721630e-01
8.132850e+03 6.769470e-01
8.134981e+03 6.807360e-01
8.137210e+03 6.777280e-01
8.139433e+03 6.755310e-01
8.141649e+03 6.669530e-01
8.143878e+03 6.591740e-01
8.146022e+03 6.481670e-01
8.148231e+03 6.341430e-01
8.150374e+03 6.210310e-01
8.152604e+03 6.030460e-01
8.154734e+03 5.848250e-01
8.156857e+03 5.704590e-01
8.159007e+03 5.526830e-01
8.161130e+03 5.409130e-01
8.163175e+03 5.270220e-01
8.165298e+03 5.177890e-01
8.167428e+03 5.170060e-01
8.169472e+03 5.151410e-01
8.171615e+03 5.123070e-01
8.173738e+03 5.131310e-01
8.175783e+03 5.046190e-01
8.177912e+03 4.714600e-01
8.179950e+03 4.060600e-01
8.181895e+03 3.177000e-01
8.183853e+03 2.310850e-01
8.185693e+03 1.604850e-01
8.187545e+03 1.083430e-01
8.189404e+03 7.187000e-02
8.191158e+03 4.846000e-02
8.192932e+03 3.382600e-02
8.194685e+03 2.228800e-02
8.196459e+03 1.553300e-02
8.198212e+03 1.192600e-02
8.199973e+03 8.500000e-03
8.201739e+03 5.776000e-03
8.203869e+03 5.654000e-03
8.205622e+03 3.688000e-03
8.207396e+03 3.051000e-03
8.209149e+03 3.510000e-03
8.211278e+03 1.675000e-03
8.213052e+03 2.196000e-03
8.214805e+03 1.962000e-03
