# # Wavelength(Angstrom)  Transmission
8.684168e+03 1.226000e-03
8.685900e+03 1.818000e-03
8.688101e+03 7.610000e-04
8.689832e+03 1.596000e-03
8.691479e+03 1.388000e-03
8.693218e+03 9.270000e-04
8.695418e+03 2.256000e-03
8.697163e+03 1.382000e-03
8.698901e+03 1.842000e-03
8.700548e+03 2.286000e-03
8.702749e+03 1.501000e-03
8.704481e+03 2.212000e-03
8.706219e+03 1.949000e-03
8.707866e+03 1.405000e-03
8.709617e+03 2.405000e-03
8.711798e+03 1.891000e-03
8.713550e+03 2.402000e-03
8.715281e+03 2.830000e-03
8.716935e+03 1.892000e-03
8.719136e+03 2.703000e-03
8.720867e+03 2.704000e-03
8.722619e+03 2.251000e-03
8.724351e+03 3.225000e-03
8.726082e+03 3.346000e-03
8.728198e+03 2.969000e-03
8.729930e+03 4.187000e-03
8.731668e+03 4.183000e-03
8.733413e+03 4.339000e-03
8.735151e+03 5.802000e-03
8.737248e+03 6.104000e-03
8.738999e+03 7.312000e-03
8.740731e+03 8.776000e-03
8.742469e+03 9.272000e-03
8.744214e+03 1.089300e-02
8.745952e+03 1.322700e-02
8.748146e+03 1.561800e-02
8.749884e+03 1.780400e-02
8.751636e+03 2.224400e-02
8.753367e+03 2.702400e-02
8.755099e+03 3.188800e-02
8.756851e+03 3.795300e-02
8.758582e+03 4.585000e-02
8.760418e+03 5.609500e-02
8.762150e+03 6.771700e-02
8.763979e+03 8.304300e-02
8.765815e+03 1.008550e-01
8.767651e+03 1.230400e-01
8.769481e+03 1.460900e-01
8.771401e+03 1.744520e-01
8.773315e+03 2.060260e-01
8.775249e+03 2.396290e-01
8.777267e+03 2.771020e-01
8.779266e+03 3.176990e-01
8.781382e+03 3.553710e-01
8.783485e+03 3.935380e-01
8.785581e+03 4.338800e-01
8.787781e+03 4.674770e-01
8.790080e+03 4.980980e-01
8.792267e+03 5.130180e-01
8.794565e+03 5.211860e-01
8.796297e+03 5.218750e-01
8.798498e+03 5.170470e-01
8.800229e+03 5.151610e-01
8.802430e+03 5.016290e-01
8.804715e+03 4.913370e-01
8.806916e+03 4.816580e-01
8.809201e+03 4.757970e-01
8.811401e+03 4.669650e-01
8.813602e+03 4.591890e-01
8.815880e+03 4.568040e-01
8.818081e+03 4.562990e-01
8.820281e+03 4.513140e-01
8.822482e+03 4.552600e-01
8.824683e+03 4.551450e-01
8.826883e+03 4.547070e-01
8.829168e+03 4.614890e-01
8.831369e+03 4.610470e-01
8.833550e+03 4.666340e-01
8.835848e+03 4.704530e-01
8.838048e+03 4.756730e-01
8.840229e+03 4.787530e-01
8.842534e+03 4.830800e-01
8.844813e+03 4.882510e-01
8.846466e+03 4.927080e-01
8.848752e+03 4.955870e-01
8.850399e+03 5.018070e-01
8.852684e+03 5.036140e-01
8.854982e+03 5.105380e-01
8.857267e+03 5.145350e-01
8.859552e+03 5.155420e-01
8.861851e+03 5.235310e-01
8.864136e+03 5.248620e-01
8.866519e+03 5.254240e-01
8.868166e+03 5.318330e-01
8.870535e+03 5.287220e-01
8.872280e+03 5.345040e-01
8.874019e+03 5.301360e-01
8.875763e+03 5.323230e-01
8.877502e+03 5.352960e-01
8.879233e+03 5.281950e-01
8.880985e+03 5.344290e-01
8.882716e+03 5.310260e-01
8.884448e+03 5.273960e-01
8.886200e+03 5.331870e-01
8.887931e+03 5.262910e-01
8.889663e+03 5.253410e-01
8.891414e+03 5.311090e-01
8.893146e+03 5.235180e-01
8.894897e+03 5.226300e-01
8.896636e+03 5.272310e-01
8.898367e+03 5.209760e-01
8.900119e+03 5.220590e-01
8.902397e+03 5.254370e-01
8.904136e+03 5.172290e-01
8.905880e+03 5.213350e-01
8.907619e+03 5.209200e-01
8.909351e+03 5.161100e-01
8.911102e+03 5.229340e-01
8.912834e+03 5.164790e-01
8.914565e+03 5.206530e-01
8.916317e+03 5.165710e-01
8.918048e+03 5.187510e-01
8.919884e+03 5.171270e-01
8.921616e+03 5.169070e-01
8.923367e+03 5.149070e-01
8.925099e+03 5.160000e-01
8.926831e+03 5.134690e-01
8.928582e+03 5.155520e-01
8.930314e+03 5.115070e-01
8.932052e+03 5.137660e-01
8.933797e+03 5.115980e-01
8.936180e+03 5.142610e-01
8.937918e+03 5.101670e-01
8.939650e+03 5.095370e-01
8.941401e+03 5.111760e-01
8.943133e+03 5.070540e-01
8.944865e+03 5.102080e-01
8.946616e+03 5.064510e-01
8.948348e+03 5.066870e-01
8.950099e+03 5.077520e-01
8.951831e+03 5.049150e-01
8.953563e+03 5.063730e-01
8.955314e+03 5.028580e-01
8.957052e+03 5.028700e-01
8.959435e+03 5.002280e-01
8.961167e+03 5.033490e-01
8.962899e+03 4.986310e-01
8.964650e+03 5.008010e-01
8.966382e+03 4.962260e-01
8.968133e+03 4.982830e-01
8.969865e+03 4.922910e-01
8.971597e+03 4.937830e-01
8.973348e+03 4.896310e-01
8.975080e+03 4.895230e-01
8.976818e+03 4.852720e-01
8.978563e+03 4.821330e-01
8.980301e+03 4.788830e-01
8.982033e+03 4.748030e-01
8.984331e+03 4.688250e-01
8.986616e+03 4.687470e-01
8.988901e+03 4.594320e-01
8.991200e+03 4.538440e-01
8.993485e+03 4.464630e-01
8.995763e+03 4.432930e-01
8.997417e+03 4.458920e-01
8.999702e+03 4.373210e-01
9.002000e+03 4.365830e-01
9.004285e+03 4.367310e-01
9.005933e+03 4.398660e-01
9.008218e+03 4.389270e-01
9.010516e+03 4.425370e-01
9.012801e+03 4.471200e-01
9.014533e+03 4.515290e-01
9.016284e+03 4.549420e-01
9.018016e+03 4.565810e-01
9.019663e+03 4.628150e-01
9.022052e+03 4.668940e-01
9.023784e+03 4.668180e-01
9.025516e+03 4.702320e-01
9.027267e+03 4.701280e-01
9.028999e+03 4.692390e-01
9.030731e+03 4.683590e-01
9.032482e+03 4.652270e-01
9.034214e+03 4.623290e-01
9.035965e+03 4.566390e-01
9.037697e+03 4.507320e-01
9.039982e+03 4.433650e-01
9.042280e+03 4.327740e-01
9.044565e+03 4.222260e-01
9.046766e+03 4.103020e-01
9.048498e+03 4.026500e-01
9.050698e+03 3.891820e-01
9.052983e+03 3.783640e-01
9.055184e+03 3.665530e-01
9.057384e+03 3.552060e-01
9.059585e+03 3.448170e-01
9.061681e+03 3.333210e-01
9.063882e+03 3.206020e-01
9.065985e+03 3.020310e-01
9.068081e+03 2.833580e-01
9.070197e+03 2.537540e-01
9.072215e+03 2.202200e-01
9.074214e+03 1.818180e-01
9.076147e+03 1.433110e-01
9.077983e+03 1.100040e-01
9.079800e+03 8.120400e-02
9.081636e+03 5.889700e-02
9.083465e+03 4.210900e-02
9.085216e+03 3.023000e-02
9.086948e+03 2.179900e-02
9.089149e+03 1.420900e-02
9.090880e+03 1.021000e-02
9.092619e+03 7.952000e-03
9.094363e+03 6.242000e-03
9.096102e+03 4.324000e-03
9.097834e+03 3.671000e-03
9.099481e+03 3.285000e-03
9.101681e+03 1.829000e-03
9.103433e+03 2.110000e-03
9.105164e+03 1.785000e-03
9.106896e+03 1.086000e-03
9.109019e+03 1.538000e-03
