# # Wavelength(Angstrom)  Transmission
3.970000e+03 0.000000e+00
3.975000e+03 4.342988e-04
3.985000e+03 1.312448e-03
3.995000e+03 8.813296e-04
4.005000e+03 2.216880e-03
4.015000e+03 2.228276e-03
4.025000e+03 3.135657e-03
4.035000e+03 4.502608e-03
4.045000e+03 6.788291e-03
4.055000e+03 1.091539e-02
4.065000e+03 1.873787e-02
4.075000e+03 3.076594e-02
4.085000e+03 4.659894e-02
4.095000e+03 6.583478e-02
4.105000e+03 8.795676e-02
4.115000e+03 1.185049e-01
4.125000e+03 1.618273e-01
4.135000e+03 2.203732e-01
4.145000e+03 2.904861e-01
4.155000e+03 3.576338e-01
4.165000e+03 4.033646e-01
4.175000e+03 4.232637e-01
4.185000e+03 4.276108e-01
4.195000e+03 4.272709e-01
4.205000e+03 4.239242e-01
4.215000e+03 4.155316e-01
4.225000e+03 4.022196e-01
4.235000e+03 3.897860e-01
4.245000e+03 3.864701e-01
4.255000e+03 3.943317e-01
4.265000e+03 4.119663e-01
4.275000e+03 4.322110e-01
4.285000e+03 4.477335e-01
4.295000e+03 4.539870e-01
4.305000e+03 4.525828e-01
4.315000e+03 4.469150e-01
4.325000e+03 4.417956e-01
4.335000e+03 4.401099e-01
4.345000e+03 4.418943e-01
4.355000e+03 4.451594e-01
4.365000e+03 4.479451e-01
4.375000e+03 4.492376e-01
4.385000e+03 4.499701e-01
4.395000e+03 4.512489e-01
4.405000e+03 4.536330e-01
4.415000e+03 4.571753e-01
4.425000e+03 4.612680e-01
4.435000e+03 4.657865e-01
4.445000e+03 4.697087e-01
4.455000e+03 4.731106e-01
4.465000e+03 4.755388e-01
4.475000e+03 4.754070e-01
4.485000e+03 4.726326e-01
4.495000e+03 4.687626e-01
4.505000e+03 4.659017e-01
4.515000e+03 4.651398e-01
4.525000e+03 4.681031e-01
4.535000e+03 4.742451e-01
4.545000e+03 4.814875e-01
4.555000e+03 4.881653e-01
4.565000e+03 4.921356e-01
4.575000e+03 4.939647e-01
4.585000e+03 4.946944e-01
4.595000e+03 4.953700e-01
4.605000e+03 4.950067e-01
4.615000e+03 4.952486e-01
4.625000e+03 4.949716e-01
4.635000e+03 4.941165e-01
4.645000e+03 4.931912e-01
4.655000e+03 4.911063e-01
4.665000e+03 4.889153e-01
4.675000e+03 4.866946e-01
4.685000e+03 4.861557e-01
4.695000e+03 4.862561e-01
4.705000e+03 4.865957e-01
4.715000e+03 4.865039e-01
4.725000e+03 4.868528e-01
4.735000e+03 4.888543e-01
4.745000e+03 4.931157e-01
4.755000e+03 4.995394e-01
4.765000e+03 5.058809e-01
4.775000e+03 5.105807e-01
4.785000e+03 5.124893e-01
4.795000e+03 5.132803e-01
4.805000e+03 5.144404e-01
4.815000e+03 5.165212e-01
4.825000e+03 5.196861e-01
4.835000e+03 5.216790e-01
4.845000e+03 5.214391e-01
4.855000e+03 5.195549e-01
4.865000e+03 5.165844e-01
4.875000e+03 5.130090e-01
4.885000e+03 5.099351e-01
4.895000e+03 5.085233e-01
4.905000e+03 5.087385e-01
4.915000e+03 5.105954e-01
4.925000e+03 5.141610e-01
4.935000e+03 5.171502e-01
4.945000e+03 5.167301e-01
4.955000e+03 5.110340e-01
4.965000e+03 5.011739e-01
4.975000e+03 4.889298e-01
4.985000e+03 4.771997e-01
4.995000e+03 4.694640e-01
5.005000e+03 4.663860e-01
5.015000e+03 4.669193e-01
5.025000e+03 4.703858e-01
5.035000e+03 4.744463e-01
5.045000e+03 4.790438e-01
5.055000e+03 4.825894e-01
5.065000e+03 4.845788e-01
5.075000e+03 4.842655e-01
5.085000e+03 4.822729e-01
5.095000e+03 4.786125e-01
5.105000e+03 4.740683e-01
5.115000e+03 4.708812e-01
5.125000e+03 4.681821e-01
5.135000e+03 4.671326e-01
5.145000e+03 4.660972e-01
5.155000e+03 4.639072e-01
5.165000e+03 4.616836e-01
5.175000e+03 4.605383e-01
5.185000e+03 4.621672e-01
5.195000e+03 4.672167e-01
5.205000e+03 4.747979e-01
5.215000e+03 4.831976e-01
5.225000e+03 4.892722e-01
5.235000e+03 4.918700e-01
5.245000e+03 4.893127e-01
5.255000e+03 4.832563e-01
5.265000e+03 4.765959e-01
5.275000e+03 4.711300e-01
5.285000e+03 4.673727e-01
5.295000e+03 4.641543e-01
5.305000e+03 4.607448e-01
5.315000e+03 4.572130e-01
5.325000e+03 4.537198e-01
5.335000e+03 4.524616e-01
5.345000e+03 4.545656e-01
5.355000e+03 4.605942e-01
5.365000e+03 4.682641e-01
5.375000e+03 4.758709e-01
5.385000e+03 4.789320e-01
5.395000e+03 4.758187e-01
5.405000e+03 4.676968e-01
5.415000e+03 4.562828e-01
5.425000e+03 4.460756e-01
5.435000e+03 4.369942e-01
5.445000e+03 4.279266e-01
5.455000e+03 4.166799e-01
5.465000e+03 4.032201e-01
5.475000e+03 3.875170e-01
5.485000e+03 3.718128e-01
5.495000e+03 3.594571e-01
5.505000e+03 3.523687e-01
5.515000e+03 3.500086e-01
5.525000e+03 3.504349e-01
5.535000e+03 3.475641e-01
5.545000e+03 3.375476e-01
5.555000e+03 3.208894e-01
5.565000e+03 3.009353e-01
5.575000e+03 2.821447e-01
5.585000e+03 2.645719e-01
5.595000e+03 2.449606e-01
5.605000e+03 2.190886e-01
5.615000e+03 1.869527e-01
5.625000e+03 1.521804e-01
5.635000e+03 1.207296e-01
5.645000e+03 9.473752e-02
5.655000e+03 7.473193e-02
5.665000e+03 5.962286e-02
5.675000e+03 4.776237e-02
5.685000e+03 3.753632e-02
5.695000e+03 2.892881e-02
5.705000e+03 2.139288e-02
5.715000e+03 1.601414e-02
5.725000e+03 1.225439e-02
5.735000e+03 9.040802e-03
5.745000e+03 7.433787e-03
5.755000e+03 5.833357e-03
5.765000e+03 4.767846e-03
5.775000e+03 3.703566e-03
5.785000e+03 2.641182e-03
5.795000e+03 1.582454e-03
5.805000e+03 1.581318e-03
5.815000e+03 1.054073e-03
5.825000e+03 0.000000e+00
