# # Wavelength(Angstrom)  Transmission
6.580000e+03 0.000000e+00
6.600000e+03 8.598814e-04
6.640000e+03 1.346029e-03
6.680000e+03 2.137571e-03
6.720000e+03 3.477994e-03
6.760000e+03 5.873862e-03
6.800000e+03 1.019999e-02
6.840000e+03 1.821041e-02
6.880000e+03 3.350233e-02
6.920000e+03 6.225697e-02
6.960000e+03 1.129435e-01
7.000000e+03 1.905642e-01
7.040000e+03 2.865658e-01
7.080000e+03 3.793969e-01
7.120000e+03 4.447346e-01
7.160000e+03 4.747938e-01
7.200000e+03 4.810953e-01
7.240000e+03 4.764989e-01
7.280000e+03 4.689199e-01
7.320000e+03 4.620300e-01
7.360000e+03 4.568134e-01
7.400000e+03 4.522389e-01
7.440000e+03 4.475011e-01
7.480000e+03 4.422083e-01
7.520000e+03 4.349052e-01
7.560000e+03 4.261471e-01
7.600000e+03 4.166603e-01
7.640000e+03 4.083797e-01
7.680000e+03 4.009811e-01
7.720000e+03 3.953840e-01
7.760000e+03 3.916316e-01
7.800000e+03 3.887413e-01
7.840000e+03 3.857672e-01
7.880000e+03 3.813580e-01
7.920000e+03 3.747107e-01
7.960000e+03 3.660640e-01
8.000000e+03 3.558169e-01
8.040000e+03 3.474869e-01
8.080000e+03 3.404012e-01
8.120000e+03 3.347053e-01
8.160000e+03 3.289930e-01
8.200000e+03 3.202806e-01
8.240000e+03 3.072223e-01
8.280000e+03 2.881914e-01
8.320000e+03 2.677564e-01
8.360000e+03 2.518136e-01
8.400000e+03 2.353814e-01
8.440000e+03 2.164709e-01
8.480000e+03 1.917951e-01
8.520000e+03 1.540773e-01
8.560000e+03 1.094915e-01
8.600000e+03 6.806682e-02
8.640000e+03 3.739810e-02
8.680000e+03 1.833629e-02
8.720000e+03 9.181816e-03
8.760000e+03 5.650157e-03
8.800000e+03 3.269176e-03
8.840000e+03 2.055665e-03
8.880000e+03 9.418798e-04
8.920000e+03 7.797658e-04
8.960000e+03 8.571696e-04
9.000000e+03 8.348654e-04
9.040000e+03 8.535010e-04
9.080000e+03 6.561127e-04
9.120000e+03 0.000000e+00
