# # Wavelength(Angstrom)  Transmission
2.099400e+04 3.517000e-02
2.099500e+04 3.560000e-02
2.099600e+04 3.851000e-02
2.099700e+04 4.132000e-02
2.099800e+04 3.619000e-02
2.099900e+04 3.941000e-02
2.100000e+04 3.299000e-02
2.100100e+04 3.287000e-02
2.100200e+04 1.784000e-02
2.100300e+04 1.158000e-02
2.100400e+04 8.770000e-03
2.100500e+04 2.750000e-03
2.100600e+04 2.300000e-03
2.100700e+04 0.000000e+00
2.100800e+04 5.260000e-03
2.100900e+04 5.430000e-03
2.101000e+04 1.480000e-02
2.101100e+04 2.646000e-02
2.101200e+04 2.649000e-02
2.101300e+04 3.598000e-02
2.101400e+04 3.304000e-02
2.101500e+04 4.118000e-02
2.101600e+04 4.420000e-02
2.101700e+04 4.112000e-02
2.101800e+04 4.691000e-02
2.101900e+04 4.776000e-02
2.102000e+04 4.796000e-02
2.102100e+04 4.456000e-02
2.102200e+04 4.781000e-02
2.102300e+04 2.763000e-02
2.102400e+04 2.174000e-02
2.102500e+04 2.174000e-02
2.102600e+04 1.814000e-02
2.102700e+04 8.650000e-03
2.102800e+04 1.151000e-02
2.102900e+04 1.154000e-02
2.103000e+04 1.675000e-02
2.103100e+04 3.117000e-02
2.103200e+04 3.383000e-02
2.103300e+04 3.383000e-02
2.103400e+04 3.163000e-02
2.103500e+04 4.312000e-02
2.103600e+04 5.147000e-02
2.103700e+04 5.769000e-02
2.103800e+04 5.498000e-02
2.103900e+04 5.252000e-02
2.104000e+04 5.754000e-02
2.104100e+04 5.484000e-02
2.104200e+04 5.167000e-02
2.104300e+04 5.199000e-02
2.104400e+04 4.337000e-02
2.104500e+04 3.717000e-02
2.104600e+04 3.699000e-02
2.104700e+04 4.247000e-02
2.104800e+04 3.453000e-02
2.104900e+04 4.248000e-02
2.105000e+04 4.787000e-02
2.105100e+04 3.343000e-02
2.105200e+04 3.067000e-02
2.105300e+04 3.604000e-02
2.105400e+04 3.589000e-02
2.105500e+04 2.754000e-02
2.105600e+04 3.099000e-02
2.105700e+04 3.383000e-02
2.105800e+04 3.758000e-02
2.105900e+04 4.559000e-02
2.106000e+04 5.124000e-02
2.106100e+04 4.291000e-02
2.106200e+04 4.584000e-02
2.106300e+04 5.418000e-02
2.106400e+04 5.647000e-02
2.106500e+04 4.552000e-02
2.106600e+04 4.749000e-02
2.106700e+04 4.495000e-02
2.106800e+04 3.358000e-02
2.106900e+04 3.883000e-02
2.107000e+04 4.439000e-02
2.107100e+04 4.463000e-02
2.107200e+04 4.175000e-02
2.107300e+04 4.755000e-02
2.107400e+04 5.161000e-02
2.107500e+04 5.461000e-02
2.107600e+04 6.274000e-02
2.107700e+04 6.375000e-02
2.107800e+04 5.893000e-02
2.107900e+04 5.887000e-02
2.108000e+04 5.882000e-02
2.108100e+04 6.720000e-02
2.108200e+04 6.003000e-02
2.108300e+04 7.060000e-02
2.108400e+04 6.798000e-02
2.108500e+04 6.172000e-02
2.108600e+04 6.114000e-02
2.108700e+04 5.830000e-02
2.108800e+04 6.339000e-02
2.108900e+04 5.795000e-02
2.109000e+04 7.065000e-02
2.109100e+04 6.403000e-02
2.109200e+04 7.114000e-02
2.109300e+04 8.850000e-02
2.109400e+04 9.744000e-02
2.109500e+04 1.007700e-01
2.109600e+04 1.021000e-01
2.109700e+04 1.024500e-01
2.109800e+04 1.037000e-01
2.109900e+04 1.116200e-01
2.110000e+04 1.207100e-01
2.110100e+04 1.182300e-01
2.110200e+04 1.209000e-01
2.110300e+04 1.361500e-01
2.110400e+04 1.334100e-01
2.110500e+04 1.481300e-01
2.110600e+04 1.434900e-01
2.110700e+04 1.401100e-01
2.110800e+04 1.417400e-01
2.110900e+04 1.461200e-01
2.111000e+04 1.463600e-01
2.111100e+04 1.394500e-01
2.111200e+04 1.559600e-01
2.111300e+04 1.492800e-01
2.111400e+04 1.546800e-01
2.111500e+04 1.615900e-01
2.111600e+04 1.554900e-01
2.111700e+04 1.546000e-01
2.111800e+04 1.604900e-01
2.111900e+04 1.703900e-01
2.112000e+04 1.723300e-01
2.112100e+04 1.884800e-01
2.112200e+04 1.899400e-01
2.112300e+04 1.991100e-01
2.112400e+04 2.114100e-01
2.112500e+04 2.150900e-01
2.112600e+04 2.199600e-01
2.112700e+04 2.182600e-01
2.112800e+04 2.216500e-01
2.112900e+04 2.251700e-01
2.113000e+04 2.319200e-01
2.113100e+04 2.280100e-01
2.113200e+04 2.312500e-01
2.113300e+04 2.316900e-01
2.113400e+04 2.339500e-01
2.113500e+04 2.455700e-01
2.113600e+04 2.547500e-01
2.113700e+04 2.602100e-01
2.113800e+04 2.595800e-01
2.113900e+04 2.788700e-01
2.114000e+04 2.796500e-01
2.114100e+04 2.962000e-01
2.114200e+04 2.941900e-01
2.114300e+04 3.075700e-01
2.114400e+04 3.104100e-01
2.114500e+04 3.148300e-01
2.114600e+04 3.423500e-01
2.114700e+04 3.441500e-01
2.114800e+04 3.613000e-01
2.114900e+04 3.737500e-01
2.115000e+04 3.990200e-01
2.115100e+04 3.968400e-01
2.115200e+04 3.968200e-01
2.115300e+04 4.027100e-01
2.115400e+04 4.008200e-01
2.115500e+04 4.090300e-01
2.115600e+04 4.151300e-01
2.115700e+04 4.236000e-01
2.115800e+04 4.307900e-01
2.115900e+04 4.493000e-01
2.116000e+04 4.761000e-01
2.116100e+04 4.836100e-01
2.116200e+04 4.921600e-01
2.116300e+04 5.149100e-01
2.116400e+04 5.209800e-01
2.116500e+04 5.305300e-01
2.116600e+04 5.313600e-01
2.116700e+04 5.347000e-01
2.116800e+04 5.470100e-01
2.116900e+04 5.542300e-01
2.117000e+04 5.597800e-01
2.117100e+04 5.475200e-01
2.117200e+04 5.560200e-01
2.117300e+04 5.555400e-01
2.117400e+04 5.677800e-01
2.117500e+04 5.662200e-01
2.117600e+04 5.674300e-01
2.117700e+04 5.768100e-01
2.117800e+04 5.934900e-01
2.117900e+04 6.044800e-01
2.118000e+04 6.245000e-01
2.118100e+04 6.391600e-01
2.118200e+04 6.478700e-01
2.118300e+04 6.682700e-01
2.118400e+04 6.677400e-01
2.118500e+04 6.963700e-01
2.118600e+04 6.965200e-01
2.118700e+04 7.156400e-01
2.118800e+04 7.147400e-01
2.118900e+04 7.336300e-01
2.119000e+04 7.347700e-01
2.119100e+04 7.350900e-01
2.119200e+04 7.545500e-01
2.119300e+04 7.419300e-01
2.119400e+04 7.462600e-01
2.119500e+04 7.391700e-01
2.119600e+04 7.451200e-01
2.119700e+04 7.446400e-01
2.119800e+04 7.435800e-01
2.119900e+04 7.421000e-01
2.120000e+04 7.301900e-01
2.120100e+04 7.264900e-01
2.120200e+04 7.295700e-01
2.120300e+04 7.397900e-01
2.120400e+04 7.267200e-01
2.120500e+04 7.253600e-01
2.120600e+04 7.250200e-01
2.120700e+04 7.358700e-01
2.120800e+04 7.212800e-01
2.120900e+04 7.208300e-01
2.121000e+04 7.084200e-01
2.121100e+04 7.040600e-01
2.121200e+04 7.057000e-01
2.121300e+04 6.928300e-01
2.121400e+04 6.955300e-01
2.121500e+04 6.852000e-01
2.121600e+04 7.009100e-01
2.121700e+04 7.071700e-01
2.121800e+04 7.097000e-01
2.121900e+04 7.042700e-01
2.122000e+04 7.040100e-01
2.122100e+04 7.156500e-01
2.122200e+04 7.213000e-01
2.122300e+04 7.209900e-01
2.122400e+04 7.094400e-01
2.122500e+04 7.089400e-01
2.122600e+04 7.166600e-01
2.122700e+04 7.167500e-01
2.122800e+04 7.335100e-01
2.122900e+04 7.365400e-01
2.123000e+04 7.453500e-01
2.123100e+04 7.473400e-01
2.123200e+04 7.662500e-01
2.123300e+04 7.675600e-01
2.123400e+04 7.711300e-01
2.123500e+04 7.739000e-01
2.123600e+04 7.735600e-01
2.123700e+04 7.634700e-01
2.123800e+04 7.562900e-01
2.123900e+04 7.613200e-01
2.124000e+04 7.574500e-01
2.124100e+04 7.657900e-01
2.124200e+04 7.568800e-01
2.124300e+04 7.479400e-01
2.124400e+04 7.413200e-01
2.124500e+04 7.402800e-01
2.124600e+04 7.314100e-01
2.124700e+04 7.259800e-01
2.124800e+04 7.181700e-01
2.124900e+04 7.199600e-01
2.125000e+04 7.426600e-01
2.125100e+04 7.629500e-01
2.125200e+04 7.749900e-01
2.125300e+04 7.819700e-01
2.125400e+04 7.912800e-01
2.125500e+04 7.921900e-01
2.125600e+04 8.084300e-01
2.125700e+04 8.059800e-01
2.125800e+04 7.975000e-01
2.125900e+04 8.016100e-01
2.126000e+04 7.905100e-01
2.126100e+04 7.856000e-01
2.126200e+04 7.951800e-01
2.126300e+04 7.938700e-01
2.126400e+04 7.815400e-01
2.126500e+04 7.914100e-01
2.126600e+04 7.958200e-01
2.126700e+04 7.775300e-01
2.126800e+04 7.829000e-01
2.126900e+04 7.838600e-01
2.127000e+04 7.851700e-01
2.127100e+04 7.893400e-01
2.127200e+04 7.823000e-01
2.127300e+04 7.642800e-01
2.127400e+04 7.454100e-01
2.127500e+04 7.469300e-01
2.127600e+04 7.394700e-01
2.127700e+04 7.411500e-01
2.127800e+04 7.344500e-01
2.127900e+04 7.288700e-01
2.128000e+04 7.329400e-01
2.128100e+04 7.357000e-01
2.128200e+04 7.509600e-01
2.128300e+04 7.529800e-01
2.128400e+04 7.621300e-01
2.128500e+04 7.729500e-01
2.128600e+04 7.624800e-01
2.128700e+04 7.729500e-01
2.128800e+04 7.867900e-01
2.128900e+04 7.881900e-01
2.129000e+04 7.897000e-01
2.129100e+04 7.882500e-01
2.129200e+04 7.933000e-01
2.129300e+04 7.817200e-01
2.129400e+04 7.998400e-01
2.129500e+04 7.934100e-01
2.129600e+04 7.854200e-01
2.129700e+04 7.960500e-01
2.129800e+04 7.992200e-01
2.129900e+04 8.069900e-01
2.130000e+04 7.953600e-01
2.130100e+04 7.895700e-01
2.130200e+04 7.664300e-01
2.130300e+04 7.695000e-01
2.130400e+04 7.794800e-01
2.130500e+04 7.796000e-01
2.130600e+04 7.766100e-01
2.130700e+04 7.708000e-01
2.130800e+04 7.767800e-01
2.130900e+04 7.861200e-01
2.131000e+04 7.891200e-01
2.131100e+04 7.869300e-01
2.131200e+04 7.879600e-01
2.131300e+04 7.765200e-01
2.131400e+04 7.657600e-01
2.131500e+04 7.589300e-01
2.131600e+04 7.583300e-01
2.131700e+04 7.581800e-01
2.131800e+04 7.693800e-01
2.131900e+04 7.660500e-01
2.132000e+04 7.656700e-01
2.132100e+04 7.593700e-01
2.132200e+04 7.706800e-01
2.132300e+04 7.851700e-01
2.132400e+04 7.848200e-01
2.132500e+04 7.697400e-01
2.132600e+04 7.605400e-01
2.132700e+04 7.725100e-01
2.132800e+04 7.688600e-01
2.132900e+04 7.744600e-01
2.133000e+04 7.686000e-01
2.133100e+04 7.649700e-01
2.133200e+04 7.616400e-01
2.133300e+04 7.696500e-01
2.133400e+04 7.694900e-01
2.133500e+04 7.657300e-01
2.133600e+04 7.720600e-01
2.133700e+04 7.717400e-01
2.133800e+04 7.593400e-01
2.133900e+04 7.502000e-01
2.134000e+04 7.528800e-01
2.134100e+04 7.495900e-01
2.134200e+04 7.581000e-01
2.134300e+04 7.585100e-01
2.134400e+04 7.401700e-01
2.134500e+04 7.474800e-01
2.134600e+04 7.546800e-01
2.134700e+04 7.622700e-01
2.134800e+04 7.487800e-01
2.134900e+04 7.541000e-01
2.135000e+04 7.476300e-01
2.135100e+04 7.354900e-01
2.135200e+04 7.356300e-01
2.135300e+04 7.316700e-01
2.135400e+04 7.371100e-01
2.135500e+04 7.395600e-01
2.135600e+04 7.424900e-01
2.135700e+04 7.513000e-01
2.135800e+04 7.620800e-01
2.135900e+04 7.632100e-01
2.136000e+04 7.719600e-01
2.136100e+04 7.775900e-01
2.136200e+04 7.865300e-01
2.136300e+04 7.907400e-01
2.136400e+04 7.852000e-01
2.136500e+04 7.782400e-01
2.136600e+04 7.653800e-01
2.136700e+04 7.700500e-01
2.136800e+04 7.664000e-01
2.136900e+04 7.506300e-01
2.137000e+04 7.308200e-01
2.137100e+04 7.180200e-01
2.137200e+04 7.290500e-01
2.137300e+04 7.315100e-01
2.137400e+04 7.349700e-01
2.137500e+04 7.336300e-01
2.137600e+04 7.301500e-01
2.137700e+04 7.302900e-01
2.137800e+04 7.321300e-01
2.137900e+04 7.319500e-01
2.138000e+04 7.356000e-01
2.138100e+04 7.437000e-01
2.138200e+04 7.693200e-01
2.138300e+04 7.682200e-01
2.138400e+04 7.695300e-01
2.138500e+04 7.747200e-01
2.138600e+04 7.759200e-01
2.138700e+04 7.866100e-01
2.138800e+04 7.790700e-01
2.138900e+04 7.816800e-01
2.139000e+04 7.483100e-01
2.139100e+04 7.503200e-01
2.139200e+04 7.489800e-01
2.139300e+04 7.487900e-01
2.139400e+04 7.504900e-01
2.139500e+04 7.378500e-01
2.139600e+04 7.431800e-01
2.139700e+04 7.215000e-01
2.139800e+04 7.265600e-01
2.139900e+04 7.275200e-01
2.140000e+04 7.249800e-01
2.140100e+04 7.143600e-01
2.140200e+04 7.153500e-01
2.140300e+04 7.045700e-01
2.140400e+04 7.090100e-01
2.140500e+04 7.165400e-01
2.140600e+04 6.951400e-01
2.140700e+04 6.883700e-01
2.140800e+04 6.857300e-01
2.140900e+04 6.885800e-01
2.141000e+04 6.720300e-01
2.141100e+04 6.724200e-01
2.141200e+04 6.566300e-01
2.141300e+04 6.412800e-01
2.141400e+04 6.578400e-01
2.141500e+04 6.576400e-01
2.141600e+04 6.386000e-01
2.141700e+04 6.275500e-01
2.141800e+04 6.280100e-01
2.141900e+04 6.275800e-01
2.142000e+04 6.078500e-01
2.142100e+04 5.993800e-01
2.142200e+04 5.830100e-01
2.142300e+04 5.809600e-01
2.142400e+04 5.912500e-01
2.142500e+04 5.804700e-01
2.142600e+04 5.785800e-01
2.142700e+04 5.733300e-01
2.142800e+04 5.832200e-01
2.142900e+04 5.777900e-01
2.143000e+04 5.733800e-01
2.143100e+04 5.555000e-01
2.143200e+04 5.445700e-01
2.143300e+04 5.393400e-01
2.143400e+04 5.281500e-01
2.143500e+04 5.223700e-01
2.143600e+04 5.079000e-01
2.143700e+04 5.081200e-01
2.143800e+04 5.050500e-01
2.143900e+04 4.964000e-01
2.144000e+04 4.852600e-01
2.144100e+04 4.845300e-01
2.144200e+04 4.734300e-01
2.144300e+04 4.601000e-01
2.144400e+04 4.482100e-01
2.144500e+04 4.259800e-01
2.144600e+04 4.186900e-01
2.144700e+04 4.169600e-01
2.144800e+04 4.170800e-01
2.144900e+04 4.035300e-01
2.145000e+04 3.912000e-01
2.145100e+04 3.864300e-01
2.145200e+04 3.878600e-01
2.145300e+04 3.864000e-01
2.145400e+04 3.683900e-01
2.145500e+04 3.488000e-01
2.145600e+04 3.259100e-01
2.145700e+04 3.188200e-01
2.145800e+04 3.115700e-01
2.145900e+04 3.035600e-01
2.146000e+04 2.912100e-01
2.146100e+04 2.780200e-01
2.146200e+04 2.784000e-01
2.146300e+04 2.638500e-01
2.146400e+04 2.607300e-01
2.146500e+04 2.504600e-01
2.146600e+04 2.472100e-01
2.146700e+04 2.474200e-01
2.146800e+04 2.442800e-01
2.146900e+04 2.439600e-01
2.147000e+04 2.392600e-01
2.147100e+04 2.380200e-01
2.147200e+04 2.297800e-01
2.147300e+04 2.218600e-01
2.147400e+04 2.160000e-01
2.147500e+04 2.018700e-01
2.147600e+04 1.848900e-01
2.147700e+04 1.796600e-01
2.147800e+04 1.612700e-01
2.147900e+04 1.727100e-01
2.148000e+04 1.701200e-01
2.148100e+04 1.760300e-01
2.148200e+04 1.622600e-01
2.148300e+04 1.645200e-01
2.148400e+04 1.658300e-01
2.148500e+04 1.600600e-01
2.148600e+04 1.803100e-01
2.148700e+04 1.649000e-01
2.148800e+04 1.540200e-01
2.148900e+04 1.358600e-01
2.149000e+04 1.425000e-01
2.149100e+04 1.302300e-01
2.149200e+04 1.232000e-01
2.149300e+04 1.131700e-01
2.149400e+04 9.517000e-02
2.149500e+04 9.544000e-02
2.149600e+04 9.789000e-02
2.149700e+04 1.045800e-01
2.149800e+04 9.393000e-02
2.149900e+04 9.056000e-02
2.150000e+04 8.727000e-02
2.150100e+04 9.006000e-02
2.150200e+04 8.107000e-02
2.150300e+04 7.820000e-02
2.150400e+04 7.916000e-02
2.150500e+04 7.590000e-02
2.150600e+04 8.253000e-02
2.150700e+04 8.348000e-02
2.150800e+04 8.998000e-02
2.150900e+04 9.314000e-02
2.151000e+04 1.106700e-01
2.151100e+04 1.040000e-01
2.151200e+04 9.680000e-02
2.151300e+04 1.036200e-01
2.151400e+04 9.714000e-02
2.151500e+04 8.345000e-02
2.151600e+04 7.434000e-02
2.151700e+04 7.501000e-02
2.151800e+04 6.703000e-02
2.151900e+04 8.231000e-02
2.152000e+04 8.218000e-02
2.152100e+04 7.225000e-02
2.152200e+04 7.246000e-02
2.152300e+04 8.235000e-02
2.152400e+04 9.879000e-02
2.152500e+04 9.642000e-02
2.152600e+04 8.327000e-02
2.152700e+04 7.086000e-02
2.152800e+04 6.764000e-02
2.152900e+04 6.653000e-02
2.153000e+04 6.578000e-02
2.153100e+04 7.117000e-02
2.153200e+04 5.891000e-02
2.153300e+04 6.345000e-02
2.153400e+04 6.883000e-02
2.153500e+04 6.760000e-02
2.153600e+04 6.201000e-02
2.153700e+04 6.752000e-02
2.153800e+04 6.897000e-02
2.153900e+04 5.913000e-02
2.154000e+04 5.913000e-02
2.154100e+04 3.737000e-02
2.154200e+04 3.384000e-02
2.154300e+04 2.878000e-02
2.154400e+04 3.984000e-02
2.154500e+04 2.562000e-02
2.154600e+04 2.623000e-02
2.154700e+04 3.296000e-02
2.154800e+04 1.848000e-02
2.154900e+04 2.116000e-02
2.155000e+04 1.921000e-02
2.155100e+04 1.338000e-02
2.155200e+04 1.103000e-02
2.155300e+04 1.974000e-02
2.155400e+04 2.765000e-02
2.155500e+04 1.859000e-02
2.155600e+04 3.416000e-02
2.155700e+04 5.176000e-02
2.155800e+04 4.562000e-02
2.155900e+04 5.830000e-02
2.156000e+04 5.518000e-02
2.156100e+04 5.850000e-02
2.156200e+04 4.236000e-02
2.156300e+04 4.234000e-02
2.156400e+04 4.019000e-02
2.156500e+04 3.200000e-02
2.156600e+04 3.830000e-02
2.156700e+04 3.189000e-02
2.156800e+04 3.819000e-02
2.156900e+04 3.270000e-02
2.157000e+04 4.251000e-02
2.157100e+04 3.604000e-02
2.157200e+04 3.624000e-02
2.157300e+04 3.320000e-02
2.157400e+04 3.337000e-02
2.157500e+04 4.649000e-02
2.157600e+04 3.662000e-02
2.157700e+04 3.313000e-02
2.157800e+04 2.655000e-02
2.157900e+04 2.994000e-02
2.158000e+04 1.952000e-02
2.158100e+04 3.511000e-02
2.158200e+04 4.164000e-02
2.158300e+04 2.504000e-02
2.158400e+04 3.520000e-02
2.158500e+04 3.520000e-02
2.158600e+04 2.870000e-02
2.158700e+04 4.303000e-02
2.158800e+04 5.919000e-02
2.158900e+04 4.018000e-02
2.159000e+04 3.046000e-02
2.159100e+04 3.380000e-02
2.159200e+04 2.388000e-02
2.159300e+04 3.415000e-02
2.159400e+04 4.045000e-02
