# # Wavelength(Angstrom)  Transmission
8.201400e+03 0.000000e+00
8.204100e+03 6.824523e-04
8.225700e+03 6.335409e-04
8.249900e+03 6.906244e-04
8.274200e+03 9.858591e-04
8.298400e+03 1.297274e-03
8.322600e+03 1.578201e-03
8.346800e+03 2.245318e-03
8.371000e+03 3.480255e-03
8.395300e+03 5.947529e-03
8.419500e+03 1.234030e-02
8.443600e+03 3.004517e-02
8.467800e+03 7.815971e-02
8.492000e+03 1.680171e-01
8.516200e+03 2.488465e-01
8.540300e+03 2.762615e-01
8.564500e+03 2.743789e-01
8.588600e+03 2.673178e-01
8.612700e+03 2.633104e-01
8.636800e+03 2.603211e-01
8.661000e+03 2.555115e-01
8.685000e+03 2.507096e-01
8.709100e+03 2.444298e-01
8.733200e+03 2.397739e-01
8.757300e+03 2.350164e-01
8.781300e+03 2.311301e-01
8.805400e+03 2.270757e-01
8.829400e+03 2.218885e-01
8.853400e+03 2.163037e-01
8.877400e+03 2.112720e-01
8.901400e+03 2.060244e-01
8.925400e+03 1.998612e-01
8.949400e+03 1.872504e-01
8.973300e+03 1.700391e-01
8.997200e+03 1.626324e-01
9.021200e+03 1.596599e-01
9.045100e+03 1.690131e-01
9.069000e+03 1.529970e-01
9.092900e+03 1.460575e-01
9.116700e+03 1.449092e-01
9.140600e+03 1.347095e-01
9.164400e+03 1.345010e-01
9.188200e+03 1.369871e-01
9.212100e+03 1.387383e-01
9.235800e+03 1.333809e-01
9.259600e+03 1.270467e-01
9.283400e+03 1.137827e-01
9.307100e+03 9.172148e-02
9.330800e+03 6.797712e-02
9.354500e+03 5.844824e-02
9.378200e+03 6.296934e-02
9.401900e+03 8.659784e-02
9.422900e+03 7.635946e-02
9.446500e+03 7.044382e-02
9.470200e+03 7.279640e-02
9.493800e+03 6.678261e-02
9.517300e+03 6.307824e-02
9.540900e+03 6.775860e-02
9.564400e+03 6.038079e-02
9.587900e+03 5.766347e-02
9.611400e+03 6.218645e-02
9.634900e+03 6.095280e-02
9.658400e+03 6.045891e-02
9.681800e+03 6.331189e-02
9.705200e+03 6.125355e-02
9.728600e+03 5.783157e-02
9.752000e+03 5.391766e-02
9.775300e+03 5.486691e-02
9.798600e+03 5.259949e-02
9.822000e+03 5.153178e-02
9.845200e+03 4.848273e-02
9.868500e+03 4.620137e-02
9.891700e+03 4.286594e-02
9.914900e+03 4.046637e-02
9.938100e+03 3.879045e-02
9.961300e+03 3.682013e-02
9.984400e+03 3.333289e-02
1.000750e+04 2.550978e-02
1.003060e+04 1.376582e-02
1.005370e+04 5.655102e-03
1.007670e+04 2.204526e-03
1.009970e+04 9.381366e-04
1.012270e+04 4.819281e-04
1.014570e+04 3.010486e-04
1.016860e+04 2.107138e-04
1.019150e+04 1.734196e-04
1.021440e+04 1.395212e-04
1.023720e+04 1.275734e-04
1.026010e+04 1.322086e-04
1.028280e+04 1.040248e-04
1.030060e+04 0.000000e+00
