# # Wavelength(Angstrom)  Transmission
1.147000e+04 2.880000e-03
1.147200e+04 3.100000e-03
1.147400e+04 3.100000e-03
1.147600e+04 3.200000e-03
1.147800e+04 3.280000e-03
1.148000e+04 3.310000e-03
1.148200e+04 3.420000e-03
1.148400e+04 3.560000e-03
1.148600e+04 3.620000e-03
1.148800e+04 3.780000e-03
1.149000e+04 3.920000e-03
1.149200e+04 3.980000e-03
1.149400e+04 4.090000e-03
1.149600e+04 4.200000e-03
1.149800e+04 4.380000e-03
1.150000e+04 4.580000e-03
1.150200e+04 4.780000e-03
1.150400e+04 4.850000e-03
1.150600e+04 5.050000e-03
1.150800e+04 5.310000e-03
1.151000e+04 5.460000e-03
1.151200e+04 5.620000e-03
1.151400e+04 5.860000e-03
1.151600e+04 6.090000e-03
1.151800e+04 6.270000e-03
1.152000e+04 6.500000e-03
1.152200e+04 6.760000e-03
1.152400e+04 7.100000e-03
1.152600e+04 7.340000e-03
1.152800e+04 7.570000e-03
1.153000e+04 7.750000e-03
1.153200e+04 8.010000e-03
1.153400e+04 8.300000e-03
1.153600e+04 8.650000e-03
1.153800e+04 9.050000e-03
1.154000e+04 9.370000e-03
1.154200e+04 9.860000e-03
1.154400e+04 1.028000e-02
1.154600e+04 1.065000e-02
1.154800e+04 1.099000e-02
1.155000e+04 1.152000e-02
1.155200e+04 1.196000e-02
1.155400e+04 1.244000e-02
1.155600e+04 1.288000e-02
1.155800e+04 1.331000e-02
1.156000e+04 1.395000e-02
1.156200e+04 1.457000e-02
1.156400e+04 1.520000e-02
1.156600e+04 1.587000e-02
1.156800e+04 1.646000e-02
1.157000e+04 1.704000e-02
1.157200e+04 1.767000e-02
1.157400e+04 1.834000e-02
1.157600e+04 1.895000e-02
1.157800e+04 1.971000e-02
1.158000e+04 2.051000e-02
1.158200e+04 2.121000e-02
1.158400e+04 2.196000e-02
1.158600e+04 2.274000e-02
1.158800e+04 2.350000e-02
1.159000e+04 2.441000e-02
1.159200e+04 2.527000e-02
1.159400e+04 2.608000e-02
1.159600e+04 2.696000e-02
1.159800e+04 2.792000e-02
1.160000e+04 2.879000e-02
1.160200e+04 2.980000e-02
1.160400e+04 3.076000e-02
1.160600e+04 3.172000e-02
1.160800e+04 3.284000e-02
1.161000e+04 3.392000e-02
1.161200e+04 3.503000e-02
1.161400e+04 3.616000e-02
1.161600e+04 3.749000e-02
1.161800e+04 3.870000e-02
1.162000e+04 4.005000e-02
1.162200e+04 4.137000e-02
1.162400e+04 4.279000e-02
1.162600e+04 4.424000e-02
1.162800e+04 4.565000e-02
1.163000e+04 4.706000e-02
1.163200e+04 4.881000e-02
1.163400e+04 5.051000e-02
1.163600e+04 5.232000e-02
1.163800e+04 5.423000e-02
1.164000e+04 5.609000e-02
1.164200e+04 5.801000e-02
1.164400e+04 6.001000e-02
1.164600e+04 6.219000e-02
1.164800e+04 6.433000e-02
1.165000e+04 6.674000e-02
1.165200e+04 6.926000e-02
1.165400e+04 7.190000e-02
1.165600e+04 7.466000e-02
1.165800e+04 7.751000e-02
1.166000e+04 8.058000e-02
1.166200e+04 8.372000e-02
1.166400e+04 8.707000e-02
1.166600e+04 9.062000e-02
1.166800e+04 9.425000e-02
1.167000e+04 9.811000e-02
1.167200e+04 1.023100e-01
1.167400e+04 1.067400e-01
1.167600e+04 1.114300e-01
1.167800e+04 1.163000e-01
1.168000e+04 1.214100e-01
1.168200e+04 1.267900e-01
1.168400e+04 1.323700e-01
1.168600e+04 1.382800e-01
1.168800e+04 1.443800e-01
1.169000e+04 1.507900e-01
1.169200e+04 1.574900e-01
1.169400e+04 1.646100e-01
1.169600e+04 1.718100e-01
1.169800e+04 1.792900e-01
1.170000e+04 1.872300e-01
1.170200e+04 1.953700e-01
1.170400e+04 2.036700e-01
1.170600e+04 2.123300e-01
1.170800e+04 2.211500e-01
1.171000e+04 2.303500e-01
1.171200e+04 2.397200e-01
1.171400e+04 2.493300e-01
1.171600e+04 2.592300e-01
1.171800e+04 2.693000e-01
1.172000e+04 2.796300e-01
1.172200e+04 2.902200e-01
1.172400e+04 3.009200e-01
1.172600e+04 3.118000e-01
1.172800e+04 3.228500e-01
1.173000e+04 3.341200e-01
1.173200e+04 3.454100e-01
1.173400e+04 3.568100e-01
1.173600e+04 3.683000e-01
1.173800e+04 3.798800e-01
1.174000e+04 3.915900e-01
1.174200e+04 4.032600e-01
1.174400e+04 4.150200e-01
1.174600e+04 4.267600e-01
1.174800e+04 4.384500e-01
1.175000e+04 4.500600e-01
1.175200e+04 4.616500e-01
1.175400e+04 4.732100e-01
1.175600e+04 4.845900e-01
1.175800e+04 4.958600e-01
1.176000e+04 5.070600e-01
1.176200e+04 5.180100e-01
1.176400e+04 5.287900e-01
1.176600e+04 5.394300e-01
1.176800e+04 5.498700e-01
1.177000e+04 5.600300e-01
1.177200e+04 5.701100e-01
1.177400e+04 5.798500e-01
1.177600e+04 5.894300e-01
1.177800e+04 5.988300e-01
1.178000e+04 6.079600e-01
1.178200e+04 6.168500e-01
1.178400e+04 6.254100e-01
1.178600e+04 6.336100e-01
1.178800e+04 6.417700e-01
1.179000e+04 6.495800e-01
1.179200e+04 6.570900e-01
1.179400e+04 6.643100e-01
1.179600e+04 6.713100e-01
1.179800e+04 6.781800e-01
1.180000e+04 6.848100e-01
1.180200e+04 6.912500e-01
1.180400e+04 6.973400e-01
1.180600e+04 7.031900e-01
1.180800e+04 7.087700e-01
1.181000e+04 7.140500e-01
1.181200e+04 7.191900e-01
1.181400e+04 7.240800e-01
1.181600e+04 7.288500e-01
1.181800e+04 7.335100e-01
1.182000e+04 7.377800e-01
1.182200e+04 7.418700e-01
1.182400e+04 7.458200e-01
1.182600e+04 7.496900e-01
1.182800e+04 7.533100e-01
1.183000e+04 7.566800e-01
1.183200e+04 7.599300e-01
1.183400e+04 7.629500e-01
1.183600e+04 7.657600e-01
1.183800e+04 7.686200e-01
1.184000e+04 7.712600e-01
1.184200e+04 7.738000e-01
1.184400e+04 7.761500e-01
1.184600e+04 7.783800e-01
1.184800e+04 7.804300e-01
1.185000e+04 7.824100e-01
1.185200e+04 7.843500e-01
1.185400e+04 7.862200e-01
1.185600e+04 7.878400e-01
1.185800e+04 7.893800e-01
1.186000e+04 7.908200e-01
1.186200e+04 7.921800e-01
1.186400e+04 7.935000e-01
1.186600e+04 7.947200e-01
1.186800e+04 7.958500e-01
1.187000e+04 7.968300e-01
1.187200e+04 7.977000e-01
1.187400e+04 7.983900e-01
1.187600e+04 7.990600e-01
1.187800e+04 7.996700e-01
1.188000e+04 8.002000e-01
1.188200e+04 8.005400e-01
1.188400e+04 8.008700e-01
1.188600e+04 8.009600e-01
1.188800e+04 8.010600e-01
1.189000e+04 8.010700e-01
1.189200e+04 8.010900e-01
1.189400e+04 8.009200e-01
1.189600e+04 8.007400e-01
1.189800e+04 8.004600e-01
1.190000e+04 8.001100e-01
1.190200e+04 7.998700e-01
1.190400e+04 7.995100e-01
1.190600e+04 7.991300e-01
1.190800e+04 7.988000e-01
1.191000e+04 7.983600e-01
1.191200e+04 7.978400e-01
1.191400e+04 7.973800e-01
1.191600e+04 7.968900e-01
1.191800e+04 7.964800e-01
1.192000e+04 7.961400e-01
1.192200e+04 7.957200e-01
1.192400e+04 7.954100e-01
1.192600e+04 7.952400e-01
1.192800e+04 7.948300e-01
1.193000e+04 7.945900e-01
1.193200e+04 7.945100e-01
1.193400e+04 7.943400e-01
1.193600e+04 7.942700e-01
1.193800e+04 7.942800e-01
1.194000e+04 7.942000e-01
1.194200e+04 7.943100e-01
1.194400e+04 7.945600e-01
1.194600e+04 7.948000e-01
1.194800e+04 7.951400e-01
1.195000e+04 7.953900e-01
1.195200e+04 7.957800e-01
1.195400e+04 7.962600e-01
1.195600e+04 7.967400e-01
1.195800e+04 7.972300e-01
1.196000e+04 7.979000e-01
1.196200e+04 7.986100e-01
1.196400e+04 7.993500e-01
1.196600e+04 8.000000e-01
1.196800e+04 8.006400e-01
1.197000e+04 8.015100e-01
1.197200e+04 8.023500e-01
1.197400e+04 8.032500e-01
1.197600e+04 8.041800e-01
1.197800e+04 8.051300e-01
1.198000e+04 8.060500e-01
1.198200e+04 8.072100e-01
1.198400e+04 8.082000e-01
1.198600e+04 8.091700e-01
1.198800e+04 8.102000e-01
1.199000e+04 8.111700e-01
1.199200e+04 8.121200e-01
1.199400e+04 8.131100e-01
1.199600e+04 8.139200e-01
1.199800e+04 8.148000e-01
1.200000e+04 8.157800e-01
1.200200e+04 8.165400e-01
1.200400e+04 8.174400e-01
1.200600e+04 8.181600e-01
1.200800e+04 8.188000e-01
1.201000e+04 8.194300e-01
1.201200e+04 8.199800e-01
1.201400e+04 8.204800e-01
1.201600e+04 8.209500e-01
1.201800e+04 8.213700e-01
1.202000e+04 8.215600e-01
1.202200e+04 8.217900e-01
1.202400e+04 8.220500e-01
1.202600e+04 8.221000e-01
1.202800e+04 8.222400e-01
1.203000e+04 8.223600e-01
1.203200e+04 8.224300e-01
1.203400e+04 8.223100e-01
1.203600e+04 8.222500e-01
1.203800e+04 8.220400e-01
1.204000e+04 8.218100e-01
1.204200e+04 8.215200e-01
1.204400e+04 8.212600e-01
1.204600e+04 8.208500e-01
1.204800e+04 8.204800e-01
1.205000e+04 8.200500e-01
1.205200e+04 8.197500e-01
1.205400e+04 8.192700e-01
1.205600e+04 8.189100e-01
1.205800e+04 8.184500e-01
1.206000e+04 8.179800e-01
1.206200e+04 8.174700e-01
1.206400e+04 8.169300e-01
1.206600e+04 8.165400e-01
1.206800e+04 8.159800e-01
1.207000e+04 8.154400e-01
1.207200e+04 8.149300e-01
1.207400e+04 8.144500e-01
1.207600e+04 8.139500e-01
1.207800e+04 8.134600e-01
1.208000e+04 8.129900e-01
1.208200e+04 8.125600e-01
1.208400e+04 8.121300e-01
1.208600e+04 8.116900e-01
1.208800e+04 8.111700e-01
1.209000e+04 8.107600e-01
1.209200e+04 8.104100e-01
1.209400e+04 8.099800e-01
1.209600e+04 8.096300e-01
1.209800e+04 8.091700e-01
1.210000e+04 8.088200e-01
1.210200e+04 8.085300e-01
1.210400e+04 8.083600e-01
1.210600e+04 8.081100e-01
1.210800e+04 8.078900e-01
1.211000e+04 8.077500e-01
1.211200e+04 8.076500e-01
1.211400e+04 8.075600e-01
1.211600e+04 8.074300e-01
1.211800e+04 8.075000e-01
1.212000e+04 8.075100e-01
1.212200e+04 8.075000e-01
1.212400e+04 8.075000e-01
1.212600e+04 8.076300e-01
1.212800e+04 8.077400e-01
1.213000e+04 8.078900e-01
1.213200e+04 8.080700e-01
1.213400e+04 8.083000e-01
1.213600e+04 8.085500e-01
1.213800e+04 8.088200e-01
1.214000e+04 8.091000e-01
1.214200e+04 8.093900e-01
1.214400e+04 8.096600e-01
1.214600e+04 8.100100e-01
1.214800e+04 8.103800e-01
1.215000e+04 8.107600e-01
1.215200e+04 8.111300e-01
1.215400e+04 8.116500e-01
1.215600e+04 8.121300e-01
1.215800e+04 8.125600e-01
1.216000e+04 8.130600e-01
1.216200e+04 8.136000e-01
1.216400e+04 8.141200e-01
1.216600e+04 8.147100e-01
1.216800e+04 8.151900e-01
1.217000e+04 8.156400e-01
1.217200e+04 8.161300e-01
1.217400e+04 8.166700e-01
1.217600e+04 8.172600e-01
1.217800e+04 8.177800e-01
1.218000e+04 8.183000e-01
1.218200e+04 8.188300e-01
1.218400e+04 8.193800e-01
1.218600e+04 8.199200e-01
1.218800e+04 8.203700e-01
1.219000e+04 8.209700e-01
1.219200e+04 8.215600e-01
1.219400e+04 8.220400e-01
1.219600e+04 8.226000e-01
1.219800e+04 8.230400e-01
1.220000e+04 8.235300e-01
1.220200e+04 8.240700e-01
1.220400e+04 8.247100e-01
1.220600e+04 8.252700e-01
1.220800e+04 8.257300e-01
1.221000e+04 8.262900e-01
1.221200e+04 8.267500e-01
1.221400e+04 8.271500e-01
1.221600e+04 8.276400e-01
1.221800e+04 8.280200e-01
1.222000e+04 8.285200e-01
1.222200e+04 8.289300e-01
1.222400e+04 8.293000e-01
1.222600e+04 8.297700e-01
1.222800e+04 8.301200e-01
1.223000e+04 8.306700e-01
1.223200e+04 8.311600e-01
1.223400e+04 8.316700e-01
1.223600e+04 8.320500e-01
1.223800e+04 8.323700e-01
1.224000e+04 8.328400e-01
1.224200e+04 8.331800e-01
1.224400e+04 8.336800e-01
1.224600e+04 8.341400e-01
1.224800e+04 8.345800e-01
1.225000e+04 8.349800e-01
1.225200e+04 8.354000e-01
1.225400e+04 8.358200e-01
1.225600e+04 8.362300e-01
1.225800e+04 8.367500e-01
1.226000e+04 8.371700e-01
1.226200e+04 8.375400e-01
1.226400e+04 8.379400e-01
1.226600e+04 8.382400e-01
1.226800e+04 8.386100e-01
1.227000e+04 8.390000e-01
1.227200e+04 8.392900e-01
1.227400e+04 8.396500e-01
1.227600e+04 8.399700e-01
1.227800e+04 8.403300e-01
1.228000e+04 8.406700e-01
1.228200e+04 8.410300e-01
1.228400e+04 8.414000e-01
1.228600e+04 8.417400e-01
1.228800e+04 8.420300e-01
1.229000e+04 8.422500e-01
1.229200e+04 8.426100e-01
1.229400e+04 8.428300e-01
1.229600e+04 8.430800e-01
1.229800e+04 8.434600e-01
1.230000e+04 8.437300e-01
1.230200e+04 8.440400e-01
1.230400e+04 8.443800e-01
1.230600e+04 8.447300e-01
1.230800e+04 8.450200e-01
1.231000e+04 8.453100e-01
1.231200e+04 8.456000e-01
1.231400e+04 8.458900e-01
1.231600e+04 8.461800e-01
1.231800e+04 8.464100e-01
1.232000e+04 8.466900e-01
1.232200e+04 8.469700e-01
1.232400e+04 8.472400e-01
1.232600e+04 8.475800e-01
1.232800e+04 8.479500e-01
1.233000e+04 8.481400e-01
1.233200e+04 8.484800e-01
1.233400e+04 8.488200e-01
1.233600e+04 8.492000e-01
1.233800e+04 8.495200e-01
1.234000e+04 8.498200e-01
1.234200e+04 8.501000e-01
1.234400e+04 8.504300e-01
1.234600e+04 8.507100e-01
1.234800e+04 8.510000e-01
1.235000e+04 8.513800e-01
1.235200e+04 8.516700e-01
1.235400e+04 8.519000e-01
1.235600e+04 8.520800e-01
1.235800e+04 8.523700e-01
1.236000e+04 8.526600e-01
1.236200e+04 8.529200e-01
1.236400e+04 8.531000e-01
1.236600e+04 8.533000e-01
1.236800e+04 8.534200e-01
1.237000e+04 8.535600e-01
1.237200e+04 8.537600e-01
1.237400e+04 8.539700e-01
1.237600e+04 8.540300e-01
1.237800e+04 8.542200e-01
1.238000e+04 8.543100e-01
1.238200e+04 8.543400e-01
1.238400e+04 8.544600e-01
1.238600e+04 8.544900e-01
1.238800e+04 8.545700e-01
1.239000e+04 8.546400e-01
1.239200e+04 8.546000e-01
1.239400e+04 8.545800e-01
1.239600e+04 8.545800e-01
1.239800e+04 8.545500e-01
1.240000e+04 8.544900e-01
1.240200e+04 8.544300e-01
1.240400e+04 8.544000e-01
1.240600e+04 8.543100e-01
1.240800e+04 8.543700e-01
1.241000e+04 8.543200e-01
1.241200e+04 8.542600e-01
1.241400e+04 8.542600e-01
1.241600e+04 8.542500e-01
1.241800e+04 8.543200e-01
1.242000e+04 8.543400e-01
1.242200e+04 8.542800e-01
1.242400e+04 8.542500e-01
1.242600e+04 8.543200e-01
1.242800e+04 8.542900e-01
1.243000e+04 8.542500e-01
1.243200e+04 8.542600e-01
1.243400e+04 8.542300e-01
1.243600e+04 8.541300e-01
1.243800e+04 8.540800e-01
1.244000e+04 8.539700e-01
1.244200e+04 8.538800e-01
1.244400e+04 8.538200e-01
1.244600e+04 8.536700e-01
1.244800e+04 8.535000e-01
1.245000e+04 8.533600e-01
1.245200e+04 8.531800e-01
1.245400e+04 8.529400e-01
1.245600e+04 8.528100e-01
1.245800e+04 8.525500e-01
1.246000e+04 8.523100e-01
1.246200e+04 8.521300e-01
1.246400e+04 8.519300e-01
1.246600e+04 8.517600e-01
1.246800e+04 8.515900e-01
1.247000e+04 8.513500e-01
1.247200e+04 8.512000e-01
1.247400e+04 8.510900e-01
1.247600e+04 8.508900e-01
1.247800e+04 8.507700e-01
1.248000e+04 8.505900e-01
1.248200e+04 8.503100e-01
1.248400e+04 8.501600e-01
1.248600e+04 8.499900e-01
1.248800e+04 8.497500e-01
1.249000e+04 8.496400e-01
1.249200e+04 8.495900e-01
1.249400e+04 8.493300e-01
1.249600e+04 8.491800e-01
1.249800e+04 8.490800e-01
1.250000e+04 8.488800e-01
1.250200e+04 8.488000e-01
1.250400e+04 8.486900e-01
1.250600e+04 8.486300e-01
1.250800e+04 8.486200e-01
1.251000e+04 8.485700e-01
1.251200e+04 8.486500e-01
1.251400e+04 8.487100e-01
1.251600e+04 8.487100e-01
1.251800e+04 8.487100e-01
1.252000e+04 8.487500e-01
1.252200e+04 8.487400e-01
1.252400e+04 8.487500e-01
1.252600e+04 8.487200e-01
1.252800e+04 8.487700e-01
1.253000e+04 8.487200e-01
1.253200e+04 8.488300e-01
1.253400e+04 8.488500e-01
1.253600e+04 8.487700e-01
1.253800e+04 8.486300e-01
1.254000e+04 8.486200e-01
1.254200e+04 8.486500e-01
1.254400e+04 8.485300e-01
1.254600e+04 8.485000e-01
1.254800e+04 8.485300e-01
1.255000e+04 8.486200e-01
1.255200e+04 8.486500e-01
1.255400e+04 8.487700e-01
1.255600e+04 8.489800e-01
1.255800e+04 8.491700e-01
1.256000e+04 8.493200e-01
1.256200e+04 8.494900e-01
1.256400e+04 8.497000e-01
1.256600e+04 8.499000e-01
1.256800e+04 8.500100e-01
1.257000e+04 8.503100e-01
1.257200e+04 8.505200e-01
1.257400e+04 8.507200e-01
1.257600e+04 8.510000e-01
1.257800e+04 8.511500e-01
1.258000e+04 8.513600e-01
1.258200e+04 8.516100e-01
1.258400e+04 8.518500e-01
1.258600e+04 8.521300e-01
1.258800e+04 8.522000e-01
1.259000e+04 8.525100e-01
1.259200e+04 8.527400e-01
1.259400e+04 8.530600e-01
1.259600e+04 8.532300e-01
1.259800e+04 8.535800e-01
1.260000e+04 8.540500e-01
1.260200e+04 8.543100e-01
1.260400e+04 8.546000e-01
1.260600e+04 8.547400e-01
1.260800e+04 8.550100e-01
1.261000e+04 8.554700e-01
1.261200e+04 8.558800e-01
1.261400e+04 8.563500e-01
1.261600e+04 8.567500e-01
1.261800e+04 8.571000e-01
1.262000e+04 8.574700e-01
1.262200e+04 8.578200e-01
1.262400e+04 8.581700e-01
1.262600e+04 8.584600e-01
1.262800e+04 8.587500e-01
1.263000e+04 8.590400e-01
1.263200e+04 8.593300e-01
1.263400e+04 8.596000e-01
1.263600e+04 8.599700e-01
1.263800e+04 8.603500e-01
1.264000e+04 8.606700e-01
1.264200e+04 8.609000e-01
1.264400e+04 8.611500e-01
1.264600e+04 8.613100e-01
1.264800e+04 8.614800e-01
1.265000e+04 8.615000e-01
1.265200e+04 8.617600e-01
1.265400e+04 8.618600e-01
1.265600e+04 8.620600e-01
1.265800e+04 8.622000e-01
1.266000e+04 8.624400e-01
1.266200e+04 8.625300e-01
1.266400e+04 8.625300e-01
1.266600e+04 8.625500e-01
1.266800e+04 8.625600e-01
1.267000e+04 8.625900e-01
1.267200e+04 8.625800e-01
1.267400e+04 8.625800e-01
1.267600e+04 8.624600e-01
1.267800e+04 8.623500e-01
1.268000e+04 8.623200e-01
1.268200e+04 8.623200e-01
1.268400e+04 8.622000e-01
1.268600e+04 8.621400e-01
1.268800e+04 8.620000e-01
1.269000e+04 8.618200e-01
1.269200e+04 8.616200e-01
1.269400e+04 8.614300e-01
1.269600e+04 8.614200e-01
1.269800e+04 8.613400e-01
1.270000e+04 8.611900e-01
1.270200e+04 8.609600e-01
1.270400e+04 8.607600e-01
1.270600e+04 8.605500e-01
1.270800e+04 8.602800e-01
1.271000e+04 8.600300e-01
1.271200e+04 8.597700e-01
1.271400e+04 8.594400e-01
1.271600e+04 8.591000e-01
1.271800e+04 8.587800e-01
1.272000e+04 8.584600e-01
1.272200e+04 8.582000e-01
1.272400e+04 8.577600e-01
1.272600e+04 8.574100e-01
1.272800e+04 8.569900e-01
1.273000e+04 8.567200e-01
1.273200e+04 8.563800e-01
1.273400e+04 8.560600e-01
1.273600e+04 8.557300e-01
1.273800e+04 8.554200e-01
1.274000e+04 8.551600e-01
1.274200e+04 8.549000e-01
1.274400e+04 8.545400e-01
1.274600e+04 8.543900e-01
1.274800e+04 8.541300e-01
1.275000e+04 8.538800e-01
1.275200e+04 8.535500e-01
1.275400e+04 8.532000e-01
1.275600e+04 8.530700e-01
1.275800e+04 8.528000e-01
1.276000e+04 8.524800e-01
1.276200e+04 8.521100e-01
1.276400e+04 8.517200e-01
1.276600e+04 8.513800e-01
1.276800e+04 8.510600e-01
1.277000e+04 8.506800e-01
1.277200e+04 8.503100e-01
1.277400e+04 8.500800e-01
1.277600e+04 8.498700e-01
1.277800e+04 8.494900e-01
1.278000e+04 8.492100e-01
1.278200e+04 8.489800e-01
1.278400e+04 8.488800e-01
1.278600e+04 8.487700e-01
1.278800e+04 8.486500e-01
1.279000e+04 8.485400e-01
1.279200e+04 8.484500e-01
1.279400e+04 8.484200e-01
1.279600e+04 8.484500e-01
1.279800e+04 8.484300e-01
1.280000e+04 8.484600e-01
1.280200e+04 8.485000e-01
1.280400e+04 8.485600e-01
1.280600e+04 8.484600e-01
1.280800e+04 8.485100e-01
1.281000e+04 8.485900e-01
1.281200e+04 8.486600e-01
1.281400e+04 8.486600e-01
1.281600e+04 8.487400e-01
1.281800e+04 8.488000e-01
1.282000e+04 8.488500e-01
1.282200e+04 8.489100e-01
1.282400e+04 8.489400e-01
1.282600e+04 8.488500e-01
1.282800e+04 8.488300e-01
1.283000e+04 8.488500e-01
1.283200e+04 8.488000e-01
1.283400e+04 8.488000e-01
1.283600e+04 8.488000e-01
1.283800e+04 8.488300e-01
1.284000e+04 8.487700e-01
1.284200e+04 8.487900e-01
1.284400e+04 8.487500e-01
1.284600e+04 8.487200e-01
1.284800e+04 8.486300e-01
1.285000e+04 8.485900e-01
1.285200e+04 8.485400e-01
1.285400e+04 8.485300e-01
1.285600e+04 8.485400e-01
1.285800e+04 8.486000e-01
1.286000e+04 8.485600e-01
1.286200e+04 8.485600e-01
1.286400e+04 8.485600e-01
1.286600e+04 8.485100e-01
1.286800e+04 8.485100e-01
1.287000e+04 8.485400e-01
1.287200e+04 8.484600e-01
1.287400e+04 8.484500e-01
1.287600e+04 8.484200e-01
1.287800e+04 8.485100e-01
1.288000e+04 8.483000e-01
1.288200e+04 8.482100e-01
1.288400e+04 8.480200e-01
1.288600e+04 8.478400e-01
1.288800e+04 8.476300e-01
1.289000e+04 8.475000e-01
1.289200e+04 8.473100e-01
1.289400e+04 8.470900e-01
1.289600e+04 8.469500e-01
1.289800e+04 8.467600e-01
1.290000e+04 8.465000e-01
1.290200e+04 8.462700e-01
1.290400e+04 8.460400e-01
1.290600e+04 8.457800e-01
1.290800e+04 8.454600e-01
1.291000e+04 8.451200e-01
1.291200e+04 8.449900e-01
1.291400e+04 8.447700e-01
1.291600e+04 8.445000e-01
1.291800e+04 8.442800e-01
1.292000e+04 8.441000e-01
1.292200e+04 8.438400e-01
1.292400e+04 8.436400e-01
1.292600e+04 8.434900e-01
1.292800e+04 8.431400e-01
1.293000e+04 8.429300e-01
1.293200e+04 8.427400e-01
1.293400e+04 8.423600e-01
1.293600e+04 8.420600e-01
1.293800e+04 8.416900e-01
1.294000e+04 8.414800e-01
1.294200e+04 8.412300e-01
1.294400e+04 8.409300e-01
1.294600e+04 8.404700e-01
1.294800e+04 8.401200e-01
1.295000e+04 8.397800e-01
1.295200e+04 8.393700e-01
1.295400e+04 8.389700e-01
1.295600e+04 8.386100e-01
1.295800e+04 8.381300e-01
1.296000e+04 8.378600e-01
1.296200e+04 8.374500e-01
1.296400e+04 8.371300e-01
1.296600e+04 8.368500e-01
1.296800e+04 8.365900e-01
1.297000e+04 8.363300e-01
1.297200e+04 8.360700e-01
1.297400e+04 8.357700e-01
1.297600e+04 8.354800e-01
1.297800e+04 8.353000e-01
1.298000e+04 8.351000e-01
1.298200e+04 8.348200e-01
1.298400e+04 8.347000e-01
1.298600e+04 8.344100e-01
1.298800e+04 8.342300e-01
1.299000e+04 8.340300e-01
1.299200e+04 8.337700e-01
1.299400e+04 8.335300e-01
1.299600e+04 8.332800e-01
1.299800e+04 8.330700e-01
1.300000e+04 8.327900e-01
1.300200e+04 8.325800e-01
1.300400e+04 8.322800e-01
1.300600e+04 8.319400e-01
1.300800e+04 8.316300e-01
1.301000e+04 8.314100e-01
1.301200e+04 8.311500e-01
1.301400e+04 8.309300e-01
1.301600e+04 8.305700e-01
1.301800e+04 8.303500e-01
1.302000e+04 8.300600e-01
1.302200e+04 8.297100e-01
1.302400e+04 8.294400e-01
1.302600e+04 8.292100e-01
1.302800e+04 8.288700e-01
1.303000e+04 8.284800e-01
1.303200e+04 8.281900e-01
1.303400e+04 8.278000e-01
1.303600e+04 8.275500e-01
1.303800e+04 8.272200e-01
1.304000e+04 8.269800e-01
1.304200e+04 8.265800e-01
1.304400e+04 8.263100e-01
1.304600e+04 8.259100e-01
1.304800e+04 8.256500e-01
1.305000e+04 8.254400e-01
1.305200e+04 8.252000e-01
1.305400e+04 8.251000e-01
1.305600e+04 8.249400e-01
1.305800e+04 8.246800e-01
1.306000e+04 8.244500e-01
1.306200e+04 8.243400e-01
1.306400e+04 8.241100e-01
1.306600e+04 8.239700e-01
1.306800e+04 8.238400e-01
1.307000e+04 8.235900e-01
1.307200e+04 8.234600e-01
1.307400e+04 8.233300e-01
1.307600e+04 8.230900e-01
1.307800e+04 8.229400e-01
1.308000e+04 8.227400e-01
1.308200e+04 8.224900e-01
1.308400e+04 8.222800e-01
1.308600e+04 8.221000e-01
1.308800e+04 8.218200e-01
1.309000e+04 8.216900e-01
1.309200e+04 8.215200e-01
1.309400e+04 8.212600e-01
1.309600e+04 8.210600e-01
1.309800e+04 8.209200e-01
1.310000e+04 8.207100e-01
1.310200e+04 8.206900e-01
1.310400e+04 8.205700e-01
1.310600e+04 8.204700e-01
1.310800e+04 8.205300e-01
1.311000e+04 8.205900e-01
1.311200e+04 8.205900e-01
1.311400e+04 8.206000e-01
1.311600e+04 8.205700e-01
1.311800e+04 8.205700e-01
1.312000e+04 8.206200e-01
1.312200e+04 8.206200e-01
1.312400e+04 8.206900e-01
1.312600e+04 8.207700e-01
1.312800e+04 8.209200e-01
1.313000e+04 8.210600e-01
1.313200e+04 8.212000e-01
1.313400e+04 8.212700e-01
1.313600e+04 8.214000e-01
1.313800e+04 8.214400e-01
1.314000e+04 8.214600e-01
1.314200e+04 8.214600e-01
1.314400e+04 8.214900e-01
1.314600e+04 8.215500e-01
1.314800e+04 8.215800e-01
1.315000e+04 8.215900e-01
1.315200e+04 8.217200e-01
1.315400e+04 8.217600e-01
1.315600e+04 8.217900e-01
1.315800e+04 8.218200e-01
1.316000e+04 8.219000e-01
1.316200e+04 8.217900e-01
1.316400e+04 8.218400e-01
1.316600e+04 8.219100e-01
1.316800e+04 8.218700e-01
1.317000e+04 8.220700e-01
1.317200e+04 8.220200e-01
1.317400e+04 8.219600e-01
1.317600e+04 8.218800e-01
1.317800e+04 8.217900e-01
1.318000e+04 8.217000e-01
1.318200e+04 8.214900e-01
1.318400e+04 8.211800e-01
1.318600e+04 8.208800e-01
1.318800e+04 8.205900e-01
1.319000e+04 8.202400e-01
1.319200e+04 8.196900e-01
1.319400e+04 8.192400e-01
1.319600e+04 8.185600e-01
1.319800e+04 8.179000e-01
1.320000e+04 8.171800e-01
1.320200e+04 8.162200e-01
1.320400e+04 8.152300e-01
1.320600e+04 8.140600e-01
1.320800e+04 8.128800e-01
1.321000e+04 8.114800e-01
1.321200e+04 8.100400e-01
1.321400e+04 8.085500e-01
1.321600e+04 8.068800e-01
1.321800e+04 8.051800e-01
1.322000e+04 8.031800e-01
1.322200e+04 8.011000e-01
1.322400e+04 7.988300e-01
1.322600e+04 7.964300e-01
1.322800e+04 7.939300e-01
1.323000e+04 7.912600e-01
1.323200e+04 7.884800e-01
1.323400e+04 7.854500e-01
1.323600e+04 7.823200e-01
1.323800e+04 7.791600e-01
1.324000e+04 7.757100e-01
1.324200e+04 7.722800e-01
1.324400e+04 7.685700e-01
1.324600e+04 7.646800e-01
1.324800e+04 7.605900e-01
1.325000e+04 7.563800e-01
1.325200e+04 7.520000e-01
1.325400e+04 7.475100e-01
1.325600e+04 7.427700e-01
1.325800e+04 7.377900e-01
1.326000e+04 7.325900e-01
1.326200e+04 7.273300e-01
1.326400e+04 7.218200e-01
1.326600e+04 7.160900e-01
1.326800e+04 7.103400e-01
1.327000e+04 7.043200e-01
1.327200e+04 6.980700e-01
1.327400e+04 6.915600e-01
1.327600e+04 6.849800e-01
1.327800e+04 6.782100e-01
1.328000e+04 6.712500e-01
1.328200e+04 6.641500e-01
1.328400e+04 6.568000e-01
1.328600e+04 6.493400e-01
1.328800e+04 6.418200e-01
1.329000e+04 6.340500e-01
1.329200e+04 6.261600e-01
1.329400e+04 6.179700e-01
1.329600e+04 6.096800e-01
1.329800e+04 6.013800e-01
1.330000e+04 5.927300e-01
1.330200e+04 5.839800e-01
1.330400e+04 5.752700e-01
1.330600e+04 5.662800e-01
1.330800e+04 5.572700e-01
1.331000e+04 5.481700e-01
1.331200e+04 5.390000e-01
1.331400e+04 5.295600e-01
1.331600e+04 5.201900e-01
1.331800e+04 5.105900e-01
1.332000e+04 5.009000e-01
1.332200e+04 4.912900e-01
1.332400e+04 4.816100e-01
1.332600e+04 4.718900e-01
1.332800e+04 4.621600e-01
1.333000e+04 4.522400e-01
1.333200e+04 4.425500e-01
1.333400e+04 4.328000e-01
1.333600e+04 4.228800e-01
1.333800e+04 4.131500e-01
1.334000e+04 4.033100e-01
1.334200e+04 3.936200e-01
1.334400e+04 3.838700e-01
1.334600e+04 3.743300e-01
1.334800e+04 3.646700e-01
1.335000e+04 3.551900e-01
1.335200e+04 3.458400e-01
1.335400e+04 3.364600e-01
1.335600e+04 3.271300e-01
1.335800e+04 3.178400e-01
1.336000e+04 3.086100e-01
1.336200e+04 2.996700e-01
1.336400e+04 2.905700e-01
1.336600e+04 2.816500e-01
1.336800e+04 2.730100e-01
1.337000e+04 2.644500e-01
1.337200e+04 2.561200e-01
1.337400e+04 2.475300e-01
1.337600e+04 2.392600e-01
1.337800e+04 2.311700e-01
1.338000e+04 2.234300e-01
1.338200e+04 2.156700e-01
1.338400e+04 2.081800e-01
1.338600e+04 2.007800e-01
1.338800e+04 1.936000e-01
1.339000e+04 1.867100e-01
1.339200e+04 1.798900e-01
1.339400e+04 1.733200e-01
1.339600e+04 1.669800e-01
1.339800e+04 1.608400e-01
1.340000e+04 1.547200e-01
1.340200e+04 1.488500e-01
1.340400e+04 1.431700e-01
1.340600e+04 1.376600e-01
1.340800e+04 1.324500e-01
1.341000e+04 1.272100e-01
1.341200e+04 1.220700e-01
1.341400e+04 1.172500e-01
1.341600e+04 1.124700e-01
1.341800e+04 1.080200e-01
1.342000e+04 1.035800e-01
1.342200e+04 9.935000e-02
1.342400e+04 9.535000e-02
1.342600e+04 9.140000e-02
1.342800e+04 8.760000e-02
1.343000e+04 8.397000e-02
1.343200e+04 8.054000e-02
1.343400e+04 7.715000e-02
1.343600e+04 7.385000e-02
1.343800e+04 7.092000e-02
1.344000e+04 6.793000e-02
1.344200e+04 6.516000e-02
1.344400e+04 6.255000e-02
1.344600e+04 5.992000e-02
1.344800e+04 5.750000e-02
1.345000e+04 5.505000e-02
1.345200e+04 5.289000e-02
1.345400e+04 5.063000e-02
1.345600e+04 4.849000e-02
1.345800e+04 4.649000e-02
1.346000e+04 4.460000e-02
1.346200e+04 4.276000e-02
1.346400e+04 4.097000e-02
1.346600e+04 3.941000e-02
1.346800e+04 3.777000e-02
1.347000e+04 3.616000e-02
1.347200e+04 3.470000e-02
1.347400e+04 3.328000e-02
1.347600e+04 3.197000e-02
1.347800e+04 3.073000e-02
1.348000e+04 2.950000e-02
1.348200e+04 2.837000e-02
1.348400e+04 2.721000e-02
1.348600e+04 2.618000e-02
1.348800e+04 2.521000e-02
1.349000e+04 2.429000e-02
1.349200e+04 2.335000e-02
1.349400e+04 2.245000e-02
1.349600e+04 2.155000e-02
1.349800e+04 2.071000e-02
1.350000e+04 1.996000e-02
1.350200e+04 1.926000e-02
1.350400e+04 1.862000e-02
1.350600e+04 1.791000e-02
1.350800e+04 1.718000e-02
1.351000e+04 1.648000e-02
1.351200e+04 1.579000e-02
1.351400e+04 1.523000e-02
1.351600e+04 1.471000e-02
1.351800e+04 1.422000e-02
1.352000e+04 1.358000e-02
1.352200e+04 1.297000e-02
1.352400e+04 1.256000e-02
1.352600e+04 1.208000e-02
1.352800e+04 1.167000e-02
1.353000e+04 1.122000e-02
1.353200e+04 1.074000e-02
1.353400e+04 1.031000e-02
1.353600e+04 9.890000e-03
1.353800e+04 9.550000e-03
1.354000e+04 9.170000e-03
1.354200e+04 8.960000e-03
1.354400e+04 8.670000e-03
1.354600e+04 8.270000e-03
1.354800e+04 7.970000e-03
1.355000e+04 7.690000e-03
1.355200e+04 7.540000e-03
1.355400e+04 7.370000e-03
1.355600e+04 7.110000e-03
1.355800e+04 7.000000e-03
1.356000e+04 6.850000e-03
1.356200e+04 6.620000e-03
1.356400e+04 6.530000e-03
1.356600e+04 6.260000e-03
1.356800e+04 6.010000e-03
1.357000e+04 5.800000e-03
1.357200e+04 5.660000e-03
1.357400e+04 5.460000e-03
1.357600e+04 5.390000e-03
1.357800e+04 5.250000e-03
1.358000e+04 5.110000e-03
1.358200e+04 4.790000e-03
1.358400e+04 4.500000e-03
1.358600e+04 4.320000e-03
1.358800e+04 4.120000e-03
1.359000e+04 3.850000e-03
1.359200e+04 3.650000e-03
1.359400e+04 3.510000e-03
1.359600e+04 3.400000e-03
1.359800e+04 3.330000e-03
1.360000e+04 3.250000e-03
1.360200e+04 3.200000e-03
1.360400e+04 3.130000e-03
1.360600e+04 2.910000e-03
1.360800e+04 2.880000e-03
1.361000e+04 2.780000e-03
1.361200e+04 2.580000e-03
1.361400e+04 2.520000e-03
1.361600e+04 2.580000e-03
1.361800e+04 2.380000e-03
1.362000e+04 2.300000e-03
1.362200e+04 2.230000e-03
