# # Wavelength(Angstrom)  Transmission
3.270000e+03 0.000000e+00
3.275000e+03 9.990813e-05
3.280000e+03 2.046769e-04
3.285000e+03 3.338192e-04
3.290000e+03 6.030424e-04
3.295000e+03 7.598548e-04
3.300000e+03 1.062199e-03
3.305000e+03 1.596449e-03
3.310000e+03 2.131977e-03
3.315000e+03 3.191739e-03
3.320000e+03 4.765657e-03
3.325000e+03 6.924075e-03
3.330000e+03 9.917268e-03
3.335000e+03 1.413527e-02
3.340000e+03 1.983009e-02
3.345000e+03 2.752679e-02
3.350000e+03 3.727092e-02
3.355000e+03 4.861722e-02
3.360000e+03 6.105976e-02
3.365000e+03 7.397936e-02
3.370000e+03 8.645374e-02
3.375000e+03 9.894559e-02
3.380000e+03 1.097645e-01
3.385000e+03 1.183826e-01
3.390000e+03 1.244701e-01
3.395000e+03 1.280493e-01
3.400000e+03 1.299559e-01
3.405000e+03 1.309144e-01
3.410000e+03 1.312743e-01
3.415000e+03 1.308313e-01
3.420000e+03 1.307628e-01
3.425000e+03 1.310640e-01
3.430000e+03 1.313578e-01
3.435000e+03 1.315893e-01
3.440000e+03 1.324376e-01
3.445000e+03 1.362294e-01
3.450000e+03 1.419948e-01
3.455000e+03 1.491159e-01
3.460000e+03 1.570024e-01
3.465000e+03 1.638005e-01
3.470000e+03 1.682834e-01
3.475000e+03 1.698704e-01
3.480000e+03 1.690050e-01
3.485000e+03 1.660956e-01
3.490000e+03 1.633385e-01
3.495000e+03 1.641385e-01
3.500000e+03 1.677225e-01
3.505000e+03 1.724268e-01
3.510000e+03 1.778926e-01
3.515000e+03 1.827085e-01
3.520000e+03 1.863850e-01
3.525000e+03 1.888587e-01
3.530000e+03 1.908693e-01
3.535000e+03 1.929610e-01
3.540000e+03 1.953146e-01
3.545000e+03 1.981666e-01
3.550000e+03 2.005469e-01
3.555000e+03 2.019748e-01
3.560000e+03 2.018929e-01
3.565000e+03 2.007868e-01
3.570000e+03 1.978568e-01
3.575000e+03 1.936274e-01
3.580000e+03 1.880214e-01
3.585000e+03 1.820276e-01
3.590000e+03 1.772545e-01
3.595000e+03 1.750806e-01
3.600000e+03 1.768767e-01
3.605000e+03 1.827080e-01
3.610000e+03 1.910887e-01
3.615000e+03 1.993449e-01
3.620000e+03 2.063475e-01
3.625000e+03 2.114772e-01
3.630000e+03 2.152607e-01
3.635000e+03 2.182471e-01
3.640000e+03 2.206845e-01
3.645000e+03 2.222710e-01
3.650000e+03 2.226783e-01
3.655000e+03 2.210002e-01
3.660000e+03 2.186703e-01
3.665000e+03 2.165776e-01
3.670000e+03 2.150388e-01
3.675000e+03 2.131367e-01
3.680000e+03 2.096293e-01
3.685000e+03 2.032383e-01
3.690000e+03 1.941944e-01
3.695000e+03 1.852792e-01
3.700000e+03 1.787677e-01
3.705000e+03 1.775304e-01
3.710000e+03 1.817984e-01
3.715000e+03 1.890874e-01
3.720000e+03 1.968025e-01
3.725000e+03 2.012757e-01
3.730000e+03 2.031142e-01
3.735000e+03 2.032657e-01
3.740000e+03 2.030627e-01
3.745000e+03 2.038809e-01
3.750000e+03 2.043495e-01
3.755000e+03 2.037924e-01
3.760000e+03 2.032108e-01
3.765000e+03 2.047062e-01
3.770000e+03 2.104816e-01
3.775000e+03 2.205109e-01
3.780000e+03 2.335491e-01
3.785000e+03 2.456043e-01
3.790000e+03 2.534129e-01
3.795000e+03 2.568676e-01
3.800000e+03 2.581288e-01
3.805000e+03 2.602857e-01
3.810000e+03 2.658249e-01
3.815000e+03 2.744019e-01
3.820000e+03 2.845736e-01
3.825000e+03 2.937165e-01
3.830000e+03 3.017988e-01
3.835000e+03 3.076144e-01
3.840000e+03 3.123195e-01
3.845000e+03 3.158855e-01
3.850000e+03 3.179144e-01
3.855000e+03 3.183097e-01
3.860000e+03 3.167256e-01
3.865000e+03 3.143531e-01
3.870000e+03 3.107504e-01
3.875000e+03 3.062404e-01
3.880000e+03 3.000677e-01
3.885000e+03 2.930228e-01
3.890000e+03 2.863066e-01
3.895000e+03 2.811137e-01
3.900000e+03 2.795525e-01
3.905000e+03 2.811017e-01
3.910000e+03 2.851365e-01
3.915000e+03 2.900272e-01
3.920000e+03 2.932844e-01
3.925000e+03 2.944601e-01
3.930000e+03 2.939587e-01
3.935000e+03 2.934195e-01
3.940000e+03 2.941394e-01
3.945000e+03 2.969443e-01
3.950000e+03 3.014700e-01
3.955000e+03 3.064302e-01
3.960000e+03 3.114208e-01
3.965000e+03 3.155861e-01
3.970000e+03 3.189104e-01
3.975000e+03 3.205125e-01
3.980000e+03 3.216842e-01
3.985000e+03 3.219873e-01
3.990000e+03 3.218473e-01
3.995000e+03 3.221260e-01
4.000000e+03 3.219584e-01
4.005000e+03 3.218910e-01
4.010000e+03 3.213755e-01
4.015000e+03 3.199804e-01
4.020000e+03 3.176813e-01
4.025000e+03 3.149095e-01
4.030000e+03 3.130186e-01
4.035000e+03 3.120308e-01
4.040000e+03 3.137431e-01
4.045000e+03 3.167869e-01
4.050000e+03 3.207502e-01
4.055000e+03 3.238232e-01
4.060000e+03 3.241728e-01
4.065000e+03 3.221999e-01
4.070000e+03 3.165499e-01
4.075000e+03 3.090369e-01
4.080000e+03 2.996444e-01
4.085000e+03 2.892825e-01
4.090000e+03 2.774815e-01
4.095000e+03 2.638028e-01
4.100000e+03 2.477292e-01
4.105000e+03 2.294322e-01
4.110000e+03 2.092235e-01
4.115000e+03 1.880215e-01
4.120000e+03 1.672334e-01
4.125000e+03 1.473284e-01
4.130000e+03 1.287786e-01
4.135000e+03 1.115932e-01
4.140000e+03 9.671130e-02
4.145000e+03 8.319748e-02
4.150000e+03 7.153304e-02
4.155000e+03 6.125479e-02
4.160000e+03 5.283816e-02
4.165000e+03 4.534309e-02
4.170000e+03 3.877602e-02
4.175000e+03 3.361490e-02
4.180000e+03 2.891525e-02
4.185000e+03 2.515358e-02
4.190000e+03 2.185787e-02
4.195000e+03 1.903211e-02
4.200000e+03 1.619878e-02
4.205000e+03 1.432176e-02
4.210000e+03 1.243711e-02
4.215000e+03 1.102333e-02
4.220000e+03 9.604016e-03
4.225000e+03 8.179106e-03
4.230000e+03 7.230719e-03
4.235000e+03 6.279081e-03
4.240000e+03 5.807589e-03
4.245000e+03 4.849060e-03
4.250000e+03 4.372625e-03
4.255000e+03 3.894634e-03
4.260000e+03 3.414688e-03
4.265000e+03 2.932144e-03
4.270000e+03 2.937418e-03
4.275000e+03 2.452957e-03
4.280000e+03 2.458073e-03
4.285000e+03 1.970225e-03
4.290000e+03 1.973995e-03
4.295000e+03 1.483618e-03
4.300000e+03 1.486743e-03
4.305000e+03 9.925062e-04
4.310000e+03 4.969255e-04
4.315000e+03 4.976782e-04
4.320000e+03 0.000000e+00
