# # Wavelength(Angstrom)  Transmission
7.845000e+03 0.000000e+00
7.855000e+03 4.278501e-04
7.865000e+03 8.495803e-04
7.875000e+03 8.439206e-04
7.885000e+03 8.380972e-04
7.895000e+03 1.245795e-03
7.905000e+03 1.651177e-03
7.915000e+03 1.648037e-03
7.925000e+03 2.051460e-03
7.935000e+03 2.457939e-03
7.945000e+03 2.045615e-03
7.955000e+03 2.824435e-03
7.965000e+03 3.200193e-03
7.975000e+03 3.999067e-03
7.985000e+03 5.181323e-03
7.995000e+03 5.945319e-03
8.005000e+03 6.674056e-03
8.015000e+03 7.824385e-03
8.025000e+03 9.374911e-03
8.035000e+03 1.089396e-02
8.045000e+03 1.281260e-02
8.055000e+03 1.550948e-02
8.065000e+03 1.818550e-02
8.075000e+03 2.158148e-02
8.085000e+03 2.608630e-02
8.095000e+03 3.083500e-02
8.105000e+03 3.659734e-02
8.115000e+03 4.327883e-02
8.125000e+03 5.070689e-02
8.135000e+03 5.900474e-02
8.145000e+03 6.738181e-02
8.155000e+03 7.760818e-02
8.165000e+03 8.886575e-02
8.175000e+03 1.006594e-01
8.185000e+03 1.171380e-01
8.195000e+03 1.352897e-01
8.205000e+03 1.548203e-01
8.215000e+03 1.741569e-01
8.225000e+03 1.767097e-01
8.235000e+03 1.867945e-01
8.245000e+03 2.170284e-01
8.255000e+03 2.330714e-01
8.265000e+03 2.430060e-01
8.275000e+03 2.500542e-01
8.285000e+03 2.551090e-01
8.295000e+03 2.656807e-01
8.305000e+03 2.735365e-01
8.315000e+03 2.736789e-01
8.325000e+03 2.784762e-01
8.335000e+03 2.860249e-01
8.345000e+03 2.860769e-01
8.355000e+03 2.860704e-01
8.365000e+03 2.856899e-01
8.375000e+03 2.849131e-01
8.385000e+03 2.848055e-01
8.395000e+03 2.833848e-01
8.405000e+03 2.809874e-01
8.415000e+03 2.802923e-01
8.425000e+03 2.795590e-01
8.435000e+03 2.780067e-01
8.445000e+03 2.769955e-01
8.455000e+03 2.764008e-01
8.465000e+03 2.754496e-01
8.475000e+03 2.740627e-01
8.485000e+03 2.730135e-01
8.495000e+03 2.717313e-01
8.505000e+03 2.700973e-01
8.515000e+03 2.689652e-01
8.525000e+03 2.681840e-01
8.535000e+03 2.668317e-01
8.545000e+03 2.646265e-01
8.555000e+03 2.630000e-01
8.565000e+03 2.619732e-01
8.575000e+03 2.598889e-01
8.585000e+03 2.580532e-01
8.595000e+03 2.556708e-01
8.605000e+03 2.534478e-01
8.615000e+03 2.510100e-01
8.625000e+03 2.486971e-01
8.635000e+03 2.463190e-01
8.645000e+03 2.438991e-01
8.655000e+03 2.407254e-01
8.665000e+03 2.381087e-01
8.675000e+03 2.358316e-01
8.685000e+03 2.333489e-01
8.695000e+03 2.310664e-01
8.705000e+03 2.286818e-01
8.715000e+03 2.262782e-01
8.725000e+03 2.241696e-01
8.735000e+03 2.217143e-01
8.745000e+03 2.193131e-01
8.755000e+03 2.171926e-01
8.765000e+03 2.151032e-01
8.775000e+03 2.132755e-01
8.785000e+03 2.110803e-01
8.795000e+03 2.091469e-01
8.805000e+03 2.069313e-01
8.815000e+03 2.049384e-01
8.825000e+03 2.031989e-01
8.835000e+03 2.013236e-01
8.845000e+03 1.997559e-01
8.855000e+03 1.978876e-01
8.865000e+03 1.957817e-01
8.875000e+03 1.938505e-01
8.885000e+03 1.923949e-01
8.895000e+03 1.909477e-01
8.905000e+03 1.889167e-01
8.915000e+03 1.868003e-01
8.925000e+03 1.838153e-01
8.935000e+03 1.804098e-01
8.945000e+03 1.753619e-01
8.955000e+03 1.676309e-01
8.965000e+03 1.601270e-01
8.975000e+03 1.566185e-01
8.985000e+03 1.513277e-01
8.995000e+03 1.485543e-01
9.005000e+03 1.455657e-01
9.015000e+03 1.435142e-01
9.025000e+03 1.492509e-01
9.035000e+03 1.543345e-01
9.045000e+03 1.549828e-01
9.055000e+03 1.510123e-01
9.065000e+03 1.437485e-01
9.075000e+03 1.366924e-01
9.085000e+03 1.346283e-01
9.095000e+03 1.319943e-01
9.105000e+03 1.306240e-01
9.115000e+03 1.318560e-01
9.125000e+03 1.306508e-01
9.135000e+03 1.256210e-01
9.145000e+03 1.243289e-01
9.155000e+03 1.235552e-01
9.165000e+03 1.212302e-01
9.175000e+03 1.206556e-01
9.185000e+03 1.215551e-01
9.195000e+03 1.260705e-01
9.205000e+03 1.266658e-01
9.215000e+03 1.234170e-01
9.225000e+03 1.212914e-01
9.235000e+03 1.193366e-01
9.245000e+03 1.159433e-01
9.255000e+03 1.138500e-01
9.265000e+03 1.131444e-01
9.275000e+03 1.078675e-01
9.285000e+03 9.984478e-02
9.295000e+03 9.049860e-02
9.305000e+03 8.195907e-02
9.315000e+03 7.440759e-02
9.325000e+03 6.491342e-02
9.335000e+03 5.731184e-02
9.345000e+03 5.443525e-02
9.355000e+03 5.151946e-02
9.365000e+03 5.115184e-02
9.375000e+03 5.520812e-02
9.385000e+03 6.481558e-02
9.395000e+03 7.593612e-02
9.405000e+03 7.453939e-02
9.415000e+03 7.224801e-02
9.425000e+03 6.406052e-02
9.435000e+03 5.821547e-02
9.445000e+03 6.296074e-02
9.455000e+03 5.701576e-02
9.465000e+03 5.806380e-02
9.475000e+03 6.022555e-02
9.485000e+03 6.404672e-02
9.495000e+03 5.671868e-02
9.505000e+03 5.720196e-02
9.515000e+03 6.274445e-02
9.525000e+03 5.612222e-02
9.535000e+03 6.171918e-02
9.545000e+03 5.970926e-02
9.555000e+03 5.602798e-02
9.565000e+03 5.628179e-02
9.575000e+03 5.830474e-02
9.585000e+03 5.615589e-02
9.595000e+03 5.435891e-02
9.605000e+03 5.758346e-02
9.615000e+03 5.737937e-02
9.625000e+03 5.681407e-02
9.635000e+03 5.766291e-02
9.645000e+03 5.672750e-02
9.655000e+03 5.682359e-02
9.665000e+03 5.704768e-02
9.675000e+03 5.843508e-02
9.685000e+03 5.922187e-02
9.695000e+03 5.854166e-02
9.705000e+03 5.811506e-02
9.715000e+03 5.741078e-02
9.725000e+03 5.595991e-02
9.735000e+03 5.368171e-02
9.745000e+03 5.201400e-02
9.755000e+03 5.101739e-02
9.765000e+03 5.171694e-02
9.775000e+03 5.254097e-02
9.785000e+03 5.146621e-02
9.795000e+03 5.054611e-02
9.805000e+03 5.022662e-02
9.815000e+03 4.980640e-02
9.825000e+03 4.873216e-02
9.835000e+03 4.758133e-02
9.845000e+03 4.629213e-02
9.855000e+03 4.527416e-02
9.865000e+03 4.431378e-02
9.875000e+03 4.283438e-02
9.885000e+03 4.161276e-02
9.895000e+03 4.023819e-02
9.905000e+03 3.914321e-02
9.915000e+03 3.842347e-02
9.925000e+03 3.768120e-02
9.935000e+03 3.700701e-02
9.945000e+03 3.634176e-02
9.955000e+03 3.561432e-02
9.965000e+03 3.488412e-02
9.975000e+03 3.414296e-02
9.985000e+03 3.340256e-02
9.995000e+03 3.267416e-02
1.000500e+04 3.192306e-02
1.001500e+04 3.119018e-02
1.002500e+04 3.049720e-02
1.003500e+04 2.982221e-02
1.004500e+04 2.916269e-02
1.005500e+04 2.850735e-02
1.006500e+04 2.780814e-02
1.007500e+04 2.711947e-02
1.008500e+04 2.640514e-02
1.009500e+04 2.572208e-02
1.010500e+04 2.509120e-02
1.011500e+04 2.444541e-02
1.012500e+04 2.379177e-02
1.013500e+04 2.314191e-02
1.014500e+04 2.247448e-02
1.015500e+04 2.184092e-02
1.016500e+04 2.118840e-02
1.017500e+04 2.054958e-02
1.018500e+04 1.986930e-02
1.019500e+04 1.920369e-02
1.020500e+04 1.853825e-02
1.021500e+04 1.787796e-02
1.022500e+04 1.722229e-02
1.023500e+04 1.656818e-02
1.024500e+04 1.591485e-02
1.025500e+04 1.526291e-02
1.026500e+04 1.461250e-02
1.027500e+04 1.396411e-02
1.028500e+04 1.331868e-02
1.029500e+04 1.269010e-02
1.030500e+04 1.235843e-02
1.031500e+04 1.233476e-02
1.032500e+04 1.231150e-02
1.033500e+04 1.230195e-02
1.034500e+04 1.227909e-02
1.035500e+04 1.227007e-02
1.036500e+04 1.224722e-02
1.037500e+04 1.222280e-02
1.038500e+04 1.221083e-02
1.039500e+04 1.218704e-02
1.040500e+04 1.185864e-02
1.041500e+04 1.123962e-02
1.042500e+04 1.061021e-02
1.043500e+04 9.983168e-03
1.044500e+04 9.358463e-03
1.045500e+04 8.736976e-03
1.046500e+04 8.126406e-03
1.047500e+04 7.507932e-03
1.048500e+04 6.892225e-03
1.049500e+04 6.279449e-03
1.050500e+04 5.668664e-03
1.051500e+04 5.060200e-03
1.052500e+04 4.450359e-03
1.053500e+04 3.848731e-03
1.054500e+04 3.249617e-03
1.055500e+04 2.652942e-03
1.056500e+04 2.056676e-03
1.057500e+04 1.465733e-03
1.058500e+04 8.774173e-04
1.059500e+04 2.915031e-04
1.060500e+04 0.000000e+00
