# # Wavelength(Angstrom)  Transmission
3.900000e+03 0.000000e+00
3.910000e+03 1.057000e-03
3.920000e+03 3.552000e-03
3.930000e+03 1.005600e-02
3.940000e+03 2.922300e-02
3.950000e+03 1.002320e-01
3.960000e+03 1.955570e-01
3.970000e+03 3.297050e-01
3.980000e+03 4.730150e-01
3.990000e+03 6.094650e-01
4.000000e+03 7.308910e-01
4.010000e+03 8.120770e-01
4.020000e+03 8.491600e-01
4.030000e+03 8.603280e-01
4.040000e+03 8.688610e-01
4.050000e+03 8.726450e-01
4.060000e+03 8.749570e-01
4.070000e+03 8.770110e-01
4.080000e+03 8.786200e-01
4.090000e+03 8.793570e-01
4.100000e+03 8.796700e-01
4.110000e+03 8.799440e-01
4.120000e+03 8.792330e-01
4.130000e+03 8.776640e-01
4.140000e+03 8.768470e-01
4.150000e+03 8.786450e-01
4.160000e+03 8.814410e-01
4.170000e+03 8.841970e-01
4.180000e+03 8.872660e-01
4.190000e+03 8.898610e-01
4.200000e+03 8.902400e-01
4.210000e+03 8.884660e-01
4.220000e+03 8.870790e-01
4.230000e+03 8.863390e-01
4.240000e+03 8.863780e-01
4.250000e+03 8.875930e-01
4.260000e+03 8.901740e-01
4.270000e+03 8.923630e-01
4.280000e+03 8.937480e-01
4.290000e+03 8.952270e-01
4.300000e+03 8.969560e-01
4.310000e+03 8.978470e-01
4.320000e+03 8.971940e-01
4.330000e+03 8.966300e-01
4.340000e+03 8.964350e-01
4.350000e+03 8.962860e-01
4.360000e+03 8.962520e-01
4.370000e+03 8.974270e-01
4.380000e+03 8.999770e-01
4.390000e+03 9.025820e-01
4.400000e+03 9.048560e-01
4.410000e+03 9.070660e-01
4.420000e+03 9.093450e-01
4.430000e+03 9.108800e-01
4.440000e+03 9.112640e-01
4.450000e+03 9.111240e-01
4.460000e+03 9.109030e-01
4.470000e+03 9.105070e-01
4.480000e+03 9.097110e-01
4.490000e+03 9.089560e-01
4.500000e+03 9.086690e-01
4.510000e+03 9.089440e-01
4.520000e+03 9.096260e-01
4.530000e+03 9.105040e-01
4.540000e+03 9.113610e-01
4.550000e+03 9.115910e-01
4.560000e+03 9.109280e-01
4.570000e+03 9.097610e-01
4.580000e+03 9.088650e-01
4.590000e+03 9.085870e-01
4.600000e+03 9.090520e-01
4.610000e+03 9.101500e-01
4.620000e+03 9.116160e-01
4.630000e+03 9.130620e-01
4.640000e+03 9.140290e-01
4.650000e+03 9.143220e-01
4.660000e+03 9.138930e-01
4.670000e+03 9.126860e-01
4.680000e+03 9.107280e-01
4.690000e+03 9.082710e-01
4.700000e+03 9.059420e-01
4.710000e+03 9.045360e-01
4.720000e+03 9.042980e-01
4.730000e+03 9.051870e-01
4.740000e+03 9.069570e-01
4.750000e+03 9.089700e-01
4.760000e+03 9.107420e-01
4.770000e+03 9.116080e-01
4.780000e+03 9.114030e-01
4.790000e+03 9.105270e-01
4.800000e+03 9.096230e-01
4.810000e+03 9.089360e-01
4.820000e+03 9.084140e-01
4.830000e+03 9.077600e-01
4.840000e+03 9.067300e-01
4.850000e+03 9.053670e-01
4.860000e+03 9.039470e-01
4.870000e+03 9.030920e-01
4.880000e+03 9.034270e-01
4.890000e+03 9.051260e-01
4.900000e+03 9.076260e-01
4.910000e+03 9.095980e-01
4.920000e+03 9.098220e-01
4.930000e+03 9.081690e-01
4.940000e+03 9.053400e-01
4.950000e+03 9.024960e-01
4.960000e+03 9.008240e-01
4.970000e+03 9.010980e-01
4.980000e+03 9.030010e-01
4.990000e+03 9.056430e-01
5.000000e+03 9.079930e-01
5.010000e+03 9.093380e-01
5.020000e+03 9.097740e-01
5.030000e+03 9.098690e-01
5.040000e+03 9.099910e-01
5.050000e+03 9.102800e-01
5.060000e+03 9.107000e-01
5.070000e+03 9.110910e-01
5.080000e+03 9.112930e-01
5.090000e+03 9.110870e-01
5.100000e+03 9.101870e-01
5.110000e+03 9.083910e-01
5.120000e+03 9.058450e-01
5.130000e+03 9.032510e-01
5.140000e+03 9.016710e-01
5.150000e+03 9.017560e-01
5.160000e+03 9.034010e-01
5.170000e+03 9.057770e-01
5.180000e+03 9.078040e-01
5.190000e+03 9.089530e-01
5.200000e+03 9.093280e-01
5.210000e+03 9.094540e-01
5.220000e+03 9.099390e-01
5.230000e+03 9.111500e-01
5.240000e+03 9.128740e-01
5.250000e+03 9.146650e-01
5.260000e+03 9.159940e-01
5.270000e+03 9.164650e-01
5.280000e+03 9.161120e-01
5.290000e+03 9.152130e-01
5.300000e+03 9.141050e-01
5.310000e+03 9.130930e-01
5.320000e+03 9.123500e-01
5.330000e+03 9.118560e-01
5.340000e+03 9.117790e-01
5.350000e+03 9.121120e-01
5.360000e+03 9.122180e-01
5.370000e+03 9.109020e-01
5.380000e+03 9.068830e-01
5.390000e+03 9.003990e-01
5.400000e+03 8.933190e-01
5.410000e+03 8.877680e-01
5.420000e+03 8.850790e-01
5.430000e+03 8.842250e-01
5.440000e+03 8.778870e-01
5.450000e+03 8.420560e-01
5.460000e+03 7.608440e-01
5.470000e+03 6.366710e-01
5.480000e+03 4.893310e-01
5.490000e+03 3.356920e-01
5.500000e+03 1.997440e-01
5.510000e+03 1.040010e-01
5.520000e+03 5.281800e-02
5.530000e+03 3.049600e-02
5.540000e+03 1.994200e-02
5.550000e+03 1.472600e-02
5.560000e+03 6.150000e-04
5.570000e+03 0.000000e+00
