# # Wavelength(Angstrom)  Transmission
9.300000e+03 0.000000e+00
9.305000e+03 2.620000e-03
9.310000e+03 5.020000e-03
9.315000e+03 5.100000e-03
9.320000e+03 4.930000e-03
9.325000e+03 5.030000e-03
9.330000e+03 5.350000e-03
9.335000e+03 5.540000e-03
9.340000e+03 5.240000e-03
9.345000e+03 5.280000e-03
9.350000e+03 6.350000e-03
9.355000e+03 7.020000e-03
9.360000e+03 7.180000e-03
9.365000e+03 7.730000e-03
9.370000e+03 7.970000e-03
9.375000e+03 9.110000e-03
9.380000e+03 9.970000e-03
9.385000e+03 1.083000e-02
9.390000e+03 1.294000e-02
9.395000e+03 1.602000e-02
9.400000e+03 1.742000e-02
9.405000e+03 1.802000e-02
9.410000e+03 1.937000e-02
9.415000e+03 2.298000e-02
9.420000e+03 2.579000e-02
9.425000e+03 2.629000e-02
9.430000e+03 2.696000e-02
9.435000e+03 3.461000e-02
9.440000e+03 3.879000e-02
9.445000e+03 4.279000e-02
9.450000e+03 5.417000e-02
9.455000e+03 5.597000e-02
9.460000e+03 5.337000e-02
9.465000e+03 8.182000e-02
9.470000e+03 1.158300e-01
9.475000e+03 1.165500e-01
9.480000e+03 1.088500e-01
9.485000e+03 1.636600e-01
9.490000e+03 2.403900e-01
9.495000e+03 2.293100e-01
9.500000e+03 2.125500e-01
9.505000e+03 3.027600e-01
9.510000e+03 4.218300e-01
9.515000e+03 4.564100e-01
9.520000e+03 4.408800e-01
9.525000e+03 4.617800e-01
9.530000e+03 5.330000e-01
9.535000e+03 5.744700e-01
9.540000e+03 6.004600e-01
9.545000e+03 6.112400e-01
9.550000e+03 6.359600e-01
9.555000e+03 6.314800e-01
9.560000e+03 6.265100e-01
9.565000e+03 6.343200e-01
9.570000e+03 6.466600e-01
9.575000e+03 6.942600e-01
9.580000e+03 6.991800e-01
9.585000e+03 6.775600e-01
9.590000e+03 6.591200e-01
9.595000e+03 6.457200e-01
9.600000e+03 6.695200e-01
9.605000e+03 6.897000e-01
9.610000e+03 7.037100e-01
9.615000e+03 7.176300e-01
9.620000e+03 7.015100e-01
9.625000e+03 6.730300e-01
9.630000e+03 6.955000e-01
9.635000e+03 7.173000e-01
9.640000e+03 7.082800e-01
9.645000e+03 7.082400e-01
9.650000e+03 7.200500e-01
9.655000e+03 7.385800e-01
9.660000e+03 7.253900e-01
9.665000e+03 6.991900e-01
9.670000e+03 7.099000e-01
9.675000e+03 7.551800e-01
9.680000e+03 7.692400e-01
9.685000e+03 7.544500e-01
9.690000e+03 7.621600e-01
9.695000e+03 7.704400e-01
9.700000e+03 7.625800e-01
9.705000e+03 7.584700e-01
9.710000e+03 7.652100e-01
9.715000e+03 7.546900e-01
9.720000e+03 7.483900e-01
9.725000e+03 7.435300e-01
9.730000e+03 7.317700e-01
9.735000e+03 7.232500e-01
9.740000e+03 7.186100e-01
9.745000e+03 7.093900e-01
9.750000e+03 7.012100e-01
9.755000e+03 7.016400e-01
9.760000e+03 6.968800e-01
9.765000e+03 7.013600e-01
9.770000e+03 7.165600e-01
9.775000e+03 7.215800e-01
9.780000e+03 7.125600e-01
9.785000e+03 7.058900e-01
9.790000e+03 7.025200e-01
9.795000e+03 6.977500e-01
9.800000e+03 6.991000e-01
9.805000e+03 7.007800e-01
9.810000e+03 7.133800e-01
9.815000e+03 7.150500e-01
9.820000e+03 7.096600e-01
9.825000e+03 7.028500e-01
9.830000e+03 6.990800e-01
9.835000e+03 7.039600e-01
9.840000e+03 7.056200e-01
9.845000e+03 6.991500e-01
9.850000e+03 6.922900e-01
9.855000e+03 6.926400e-01
9.860000e+03 6.944300e-01
9.865000e+03 6.922000e-01
9.870000e+03 6.874100e-01
9.875000e+03 6.816900e-01
9.880000e+03 6.785100e-01
9.885000e+03 6.757900e-01
9.890000e+03 6.717000e-01
9.895000e+03 6.668100e-01
9.900000e+03 6.617200e-01
9.905000e+03 6.579700e-01
9.910000e+03 6.544700e-01
9.915000e+03 6.500500e-01
9.920000e+03 6.455500e-01
9.925000e+03 6.404700e-01
9.930000e+03 6.350800e-01
9.935000e+03 6.317500e-01
9.940000e+03 6.286700e-01
9.945000e+03 6.250700e-01
9.950000e+03 6.212800e-01
9.955000e+03 6.164300e-01
9.960000e+03 6.117600e-01
9.965000e+03 6.070900e-01
9.970000e+03 6.023000e-01
9.975000e+03 5.977200e-01
9.980000e+03 5.930900e-01
9.985000e+03 5.885100e-01
9.990000e+03 5.838700e-01
9.995000e+03 5.785800e-01
1.000000e+04 5.735200e-01
1.000500e+04 5.688000e-01
1.001000e+04 5.636200e-01
1.001500e+04 5.573400e-01
1.002000e+04 5.510100e-01
1.002500e+04 5.462400e-01
1.003000e+04 5.417900e-01
1.003500e+04 5.363100e-01
1.004000e+04 5.303000e-01
1.004500e+04 5.246600e-01
1.005000e+04 5.191200e-01
1.005500e+04 5.137900e-01
1.006000e+04 5.086500e-01
1.006500e+04 5.034100e-01
1.007000e+04 4.981700e-01
1.007500e+04 4.922600e-01
1.008000e+04 4.862600e-01
1.008500e+04 4.803100e-01
1.009000e+04 4.740400e-01
1.009500e+04 4.674900e-01
1.010000e+04 4.618400e-01
1.010500e+04 4.564500e-01
1.011000e+04 4.507300e-01
1.011500e+04 4.453000e-01
1.012000e+04 4.397300e-01
1.012500e+04 4.345200e-01
1.013000e+04 4.293900e-01
1.013500e+04 4.236700e-01
1.014000e+04 4.178700e-01
1.014500e+04 4.120300e-01
1.015000e+04 4.063200e-01
1.015500e+04 4.008600e-01
1.016000e+04 3.953900e-01
1.016500e+04 3.899700e-01
1.017000e+04 3.843900e-01
1.017500e+04 3.785800e-01
1.018000e+04 3.728800e-01
1.018500e+04 3.669500e-01
1.019000e+04 3.607000e-01
1.019500e+04 3.550700e-01
1.020000e+04 3.498900e-01
1.020500e+04 3.445400e-01
1.021000e+04 3.390700e-01
1.021500e+04 3.335000e-01
1.022000e+04 3.278900e-01
1.022500e+04 3.223500e-01
1.023000e+04 3.166900e-01
1.023500e+04 3.109600e-01
1.024000e+04 3.053000e-01
1.024500e+04 3.000400e-01
1.025000e+04 2.947100e-01
1.025500e+04 2.895400e-01
1.026000e+04 2.844200e-01
1.026500e+04 2.793200e-01
1.027000e+04 2.741200e-01
1.027500e+04 2.693900e-01
1.028000e+04 2.648300e-01
1.028500e+04 2.602700e-01
1.029000e+04 2.556300e-01
1.029500e+04 2.505800e-01
1.030000e+04 2.455100e-01
1.030500e+04 2.403800e-01
1.031000e+04 2.352400e-01
1.031500e+04 2.301900e-01
1.032000e+04 2.251800e-01
1.032500e+04 2.201600e-01
1.033000e+04 2.151100e-01
1.033500e+04 2.093500e-01
1.034000e+04 2.036400e-01
1.034500e+04 1.979000e-01
1.035000e+04 1.921600e-01
1.035500e+04 1.861600e-01
1.036000e+04 1.801500e-01
1.036500e+04 1.741400e-01
1.037000e+04 1.681500e-01
1.037500e+04 1.647100e-01
1.038000e+04 1.613000e-01
1.038500e+04 1.578600e-01
1.039000e+04 1.544100e-01
1.039500e+04 1.521400e-01
1.040000e+04 1.498600e-01
1.040500e+04 1.475900e-01
1.041000e+04 1.453100e-01
1.041500e+04 1.432600e-01
1.042000e+04 1.412000e-01
1.042500e+04 1.391500e-01
1.043000e+04 1.371100e-01
1.043500e+04 1.350200e-01
1.044000e+04 1.329500e-01
1.044500e+04 1.308600e-01
1.045000e+04 1.287700e-01
1.045500e+04 1.267300e-01
1.046000e+04 1.247100e-01
1.046500e+04 1.226800e-01
1.047000e+04 1.206700e-01
1.047500e+04 1.188100e-01
1.048000e+04 1.169500e-01
1.048500e+04 1.150700e-01
1.049000e+04 1.131600e-01
1.049500e+04 1.110400e-01
1.050000e+04 1.089500e-01
1.050500e+04 1.068800e-01
1.051000e+04 1.047900e-01
1.051500e+04 1.032600e-01
1.052000e+04 1.017200e-01
1.052500e+04 1.001800e-01
1.053000e+04 9.865000e-02
1.053500e+04 9.754000e-02
1.054000e+04 9.642000e-02
1.054500e+04 9.531000e-02
1.055000e+04 9.418000e-02
1.055500e+04 9.342000e-02
1.056000e+04 9.266000e-02
1.056500e+04 9.189000e-02
1.057000e+04 9.113000e-02
1.057500e+04 9.005000e-02
1.058000e+04 8.897000e-02
1.058500e+04 8.789000e-02
1.059000e+04 8.683000e-02
1.059500e+04 8.432000e-02
1.060000e+04 8.183000e-02
1.060500e+04 7.934000e-02
1.061000e+04 7.684000e-02
1.061500e+04 7.184000e-02
1.062000e+04 6.683000e-02
1.062500e+04 6.183000e-02
1.063000e+04 5.684000e-02
1.063500e+04 5.083000e-02
1.064000e+04 4.482000e-02
1.064500e+04 3.883000e-02
1.065000e+04 3.284000e-02
1.065500e+04 2.834000e-02
1.066000e+04 2.386000e-02
1.066500e+04 1.937000e-02
1.067000e+04 1.488000e-02
1.067500e+04 1.260000e-02
1.068000e+04 1.033000e-02
1.068500e+04 8.060000e-03
1.069000e+04 5.790000e-03
1.069500e+04 2.900000e-03
1.070000e+04 0.000000e+00
