# # Wavelength(Angstrom)  Transmission
8.270000e+03 0.000000e+00
8.280000e+03 5.850000e-04
8.290000e+03 8.020000e-04
8.300000e+03 1.109000e-03
8.310000e+03 1.557000e-03
8.320000e+03 2.214000e-03
8.330000e+03 3.159000e-03
8.340000e+03 4.568000e-03
8.350000e+03 6.691000e-03
8.360000e+03 9.935000e-03
8.370000e+03 1.505100e-02
8.380000e+03 2.127100e-02
8.390000e+03 2.375000e-02
8.400000e+03 2.744000e-02
8.410000e+03 3.311200e-02
8.420000e+03 4.179100e-02
8.430000e+03 5.499500e-02
8.440000e+03 7.559100e-02
8.450000e+03 1.073180e-01
8.460000e+03 1.542970e-01
8.470000e+03 2.200400e-01
8.480000e+03 3.053600e-01
8.490000e+03 4.063280e-01
8.500000e+03 5.151820e-01
8.510000e+03 6.220100e-01
8.520000e+03 7.169530e-01
8.530000e+03 7.936880e-01
8.540000e+03 8.503700e-01
8.550000e+03 8.883040e-01
8.560000e+03 9.108720e-01
8.570000e+03 9.222020e-01
8.580000e+03 9.263950e-01
8.590000e+03 9.265910e-01
8.600000e+03 9.253280e-01
8.610000e+03 9.246240e-01
8.620000e+03 9.254750e-01
8.630000e+03 9.284220e-01
8.640000e+03 9.331080e-01
8.650000e+03 9.387700e-01
8.660000e+03 9.447880e-01
8.670000e+03 9.502050e-01
8.680000e+03 9.544790e-01
8.690000e+03 9.574260e-01
8.700000e+03 9.591180e-01
8.710000e+03 9.596700e-01
8.720000e+03 9.594360e-01
8.730000e+03 9.587900e-01
8.740000e+03 9.581170e-01
8.750000e+03 9.577550e-01
8.760000e+03 9.578500e-01
8.770000e+03 9.585490e-01
8.780000e+03 9.598390e-01
8.790000e+03 9.616610e-01
8.800000e+03 9.640140e-01
8.810000e+03 9.664270e-01
8.820000e+03 9.688170e-01
8.830000e+03 9.710400e-01
8.840000e+03 9.728880e-01
8.850000e+03 9.742980e-01
8.860000e+03 9.751460e-01
8.870000e+03 9.753060e-01
8.880000e+03 9.747490e-01
8.890000e+03 9.736000e-01
8.900000e+03 9.722110e-01
8.910000e+03 9.705670e-01
8.920000e+03 9.687380e-01
8.930000e+03 9.669060e-01
8.940000e+03 9.653330e-01
8.950000e+03 9.642450e-01
8.960000e+03 9.636670e-01
8.970000e+03 9.636350e-01
8.980000e+03 9.642010e-01
8.990000e+03 9.652660e-01
9.000000e+03 9.668710e-01
9.010000e+03 9.688290e-01
9.020000e+03 9.708990e-01
9.030000e+03 9.729110e-01
9.040000e+03 9.746670e-01
9.050000e+03 9.759740e-01
9.060000e+03 9.767020e-01
9.070000e+03 9.768180e-01
9.080000e+03 9.764130e-01
9.090000e+03 9.755970e-01
9.100000e+03 9.745430e-01
9.110000e+03 9.734620e-01
9.120000e+03 9.725550e-01
9.130000e+03 9.719260e-01
9.140000e+03 9.717000e-01
9.150000e+03 9.720280e-01
9.160000e+03 9.729240e-01
9.170000e+03 9.741580e-01
9.180000e+03 9.757820e-01
9.190000e+03 9.775220e-01
9.200000e+03 9.791630e-01
9.210000e+03 9.805670e-01
9.220000e+03 9.814610e-01
9.230000e+03 9.818430e-01
9.240000e+03 9.815590e-01
9.250000e+03 9.804990e-01
9.260000e+03 9.787300e-01
9.270000e+03 9.764860e-01
9.280000e+03 9.738670e-01
9.290000e+03 9.710300e-01
9.300000e+03 9.682060e-01
9.310000e+03 9.657000e-01
9.320000e+03 9.635930e-01
9.330000e+03 9.620650e-01
9.340000e+03 9.611770e-01
9.350000e+03 9.608470e-01
9.360000e+03 9.610740e-01
9.370000e+03 9.617290e-01
9.380000e+03 9.627680e-01
9.390000e+03 9.640890e-01
9.400000e+03 9.654100e-01
9.410000e+03 9.667750e-01
9.420000e+03 9.678800e-01
9.430000e+03 9.686000e-01
9.440000e+03 9.690070e-01
9.450000e+03 9.690490e-01
9.460000e+03 9.686660e-01
9.470000e+03 9.678790e-01
9.480000e+03 9.668980e-01
9.490000e+03 9.661060e-01
9.500000e+03 9.652040e-01
9.510000e+03 9.645490e-01
9.520000e+03 9.642220e-01
9.530000e+03 9.641160e-01
9.540000e+03 9.644320e-01
9.550000e+03 9.651500e-01
9.560000e+03 9.661370e-01
9.570000e+03 9.672750e-01
9.580000e+03 9.685160e-01
9.590000e+03 9.696980e-01
9.600000e+03 9.707390e-01
9.610000e+03 9.715880e-01
9.620000e+03 9.722300e-01
9.630000e+03 9.726870e-01
9.640000e+03 9.728900e-01
9.650000e+03 9.730140e-01
9.660000e+03 9.732250e-01
9.670000e+03 9.735900e-01
9.680000e+03 9.741430e-01
9.690000e+03 9.749570e-01
9.700000e+03 9.760830e-01
9.710000e+03 9.774780e-01
9.720000e+03 9.789320e-01
9.730000e+03 9.803730e-01
9.740000e+03 9.816390e-01
9.750000e+03 9.825800e-01
9.760000e+03 9.830840e-01
9.770000e+03 9.830540e-01
9.780000e+03 9.824110e-01
9.790000e+03 9.812270e-01
9.800000e+03 9.796440e-01
9.810000e+03 9.777730e-01
9.820000e+03 9.757490e-01
9.830000e+03 9.736180e-01
9.840000e+03 9.714500e-01
9.850000e+03 9.693190e-01
9.860000e+03 9.671480e-01
9.870000e+03 9.647590e-01
9.880000e+03 9.621050e-01
9.890000e+03 9.591480e-01
9.900000e+03 9.557580e-01
9.910000e+03 9.521440e-01
9.920000e+03 9.482380e-01
9.930000e+03 9.434400e-01
9.940000e+03 9.363030e-01
9.950000e+03 9.240930e-01
9.960000e+03 9.030050e-01
9.970000e+03 8.693750e-01
9.980000e+03 8.203390e-01
9.990000e+03 7.544110e-01
1.000000e+04 6.728030e-01
1.001000e+04 5.796490e-01
1.002000e+04 4.808350e-01
1.003000e+04 3.831780e-01
1.004000e+04 2.936550e-01
1.005000e+04 2.169530e-01
1.006000e+04 1.554450e-01
1.007000e+04 1.091230e-01
1.008000e+04 7.596000e-02
1.009000e+04 5.319500e-02
1.010000e+04 3.804000e-02
1.011000e+04 2.811300e-02
1.012000e+04 2.159600e-02
1.013000e+04 1.715900e-02
1.014000e+04 1.412200e-02
1.015000e+04 1.201200e-02
1.016000e+04 1.050600e-02
1.017000e+04 9.352000e-03
1.018000e+04 8.432000e-03
1.019000e+04 7.694000e-03
1.020000e+04 7.130000e-03
1.021000e+04 6.720000e-03
1.022000e+04 5.127000e-03
1.023000e+04 3.176000e-03
1.024000e+04 1.929000e-03
1.025000e+04 1.085000e-03
1.026000e+04 5.340000e-04
1.027000e+04 0.000000e+00
