# # Wavelength(Angstrom)  Transmission
1.141000e+04 1.576900e-04
1.142000e+04 1.873730e-04
1.143000e+04 2.256840e-04
1.144000e+04 2.299190e-04
1.145000e+04 2.397960e-04
1.146000e+04 2.798300e-04
1.147000e+04 3.391820e-04
1.148000e+04 4.015150e-04
1.149000e+04 4.894180e-04
1.150000e+04 6.124570e-04
1.151000e+04 7.550670e-04
1.152000e+04 9.734710e-04
1.153000e+04 1.286010e-03
1.154000e+04 1.730300e-03
1.155000e+04 2.406310e-03
1.156000e+04 3.417080e-03
1.157000e+04 4.906980e-03
1.158000e+04 7.294190e-03
1.159000e+04 1.126710e-02
1.160000e+04 1.792040e-02
1.161000e+04 2.907970e-02
1.162000e+04 4.714300e-02
1.163000e+04 7.739890e-02
1.164000e+04 1.226570e-01
1.165000e+04 1.826460e-01
1.166000e+04 2.539480e-01
1.167000e+04 3.351030e-01
1.168000e+04 4.258950e-01
1.169000e+04 5.229350e-01
1.170000e+04 6.174990e-01
1.171000e+04 6.933320e-01
1.172000e+04 7.426110e-01
1.173000e+04 7.676740e-01
1.174000e+04 7.783260e-01
1.175000e+04 7.810370e-01
1.176000e+04 7.823230e-01
1.177000e+04 7.839760e-01
1.178000e+04 7.840510e-01
1.179000e+04 7.824350e-01
1.180000e+04 7.817110e-01
1.181000e+04 7.800480e-01
1.182000e+04 7.795780e-01
1.183000e+04 7.796390e-01
1.184000e+04 7.798440e-01
1.185000e+04 7.797450e-01
1.186000e+04 7.794520e-01
1.187000e+04 7.804850e-01
1.188000e+04 7.813510e-01
1.189000e+04 7.808840e-01
1.190000e+04 7.814430e-01
1.191000e+04 7.823680e-01
1.192000e+04 7.823620e-01
1.193000e+04 7.824300e-01
1.194000e+04 7.822700e-01
1.195000e+04 7.826710e-01
1.196000e+04 7.840630e-01
1.197000e+04 7.849680e-01
1.198000e+04 7.860220e-01
1.199000e+04 7.864860e-01
1.200000e+04 7.870400e-01
1.201000e+04 7.876540e-01
1.202000e+04 7.882550e-01
1.203000e+04 7.887360e-01
1.204000e+04 7.888400e-01
1.205000e+04 7.887290e-01
1.206000e+04 7.885590e-01
1.207000e+04 7.889310e-01
1.208000e+04 7.890420e-01
1.209000e+04 7.889050e-01
1.210000e+04 7.895620e-01
1.211000e+04 7.901300e-01
1.212000e+04 7.907170e-01
1.213000e+04 7.902580e-01
1.214000e+04 7.891560e-01
1.215000e+04 7.885750e-01
1.216000e+04 7.882350e-01
1.217000e+04 7.873210e-01
1.218000e+04 7.864600e-01
1.219000e+04 7.848520e-01
1.220000e+04 7.833700e-01
1.221000e+04 7.828600e-01
1.222000e+04 7.826120e-01
1.223000e+04 7.823430e-01
1.224000e+04 7.823420e-01
1.225000e+04 7.830130e-01
1.226000e+04 7.839570e-01
1.227000e+04 7.866740e-01
1.228000e+04 7.884310e-01
1.229000e+04 7.892380e-01
1.230000e+04 7.909520e-01
1.231000e+04 7.920740e-01
1.232000e+04 7.924560e-01
1.233000e+04 7.920470e-01
1.234000e+04 7.921840e-01
1.235000e+04 7.908750e-01
1.236000e+04 7.896350e-01
1.237000e+04 7.882850e-01
1.238000e+04 7.868470e-01
1.239000e+04 7.852840e-01
1.240000e+04 7.843680e-01
1.241000e+04 7.839280e-01
1.242000e+04 7.845970e-01
1.243000e+04 7.849830e-01
1.244000e+04 7.852690e-01
1.245000e+04 7.866580e-01
1.246000e+04 7.880620e-01
1.247000e+04 7.897110e-01
1.248000e+04 7.911670e-01
1.249000e+04 7.925960e-01
1.250000e+04 7.943620e-01
1.251000e+04 7.954030e-01
1.252000e+04 7.966270e-01
1.253000e+04 7.966460e-01
1.254000e+04 7.960060e-01
1.255000e+04 7.960930e-01
1.256000e+04 7.961990e-01
1.257000e+04 7.955360e-01
1.258000e+04 7.958740e-01
1.259000e+04 7.953080e-01
1.260000e+04 7.958310e-01
1.261000e+04 7.960890e-01
1.262000e+04 7.960880e-01
1.263000e+04 7.967490e-01
1.264000e+04 7.965260e-01
1.265000e+04 7.963410e-01
1.266000e+04 7.973900e-01
1.267000e+04 7.987640e-01
1.268000e+04 7.988340e-01
1.269000e+04 7.987280e-01
1.270000e+04 7.979750e-01
1.271000e+04 7.982140e-01
1.272000e+04 7.981060e-01
1.273000e+04 7.970090e-01
1.274000e+04 7.960200e-01
1.275000e+04 7.959080e-01
1.276000e+04 7.953290e-01
1.277000e+04 7.953520e-01
1.278000e+04 7.951370e-01
1.279000e+04 7.948370e-01
1.280000e+04 7.948380e-01
1.281000e+04 7.953650e-01
1.282000e+04 7.961180e-01
1.283000e+04 7.967250e-01
1.284000e+04 7.964360e-01
1.285000e+04 7.968990e-01
1.286000e+04 7.973750e-01
1.287000e+04 7.959850e-01
1.288000e+04 7.966770e-01
1.289000e+04 7.958670e-01
1.290000e+04 7.949530e-01
1.291000e+04 7.937420e-01
1.292000e+04 7.932720e-01
1.293000e+04 7.927440e-01
1.294000e+04 7.902000e-01
1.295000e+04 7.893770e-01
1.296000e+04 7.888110e-01
1.297000e+04 7.889250e-01
1.298000e+04 7.891120e-01
1.299000e+04 7.885410e-01
1.300000e+04 7.894170e-01
1.301000e+04 7.907840e-01
1.302000e+04 7.917640e-01
1.303000e+04 7.923770e-01
1.304000e+04 7.925500e-01
1.305000e+04 7.935260e-01
1.306000e+04 7.948000e-01
1.307000e+04 7.955600e-01
1.308000e+04 7.964360e-01
1.309000e+04 7.962660e-01
1.310000e+04 7.958490e-01
1.311000e+04 7.965790e-01
1.312000e+04 7.965700e-01
1.313000e+04 7.964400e-01
1.314000e+04 7.957020e-01
1.315000e+04 7.943190e-01
1.316000e+04 7.947980e-01
1.317000e+04 7.941160e-01
1.318000e+04 7.936610e-01
1.319000e+04 7.938430e-01
1.320000e+04 7.941800e-01
1.321000e+04 7.951660e-01
1.322000e+04 7.954970e-01
1.323000e+04 7.956280e-01
1.324000e+04 7.956950e-01
1.325000e+04 7.972200e-01
1.326000e+04 7.994680e-01
1.327000e+04 7.989920e-01
1.328000e+04 7.993130e-01
1.329000e+04 8.006410e-01
1.330000e+04 8.004300e-01
1.331000e+04 8.027170e-01
1.332000e+04 8.028480e-01
1.333000e+04 8.021360e-01
1.334000e+04 8.033820e-01
1.335000e+04 8.034150e-01
1.336000e+04 8.048350e-01
1.337000e+04 8.038850e-01
1.338000e+04 8.045980e-01
1.339000e+04 8.039270e-01
1.340000e+04 8.043190e-01
1.341000e+04 8.045190e-01
1.342000e+04 8.049400e-01
1.343000e+04 8.041720e-01
1.344000e+04 8.043580e-01
1.345000e+04 8.034030e-01
1.346000e+04 8.038590e-01
1.347000e+04 8.032210e-01
1.348000e+04 8.024660e-01
1.349000e+04 8.030640e-01
1.350000e+04 7.996040e-01
1.351000e+04 8.007750e-01
1.352000e+04 8.004380e-01
1.353000e+04 8.010680e-01
1.354000e+04 8.006870e-01
1.355000e+04 7.995800e-01
1.356000e+04 7.993600e-01
1.357000e+04 7.991980e-01
1.358000e+04 8.008010e-01
1.359000e+04 8.019650e-01
1.360000e+04 8.005540e-01
1.361000e+04 8.030490e-01
1.362000e+04 8.024040e-01
1.363000e+04 8.013920e-01
1.364000e+04 8.009580e-01
1.365000e+04 8.012060e-01
1.366000e+04 8.014250e-01
1.367000e+04 8.009280e-01
1.368000e+04 8.008440e-01
1.369000e+04 8.023450e-01
1.370000e+04 8.019780e-01
1.371000e+04 8.024890e-01
1.372000e+04 8.020140e-01
1.373000e+04 8.010300e-01
1.374000e+04 8.008260e-01
1.375000e+04 7.995160e-01
1.376000e+04 8.006860e-01
1.377000e+04 8.001050e-01
1.378000e+04 7.987630e-01
1.379000e+04 7.976110e-01
1.380000e+04 7.978830e-01
1.381000e+04 7.971710e-01
1.382000e+04 7.962570e-01
1.383000e+04 7.962930e-01
1.384000e+04 7.969080e-01
1.385000e+04 7.964200e-01
1.386000e+04 7.964760e-01
1.387000e+04 7.968730e-01
1.388000e+04 7.967710e-01
1.389000e+04 7.980050e-01
1.390000e+04 7.965550e-01
1.391000e+04 7.949260e-01
1.392000e+04 7.945290e-01
1.393000e+04 7.940730e-01
1.394000e+04 7.946510e-01
1.395000e+04 7.954540e-01
1.396000e+04 7.933310e-01
1.397000e+04 7.903780e-01
1.398000e+04 7.882380e-01
1.399000e+04 7.858420e-01
1.400000e+04 7.863200e-01
1.401000e+04 7.882770e-01
1.402000e+04 7.864580e-01
1.403000e+04 7.861820e-01
1.404000e+04 7.870470e-01
1.405000e+04 7.859060e-01
1.406000e+04 7.855790e-01
1.407000e+04 7.863090e-01
1.408000e+04 7.869310e-01
1.409000e+04 7.882440e-01
1.410000e+04 7.879040e-01
1.411000e+04 7.882250e-01
1.412000e+04 7.889100e-01
1.413000e+04 7.891480e-01
1.414000e+04 7.912210e-01
1.415000e+04 7.912450e-01
1.416000e+04 7.912760e-01
1.417000e+04 7.901750e-01
1.418000e+04 7.909090e-01
1.419000e+04 7.912090e-01
1.420000e+04 7.901760e-01
1.421000e+04 7.895620e-01
1.422000e+04 7.891130e-01
1.423000e+04 7.885490e-01
1.424000e+04 7.884070e-01
1.425000e+04 7.874970e-01
1.426000e+04 7.863920e-01
1.427000e+04 7.856070e-01
1.428000e+04 7.862660e-01
1.429000e+04 7.856760e-01
1.430000e+04 7.853790e-01
1.431000e+04 7.854020e-01
1.432000e+04 7.852680e-01
1.433000e+04 7.856390e-01
1.434000e+04 7.861030e-01
1.435000e+04 7.868450e-01
1.436000e+04 7.873130e-01
1.437000e+04 7.875840e-01
1.438000e+04 7.883130e-01
1.439000e+04 7.892870e-01
1.440000e+04 7.888420e-01
1.441000e+04 7.880300e-01
1.442000e+04 7.885280e-01
1.443000e+04 7.890830e-01
1.444000e+04 7.886570e-01
1.445000e+04 7.867620e-01
1.446000e+04 7.870270e-01
1.447000e+04 7.862530e-01
1.448000e+04 7.854220e-01
1.449000e+04 7.851950e-01
1.450000e+04 7.847060e-01
1.451000e+04 7.843430e-01
1.452000e+04 7.832240e-01
1.453000e+04 7.835920e-01
1.454000e+04 7.831530e-01
1.455000e+04 7.822290e-01
1.456000e+04 7.829160e-01
1.457000e+04 7.839790e-01
1.458000e+04 7.847770e-01
1.459000e+04 7.847470e-01
1.460000e+04 7.854700e-01
1.461000e+04 7.858250e-01
1.462000e+04 7.859200e-01
1.463000e+04 7.863410e-01
1.464000e+04 7.859100e-01
1.465000e+04 7.863710e-01
1.466000e+04 7.870230e-01
1.467000e+04 7.867180e-01
1.468000e+04 7.864420e-01
1.469000e+04 7.868100e-01
1.470000e+04 7.860470e-01
1.471000e+04 7.854110e-01
1.472000e+04 7.845290e-01
1.473000e+04 7.848870e-01
1.474000e+04 7.847020e-01
1.475000e+04 7.842670e-01
1.476000e+04 7.839670e-01
1.477000e+04 7.829400e-01
1.478000e+04 7.827130e-01
1.479000e+04 7.823830e-01
1.480000e+04 7.806370e-01
1.481000e+04 7.812630e-01
1.482000e+04 7.808650e-01
1.483000e+04 7.811660e-01
1.484000e+04 7.813930e-01
1.485000e+04 7.810370e-01
1.486000e+04 7.813090e-01
1.487000e+04 7.814940e-01
1.488000e+04 7.813970e-01
1.489000e+04 7.811020e-01
1.490000e+04 7.816630e-01
1.491000e+04 7.815780e-01
1.492000e+04 7.806430e-01
1.493000e+04 7.814570e-01
1.494000e+04 7.817040e-01
1.495000e+04 7.812680e-01
1.496000e+04 7.817380e-01
1.497000e+04 7.812960e-01
1.498000e+04 7.821060e-01
1.499000e+04 7.826430e-01
1.500000e+04 7.833820e-01
1.501000e+04 7.828230e-01
1.502000e+04 7.823400e-01
1.503000e+04 7.834090e-01
1.504000e+04 7.830550e-01
1.505000e+04 7.844560e-01
1.506000e+04 7.840170e-01
1.507000e+04 7.847720e-01
1.508000e+04 7.848340e-01
1.509000e+04 7.843740e-01
1.510000e+04 7.843670e-01
1.511000e+04 7.843230e-01
1.512000e+04 7.844420e-01
1.513000e+04 7.847200e-01
1.514000e+04 7.832910e-01
1.515000e+04 7.831650e-01
1.516000e+04 7.830990e-01
1.517000e+04 7.829230e-01
1.518000e+04 7.838420e-01
1.519000e+04 7.824580e-01
1.520000e+04 7.829450e-01
1.521000e+04 7.831940e-01
1.522000e+04 7.825870e-01
1.523000e+04 7.833220e-01
1.524000e+04 7.837710e-01
1.525000e+04 7.846020e-01
1.526000e+04 7.855310e-01
1.527000e+04 7.849050e-01
1.528000e+04 7.865620e-01
1.529000e+04 7.865420e-01
1.530000e+04 7.872660e-01
1.531000e+04 7.868450e-01
1.532000e+04 7.854520e-01
1.533000e+04 7.865340e-01
1.534000e+04 7.857160e-01
1.535000e+04 7.853750e-01
1.536000e+04 7.838640e-01
1.537000e+04 7.823340e-01
1.538000e+04 7.816920e-01
1.539000e+04 7.800910e-01
1.540000e+04 7.799740e-01
1.541000e+04 7.777440e-01
1.542000e+04 7.776520e-01
1.543000e+04 7.776980e-01
1.544000e+04 7.769270e-01
1.545000e+04 7.774690e-01
1.546000e+04 7.772310e-01
1.547000e+04 7.762350e-01
1.548000e+04 7.787880e-01
1.549000e+04 7.778080e-01
1.550000e+04 7.790960e-01
1.551000e+04 7.802500e-01
1.552000e+04 7.805090e-01
1.553000e+04 7.811600e-01
1.554000e+04 7.810290e-01
1.555000e+04 7.810700e-01
1.556000e+04 7.786230e-01
1.557000e+04 7.739110e-01
1.558000e+04 7.669150e-01
1.559000e+04 7.554300e-01
1.560000e+04 7.349890e-01
1.561000e+04 7.086060e-01
1.562000e+04 6.745540e-01
1.563000e+04 6.323180e-01
1.564000e+04 5.816120e-01
1.565000e+04 5.248860e-01
1.566000e+04 4.575710e-01
1.567000e+04 3.887810e-01
1.568000e+04 3.198720e-01
1.569000e+04 2.559050e-01
1.570000e+04 2.009210e-01
1.571000e+04 1.541440e-01
1.572000e+04 1.162080e-01
1.573000e+04 8.779360e-02
1.574000e+04 6.620850e-02
1.575000e+04 4.914380e-02
1.576000e+04 3.692410e-02
1.577000e+04 2.815260e-02
1.578000e+04 2.169140e-02
1.579000e+04 1.682550e-02
1.580000e+04 1.311810e-02
1.581000e+04 1.031720e-02
1.582000e+04 8.110730e-03
1.583000e+04 6.494880e-03
1.584000e+04 5.233670e-03
1.585000e+04 4.253030e-03
1.586000e+04 3.511730e-03
1.587000e+04 2.920370e-03
1.588000e+04 2.415280e-03
1.589000e+04 2.005960e-03
1.590000e+04 1.695800e-03
1.591000e+04 1.431000e-03
1.592000e+04 1.221140e-03
1.593000e+04 1.063970e-03
1.594000e+04 9.199010e-04
1.595000e+04 7.819170e-04
1.596000e+04 6.776370e-04
1.597000e+04 5.833780e-04
1.598000e+04 5.091820e-04
1.599000e+04 4.554940e-04
1.600000e+04 4.154040e-04
1.601000e+04 3.663740e-04
1.602000e+04 3.143400e-04
1.603000e+04 2.873870e-04
1.604000e+04 2.806490e-04
1.605000e+04 2.488370e-04
1.606000e+04 2.175480e-04
1.607000e+04 2.033750e-04
1.608000e+04 1.956440e-04
1.609000e+04 1.636290e-04
1.610000e+04 1.453270e-04
