# # Wavelength(Angstrom)  Transmission
4.369190e+03 5.667901e-04
4.379190e+03 9.586100e-04
4.389180e+03 1.422219e-03
4.399180e+03 1.774363e-03
4.409170e+03 1.775929e-03
4.419170e+03 1.589308e-03
4.429160e+03 1.519771e-03
4.439150e+03 1.636767e-03
4.449150e+03 1.700475e-03
4.459140e+03 1.630730e-03
4.469140e+03 2.150580e-03
4.479130e+03 3.815967e-03
4.489120e+03 5.469152e-03
4.499120e+03 4.907521e-03
4.509110e+03 2.649286e-03
4.519110e+03 1.391699e-03
4.529100e+03 2.399830e-03
4.539090e+03 3.863022e-03
4.549090e+03 4.172531e-03
4.559080e+03 3.128980e-03
4.569080e+03 2.011074e-03
4.579070e+03 1.987096e-03
4.589070e+03 2.191420e-03
4.599060e+03 1.840685e-03
4.609050e+03 1.138528e-03
4.619050e+03 7.594274e-04
4.629040e+03 8.767852e-04
4.639040e+03 1.124922e-03
4.649030e+03 1.134137e-03
4.659020e+03 1.146254e-03
4.669020e+03 1.596366e-03
4.679010e+03 2.472642e-03
4.689010e+03 3.006841e-03
4.699000e+03 2.603963e-03
4.708990e+03 1.798789e-03
4.718990e+03 1.404025e-03
4.728980e+03 1.675509e-03
4.738980e+03 2.177489e-03
4.748970e+03 2.348692e-03
4.758970e+03 2.082956e-03
4.768960e+03 1.866000e-03
4.778950e+03 2.215059e-03
4.788950e+03 3.138478e-03
4.798940e+03 4.185552e-03
4.808940e+03 4.702602e-03
4.818930e+03 4.262318e-03
4.828920e+03 3.386911e-03
4.838920e+03 2.402371e-03
4.848910e+03 1.586192e-03
4.858910e+03 1.420544e-03
4.868900e+03 2.251042e-03
4.878890e+03 4.198020e-03
4.888890e+03 6.127547e-03
4.898880e+03 6.674323e-03
4.908880e+03 5.468039e-03
4.918870e+03 3.641207e-03
4.928870e+03 2.642383e-03
4.938860e+03 3.209554e-03
4.948850e+03 5.166579e-03
4.958850e+03 8.021540e-03
4.968840e+03 1.091568e-02
4.978840e+03 1.318426e-02
4.988830e+03 1.463816e-02
4.998820e+03 1.520717e-02
5.008820e+03 1.488566e-02
5.018810e+03 1.371951e-02
5.028810e+03 1.218854e-02
5.038800e+03 1.046386e-02
5.048790e+03 8.857850e-03
5.058790e+03 7.464394e-03
5.068780e+03 6.492233e-03
5.078780e+03 6.386284e-03
5.088770e+03 7.292414e-03
5.098770e+03 8.573905e-03
5.108760e+03 9.284691e-03
5.118750e+03 9.229329e-03
5.128750e+03 9.015458e-03
5.138740e+03 9.641826e-03
5.148740e+03 1.091879e-02
5.158730e+03 1.176955e-02
5.168720e+03 1.149467e-02
5.178720e+03 1.064770e-02
5.188710e+03 1.111940e-02
5.198710e+03 1.350449e-02
5.208700e+03 1.666861e-02
5.218690e+03 1.806278e-02
5.228690e+03 1.703321e-02
5.238680e+03 1.500538e-02
5.248680e+03 1.447861e-02
5.258670e+03 1.657786e-02
5.268670e+03 1.958233e-02
5.278660e+03 2.164288e-02
5.288650e+03 2.220810e-02
5.298650e+03 2.210145e-02
5.308640e+03 2.126572e-02
5.318640e+03 1.845549e-02
5.328630e+03 1.347288e-02
5.338620e+03 9.375752e-03
5.348620e+03 8.158786e-03
5.358610e+03 8.944541e-03
5.368610e+03 1.305594e-02
5.378600e+03 2.943070e-02
5.388590e+03 5.507258e-02
5.398590e+03 9.896616e-02
5.408580e+03 2.647858e-01
5.418580e+03 5.215209e-01
5.428570e+03 6.515722e-01
5.438570e+03 6.850480e-01
5.448560e+03 6.934849e-01
5.458550e+03 6.975128e-01
5.468550e+03 6.993962e-01
5.478540e+03 7.012943e-01
5.488540e+03 7.026132e-01
5.498530e+03 7.040276e-01
5.508520e+03 7.055219e-01
5.518520e+03 7.074627e-01
5.528510e+03 7.086234e-01
5.538510e+03 7.104276e-01
5.548500e+03 7.119407e-01
5.558500e+03 7.130120e-01
5.568490e+03 7.140130e-01
5.578480e+03 7.157499e-01
5.588480e+03 7.169594e-01
5.598470e+03 7.180049e-01
5.608470e+03 7.190608e-01
5.618460e+03 7.206413e-01
5.628450e+03 7.216835e-01
5.638450e+03 7.222594e-01
5.648440e+03 7.235479e-01
5.658440e+03 7.249835e-01
5.668430e+03 7.257763e-01
5.678420e+03 7.264218e-01
5.688420e+03 7.274166e-01
5.698410e+03 7.281410e-01
5.708410e+03 7.298199e-01
5.718400e+03 7.307261e-01
5.728400e+03 7.318665e-01
5.738390e+03 7.326725e-01
5.748380e+03 7.335366e-01
5.758380e+03 7.345625e-01
5.768370e+03 7.348152e-01
5.778370e+03 7.360418e-01
5.788360e+03 7.369788e-01
5.798350e+03 7.377287e-01
5.808350e+03 7.382185e-01
5.818340e+03 7.394987e-01
5.828340e+03 7.400253e-01
5.838330e+03 7.406363e-01
5.848320e+03 7.422318e-01
5.858320e+03 7.426705e-01
5.868310e+03 7.431234e-01
5.878310e+03 7.440489e-01
5.888300e+03 7.437932e-01
5.898300e+03 7.440854e-01
5.908290e+03 7.453678e-01
5.918280e+03 7.462186e-01
5.928280e+03 7.467791e-01
5.938270e+03 7.479034e-01
5.948270e+03 7.485474e-01
5.958260e+03 7.487465e-01
5.968250e+03 7.494694e-01
5.978250e+03 7.498262e-01
5.988240e+03 7.502964e-01
5.998240e+03 7.507824e-01
6.008230e+03 7.516774e-01
6.018220e+03 7.519503e-01
6.028220e+03 7.520955e-01
6.038210e+03 7.527962e-01
6.048210e+03 7.534605e-01
6.058200e+03 7.533675e-01
6.068200e+03 7.544672e-01
6.078190e+03 7.544456e-01
6.088180e+03 7.538396e-01
6.098180e+03 7.538459e-01
6.108170e+03 7.544813e-01
6.118170e+03 7.547179e-01
6.128160e+03 7.548930e-01
6.138150e+03 7.552509e-01
6.148150e+03 7.554246e-01
6.158140e+03 7.557345e-01
6.168140e+03 7.557031e-01
6.178130e+03 7.556467e-01
6.188120e+03 7.562213e-01
6.198120e+03 7.559865e-01
6.208110e+03 7.559461e-01
6.218110e+03 7.562566e-01
6.228100e+03 7.566956e-01
6.238100e+03 7.571986e-01
6.248090e+03 7.569678e-01
6.258080e+03 7.576712e-01
6.268080e+03 7.574705e-01
6.278070e+03 7.580250e-01
6.288070e+03 7.582352e-01
6.298060e+03 7.572244e-01
6.308050e+03 7.570966e-01
6.318050e+03 7.574142e-01
6.328040e+03 7.577597e-01
6.338040e+03 7.579861e-01
6.348030e+03 7.575654e-01
6.358020e+03 7.577847e-01
6.368020e+03 7.580591e-01
6.378010e+03 7.582020e-01
6.388010e+03 7.589343e-01
6.398000e+03 7.595092e-01
6.408000e+03 7.597978e-01
6.417990e+03 7.585293e-01
6.427980e+03 7.578799e-01
6.437980e+03 7.581178e-01
6.447970e+03 7.577258e-01
6.457970e+03 7.584684e-01
6.467960e+03 7.588507e-01
6.477950e+03 7.582481e-01
6.487950e+03 7.575649e-01
6.497940e+03 7.576722e-01
6.507940e+03 7.588235e-01
6.517930e+03 7.588895e-01
6.527920e+03 7.585302e-01
6.537920e+03 7.577528e-01
6.547910e+03 7.573172e-01
6.557910e+03 7.570021e-01
6.567900e+03 7.579585e-01
6.577900e+03 7.575440e-01
6.587890e+03 7.572283e-01
6.597880e+03 7.574724e-01
6.607880e+03 7.570885e-01
6.617870e+03 7.575173e-01
6.627870e+03 7.568030e-01
6.637860e+03 7.570583e-01
6.647850e+03 7.559095e-01
6.657850e+03 7.555685e-01
6.667840e+03 7.560525e-01
6.677840e+03 7.560715e-01
6.687830e+03 7.565284e-01
6.697820e+03 7.558434e-01
6.707820e+03 7.554239e-01
6.717810e+03 7.561960e-01
6.727810e+03 7.571166e-01
6.737800e+03 7.567477e-01
6.747800e+03 7.570255e-01
6.757790e+03 7.569203e-01
6.767780e+03 7.573596e-01
6.777780e+03 7.575183e-01
6.787770e+03 7.571670e-01
6.797770e+03 7.564537e-01
6.807760e+03 7.582452e-01
6.817750e+03 7.571594e-01
6.827750e+03 7.578954e-01
6.837740e+03 7.573599e-01
6.847740e+03 7.568009e-01
6.857730e+03 7.573359e-01
6.867720e+03 7.578897e-01
6.877720e+03 7.570556e-01
6.887710e+03 7.576674e-01
6.897710e+03 7.575281e-01
6.907700e+03 7.568322e-01
6.917700e+03 7.568638e-01
6.927690e+03 7.583035e-01
6.937680e+03 7.563884e-01
6.947680e+03 7.574158e-01
6.957670e+03 7.562349e-01
6.967670e+03 7.566625e-01
6.977660e+03 7.567355e-01
6.987650e+03 7.565583e-01
6.997650e+03 7.556785e-01
7.007640e+03 7.567778e-01
7.017640e+03 7.562722e-01
7.027630e+03 7.553808e-01
7.037620e+03 7.561626e-01
7.047620e+03 7.564884e-01
7.057610e+03 7.562297e-01
7.067610e+03 7.559193e-01
7.077600e+03 7.559037e-01
7.087600e+03 7.543312e-01
7.097590e+03 7.550659e-01
7.107580e+03 7.551975e-01
7.117580e+03 7.549554e-01
7.127570e+03 7.538887e-01
7.137570e+03 7.541246e-01
7.147560e+03 7.545165e-01
7.157550e+03 7.545203e-01
7.167550e+03 7.541811e-01
7.177540e+03 7.531715e-01
7.187540e+03 7.525178e-01
7.197530e+03 7.538824e-01
7.207520e+03 7.533713e-01
7.217520e+03 7.543431e-01
7.227510e+03 7.541784e-01
7.237510e+03 7.536240e-01
7.247500e+03 7.533978e-01
7.257500e+03 7.521485e-01
7.267490e+03 7.533429e-01
7.277480e+03 7.519090e-01
7.287480e+03 7.510249e-01
7.297470e+03 7.517863e-01
7.307470e+03 7.512828e-01
7.317460e+03 7.505332e-01
7.327450e+03 7.502641e-01
7.337450e+03 7.510953e-01
7.347440e+03 7.508411e-01
7.357440e+03 7.504269e-01
7.367430e+03 7.503427e-01
7.377430e+03 7.492768e-01
7.387420e+03 7.495026e-01
7.397410e+03 7.490360e-01
7.407410e+03 7.481602e-01
7.417400e+03 7.469489e-01
7.427400e+03 7.462714e-01
7.437390e+03 7.461720e-01
7.447380e+03 7.468707e-01
7.457380e+03 7.463666e-01
7.467370e+03 7.452905e-01
7.477370e+03 7.442247e-01
7.487360e+03 7.444625e-01
7.497350e+03 7.434216e-01
7.507350e+03 7.414989e-01
7.517340e+03 7.416047e-01
7.527340e+03 7.414610e-01
7.537330e+03 7.402539e-01
7.547330e+03 7.405986e-01
7.557320e+03 7.398257e-01
7.567310e+03 7.396778e-01
7.577310e+03 7.389712e-01
7.587300e+03 7.383289e-01
7.597300e+03 7.369827e-01
7.607290e+03 7.364107e-01
7.617280e+03 7.361565e-01
7.627280e+03 7.350350e-01
7.637270e+03 7.336443e-01
7.647270e+03 7.337897e-01
7.657260e+03 7.333577e-01
7.667250e+03 7.328896e-01
7.677250e+03 7.330871e-01
7.687240e+03 7.324789e-01
7.697240e+03 7.316617e-01
7.707230e+03 7.311693e-01
7.717230e+03 7.301607e-01
7.727220e+03 7.289491e-01
7.737210e+03 7.287591e-01
7.747210e+03 7.274714e-01
7.757200e+03 7.258288e-01
7.767200e+03 7.257346e-01
7.777190e+03 7.248208e-01
7.787180e+03 7.236527e-01
7.797180e+03 7.236466e-01
7.807170e+03 7.229322e-01
7.817170e+03 7.215411e-01
7.827160e+03 7.208710e-01
7.837150e+03 7.180471e-01
7.847150e+03 7.181281e-01
7.857140e+03 7.177915e-01
7.867140e+03 7.152088e-01
7.877130e+03 7.131731e-01
7.887130e+03 7.125510e-01
7.897120e+03 7.131931e-01
7.907110e+03 7.122474e-01
7.917110e+03 7.109919e-01
7.927100e+03 7.100273e-01
7.937100e+03 7.086372e-01
7.947090e+03 7.071456e-01
7.957080e+03 7.050640e-01
7.967080e+03 7.042493e-01
7.977070e+03 7.023049e-01
7.987070e+03 7.012615e-01
7.997060e+03 7.009171e-01
8.007050e+03 6.979238e-01
8.017050e+03 6.970925e-01
8.027040e+03 6.964347e-01
8.037040e+03 6.931032e-01
8.047030e+03 6.917872e-01
8.057030e+03 6.912780e-01
8.067020e+03 6.900267e-01
8.077010e+03 6.882245e-01
8.087010e+03 6.870897e-01
8.097000e+03 6.839129e-01
8.107000e+03 6.831066e-01
8.116990e+03 6.824191e-01
8.126980e+03 6.807991e-01
8.136980e+03 6.790169e-01
8.146970e+03 6.766991e-01
8.156970e+03 6.753341e-01
8.166960e+03 6.732787e-01
8.176950e+03 6.697695e-01
8.186950e+03 6.690291e-01
8.196940e+03 6.666606e-01
8.206940e+03 6.650287e-01
8.216930e+03 6.626336e-01
8.226930e+03 6.609934e-01
8.236920e+03 6.592646e-01
8.246910e+03 6.564422e-01
8.256910e+03 6.562581e-01
8.266900e+03 6.529030e-01
8.276900e+03 6.520249e-01
8.286890e+03 6.505937e-01
8.296880e+03 6.484259e-01
8.306880e+03 6.458080e-01
8.316870e+03 6.434842e-01
8.326870e+03 6.391000e-01
8.336860e+03 6.368165e-01
8.346850e+03 6.353579e-01
8.356850e+03 6.337859e-01
8.366840e+03 6.316748e-01
8.376840e+03 6.295539e-01
8.386830e+03 6.274434e-01
8.396830e+03 6.239688e-01
8.406820e+03 6.211784e-01
8.416810e+03 6.195754e-01
8.426810e+03 6.168865e-01
8.436800e+03 6.143684e-01
8.446800e+03 6.117576e-01
8.456790e+03 6.077853e-01
8.466780e+03 6.043242e-01
8.476780e+03 6.037661e-01
8.486770e+03 6.014289e-01
8.496770e+03 5.982617e-01
8.506760e+03 5.955527e-01
8.516750e+03 5.919843e-01
8.526750e+03 5.872018e-01
8.536740e+03 5.853847e-01
8.546740e+03 5.831627e-01
8.556730e+03 5.787996e-01
8.566730e+03 5.761834e-01
8.576720e+03 5.749494e-01
8.586710e+03 5.716795e-01
8.596710e+03 5.676348e-01
8.606700e+03 5.650880e-01
8.616700e+03 5.616313e-01
8.626690e+03 5.585644e-01
8.636680e+03 5.553353e-01
8.646680e+03 5.515213e-01
8.656670e+03 5.478395e-01
8.666670e+03 5.446950e-01
8.676660e+03 5.422211e-01
8.686650e+03 5.382588e-01
8.696650e+03 5.353498e-01
8.706640e+03 5.320237e-01
8.716640e+03 5.286583e-01
8.726630e+03 5.250665e-01
8.736630e+03 5.216356e-01
8.746620e+03 5.182027e-01
8.756610e+03 5.146041e-01
8.766610e+03 5.110805e-01
8.776600e+03 5.061632e-01
8.786600e+03 5.032109e-01
8.796590e+03 4.993328e-01
8.806580e+03 4.959369e-01
8.816580e+03 4.927824e-01
8.826570e+03 4.892540e-01
8.836570e+03 4.851838e-01
8.846560e+03 4.816277e-01
8.856550e+03 4.783134e-01
8.866550e+03 4.748206e-01
8.876540e+03 4.708890e-01
8.886540e+03 4.671054e-01
8.896530e+03 4.627964e-01
8.906530e+03 4.592420e-01
8.916520e+03 4.558556e-01
8.926510e+03 4.521600e-01
8.936510e+03 4.483506e-01
8.946500e+03 4.443915e-01
8.956500e+03 4.405321e-01
8.966490e+03 4.369948e-01
8.976480e+03 4.323924e-01
8.986480e+03 4.287715e-01
8.996470e+03 4.249421e-01
9.006470e+03 4.213959e-01
9.016460e+03 4.173577e-01
9.026460e+03 4.136761e-01
9.036450e+03 4.101684e-01
9.046440e+03 4.060834e-01
9.056440e+03 4.025090e-01
9.066430e+03 3.985831e-01
9.076430e+03 3.941776e-01
9.086420e+03 3.897875e-01
9.096410e+03 3.861864e-01
9.106410e+03 3.823529e-01
9.116400e+03 3.779477e-01
9.126400e+03 3.734114e-01
9.136390e+03 3.689520e-01
9.146380e+03 3.632871e-01
9.156380e+03 3.575421e-01
9.166370e+03 3.508166e-01
9.176370e+03 3.426052e-01
9.186360e+03 3.325388e-01
9.196360e+03 3.184402e-01
9.206350e+03 3.006216e-01
9.216340e+03 2.781052e-01
9.226340e+03 2.488560e-01
9.236330e+03 2.140213e-01
9.246330e+03 1.758104e-01
9.256320e+03 1.363697e-01
9.266310e+03 9.895305e-02
9.276310e+03 6.665592e-02
9.286300e+03 4.117649e-02
9.296300e+03 2.341490e-02
9.306290e+03 1.259014e-02
9.316280e+03 6.455362e-03
9.326280e+03 3.428037e-03
9.336270e+03 2.226009e-03
9.346270e+03 1.952365e-03
9.356260e+03 2.084832e-03
9.366260e+03 2.077910e-03
9.376250e+03 1.682432e-03
9.386240e+03 1.796606e-03
9.396240e+03 1.804853e-03
9.406230e+03 1.733376e-03
9.416230e+03 1.753562e-03
9.426220e+03 1.618672e-03
9.436210e+03 1.548674e-03
9.446210e+03 1.773112e-03
9.456200e+03 1.653122e-03
9.466200e+03 1.717921e-03
9.476190e+03 1.745371e-03
9.486180e+03 2.027216e-03
9.496180e+03 2.078425e-03
9.506170e+03 2.068039e-03
9.516170e+03 2.088211e-03
9.526160e+03 1.937173e-03
9.536160e+03 2.235954e-03
9.546150e+03 1.894498e-03
9.556140e+03 1.724831e-03
9.566140e+03 1.557032e-03
9.576130e+03 1.302684e-03
9.586130e+03 1.289551e-03
9.596120e+03 9.628276e-04
9.606110e+03 8.088432e-04
9.616110e+03 7.432667e-04
9.626100e+03 6.266181e-04
9.636100e+03 5.729035e-04
9.646090e+03 7.101904e-04
9.656080e+03 7.707318e-04
9.666080e+03 6.801134e-04
9.676070e+03 6.535986e-04
9.686070e+03 7.841942e-04
9.696060e+03 7.481979e-04
9.706060e+03 7.993226e-04
9.716050e+03 8.525323e-04
9.726040e+03 8.672978e-04
9.736040e+03 7.857130e-04
9.746030e+03 8.775643e-04
9.756030e+03 7.832722e-04
9.766020e+03 7.194299e-04
9.776010e+03 7.351179e-04
9.786010e+03 6.902651e-04
9.796000e+03 6.179343e-04
9.806000e+03 5.233057e-04
9.815990e+03 4.866337e-04
9.825980e+03 5.153351e-04
9.835980e+03 5.196796e-04
9.845970e+03 4.411705e-04
9.855970e+03 4.150557e-04
9.865960e+03 4.038814e-04
