# # Wavelength(Angstrom)  Transmission
7.960000e+03 4.132079e-03
7.970000e+03 5.305424e-03
7.980000e+03 7.127405e-03
7.990000e+03 9.674606e-03
8.000000e+03 1.302412e-02
8.010000e+03 1.789293e-02
8.020000e+03 2.491195e-02
8.030000e+03 3.448997e-02
8.040000e+03 4.766748e-02
8.050000e+03 6.486915e-02
8.060000e+03 8.622136e-02
8.070000e+03 1.111135e-01
8.080000e+03 1.416469e-01
8.090000e+03 1.728567e-01
8.100000e+03 2.068542e-01
8.110000e+03 2.386839e-01
8.120000e+03 2.679183e-01
8.130000e+03 2.935314e-01
8.140000e+03 3.124362e-01
8.150000e+03 3.269804e-01
8.160000e+03 3.378069e-01
8.170000e+03 3.451644e-01
8.180000e+03 3.507616e-01
8.190000e+03 3.542257e-01
8.200000e+03 3.571904e-01
8.210000e+03 3.593817e-01
8.220000e+03 3.604917e-01
8.230000e+03 3.611557e-01
8.240000e+03 3.620311e-01
8.250000e+03 3.629784e-01
8.260000e+03 3.627422e-01
8.270000e+03 3.617152e-01
8.280000e+03 3.604192e-01
8.290000e+03 3.592705e-01
8.300000e+03 3.574721e-01
8.310000e+03 3.562973e-01
8.320000e+03 3.548231e-01
8.330000e+03 3.545177e-01
8.340000e+03 3.536663e-01
8.350000e+03 3.532543e-01
8.360000e+03 3.525657e-01
8.370000e+03 3.515723e-01
8.380000e+03 3.512573e-01
8.390000e+03 3.502845e-01
8.400000e+03 3.491636e-01
8.410000e+03 3.477157e-01
8.420000e+03 3.473691e-01
8.430000e+03 3.464395e-01
8.440000e+03 3.454565e-01
8.450000e+03 3.446404e-01
8.460000e+03 3.440353e-01
8.470000e+03 3.432442e-01
8.480000e+03 3.428429e-01
8.490000e+03 3.422188e-01
8.500000e+03 3.409049e-01
8.510000e+03 3.400775e-01
8.520000e+03 3.384216e-01
8.530000e+03 3.370166e-01
8.540000e+03 3.353157e-01
8.550000e+03 3.345215e-01
8.560000e+03 3.334120e-01
8.570000e+03 3.312486e-01
8.580000e+03 3.290742e-01
8.590000e+03 3.252547e-01
8.600000e+03 3.199232e-01
8.610000e+03 3.118953e-01
8.620000e+03 3.016536e-01
8.630000e+03 2.864347e-01
8.640000e+03 2.627621e-01
8.650000e+03 2.317828e-01
8.660000e+03 1.947915e-01
8.670000e+03 1.532112e-01
8.680000e+03 1.145203e-01
8.690000e+03 7.761039e-02
8.700000e+03 5.191881e-02
8.710000e+03 3.249617e-02
8.720000e+03 2.045443e-02
8.730000e+03 1.267266e-02
8.740000e+03 7.999545e-03
8.750000e+03 5.304600e-03
8.760000e+03 3.460913e-03
8.770000e+03 2.394204e-03
