# # Wavelength(Angstrom)  Transmission
7.560000e+03 4.072709e-03
7.570000e+03 4.307926e-03
7.580000e+03 4.288761e-03
7.590000e+03 4.684265e-03
7.600000e+03 5.010946e-03
7.610000e+03 5.642879e-03
7.620000e+03 6.846781e-03
7.630000e+03 8.541058e-03
7.640000e+03 1.100868e-02
7.650000e+03 1.452311e-02
7.660000e+03 2.017565e-02
7.670000e+03 2.813792e-02
7.680000e+03 3.879199e-02
7.690000e+03 5.324630e-02
7.700000e+03 7.197952e-02
7.710000e+03 9.533469e-02
7.720000e+03 1.228212e-01
7.730000e+03 1.538978e-01
7.740000e+03 1.870258e-01
7.750000e+03 2.201695e-01
7.760000e+03 2.502343e-01
7.770000e+03 2.789444e-01
7.780000e+03 3.034145e-01
7.790000e+03 3.227324e-01
7.800000e+03 3.369171e-01
7.810000e+03 3.487384e-01
7.820000e+03 3.577740e-01
7.830000e+03 3.638065e-01
7.840000e+03 3.680069e-01
7.850000e+03 3.724915e-01
7.860000e+03 3.766674e-01
7.870000e+03 3.806136e-01
7.880000e+03 3.846152e-01
7.890000e+03 3.889777e-01
7.900000e+03 3.930985e-01
7.910000e+03 3.969629e-01
7.920000e+03 3.995259e-01
7.930000e+03 4.020725e-01
7.940000e+03 4.037677e-01
7.950000e+03 4.033984e-01
7.960000e+03 4.021221e-01
7.970000e+03 3.995803e-01
7.980000e+03 3.959121e-01
7.990000e+03 3.932862e-01
8.000000e+03 3.903138e-01
8.010000e+03 3.876312e-01
8.020000e+03 3.867355e-01
8.030000e+03 3.858577e-01
8.040000e+03 3.849711e-01
8.050000e+03 3.861874e-01
8.060000e+03 3.874748e-01
8.070000e+03 3.890041e-01
8.080000e+03 3.903245e-01
8.090000e+03 3.913014e-01
8.100000e+03 3.931956e-01
8.110000e+03 3.922902e-01
8.120000e+03 3.918469e-01
8.130000e+03 3.901962e-01
8.140000e+03 3.876601e-01
8.150000e+03 3.850225e-01
8.160000e+03 3.824227e-01
8.170000e+03 3.808466e-01
8.180000e+03 3.793994e-01
8.190000e+03 3.780392e-01
8.200000e+03 3.759905e-01
8.210000e+03 3.677721e-01
8.220000e+03 3.508826e-01
8.230000e+03 3.204656e-01
8.240000e+03 2.762803e-01
8.250000e+03 2.218924e-01
8.260000e+03 1.675155e-01
8.270000e+03 1.187287e-01
8.280000e+03 8.125344e-02
8.290000e+03 5.350203e-02
8.300000e+03 3.540837e-02
8.310000e+03 2.337795e-02
8.320000e+03 1.558894e-02
8.330000e+03 1.092932e-02
8.340000e+03 8.452838e-03
8.350000e+03 6.829948e-03
8.360000e+03 5.947290e-03
8.370000e+03 5.381624e-03
8.380000e+03 5.290017e-03
8.390000e+03 4.970928e-03
8.400000e+03 4.891541e-03
8.410000e+03 4.703798e-03
8.420000e+03 4.741054e-03
8.430000e+03 4.758604e-03
8.440000e+03 4.766355e-03
8.450000e+03 4.621394e-03
8.460000e+03 4.711029e-03
8.470000e+03 4.729014e-03
8.480000e+03 4.624670e-03
8.490000e+03 4.499953e-03
8.500000e+03 4.495859e-03
