# # Wavelength(Angstrom)  Transmission
7.170000e+03 4.477030e-03
7.180000e+03 5.975463e-03
7.190000e+03 8.076283e-03
7.200000e+03 1.066440e-02
7.210000e+03 1.461942e-02
7.220000e+03 1.972670e-02
7.230000e+03 2.623924e-02
7.240000e+03 3.556825e-02
7.250000e+03 4.744656e-02
7.260000e+03 6.260170e-02
7.270000e+03 8.402171e-02
7.280000e+03 1.085499e-01
7.290000e+03 1.394658e-01
7.300000e+03 1.774524e-01
7.310000e+03 2.154541e-01
7.320000e+03 2.563618e-01
7.330000e+03 2.949677e-01
7.340000e+03 3.284550e-01
7.350000e+03 3.560863e-01
7.360000e+03 3.755660e-01
7.370000e+03 3.882409e-01
7.380000e+03 3.969128e-01
7.390000e+03 4.012920e-01
7.400000e+03 4.034206e-01
7.410000e+03 4.039733e-01
7.420000e+03 4.042067e-01
7.430000e+03 4.050308e-01
7.440000e+03 4.055941e-01
7.450000e+03 4.069761e-01
7.460000e+03 4.083986e-01
7.470000e+03 4.100756e-01
7.480000e+03 4.114237e-01
7.490000e+03 4.134217e-01
7.500000e+03 4.146301e-01
7.510000e+03 4.158295e-01
7.520000e+03 4.164594e-01
7.530000e+03 4.157235e-01
7.540000e+03 4.145806e-01
7.550000e+03 4.125601e-01
7.560000e+03 4.098227e-01
7.570000e+03 4.069849e-01
7.580000e+03 4.035301e-01
7.590000e+03 4.007178e-01
7.600000e+03 3.985439e-01
7.610000e+03 3.963804e-01
7.620000e+03 3.952771e-01
7.630000e+03 3.953190e-01
7.640000e+03 3.949039e-01
7.650000e+03 3.949141e-01
7.660000e+03 3.955290e-01
7.670000e+03 3.958601e-01
7.680000e+03 3.943593e-01
7.690000e+03 3.930224e-01
7.700000e+03 3.916642e-01
7.710000e+03 3.905447e-01
7.720000e+03 3.889165e-01
7.730000e+03 3.853572e-01
7.740000e+03 3.771826e-01
7.750000e+03 3.574815e-01
7.760000e+03 3.203806e-01
7.770000e+03 2.634599e-01
7.780000e+03 1.949914e-01
7.790000e+03 1.302141e-01
7.800000e+03 8.144503e-02
7.810000e+03 4.842668e-02
7.820000e+03 2.833542e-02
7.830000e+03 1.668401e-02
7.840000e+03 9.943912e-03
7.850000e+03 6.131506e-03
7.860000e+03 3.985307e-03
