# # Wavelength(Angstrom)  Transmission
7.320000e+03 4.320600e-03
7.330000e+03 4.845912e-03
7.340000e+03 5.668992e-03
7.350000e+03 7.043623e-03
7.360000e+03 9.109484e-03
7.370000e+03 1.260293e-02
7.380000e+03 1.758964e-02
7.390000e+03 2.569377e-02
7.400000e+03 3.742213e-02
7.410000e+03 5.384810e-02
7.420000e+03 7.580534e-02
7.430000e+03 1.037403e-01
7.440000e+03 1.389790e-01
7.450000e+03 1.785160e-01
7.460000e+03 2.201776e-01
7.470000e+03 2.584456e-01
7.480000e+03 2.918560e-01
7.490000e+03 3.199648e-01
7.500000e+03 3.410971e-01
7.510000e+03 3.576759e-01
7.520000e+03 3.698259e-01
7.530000e+03 3.779726e-01
7.540000e+03 3.838365e-01
7.550000e+03 3.867305e-01
7.560000e+03 3.879011e-01
7.570000e+03 3.884266e-01
7.580000e+03 3.886624e-01
7.590000e+03 3.892296e-01
7.600000e+03 3.909665e-01
7.610000e+03 3.933554e-01
7.620000e+03 3.962754e-01
7.630000e+03 3.986721e-01
7.640000e+03 4.017833e-01
7.650000e+03 4.050681e-01
7.660000e+03 4.086878e-01
7.670000e+03 4.120131e-01
7.680000e+03 4.132355e-01
7.690000e+03 4.128421e-01
7.700000e+03 4.118306e-01
7.710000e+03 4.104759e-01
7.720000e+03 4.080335e-01
7.730000e+03 4.050970e-01
7.740000e+03 4.031926e-01
7.750000e+03 4.020368e-01
7.760000e+03 4.012424e-01
7.770000e+03 4.013444e-01
7.780000e+03 4.020704e-01
7.790000e+03 4.034540e-01
7.800000e+03 4.051714e-01
7.810000e+03 4.072122e-01
7.820000e+03 4.096040e-01
7.830000e+03 4.117085e-01
7.840000e+03 4.128831e-01
7.850000e+03 4.127786e-01
7.860000e+03 4.113571e-01
7.870000e+03 4.085950e-01
7.880000e+03 4.054467e-01
7.890000e+03 4.008893e-01
7.900000e+03 3.925381e-01
7.910000e+03 3.739113e-01
7.920000e+03 3.401730e-01
7.930000e+03 2.857215e-01
7.940000e+03 2.184260e-01
7.950000e+03 1.493492e-01
7.960000e+03 9.490365e-02
7.970000e+03 5.748857e-02
7.980000e+03 3.506031e-02
7.990000e+03 2.143907e-02
8.000000e+03 1.366718e-02
8.010000e+03 9.428254e-03
8.020000e+03 7.124515e-03
8.030000e+03 5.716599e-03
8.040000e+03 5.333763e-03
8.050000e+03 5.166822e-03
8.060000e+03 5.076029e-03
8.070000e+03 5.084936e-03
8.080000e+03 4.980457e-03
8.090000e+03 4.990781e-03
8.100000e+03 5.018569e-03
8.110000e+03 4.943539e-03
8.120000e+03 4.984041e-03
8.130000e+03 4.936050e-03
8.140000e+03 4.948120e-03
8.150000e+03 5.042618e-03
8.160000e+03 4.972837e-03
8.170000e+03 5.030174e-03
8.180000e+03 5.194694e-03
8.190000e+03 5.124240e-03
8.200000e+03 5.165522e-03
