# # Wavelength(Angstrom)  Transmission
7.660000e+03 4.123610e-03
7.670000e+03 4.035376e-03
7.680000e+03 4.056534e-03
7.690000e+03 4.049482e-03
7.700000e+03 4.224056e-03
7.710000e+03 4.252777e-03
7.720000e+03 4.159632e-03
7.730000e+03 4.223496e-03
7.740000e+03 4.292922e-03
7.750000e+03 4.343580e-03
7.760000e+03 4.634328e-03
7.770000e+03 4.864001e-03
7.780000e+03 5.320337e-03
7.790000e+03 6.169354e-03
7.800000e+03 7.332345e-03
7.810000e+03 9.820903e-03
7.820000e+03 1.316665e-02
7.830000e+03 1.882548e-02
7.840000e+03 2.644169e-02
7.850000e+03 3.797482e-02
7.860000e+03 5.476076e-02
7.870000e+03 7.805025e-02
7.880000e+03 1.062639e-01
7.890000e+03 1.440018e-01
7.900000e+03 1.848088e-01
7.910000e+03 2.295224e-01
7.920000e+03 2.695544e-01
7.930000e+03 3.031310e-01
7.940000e+03 3.282383e-01
7.950000e+03 3.461864e-01
7.960000e+03 3.596024e-01
7.970000e+03 3.678266e-01
7.980000e+03 3.738497e-01
7.990000e+03 3.777686e-01
8.000000e+03 3.797252e-01
8.010000e+03 3.815765e-01
8.020000e+03 3.831218e-01
8.030000e+03 3.846866e-01
8.040000e+03 3.858857e-01
8.050000e+03 3.861050e-01
8.060000e+03 3.862987e-01
8.070000e+03 3.856612e-01
8.080000e+03 3.854479e-01
8.090000e+03 3.852595e-01
8.100000e+03 3.845860e-01
8.110000e+03 3.825987e-01
8.120000e+03 3.814289e-01
8.130000e+03 3.808614e-01
8.140000e+03 3.804747e-01
8.150000e+03 3.800597e-01
8.160000e+03 3.793105e-01
8.170000e+03 3.784447e-01
8.180000e+03 3.780959e-01
8.190000e+03 3.774635e-01
8.200000e+03 3.772455e-01
8.210000e+03 3.770567e-01
8.220000e+03 3.769122e-01
8.230000e+03 3.768519e-01
8.240000e+03 3.764258e-01
8.250000e+03 3.755448e-01
8.260000e+03 3.740218e-01
8.270000e+03 3.720310e-01
8.280000e+03 3.687528e-01
8.290000e+03 3.655376e-01
8.300000e+03 3.620616e-01
8.310000e+03 3.599086e-01
8.320000e+03 3.580851e-01
8.330000e+03 3.574415e-01
8.340000e+03 3.565564e-01
8.350000e+03 3.554985e-01
8.360000e+03 3.556853e-01
8.370000e+03 3.547927e-01
8.380000e+03 3.526655e-01
8.390000e+03 3.493286e-01
8.400000e+03 3.439891e-01
8.410000e+03 3.348829e-01
8.420000e+03 3.239599e-01
8.430000e+03 3.079477e-01
8.440000e+03 2.870817e-01
8.450000e+03 2.572174e-01
8.460000e+03 2.183371e-01
8.470000e+03 1.722652e-01
8.480000e+03 1.265883e-01
8.490000e+03 8.755152e-02
8.500000e+03 5.667706e-02
8.510000e+03 3.616053e-02
8.520000e+03 2.234022e-02
8.530000e+03 1.371711e-02
8.540000e+03 8.868248e-03
8.550000e+03 6.832122e-03
8.560000e+03 5.584077e-03
8.570000e+03 4.759378e-03
8.580000e+03 4.446558e-03
8.590000e+03 4.285588e-03
8.600000e+03 4.135925e-03
8.610000e+03 4.185225e-03
8.620000e+03 4.088183e-03
8.630000e+03 3.894071e-03
8.640000e+03 4.015551e-03
8.650000e+03 3.857433e-03
8.660000e+03 3.865169e-03
8.670000e+03 3.896685e-03
8.680000e+03 3.818143e-03
8.690000e+03 3.734641e-03
8.700000e+03 3.681964e-03
