# # Wavelength(Angstrom)  Transmission
9.090000e+03 2.358648e-03
9.100000e+03 2.964438e-03
9.110000e+03 3.754685e-03
9.120000e+03 4.836825e-03
9.130000e+03 6.120806e-03
9.140000e+03 7.835919e-03
9.150000e+03 9.932364e-03
9.160000e+03 1.281487e-02
9.170000e+03 1.623800e-02
9.180000e+03 2.091166e-02
9.190000e+03 2.753430e-02
9.200000e+03 3.516815e-02
9.210000e+03 4.564847e-02
9.220000e+03 5.879757e-02
9.230000e+03 7.465236e-02
9.240000e+03 9.183287e-02
9.250000e+03 1.136049e-01
9.260000e+03 1.332971e-01
9.270000e+03 1.533462e-01
9.280000e+03 1.698408e-01
9.290000e+03 1.849963e-01
9.300000e+03 1.951542e-01
9.310000e+03 2.024943e-01
9.320000e+03 2.066339e-01
9.330000e+03 2.084502e-01
9.340000e+03 2.085665e-01
9.350000e+03 2.075377e-01
9.360000e+03 2.058395e-01
9.370000e+03 2.042270e-01
9.380000e+03 2.024622e-01
9.390000e+03 2.007322e-01
9.400000e+03 1.996758e-01
9.410000e+03 1.983800e-01
9.420000e+03 1.970113e-01
9.430000e+03 1.962636e-01
9.440000e+03 1.959530e-01
9.450000e+03 1.956026e-01
9.460000e+03 1.956701e-01
9.470000e+03 1.957256e-01
9.480000e+03 1.955893e-01
9.490000e+03 1.945844e-01
9.500000e+03 1.929450e-01
9.510000e+03 1.903964e-01
9.520000e+03 1.888128e-01
9.530000e+03 1.856975e-01
9.540000e+03 1.823037e-01
9.550000e+03 1.758733e-01
9.560000e+03 1.654480e-01
9.570000e+03 1.503217e-01
9.580000e+03 1.284759e-01
9.590000e+03 1.019001e-01
9.600000e+03 7.393854e-02
9.610000e+03 5.174464e-02
9.620000e+03 3.438314e-02
9.630000e+03 2.125321e-02
9.640000e+03 1.298278e-02
9.650000e+03 8.316504e-03
9.660000e+03 5.272196e-03
9.670000e+03 3.482609e-03
9.680000e+03 2.283704e-03
9.690000e+03 1.574810e-03
