# # Wavelength(Angstrom)  Transmission
7.350000e+03 4.164006e-03
7.360000e+03 4.117955e-03
7.370000e+03 4.185076e-03
7.380000e+03 4.251423e-03
7.390000e+03 4.284861e-03
7.400000e+03 4.259492e-03
7.410000e+03 4.291837e-03
7.420000e+03 4.313594e-03
7.430000e+03 4.341531e-03
7.440000e+03 4.482118e-03
7.450000e+03 4.514111e-03
7.460000e+03 4.807451e-03
7.470000e+03 5.366531e-03
7.480000e+03 5.816757e-03
7.490000e+03 6.520401e-03
7.500000e+03 7.861103e-03
7.510000e+03 9.646756e-03
7.520000e+03 1.275601e-02
7.530000e+03 1.683516e-02
7.540000e+03 2.260285e-02
7.550000e+03 3.071536e-02
7.560000e+03 4.230175e-02
7.570000e+03 5.754800e-02
7.580000e+03 7.662720e-02
7.590000e+03 1.005559e-01
7.600000e+03 1.278983e-01
7.610000e+03 1.591447e-01
7.620000e+03 1.929421e-01
7.630000e+03 2.261354e-01
7.640000e+03 2.581599e-01
7.650000e+03 2.888054e-01
7.660000e+03 3.162129e-01
7.670000e+03 3.385367e-01
7.680000e+03 3.549847e-01
7.690000e+03 3.680650e-01
7.700000e+03 3.781623e-01
7.710000e+03 3.866264e-01
7.720000e+03 3.925958e-01
7.730000e+03 3.963144e-01
7.740000e+03 3.998974e-01
7.750000e+03 4.021435e-01
7.760000e+03 4.044179e-01
7.770000e+03 4.064135e-01
7.780000e+03 4.065714e-01
7.790000e+03 4.051895e-01
7.800000e+03 4.047065e-01
7.810000e+03 4.048376e-01
7.820000e+03 4.036622e-01
7.830000e+03 4.015349e-01
7.840000e+03 4.000549e-01
7.850000e+03 3.991668e-01
7.860000e+03 3.982653e-01
7.870000e+03 3.977341e-01
7.880000e+03 3.978928e-01
7.890000e+03 3.990167e-01
7.900000e+03 4.004730e-01
7.910000e+03 4.019753e-01
7.920000e+03 4.042110e-01
7.930000e+03 4.064759e-01
7.940000e+03 4.082024e-01
7.950000e+03 4.082001e-01
7.960000e+03 4.076720e-01
7.970000e+03 4.075804e-01
7.980000e+03 4.063575e-01
7.990000e+03 4.041175e-01
8.000000e+03 4.018808e-01
8.010000e+03 3.995929e-01
8.020000e+03 3.980511e-01
8.030000e+03 3.961524e-01
8.040000e+03 3.938943e-01
8.050000e+03 3.915935e-01
8.060000e+03 3.866920e-01
8.070000e+03 3.746832e-01
8.080000e+03 3.496129e-01
8.090000e+03 3.078617e-01
8.100000e+03 2.499208e-01
8.110000e+03 1.891563e-01
8.120000e+03 1.325632e-01
8.130000e+03 8.636287e-02
8.140000e+03 5.449615e-02
8.150000e+03 3.430375e-02
8.160000e+03 2.195865e-02
8.170000e+03 1.444863e-02
8.180000e+03 1.035252e-02
8.190000e+03 8.229344e-03
8.200000e+03 6.951444e-03
8.210000e+03 6.432655e-03
8.220000e+03 6.272386e-03
8.230000e+03 6.033097e-03
8.240000e+03 5.936073e-03
8.250000e+03 5.876827e-03
8.260000e+03 5.762008e-03
8.270000e+03 5.713518e-03
8.280000e+03 5.854901e-03
8.290000e+03 5.881471e-03
8.300000e+03 5.830125e-03
8.310000e+03 5.643375e-03
8.320000e+03 5.654955e-03
8.330000e+03 5.564153e-03
8.340000e+03 5.500388e-03
8.350000e+03 5.501160e-03
