# # Wavelength(Angstrom)  Transmission
8.320000e+03 3.260778e-03
8.330000e+03 4.438436e-03
8.340000e+03 5.695657e-03
8.350000e+03 7.327350e-03
8.360000e+03 9.618563e-03
8.370000e+03 1.251877e-02
8.380000e+03 1.647600e-02
8.390000e+03 2.191758e-02
8.400000e+03 2.818869e-02
8.410000e+03 3.695894e-02
8.420000e+03 4.790479e-02
8.430000e+03 6.132475e-02
8.440000e+03 7.762507e-02
8.450000e+03 9.667377e-02
8.460000e+03 1.171427e-01
8.470000e+03 1.402339e-01
8.480000e+03 1.637126e-01
8.490000e+03 1.897597e-01
8.500000e+03 2.134506e-01
8.510000e+03 2.347538e-01
8.520000e+03 2.556385e-01
8.530000e+03 2.726910e-01
8.540000e+03 2.863812e-01
8.550000e+03 2.978294e-01
8.560000e+03 3.060293e-01
8.570000e+03 3.113790e-01
8.580000e+03 3.159079e-01
8.590000e+03 3.172421e-01
8.600000e+03 3.174766e-01
8.610000e+03 3.161014e-01
8.620000e+03 3.148383e-01
8.630000e+03 3.137813e-01
8.640000e+03 3.117363e-01
8.650000e+03 3.101960e-01
8.660000e+03 3.094727e-01
8.670000e+03 3.080349e-01
8.680000e+03 3.071710e-01
8.690000e+03 3.057980e-01
8.700000e+03 3.050348e-01
8.710000e+03 3.031079e-01
8.720000e+03 3.026459e-01
8.730000e+03 3.026388e-01
8.740000e+03 3.019106e-01
8.750000e+03 3.011099e-01
8.760000e+03 2.997729e-01
8.770000e+03 2.987237e-01
8.780000e+03 2.965917e-01
8.790000e+03 2.934392e-01
8.800000e+03 2.905685e-01
8.810000e+03 2.884367e-01
8.820000e+03 2.862365e-01
8.830000e+03 2.834758e-01
8.840000e+03 2.804435e-01
8.850000e+03 2.769924e-01
8.860000e+03 2.738155e-01
8.870000e+03 2.706702e-01
8.880000e+03 2.677440e-01
8.890000e+03 2.648378e-01
8.900000e+03 2.617944e-01
8.910000e+03 2.592724e-01
8.920000e+03 2.585386e-01
8.930000e+03 2.596083e-01
8.940000e+03 2.610709e-01
8.950000e+03 2.630438e-01
8.960000e+03 2.642691e-01
8.970000e+03 2.656063e-01
8.980000e+03 2.656932e-01
8.990000e+03 2.642269e-01
9.000000e+03 2.621570e-01
9.010000e+03 2.599815e-01
9.020000e+03 2.574011e-01
9.030000e+03 2.544667e-01
9.040000e+03 2.507480e-01
9.050000e+03 2.429783e-01
9.060000e+03 2.274656e-01
9.070000e+03 2.044561e-01
9.080000e+03 1.705561e-01
9.090000e+03 1.313753e-01
9.100000e+03 9.250652e-02
9.110000e+03 6.248074e-02
9.120000e+03 4.003259e-02
9.130000e+03 2.485536e-02
9.140000e+03 1.602787e-02
9.150000e+03 1.001000e-02
9.160000e+03 6.237541e-03
9.170000e+03 4.160540e-03
9.180000e+03 2.751974e-03
9.190000e+03 1.892226e-03
