# # Wavelength(Angstrom)  Transmission
5.398110e+05 1.100000e-04
5.405410e+05 1.270000e-04
5.412720e+05 1.490000e-04
5.420050e+05 1.740000e-04
5.427410e+05 2.070000e-04
5.434780e+05 2.460000e-04
5.442180e+05 2.920000e-04
5.449590e+05 3.490000e-04
5.457030e+05 4.150000e-04
5.464480e+05 4.890000e-04
5.471960e+05 5.790000e-04
5.479449e+05 6.850000e-04
5.486970e+05 8.010000e-04
5.494510e+05 9.360000e-04
5.502060e+05 1.090000e-03
5.509641e+05 1.267000e-03
5.517240e+05 1.493000e-03
5.524860e+05 1.782000e-03
5.532500e+05 2.140000e-03
5.540170e+05 2.599000e-03
5.547850e+05 3.182000e-03
5.555560e+05 3.878000e-03
5.563280e+05 4.700000e-03
5.571030e+05 5.665000e-03
5.578800e+05 6.751000e-03
5.586590e+05 7.975000e-03
5.594410e+05 9.337000e-03
5.602240e+05 1.077000e-02
5.610101e+05 1.229800e-02
5.617979e+05 1.376900e-02
5.625880e+05 1.541100e-02
5.633801e+05 1.723600e-02
5.641750e+05 1.929100e-02
5.649720e+05 2.147700e-02
5.657710e+05 2.376700e-02
5.665720e+05 2.628600e-02
5.673760e+05 2.897600e-02
5.681820e+05 3.181500e-02
5.689899e+05 3.494600e-02
5.698009e+05 3.823500e-02
5.706130e+05 4.149300e-02
5.714290e+05 4.492900e-02
5.722460e+05 4.848500e-02
5.730660e+05 5.188200e-02
5.738880e+05 5.552500e-02
5.747129e+05 5.945800e-02
5.755400e+05 6.329300e-02
5.763690e+05 6.736500e-02
5.772010e+05 7.189200e-02
5.780350e+05 7.647000e-02
5.788710e+05 8.124100e-02
5.797100e+05 8.588800e-02
5.805520e+05 9.051100e-02
5.813950e+05 9.541100e-02
5.822420e+05 1.006530e-01
5.830900e+05 1.061500e-01
5.839420e+05 1.120390e-01
5.847950e+05 1.177550e-01
5.856520e+05 1.236310e-01
5.865100e+05 1.293910e-01
5.873720e+05 1.356670e-01
5.882350e+05 1.422640e-01
5.891019e+05 1.488380e-01
5.899710e+05 1.553940e-01
5.908421e+05 1.618350e-01
5.917160e+05 1.680660e-01
5.925930e+05 1.745170e-01
5.934720e+05 1.812050e-01
5.943540e+05 1.881790e-01
5.952380e+05 1.957070e-01
5.961250e+05 2.033110e-01
5.970150e+05 2.100780e-01
5.979070e+05 2.175550e-01
5.988020e+05 2.250670e-01
5.997001e+05 2.323490e-01
6.006010e+05 2.399960e-01
6.015040e+05 2.479170e-01
6.024100e+05 2.553440e-01
6.033180e+05 2.623870e-01
6.042300e+05 2.692550e-01
6.051440e+05 2.756070e-01
6.060610e+05 2.816190e-01
6.069800e+05 2.877270e-01
6.079030e+05 2.935660e-01
6.088280e+05 2.987170e-01
6.097561e+05 3.038890e-01
6.106870e+05 3.089080e-01
6.116210e+05 3.134520e-01
6.125570e+05 3.180580e-01
6.134970e+05 3.222640e-01
6.144390e+05 3.256980e-01
6.153850e+05 3.297500e-01
6.163330e+05 3.347290e-01
6.172841e+05 3.399110e-01
6.182380e+05 3.456640e-01
6.191950e+05 3.521200e-01
6.201550e+05 3.585450e-01
6.211180e+05 3.650370e-01
6.220840e+05 3.713460e-01
6.230530e+05 3.781170e-01
6.240250e+05 3.845690e-01
6.250000e+05 3.902290e-01
6.259780e+05 3.948750e-01
6.269590e+05 3.993370e-01
6.279430e+05 4.040310e-01
6.289310e+05 4.088790e-01
6.299210e+05 4.131250e-01
6.309150e+05 4.160770e-01
6.319120e+05 4.172770e-01
6.329110e+05 4.213520e-01
6.339140e+05 4.298630e-01
6.349210e+05 4.381270e-01
6.359300e+05 4.449490e-01
6.369431e+05 4.512920e-01
6.379590e+05 4.574950e-01
6.389780e+05 4.633090e-01
6.400000e+05 4.697020e-01
6.410260e+05 4.761950e-01
6.420550e+05 4.819760e-01
6.430870e+05 4.888020e-01
6.441220e+05 4.953280e-01
6.451610e+05 4.997070e-01
6.462040e+05 5.035280e-01
6.472490e+05 5.074490e-01
6.482980e+05 5.102040e-01
6.493510e+05 5.122000e-01
6.504060e+05 5.138820e-01
6.514660e+05 5.148390e-01
6.525290e+05 5.162300e-01
6.535950e+05 5.171150e-01
6.546640e+05 5.160080e-01
6.557380e+05 5.141800e-01
6.568140e+05 5.133470e-01
6.578950e+05 5.128230e-01
6.589790e+05 5.120010e-01
6.600660e+05 5.115210e-01
6.611570e+05 5.119440e-01
6.622520e+05 5.121860e-01
6.633500e+05 5.116640e-01
6.644520e+05 5.120620e-01
6.655570e+05 5.132920e-01
6.666670e+05 5.154290e-01
6.677800e+05 5.162720e-01
6.688960e+05 5.144100e-01
6.700170e+05 5.116570e-01
6.711410e+05 5.096710e-01
6.722690e+05 5.082050e-01
6.734010e+05 5.072810e-01
6.745360e+05 5.060280e-01
6.756760e+05 5.033020e-01
6.768190e+05 4.994450e-01
6.779660e+05 4.955380e-01
6.791170e+05 4.911150e-01
6.802720e+05 4.861100e-01
6.814310e+05 4.810660e-01
6.825940e+05 4.756210e-01
6.837610e+05 4.692660e-01
6.849310e+05 4.632870e-01
6.861060e+05 4.578480e-01
6.872850e+05 4.529050e-01
6.884680e+05 4.495710e-01
6.896550e+05 4.476820e-01
6.908460e+05 4.463280e-01
6.920420e+05 4.462340e-01
6.932410e+05 4.473900e-01
6.944440e+05 4.483250e-01
6.956520e+05 4.488060e-01
6.968640e+05 4.501240e-01
6.980800e+05 4.503690e-01
6.993010e+05 4.499110e-01
7.005250e+05 4.499390e-01
7.017540e+05 4.495750e-01
7.029880e+05 4.489200e-01
7.042250e+05 4.490430e-01
7.054670e+05 4.491430e-01
7.067140e+05 4.492750e-01
7.079650e+05 4.506580e-01
7.092200e+05 4.520660e-01
7.104800e+05 4.532290e-01
7.117440e+05 4.563070e-01
7.130120e+05 4.592720e-01
7.142860e+05 4.614850e-01
7.155640e+05 4.635270e-01
7.168460e+05 4.655770e-01
7.181330e+05 4.663450e-01
7.194240e+05 4.664740e-01
7.207210e+05 4.678700e-01
7.220220e+05 4.689550e-01
7.233270e+05 4.691050e-01
7.246380e+05 4.692820e-01
7.259530e+05 4.689980e-01
7.272730e+05 4.689680e-01
7.285970e+05 4.702460e-01
7.299270e+05 4.716640e-01
7.312610e+05 4.731890e-01
7.326010e+05 4.759210e-01
7.339450e+05 4.782800e-01
7.352940e+05 4.798950e-01
7.366480e+05 4.822420e-01
7.380070e+05 4.845440e-01
7.393720e+05 4.862850e-01
7.407410e+05 4.885990e-01
7.421150e+05 4.908350e-01
7.434940e+05 4.922700e-01
7.448790e+05 4.941650e-01
7.462690e+05 4.962660e-01
7.476640e+05 4.974730e-01
7.490640e+05 4.988870e-01
7.504690e+05 5.007710e-01
7.518800e+05 5.012800e-01
7.532960e+05 5.009940e-01
7.547170e+05 5.013520e-01
7.561440e+05 5.018010e-01
7.575760e+05 5.006760e-01
7.590130e+05 4.995370e-01
7.604560e+05 4.983800e-01
7.619050e+05 4.961670e-01
7.633590e+05 4.936540e-01
7.648180e+05 4.904940e-01
7.662830e+05 4.873180e-01
7.677540e+05 4.849680e-01
7.692310e+05 4.824990e-01
7.707130e+05 4.785970e-01
7.722010e+05 4.744220e-01
7.736940e+05 4.688810e-01
7.751940e+05 4.609090e-01
7.766990e+05 4.522540e-01
7.782100e+05 4.434780e-01
7.797270e+05 4.339710e-01
7.812500e+05 4.250740e-01
7.827790e+05 4.175450e-01
7.843140e+05 4.102390e-01
7.858550e+05 4.037920e-01
7.874020e+05 3.995600e-01
7.889550e+05 3.968890e-01
7.905140e+05 3.962640e-01
7.920790e+05 3.959770e-01
7.936510e+05 3.943190e-01
7.952290e+05 3.913310e-01
7.968130e+05 3.880770e-01
7.984030e+05 3.838950e-01
8.000000e+05 3.787010e-01
8.016030e+05 3.736380e-01
8.032130e+05 3.681490e-01
8.048290e+05 3.614860e-01
8.064520e+05 3.547000e-01
8.080810e+05 3.477280e-01
8.097170e+05 3.398000e-01
8.113590e+05 3.316240e-01
8.130080e+05 3.234440e-01
8.146640e+05 3.145070e-01
8.163270e+05 3.051670e-01
8.179960e+05 2.950320e-01
8.196720e+05 2.838110e-01
8.213550e+05 2.732640e-01
8.230450e+05 2.633030e-01
8.247420e+05 2.525080e-01
8.264460e+05 2.415220e-01
8.281570e+05 2.306590e-01
8.298750e+05 2.194540e-01
8.316010e+05 2.083240e-01
8.333330e+05 1.981910e-01
8.350730e+05 1.885870e-01
8.368200e+05 1.788590e-01
8.385740e+05 1.694300e-01
8.403360e+05 1.601590e-01
8.421050e+05 1.511350e-01
8.438820e+05 1.428640e-01
8.456660e+05 1.352930e-01
8.474580e+05 1.284360e-01
8.492570e+05 1.227040e-01
8.510640e+05 1.176070e-01
8.528780e+05 1.126860e-01
8.547010e+05 1.081990e-01
8.565310e+05 1.038780e-01
8.583690e+05 9.915400e-02
8.602150e+05 9.475800e-02
8.620690e+05 9.042800e-02
8.639310e+05 8.585100e-02
8.658010e+05 8.135100e-02
8.676790e+05 7.696300e-02
8.695650e+05 7.245100e-02
8.714600e+05 6.808800e-02
8.733620e+05 6.391600e-02
8.752740e+05 5.977800e-02
8.771930e+05 5.590800e-02
8.791210e+05 5.235500e-02
8.810570e+05 4.891000e-02
8.830020e+05 4.564100e-02
8.849560e+05 4.259000e-02
8.869180e+05 3.960100e-02
8.888890e+05 3.675200e-02
8.908690e+05 3.416100e-02
8.928570e+05 3.169500e-02
8.948550e+05 2.939200e-02
8.968610e+05 2.738000e-02
8.988760e+05 2.560400e-02
9.009010e+05 2.407800e-02
9.029350e+05 2.287700e-02
9.049770e+05 2.185300e-02
9.070290e+05 2.088000e-02
9.090910e+05 2.008900e-02
9.111620e+05 1.943500e-02
9.132420e+05 1.879100e-02
9.153320e+05 1.821400e-02
9.174310e+05 1.768800e-02
9.195400e+05 1.711200e-02
9.216590e+05 1.655100e-02
9.237880e+05 1.601200e-02
9.259260e+05 1.541500e-02
9.280740e+05 1.482600e-02
9.302330e+05 1.427000e-02
9.324010e+05 1.366800e-02
9.345790e+05 1.304100e-02
9.367680e+05 1.243100e-02
9.389670e+05 1.179200e-02
9.411760e+05 1.116300e-02
9.433960e+05 1.060900e-02
9.456260e+05 1.009200e-02
9.478670e+05 9.599000e-03
9.501190e+05 9.157000e-03
9.523810e+05 8.707000e-03
9.546540e+05 8.236000e-03
9.569380e+05 7.815000e-03
9.592330e+05 7.455000e-03
9.615380e+05 7.105000e-03
9.638550e+05 6.773000e-03
9.661840e+05 6.456000e-03
9.685230e+05 6.136000e-03
9.708740e+05 5.830000e-03
9.732360e+05 5.552000e-03
9.756100e+05 5.311000e-03
9.779950e+05 5.125000e-03
9.803920e+05 4.958000e-03
9.828010e+05 4.771000e-03
9.852220e+05 4.586000e-03
9.876540e+05 4.408000e-03
9.900990e+05 4.211000e-03
9.925560e+05 3.990000e-03
9.950250e+05 3.776000e-03
9.975060e+05 3.583000e-03
1.000000e+06 3.402000e-03
1.002510e+06 3.222000e-03
1.005030e+06 2.944000e-03
1.007560e+06 2.680000e-03
1.010100e+06 2.507000e-03
1.012660e+06 2.345000e-03
1.015230e+06 2.178000e-03
1.017810e+06 2.004000e-03
1.020410e+06 1.858000e-03
1.023020e+06 1.740000e-03
1.025640e+06 1.639000e-03
1.028280e+06 1.570000e-03
1.030930e+06 1.523000e-03
1.033590e+06 1.451000e-03
1.036270e+06 1.345000e-03
1.038960e+06 1.290000e-03
1.041670e+06 1.249000e-03
1.044390e+06 1.181000e-03
1.047120e+06 1.121000e-03
1.049870e+06 1.058000e-03
1.052630e+06 9.800000e-04
1.055410e+06 9.170000e-04
1.058200e+06 8.580000e-04
1.061010e+06 7.910000e-04
1.063830e+06 7.390000e-04
1.066670e+06 7.010000e-04
1.069520e+06 6.620000e-04
1.072390e+06 6.360000e-04
1.075270e+06 6.170000e-04
1.078170e+06 5.880000e-04
1.081080e+06 5.600000e-04
1.084010e+06 5.360000e-04
1.086960e+06 5.000000e-04
1.089920e+06 4.640000e-04
1.092900e+06 4.340000e-04
1.095890e+06 3.990000e-04
1.098900e+06 3.710000e-04
1.101930e+06 3.540000e-04
1.104970e+06 3.370000e-04
1.108030e+06 3.210000e-04
1.111110e+06 3.150000e-04
1.114210e+06 3.100000e-04
1.117320e+06 3.020000e-04
1.120450e+06 2.930000e-04
1.123600e+06 2.790000e-04
1.126760e+06 2.620000e-04
1.129940e+06 2.510000e-04
1.133140e+06 2.420000e-04
1.136360e+06 2.310000e-04
1.139600e+06 2.190000e-04
1.142860e+06 2.080000e-04
1.146130e+06 1.950000e-04
1.149430e+06 1.820000e-04
1.152740e+06 1.680000e-04
1.156070e+06 1.530000e-04
1.159420e+06 1.420000e-04
1.162790e+06 1.370000e-04
1.166180e+06 1.340000e-04
1.169590e+06 1.290000e-04
1.173020e+06 1.240000e-04
1.176470e+06 1.190000e-04
1.179940e+06 1.150000e-04
1.183430e+06 1.110000e-04
1.186940e+06 1.060000e-04
