# # Wavelength(Angstrom)  Transmission
1.114210e+06 1.230000e-04
1.117320e+06 1.860000e-04
1.120450e+06 2.510000e-04
1.123600e+06 3.270000e-04
1.126760e+06 4.240000e-04
1.129940e+06 5.640000e-04
1.133140e+06 7.450000e-04
1.136360e+06 1.007000e-03
1.139600e+06 1.292000e-03
1.142860e+06 1.489000e-03
1.146130e+06 1.641000e-03
1.149430e+06 1.924000e-03
1.152740e+06 2.251000e-03
1.156070e+06 2.455000e-03
1.159420e+06 2.603000e-03
1.162790e+06 2.902000e-03
1.166180e+06 3.314000e-03
1.169590e+06 3.896000e-03
1.173020e+06 4.603000e-03
1.176470e+06 5.203000e-03
1.179940e+06 5.911000e-03
1.183430e+06 6.944000e-03
1.186940e+06 8.151000e-03
1.190480e+06 9.556000e-03
1.194030e+06 1.127900e-02
1.197600e+06 1.297400e-02
1.201200e+06 1.491000e-02
1.204820e+06 1.755600e-02
1.208460e+06 2.050000e-02
1.212120e+06 2.368700e-02
1.215810e+06 2.752900e-02
1.219510e+06 3.179700e-02
1.223240e+06 3.667200e-02
1.226990e+06 4.277000e-02
1.230770e+06 4.961000e-02
1.234570e+06 5.677800e-02
1.238390e+06 6.569100e-02
1.242240e+06 7.638400e-02
1.246110e+06 8.722200e-02
1.250000e+06 9.964700e-02
1.253920e+06 1.145290e-01
1.257860e+06 1.294350e-01
1.261830e+06 1.464340e-01
1.265820e+06 1.665440e-01
1.269840e+06 1.853560e-01
1.273890e+06 2.055970e-01
1.277960e+06 2.304930e-01
1.282050e+06 2.528620e-01
1.286170e+06 2.746050e-01
1.290320e+06 3.015860e-01
1.294500e+06 3.242610e-01
1.298700e+06 3.432560e-01
1.302930e+06 3.678450e-01
1.307190e+06 3.886290e-01
1.311480e+06 4.034650e-01
1.315790e+06 4.229410e-01
1.320130e+06 4.376480e-01
1.324500e+06 4.416070e-01
1.328900e+06 4.483330e-01
1.333330e+06 4.541610e-01
1.337790e+06 4.506290e-01
1.342280e+06 4.503800e-01
1.346800e+06 4.534770e-01
1.351350e+06 4.505100e-01
1.355930e+06 4.523330e-01
1.360540e+06 4.630380e-01
1.365190e+06 4.682390e-01
1.369860e+06 4.739240e-01
1.374570e+06 4.888630e-01
1.379310e+06 4.967470e-01
1.384080e+06 4.989280e-01
1.388890e+06 5.080830e-01
1.393730e+06 5.106380e-01
1.398600e+06 5.074720e-01
1.403510e+06 5.141330e-01
1.408450e+06 5.175510e-01
1.413430e+06 5.132370e-01
1.418440e+06 5.178360e-01
1.423490e+06 5.218100e-01
1.428570e+06 5.171460e-01
1.433690e+06 5.200220e-01
1.438850e+06 5.245630e-01
1.444040e+06 5.202450e-01
1.449280e+06 5.215760e-01
1.454550e+06 5.277490e-01
1.459850e+06 5.265500e-01
1.465200e+06 5.283400e-01
1.470590e+06 5.353380e-01
1.476010e+06 5.347120e-01
1.481480e+06 5.352020e-01
1.486990e+06 5.434200e-01
1.492540e+06 5.435010e-01
1.498130e+06 5.405270e-01
1.503760e+06 5.466140e-01
1.509430e+06 5.466540e-01
1.515150e+06 5.409140e-01
1.520910e+06 5.450600e-01
1.526720e+06 5.457020e-01
1.532570e+06 5.393290e-01
1.538460e+06 5.432590e-01
1.544400e+06 5.463140e-01
1.550390e+06 5.405640e-01
1.556420e+06 5.427470e-01
1.562500e+06 5.446720e-01
1.568630e+06 5.363380e-01
1.574800e+06 5.356390e-01
1.581030e+06 5.380780e-01
1.587300e+06 5.295920e-01
1.593630e+06 5.242460e-01
1.600000e+06 5.248850e-01
1.606430e+06 5.168540e-01
1.612900e+06 5.097490e-01
1.619430e+06 5.108610e-01
1.626020e+06 5.062780e-01
1.632650e+06 4.997650e-01
1.639340e+06 5.015600e-01
1.646090e+06 4.983220e-01
1.652890e+06 4.897450e-01
1.659750e+06 4.892330e-01
1.666670e+06 4.850330e-01
1.673640e+06 4.738500e-01
1.680670e+06 4.714730e-01
1.687760e+06 4.707010e-01
1.694920e+06 4.605800e-01
1.702130e+06 4.572680e-01
1.709400e+06 4.579570e-01
1.716740e+06 4.506580e-01
1.724140e+06 4.491590e-01
1.731600e+06 4.523090e-01
1.739130e+06 4.460530e-01
1.746720e+06 4.428080e-01
1.754390e+06 4.454060e-01
1.762110e+06 4.409260e-01
1.769910e+06 4.382770e-01
1.777780e+06 4.411640e-01
1.785710e+06 4.351590e-01
1.793720e+06 4.297470e-01
1.801800e+06 4.328010e-01
1.809950e+06 4.325250e-01
1.818180e+06 4.305610e-01
1.826480e+06 4.366550e-01
1.834860e+06 4.392370e-01
1.843320e+06 4.332520e-01
1.851850e+06 4.334530e-01
1.860470e+06 4.352210e-01
1.869160e+06 4.328220e-01
1.877930e+06 4.347080e-01
1.886790e+06 4.358320e-01
1.895730e+06 4.287040e-01
1.904760e+06 4.243910e-01
1.913880e+06 4.226300e-01
1.923080e+06 4.157950e-01
1.932370e+06 4.101990e-01
1.941750e+06 4.048310e-01
1.951220e+06 3.894260e-01
1.960780e+06 3.748240e-01
1.970440e+06 3.673030e-01
1.980200e+06 3.556770e-01
1.990050e+06 3.423660e-01
2.000000e+06 3.330080e-01
2.010050e+06 3.143940e-01
2.020200e+06 2.941570e-01
2.030460e+06 2.816630e-01
2.040820e+06 2.644200e-01
2.051280e+06 2.414590e-01
2.061860e+06 2.250930e-01
2.072540e+06 2.067880e-01
2.083330e+06 1.815730e-01
2.094240e+06 1.648310e-01
2.105260e+06 1.503740e-01
2.116400e+06 1.351760e-01
2.127660e+06 1.215400e-01
2.139040e+06 1.077910e-01
2.150540e+06 9.356700e-02
2.162160e+06 8.246400e-02
2.173910e+06 7.288500e-02
2.185790e+06 6.333800e-02
2.197800e+06 5.541500e-02
2.209940e+06 4.830500e-02
2.222220e+06 4.169400e-02
2.234640e+06 3.694600e-02
2.247190e+06 3.290500e-02
2.259890e+06 2.837400e-02
2.272730e+06 2.462000e-02
2.285710e+06 2.187400e-02
2.298850e+06 1.898900e-02
2.312140e+06 1.623800e-02
2.325580e+06 1.422400e-02
2.339180e+06 1.247600e-02
2.352940e+06 1.101700e-02
2.366860e+06 9.811000e-03
2.380950e+06 8.725000e-03
2.395210e+06 7.686000e-03
2.409640e+06 6.962000e-03
2.424240e+06 6.213000e-03
2.439020e+06 5.308000e-03
2.453990e+06 4.835000e-03
2.469140e+06 4.417000e-03
2.484470e+06 3.826000e-03
2.500000e+06 3.429000e-03
2.515720e+06 3.116000e-03
2.531650e+06 2.774000e-03
2.547770e+06 2.508000e-03
2.564100e+06 2.304000e-03
2.580650e+06 2.070000e-03
2.597400e+06 1.858000e-03
2.614380e+06 1.681000e-03
2.631580e+06 1.456000e-03
2.649010e+06 1.263000e-03
2.666670e+06 1.129000e-03
2.684560e+06 9.740000e-04
2.702700e+06 8.130000e-04
2.721090e+06 7.210000e-04
2.739730e+06 6.330000e-04
2.758620e+06 5.370000e-04
2.777780e+06 4.900000e-04
2.797200e+06 4.600000e-04
2.816900e+06 4.040000e-04
2.836880e+06 3.580000e-04
2.857140e+06 3.250000e-04
2.877700e+06 2.770000e-04
2.898550e+06 2.230000e-04
2.919710e+06 1.950000e-04
2.941180e+06 1.570000e-04
2.962960e+06 1.310000e-04
2.985070e+06 1.500000e-04
3.007520e+06 1.630000e-04
3.030300e+06 1.610000e-04
3.053440e+06 1.670000e-04
3.076920e+06 1.550000e-04
3.100780e+06 1.310000e-04
3.125000e+06 1.300000e-04
3.149610e+06 1.260000e-04
3.174600e+06 1.110000e-04
3.200000e+06 1.080000e-04
