# # Wavelength(Angstrom)  Transmission
3.646973e+06 4.590609e-04
3.660322e+06 4.297545e-04
3.673769e+06 4.299673e-04
3.687316e+06 4.299104e-04
3.699593e+06 4.831183e-04
3.713331e+06 4.744991e-04
3.727171e+06 5.225258e-04
3.741115e+06 5.635714e-04
3.755163e+06 6.895932e-04
3.767898e+06 9.590680e-04
3.782148e+06 1.120979e-03
3.796507e+06 1.358925e-03
3.810976e+06 1.581703e-03
3.825555e+06 2.081271e-03
3.838772e+06 2.566684e-03
3.853565e+06 3.145234e-03
3.868472e+06 4.029038e-03
3.883495e+06 5.122231e-03
3.897116e+06 6.437254e-03
3.912363e+06 8.472993e-03
3.927730e+06 1.142713e-02
3.943218e+06 1.509526e-02
3.958828e+06 1.957721e-02
3.972984e+06 2.529130e-02
3.988831e+06 3.294597e-02
4.004806e+06 4.211782e-02
4.020909e+06 5.377674e-02
4.037142e+06 6.941678e-02
4.051864e+06 8.847162e-02
4.068348e+06 1.126421e-01
4.084967e+06 1.485214e-01
4.101723e+06 1.912909e-01
4.116920e+06 2.417210e-01
4.133940e+06 2.824519e-01
4.151100e+06 3.182011e-01
4.168404e+06 3.503130e-01
4.185852e+06 3.624220e-01
4.201681e+06 3.711300e-01
4.219409e+06 3.823944e-01
4.237288e+06 3.940691e-01
4.255319e+06 4.026928e-01
4.271679e+06 4.145988e-01
4.290004e+06 4.209850e-01
4.308488e+06 4.308288e-01
4.327131e+06 4.309237e-01
4.345936e+06 4.354391e-01
4.363002e+06 4.263770e-01
4.382121e+06 4.247976e-01
4.401408e+06 4.334893e-01
4.420866e+06 4.409197e-01
4.440497e+06 4.428877e-01
4.458315e+06 4.394962e-01
4.478280e+06 4.397867e-01
4.498426e+06 4.186381e-01
4.518753e+06 4.130316e-01
4.537205e+06 4.114061e-01
4.557885e+06 4.066202e-01
4.578755e+06 4.036237e-01
4.599816e+06 4.161289e-01
4.621072e+06 4.291626e-01
4.640371e+06 4.322028e-01
4.662005e+06 4.463269e-01
4.683841e+06 4.375913e-01
4.705882e+06 4.310556e-01
4.728132e+06 4.159883e-01
4.748338e+06 4.120595e-01
4.770992e+06 3.942540e-01
4.793864e+06 3.912327e-01
4.816956e+06 3.830425e-01
4.837929e+06 3.933566e-01
4.861449e+06 4.047596e-01
4.885198e+06 4.115853e-01
4.909180e+06 4.122600e-01
4.933399e+06 4.043132e-01
4.955401e+06 4.027388e-01
4.980080e+06 3.984656e-01
5.005005e+06 3.989903e-01
5.030181e+06 3.973410e-01
5.055612e+06 3.909686e-01
5.078720e+06 3.813965e-01
5.104645e+06 3.873933e-01
5.130836e+06 3.938398e-01
5.157298e+06 3.832705e-01
5.181347e+06 3.876931e-01
5.208333e+06 3.888175e-01
5.235602e+06 3.756246e-01
5.263158e+06 3.770488e-01
5.291005e+06 3.865783e-01
5.316321e+06 4.061032e-01
5.344735e+06 3.990638e-01
5.373455e+06 4.030113e-01
5.402485e+06 4.070332e-01
5.431830e+06 3.969849e-01
5.458515e+06 3.941980e-01
5.488474e+06 3.799160e-01
5.518764e+06 3.747360e-01
5.549390e+06 3.816051e-01
5.577245e+06 3.689333e-01
5.608525e+06 3.798043e-01
5.640158e+06 4.071538e-01
5.672150e+06 4.096134e-01
5.704507e+06 4.145183e-01
5.733945e+06 4.097184e-01
5.767013e+06 3.983367e-01
5.800464e+06 3.872034e-01
5.834306e+06 3.911615e-01
5.865103e+06 3.863303e-01
5.899705e+06 4.015217e-01
5.934718e+06 4.152664e-01
5.970149e+06 4.014753e-01
6.006006e+06 4.020121e-01
6.038647e+06 4.049896e-01
6.075334e+06 4.017021e-01
6.112469e+06 1.727868e-01
6.150062e+06 9.557154e-02
6.188119e+06 6.312938e-02
6.222775e+06 4.576044e-02
6.261741e+06 3.538345e-02
6.301197e+06 2.731719e-02
6.341154e+06 2.174774e-02
6.377551e+06 1.767086e-02
6.418485e+06 1.460389e-02
6.459948e+06 1.187934e-02
6.501951e+06 9.604309e-03
6.544503e+06 8.000044e-03
6.583278e+06 7.241960e-03
6.626905e+06 6.235961e-03
6.671114e+06 5.302535e-03
6.715917e+06 4.900885e-03
6.761325e+06 4.380467e-03
6.802721e+06 3.839616e-03
6.849315e+06 3.392583e-03
6.896552e+06 2.910644e-03
6.944444e+06 2.452447e-03
6.988120e+06 2.148664e-03
7.037298e+06 1.924076e-03
7.087172e+06 1.800817e-03
7.137759e+06 1.539650e-03
7.189073e+06 1.416993e-03
7.235890e+06 1.218659e-03
7.288630e+06 1.169510e-03
7.342144e+06 1.055578e-03
7.396450e+06 9.420840e-04
7.451565e+06 8.842694e-04
7.501876e+06 8.077790e-04
7.558579e+06 6.753472e-04
7.616146e+06 6.152500e-04
7.674597e+06 5.856516e-04
7.727975e+06 5.188042e-04
7.788162e+06 4.366220e-04
7.849294e+06 4.131943e-04
