# # Wavelength(Angstrom)  Transmission
7.078000e+03 4.428430e-05
7.079000e+03 4.613920e-05
7.080000e+03 4.799660e-05
7.081000e+03 4.985280e-05
7.081952e+03 5.161470e-05
7.082000e+03 5.173830e-05
7.083000e+03 5.432510e-05
7.084000e+03 5.691020e-05
7.085000e+03 5.949350e-05
7.086000e+03 6.206970e-05
7.087000e+03 6.464920e-05
7.088000e+03 6.722700e-05
7.089000e+03 6.979690e-05
7.090000e+03 7.237090e-05
7.091000e+03 7.494320e-05
7.091955e+03 7.739700e-05
7.092000e+03 7.755950e-05
7.093000e+03 8.112890e-05
7.094000e+03 8.470250e-05
7.095000e+03 8.827370e-05
7.096000e+03 9.183440e-05
7.097000e+03 9.540040e-05
7.098000e+03 9.896400e-05
7.099000e+03 1.025250e-04
7.100000e+03 1.060740e-04
7.101000e+03 1.096300e-04
7.101958e+03 1.130330e-04
7.102000e+03 1.132810e-04
7.103000e+03 1.191060e-04
7.104000e+03 1.249370e-04
7.105000e+03 1.307640e-04
7.106000e+03 1.365880e-04
7.107000e+03 1.423940e-04
7.108000e+03 1.482090e-04
7.109000e+03 1.540200e-04
7.110000e+03 1.598120e-04
7.111000e+03 1.656150e-04
7.111960e+03 1.711810e-04
7.112000e+03 1.715830e-04
7.113000e+03 1.816290e-04
7.114000e+03 1.916510e-04
7.115000e+03 2.016820e-04
7.116000e+03 2.117060e-04
7.117000e+03 2.217040e-04
7.118000e+03 2.317140e-04
7.119000e+03 2.417160e-04
7.120000e+03 2.516900e-04
7.121000e+03 2.616790e-04
7.121963e+03 2.712900e-04
7.122000e+03 2.719360e-04
7.123000e+03 2.893620e-04
7.124000e+03 3.067490e-04
7.125000e+03 3.241500e-04
7.126000e+03 3.415380e-04
7.127000e+03 3.588840e-04
7.128000e+03 3.762470e-04
7.129000e+03 3.935980e-04
7.130000e+03 4.109370e-04
7.131000e+03 4.282280e-04
7.131965e+03 4.449420e-04
7.132000e+03 4.458720e-04
7.133000e+03 4.727070e-04
7.134000e+03 4.994800e-04
7.135000e+03 5.262760e-04
7.136000e+03 5.530530e-04
7.137000e+03 5.798120e-04
7.138000e+03 6.065000e-04
7.139000e+03 6.332200e-04
7.140000e+03 6.599210e-04
7.141000e+03 6.865450e-04
7.141968e+03 7.123620e-04
7.142000e+03 7.137480e-04
7.143000e+03 7.573880e-04
7.144000e+03 8.009280e-04
7.145000e+03 8.445040e-04
7.146000e+03 8.880510e-04
7.147000e+03 9.315670e-04
7.148000e+03 9.749690e-04
7.149000e+03 1.018420e-03
7.150000e+03 1.061850e-03
7.151000e+03 1.105140e-03
7.151971e+03 1.147230e-03
7.152000e+03 1.149250e-03
7.153000e+03 1.218040e-03
7.154000e+03 1.286770e-03
7.155000e+03 1.355350e-03
7.156000e+03 1.423990e-03
7.157000e+03 1.492580e-03
7.158000e+03 1.560990e-03
7.159000e+03 1.629480e-03
7.160000e+03 1.697920e-03
7.161000e+03 1.766170e-03
7.161974e+03 1.832710e-03
7.162000e+03 1.835690e-03
7.163000e+03 1.948460e-03
7.164000e+03 2.061150e-03
7.165000e+03 2.173580e-03
7.166000e+03 2.286110e-03
7.167000e+03 2.398570e-03
7.168000e+03 2.510720e-03
7.169000e+03 2.623010e-03
7.170000e+03 2.735220e-03
7.171000e+03 2.847110e-03
7.171976e+03 2.956480e-03
7.172000e+03 2.961270e-03
7.173000e+03 3.161500e-03
7.174000e+03 3.361600e-03
7.175000e+03 3.561240e-03
7.176000e+03 3.761040e-03
7.177000e+03 3.960710e-03
7.178000e+03 4.159880e-03
7.179000e+03 4.359250e-03
7.180000e+03 4.558480e-03
7.181000e+03 4.757170e-03
7.181979e+03 4.951940e-03
7.182000e+03 4.959690e-03
7.183000e+03 5.328780e-03
7.184000e+03 5.697610e-03
7.185000e+03 6.065660e-03
7.186000e+03 6.433950e-03
7.187000e+03 6.802000e-03
7.188000e+03 7.169160e-03
7.189000e+03 7.536660e-03
7.190000e+03 7.903910e-03
7.191000e+03 8.270190e-03
7.191982e+03 8.630280e-03
7.192000e+03 8.641790e-03
7.193000e+03 9.278790e-03
7.194000e+03 9.915350e-03
7.195000e+03 1.055050e-02
7.196000e+03 1.118620e-02
7.197000e+03 1.182140e-02
7.198000e+03 1.245500e-02
7.199000e+03 1.308930e-02
7.200000e+03 1.372310e-02
7.201000e+03 1.435530e-02
7.201984e+03 1.497830e-02
7.202000e+03 1.499400e-02
7.203000e+03 1.600060e-02
7.204000e+03 1.700500e-02
7.205000e+03 1.801010e-02
7.206000e+03 1.901460e-02
7.207000e+03 2.001830e-02
7.208000e+03 2.101950e-02
7.209000e+03 2.202180e-02
7.210000e+03 2.302330e-02
7.211000e+03 2.402210e-02
7.211987e+03 2.500950e-02
7.212000e+03 2.502980e-02
7.213000e+03 2.662860e-02
7.214000e+03 2.822380e-02
7.215000e+03 2.982020e-02
7.216000e+03 3.141550e-02
7.217000e+03 3.300970e-02
7.218000e+03 3.459980e-02
7.219000e+03 3.619170e-02
7.220000e+03 3.778250e-02
7.221000e+03 3.936870e-02
7.221990e+03 4.094090e-02
7.222000e+03 4.096740e-02
7.223000e+03 4.355080e-02
7.224000e+03 4.612840e-02
7.225000e+03 4.870810e-02
7.226000e+03 5.128590e-02
7.227000e+03 5.385730e-02
7.228000e+03 5.643140e-02
7.229000e+03 5.900370e-02
7.230000e+03 6.157420e-02
7.231000e+03 6.413480e-02
7.231993e+03 6.668010e-02
7.232000e+03 6.670630e-02
7.233000e+03 7.028930e-02
7.234000e+03 7.386320e-02
7.235000e+03 7.744040e-02
7.236000e+03 8.101480e-02
7.237000e+03 8.457920e-02
7.238000e+03 8.814780e-02
7.239000e+03 9.171370e-02
7.240000e+03 9.526850e-02
7.241000e+03 9.882860e-02
7.241995e+03 1.023690e-01
7.242000e+03 1.023880e-01
7.243000e+03 1.063070e-01
7.244000e+03 1.102310e-01
7.245000e+03 1.141530e-01
7.246000e+03 1.180720e-01
7.247000e+03 1.219770e-01
7.248000e+03 1.258890e-01
7.249000e+03 1.297980e-01
7.250000e+03 1.336920e-01
7.251000e+03 1.375950e-01
7.251998e+03 1.414880e-01
7.252000e+03 1.414940e-01
7.253000e+03 1.447070e-01
7.254000e+03 1.479300e-01
7.255000e+03 1.511500e-01
7.256000e+03 1.543540e-01
7.257000e+03 1.575690e-01
7.258000e+03 1.607820e-01
7.259000e+03 1.639780e-01
7.260000e+03 1.671850e-01
7.261000e+03 1.703900e-01
7.262000e+03 1.735920e-01
7.262000e+03 1.735940e-01
7.263000e+03 1.757080e-01
7.264000e+03 1.778370e-01
7.265000e+03 1.799640e-01
7.266000e+03 1.820740e-01
7.267000e+03 1.841970e-01
7.268000e+03 1.863190e-01
7.269000e+03 1.884230e-01
7.270000e+03 1.905420e-01
7.271000e+03 1.926580e-01
7.272000e+03 1.947570e-01
7.272003e+03 1.947640e-01
7.273000e+03 1.959830e-01
7.274000e+03 1.972050e-01
7.275000e+03 1.984090e-01
7.276000e+03 1.996290e-01
7.277000e+03 2.008480e-01
7.278000e+03 2.020490e-01
7.279000e+03 2.032660e-01
7.280000e+03 2.044820e-01
7.281000e+03 2.056970e-01
7.282000e+03 2.068930e-01
7.282006e+03 2.069000e-01
7.283000e+03 2.074210e-01
7.284000e+03 2.079440e-01
7.285000e+03 2.084490e-01
7.286000e+03 2.089710e-01
7.287000e+03 2.094920e-01
7.288000e+03 2.099950e-01
7.289000e+03 2.105160e-01
7.290000e+03 2.110370e-01
7.291000e+03 2.115380e-01
7.292000e+03 2.120580e-01
7.292009e+03 2.120620e-01
7.293000e+03 2.121050e-01
7.294000e+03 2.121290e-01
7.295000e+03 2.121720e-01
7.296000e+03 2.122150e-01
7.297000e+03 2.122390e-01
7.298000e+03 2.122820e-01
7.299000e+03 2.123250e-01
7.300000e+03 2.123490e-01
7.301000e+03 2.123910e-01
7.302000e+03 2.124340e-01
7.302011e+03 2.124340e-01
7.303000e+03 2.122130e-01
7.304000e+03 2.119710e-01
7.305000e+03 2.117470e-01
7.306000e+03 2.115230e-01
7.307000e+03 2.112820e-01
7.308000e+03 2.110590e-01
7.309000e+03 2.108350e-01
7.310000e+03 2.105940e-01
7.311000e+03 2.103710e-01
7.312000e+03 2.101490e-01
7.312014e+03 2.101460e-01
7.313000e+03 2.099800e-01
7.314000e+03 2.098300e-01
7.315000e+03 2.096800e-01
7.316000e+03 2.095120e-01
7.317000e+03 2.093620e-01
7.318000e+03 2.092130e-01
7.319000e+03 2.090450e-01
7.320000e+03 2.088960e-01
7.321000e+03 2.087460e-01
7.322000e+03 2.085790e-01
7.322017e+03 2.085760e-01
7.323000e+03 2.085280e-01
7.324000e+03 2.084790e-01
7.325000e+03 2.084120e-01
7.326000e+03 2.083630e-01
7.327000e+03 2.083140e-01
7.328000e+03 2.082470e-01
7.329000e+03 2.081980e-01
7.330000e+03 2.081490e-01
7.331000e+03 2.080820e-01
7.332000e+03 2.080340e-01
7.332020e+03 2.080330e-01
7.333000e+03 2.079960e-01
7.334000e+03 2.079400e-01
7.335000e+03 2.079030e-01
7.336000e+03 2.078660e-01
7.337000e+03 2.078100e-01
7.338000e+03 2.077730e-01
7.339000e+03 2.077350e-01
7.340000e+03 2.076980e-01
7.341000e+03 2.076420e-01
7.342000e+03 2.076050e-01
7.342022e+03 2.076040e-01
7.343000e+03 2.074860e-01
7.344000e+03 2.073470e-01
7.345000e+03 2.072270e-01
7.346000e+03 2.071070e-01
7.347000e+03 2.069680e-01
7.348000e+03 2.068480e-01
7.349000e+03 2.067270e-01
7.350000e+03 2.065890e-01
7.351000e+03 2.064690e-01
7.352000e+03 2.063490e-01
7.352025e+03 2.063450e-01
7.353000e+03 2.061590e-01
7.354000e+03 2.059870e-01
7.355000e+03 2.058140e-01
7.356000e+03 2.056240e-01
7.357000e+03 2.054510e-01
7.358000e+03 2.052790e-01
7.359000e+03 2.050890e-01
7.360000e+03 2.049170e-01
7.361000e+03 2.047450e-01
7.362000e+03 2.045550e-01
7.362027e+03 2.045500e-01
7.363000e+03 2.044140e-01
7.364000e+03 2.042740e-01
7.365000e+03 2.041160e-01
7.366000e+03 2.039760e-01
7.367000e+03 2.038360e-01
7.368000e+03 2.036790e-01
7.369000e+03 2.035390e-01
7.370000e+03 2.033990e-01
7.371000e+03 2.032420e-01
7.372000e+03 2.031020e-01
7.372030e+03 2.030980e-01
7.373000e+03 2.030720e-01
7.374000e+03 2.030270e-01
7.375000e+03 2.030000e-01
7.376000e+03 2.029730e-01
7.377000e+03 2.029280e-01
7.378000e+03 2.029010e-01
7.379000e+03 2.028740e-01
7.380000e+03 2.028290e-01
7.381000e+03 2.028020e-01
7.382000e+03 2.027750e-01
7.382033e+03 2.027730e-01
7.383000e+03 2.028070e-01
7.384000e+03 2.028590e-01
7.385000e+03 2.029120e-01
7.386000e+03 2.029460e-01
7.387000e+03 2.029990e-01
7.388000e+03 2.030510e-01
7.389000e+03 2.030850e-01
7.390000e+03 2.031370e-01
7.391000e+03 2.031890e-01
7.392000e+03 2.032230e-01
7.392036e+03 2.032250e-01
7.393000e+03 2.032960e-01
7.394000e+03 2.033700e-01
7.395000e+03 2.034270e-01
7.396000e+03 2.035010e-01
7.397000e+03 2.035740e-01
7.398000e+03 2.036300e-01
7.399000e+03 2.037040e-01
7.400000e+03 2.037770e-01
7.401000e+03 2.038330e-01
7.402000e+03 2.039060e-01
7.402038e+03 2.039090e-01
7.403000e+03 2.039250e-01
7.404000e+03 2.039230e-01
7.405000e+03 2.039390e-01
7.406000e+03 2.039550e-01
7.407000e+03 2.039540e-01
7.408000e+03 2.039700e-01
7.409000e+03 2.039860e-01
7.410000e+03 2.039840e-01
7.411000e+03 2.040000e-01
7.412000e+03 2.039980e-01
7.412041e+03 2.039980e-01
7.413000e+03 2.039850e-01
7.414000e+03 2.039710e-01
7.415000e+03 2.039390e-01
7.416000e+03 2.039250e-01
7.417000e+03 2.039110e-01
7.418000e+03 2.038790e-01
7.419000e+03 2.038640e-01
7.420000e+03 2.038500e-01
7.421000e+03 2.038180e-01
7.422000e+03 2.038040e-01
7.422043e+03 2.038030e-01
7.423000e+03 2.037860e-01
7.424000e+03 2.037510e-01
7.425000e+03 2.037330e-01
7.426000e+03 2.037160e-01
7.427000e+03 2.036800e-01
7.428000e+03 2.036620e-01
7.429000e+03 2.036450e-01
7.430000e+03 2.036090e-01
7.431000e+03 2.036020e-01
7.432000e+03 2.035950e-01
7.432046e+03 2.035930e-01
7.433000e+03 2.036160e-01
7.434000e+03 2.036570e-01
7.435000e+03 2.036970e-01
7.436000e+03 2.037200e-01
7.437000e+03 2.037610e-01
7.438000e+03 2.038020e-01
7.439000e+03 2.038250e-01
7.440000e+03 2.038650e-01
7.441000e+03 2.039060e-01
7.442000e+03 2.039290e-01
7.442049e+03 2.039310e-01
7.443000e+03 2.040340e-01
7.444000e+03 2.041420e-01
7.445000e+03 2.042320e-01
7.446000e+03 2.043410e-01
7.447000e+03 2.044490e-01
7.448000e+03 2.045390e-01
7.449000e+03 2.046460e-01
7.450000e+03 2.047360e-01
7.451000e+03 2.048440e-01
7.452000e+03 2.049510e-01
7.452052e+03 2.049560e-01
7.453000e+03 2.050160e-01
7.454000e+03 2.050970e-01
7.455000e+03 2.051780e-01
7.456000e+03 2.052410e-01
7.457000e+03 2.053210e-01
7.458000e+03 2.054020e-01
7.459000e+03 2.054640e-01
7.460000e+03 2.055450e-01
7.461000e+03 2.056250e-01
7.462000e+03 2.056870e-01
7.462055e+03 2.056920e-01
7.463000e+03 2.057950e-01
7.464000e+03 2.059050e-01
7.465000e+03 2.059960e-01
7.466000e+03 2.061060e-01
7.467000e+03 2.062150e-01
7.468000e+03 2.063060e-01
7.469000e+03 2.064150e-01
7.470000e+03 2.065240e-01
7.471000e+03 2.066140e-01
7.472000e+03 2.067230e-01
7.472057e+03 2.067280e-01
7.473000e+03 2.067250e-01
7.474000e+03 2.067410e-01
7.475000e+03 2.067560e-01
7.476000e+03 2.067530e-01
7.477000e+03 2.067680e-01
7.478000e+03 2.067830e-01
7.479000e+03 2.067790e-01
7.480000e+03 2.067940e-01
7.481000e+03 2.068090e-01
7.482000e+03 2.068060e-01
7.482060e+03 2.068070e-01
7.483000e+03 2.068150e-01
7.484000e+03 2.068240e-01
7.485000e+03 2.068150e-01
7.486000e+03 2.068240e-01
7.487000e+03 2.068320e-01
7.488000e+03 2.068230e-01
7.489000e+03 2.068310e-01
7.490000e+03 2.068220e-01
7.491000e+03 2.068310e-01
7.492000e+03 2.068400e-01
7.492062e+03 2.068390e-01
7.493000e+03 2.068040e-01
7.494000e+03 2.067860e-01
7.495000e+03 2.067670e-01
7.496000e+03 2.067300e-01
7.497000e+03 2.067110e-01
7.498000e+03 2.066920e-01
7.499000e+03 2.066550e-01
7.500000e+03 2.066360e-01
7.501000e+03 2.066100e-01
7.502000e+03 2.065660e-01
7.502065e+03 2.065650e-01
7.503000e+03 2.065350e-01
7.504000e+03 2.065030e-01
7.505000e+03 2.064530e-01
7.506000e+03 2.064210e-01
7.507000e+03 2.063710e-01
7.508000e+03 2.063390e-01
7.509000e+03 2.063070e-01
7.510000e+03 2.062560e-01
7.511000e+03 2.062250e-01
7.512000e+03 2.061930e-01
7.512068e+03 2.061890e-01
7.513000e+03 2.061590e-01
7.514000e+03 2.061450e-01
7.515000e+03 2.061300e-01
7.516000e+03 2.060980e-01
7.517000e+03 2.060830e-01
7.518000e+03 2.060690e-01
7.519000e+03 2.060360e-01
7.520000e+03 2.060210e-01
7.521000e+03 2.059890e-01
7.522000e+03 2.059740e-01
7.522071e+03 2.059730e-01
7.523000e+03 2.059130e-01
7.524000e+03 2.058310e-01
7.525000e+03 2.057660e-01
7.526000e+03 2.057010e-01
7.527000e+03 2.056190e-01
7.528000e+03 2.055540e-01
7.529000e+03 2.054900e-01
7.530000e+03 2.054070e-01
7.531000e+03 2.053420e-01
7.532000e+03 2.052780e-01
7.532073e+03 2.052720e-01
7.533000e+03 2.052050e-01
7.534000e+03 2.051500e-01
7.535000e+03 2.050780e-01
7.536000e+03 2.050230e-01
7.537000e+03 2.049690e-01
7.538000e+03 2.048960e-01
7.539000e+03 2.048420e-01
7.540000e+03 2.047870e-01
7.541000e+03 2.047150e-01
7.542000e+03 2.046600e-01
7.542076e+03 2.046560e-01
7.543000e+03 2.045850e-01
7.544000e+03 2.044890e-01
7.545000e+03 2.044120e-01
7.546000e+03 2.043170e-01
7.547000e+03 2.042390e-01
7.548000e+03 2.041620e-01
7.549000e+03 2.040670e-01
7.550000e+03 2.039900e-01
7.551000e+03 2.039120e-01
7.552000e+03 2.038170e-01
7.552079e+03 2.038110e-01
7.553000e+03 2.037300e-01
7.554000e+03 2.036430e-01
7.555000e+03 2.035380e-01
7.556000e+03 2.034500e-01
7.557000e+03 2.033450e-01
7.558000e+03 2.032570e-01
7.559000e+03 2.031700e-01
7.560000e+03 2.030650e-01
7.561000e+03 2.029770e-01
7.562000e+03 2.028900e-01
7.562082e+03 2.028820e-01
7.563000e+03 2.027800e-01
7.564000e+03 2.026870e-01
7.565000e+03 2.025940e-01
7.566000e+03 2.024830e-01
7.567000e+03 2.023900e-01
7.568000e+03 2.022790e-01
7.569000e+03 2.021860e-01
7.570000e+03 2.020930e-01
7.571000e+03 2.019830e-01
7.572000e+03 2.018900e-01
7.572084e+03 2.018820e-01
7.573000e+03 2.017930e-01
7.574000e+03 2.016780e-01
7.575000e+03 2.015810e-01
7.576000e+03 2.014840e-01
7.577000e+03 2.013700e-01
7.578000e+03 2.012730e-01
7.579000e+03 2.011580e-01
7.580000e+03 2.010620e-01
7.581000e+03 2.009650e-01
7.582000e+03 2.008500e-01
7.582087e+03 2.008420e-01
7.583000e+03 2.007590e-01
7.584000e+03 2.006690e-01
7.585000e+03 2.005610e-01
7.586000e+03 2.004710e-01
7.587000e+03 2.003630e-01
7.588000e+03 2.002730e-01
7.589000e+03 2.001830e-01
7.590000e+03 2.000760e-01
7.591000e+03 1.999850e-01
7.592000e+03 1.998950e-01
7.592090e+03 1.998860e-01
7.593000e+03 1.997900e-01
7.594000e+03 1.997030e-01
7.595000e+03 1.996160e-01
7.596000e+03 1.995110e-01
7.597000e+03 1.994240e-01
7.598000e+03 1.993190e-01
7.599000e+03 1.992320e-01
7.600000e+03 1.991450e-01
7.601000e+03 1.990400e-01
7.602000e+03 1.989530e-01
7.602092e+03 1.989450e-01
7.603000e+03 1.988670e-01
7.604000e+03 1.987630e-01
7.605000e+03 1.986770e-01
7.606000e+03 1.985730e-01
7.607000e+03 1.984870e-01
7.608000e+03 1.984010e-01
7.609000e+03 1.982970e-01
7.610000e+03 1.982110e-01
7.611000e+03 1.981250e-01
7.612000e+03 1.980210e-01
7.612095e+03 1.980130e-01
7.613000e+03 1.979200e-01
7.614000e+03 1.977990e-01
7.615000e+03 1.976960e-01
7.616000e+03 1.975930e-01
7.617000e+03 1.974730e-01
7.618000e+03 1.973700e-01
7.619000e+03 1.972670e-01
7.620000e+03 1.971470e-01
7.621000e+03 1.970440e-01
7.622000e+03 1.969240e-01
7.622098e+03 1.969140e-01
7.623000e+03 1.968070e-01
7.624000e+03 1.966890e-01
7.625000e+03 1.965530e-01
7.626000e+03 1.964350e-01
7.627000e+03 1.963160e-01
7.628000e+03 1.961810e-01
7.629000e+03 1.960630e-01
7.630000e+03 1.959280e-01
7.631000e+03 1.957880e-01
7.632000e+03 1.956480e-01
7.632101e+03 1.956320e-01
7.633000e+03 1.954790e-01
7.634000e+03 1.953260e-01
7.635000e+03 1.951730e-01
7.636000e+03 1.950030e-01
7.637000e+03 1.948500e-01
7.638000e+03 1.946800e-01
7.639000e+03 1.945270e-01
7.640000e+03 1.943750e-01
7.641000e+03 1.942050e-01
7.642000e+03 1.940530e-01
7.642103e+03 1.940370e-01
7.643000e+03 1.938650e-01
7.644000e+03 1.936560e-01
7.645000e+03 1.934650e-01
7.646000e+03 1.932560e-01
7.647000e+03 1.930650e-01
7.648000e+03 1.928740e-01
7.649000e+03 1.926660e-01
7.650000e+03 1.924750e-01
7.651000e+03 1.922840e-01
7.652000e+03 1.920760e-01
7.652106e+03 1.920560e-01
7.653000e+03 1.919070e-01
7.654000e+03 1.917220e-01
7.655000e+03 1.915550e-01
7.656000e+03 1.913880e-01
7.657000e+03 1.912040e-01
7.658000e+03 1.910370e-01
7.659000e+03 1.908530e-01
7.660000e+03 1.906860e-01
7.661000e+03 1.905200e-01
7.662000e+03 1.903360e-01
7.662108e+03 1.903180e-01
7.663000e+03 1.901560e-01
7.664000e+03 1.899730e-01
7.665000e+03 1.897740e-01
7.666000e+03 1.895920e-01
7.667000e+03 1.893930e-01
7.668000e+03 1.892110e-01
7.669000e+03 1.890290e-01
7.670000e+03 1.888310e-01
7.671000e+03 1.886500e-01
7.672000e+03 1.884680e-01
7.672111e+03 1.884460e-01
7.673000e+03 1.883040e-01
7.674000e+03 1.881600e-01
7.675000e+03 1.880000e-01
7.676000e+03 1.878560e-01
7.677000e+03 1.877130e-01
7.678000e+03 1.875530e-01
7.679000e+03 1.874100e-01
7.680000e+03 1.872500e-01
7.681000e+03 1.871070e-01
7.682000e+03 1.869640e-01
7.682114e+03 1.869460e-01
7.683000e+03 1.868350e-01
7.684000e+03 1.867260e-01
7.685000e+03 1.866170e-01
7.686000e+03 1.864920e-01
7.687000e+03 1.863840e-01
7.688000e+03 1.862590e-01
7.689000e+03 1.861500e-01
7.690000e+03 1.860420e-01
7.691000e+03 1.859170e-01
7.692000e+03 1.858080e-01
7.692117e+03 1.857940e-01
7.693000e+03 1.856830e-01
7.694000e+03 1.855740e-01
7.695000e+03 1.854650e-01
7.696000e+03 1.853400e-01
7.697000e+03 1.852310e-01
7.698000e+03 1.851060e-01
7.699000e+03 1.849970e-01
7.700000e+03 1.848890e-01
7.701000e+03 1.847640e-01
7.702000e+03 1.846550e-01
7.702119e+03 1.846420e-01
7.703000e+03 1.845500e-01
7.704000e+03 1.844290e-01
7.705000e+03 1.843250e-01
7.706000e+03 1.842040e-01
7.707000e+03 1.841000e-01
7.708000e+03 1.839960e-01
7.709000e+03 1.838760e-01
7.710000e+03 1.837710e-01
7.711000e+03 1.836510e-01
7.712000e+03 1.835470e-01
7.712122e+03 1.835340e-01
7.713000e+03 1.834210e-01
7.714000e+03 1.832770e-01
7.715000e+03 1.831480e-01
7.716000e+03 1.830030e-01
7.717000e+03 1.828750e-01
7.718000e+03 1.827470e-01
7.719000e+03 1.826020e-01
7.720000e+03 1.824740e-01
7.721000e+03 1.823460e-01
7.722000e+03 1.822020e-01
7.722125e+03 1.821860e-01
7.723000e+03 1.820750e-01
7.724000e+03 1.819330e-01
7.725000e+03 1.818070e-01
7.726000e+03 1.816810e-01
7.727000e+03 1.815390e-01
7.728000e+03 1.814130e-01
7.729000e+03 1.812710e-01
7.730000e+03 1.811450e-01
7.731000e+03 1.810190e-01
7.732000e+03 1.808770e-01
7.732127e+03 1.808610e-01
7.733000e+03 1.807710e-01
7.734000e+03 1.806510e-01
7.735000e+03 1.805480e-01
7.736000e+03 1.804440e-01
7.737000e+03 1.803250e-01
7.738000e+03 1.802220e-01
7.739000e+03 1.801020e-01
7.740000e+03 1.799990e-01
7.741000e+03 1.798960e-01
7.742000e+03 1.797770e-01
7.742130e+03 1.797630e-01
7.743000e+03 1.796700e-01
7.744000e+03 1.795470e-01
7.745000e+03 1.794400e-01
7.746000e+03 1.793330e-01
7.747000e+03 1.792100e-01
7.748000e+03 1.791030e-01
7.749000e+03 1.789800e-01
7.750000e+03 1.788730e-01
7.751000e+03 1.787660e-01
7.752000e+03 1.786440e-01
7.752133e+03 1.786290e-01
7.753000e+03 1.785580e-01
7.754000e+03 1.784590e-01
7.755000e+03 1.783770e-01
7.756000e+03 1.782940e-01
7.757000e+03 1.781960e-01
7.758000e+03 1.781140e-01
7.759000e+03 1.780310e-01
7.760000e+03 1.779330e-01
7.761000e+03 1.778510e-01
7.762000e+03 1.777530e-01
7.762135e+03 1.777410e-01
7.763000e+03 1.776430e-01
7.764000e+03 1.775290e-01
7.765000e+03 1.773990e-01
7.766000e+03 1.772860e-01
7.767000e+03 1.771560e-01
7.768000e+03 1.770430e-01
7.769000e+03 1.769290e-01
7.770000e+03 1.768000e-01
7.771000e+03 1.766860e-01
7.772000e+03 1.765570e-01
7.772138e+03 1.765420e-01
7.773000e+03 1.764260e-01
7.774000e+03 1.762920e-01
7.775000e+03 1.761420e-01
7.776000e+03 1.760080e-01
7.777000e+03 1.758580e-01
7.778000e+03 1.757240e-01
7.779000e+03 1.755900e-01
7.780000e+03 1.754410e-01
7.781000e+03 1.753070e-01
7.782000e+03 1.751580e-01
7.782141e+03 1.751400e-01
7.783000e+03 1.750300e-01
7.784000e+03 1.749030e-01
7.785000e+03 1.747610e-01
7.786000e+03 1.746340e-01
7.787000e+03 1.744920e-01
7.788000e+03 1.743660e-01
7.789000e+03 1.742240e-01
7.790000e+03 1.740970e-01
7.791000e+03 1.739710e-01
7.792000e+03 1.738290e-01
7.792144e+03 1.738110e-01
7.793000e+03 1.736890e-01
7.794000e+03 1.735310e-01
7.795000e+03 1.733880e-01
7.796000e+03 1.732460e-01
7.797000e+03 1.730880e-01
7.798000e+03 1.729460e-01
7.799000e+03 1.727890e-01
7.800000e+03 1.726470e-01
7.801000e+03 1.725050e-01
7.802000e+03 1.723480e-01
7.802146e+03 1.723270e-01
7.803000e+03 1.722820e-01
7.804000e+03 1.722130e-01
7.805000e+03 1.721600e-01
7.806000e+03 1.721070e-01
7.807000e+03 1.720380e-01
7.808000e+03 1.719850e-01
7.809000e+03 1.719170e-01
7.810000e+03 1.718630e-01
7.811000e+03 1.718100e-01
7.812000e+03 1.717410e-01
7.812149e+03 1.717330e-01
7.813000e+03 1.716460e-01
7.814000e+03 1.715280e-01
7.815000e+03 1.714260e-01
7.816000e+03 1.713240e-01
7.817000e+03 1.712060e-01
7.818000e+03 1.711040e-01
7.819000e+03 1.709860e-01
7.820000e+03 1.708840e-01
7.821000e+03 1.707820e-01
7.822000e+03 1.706650e-01
7.822151e+03 1.706490e-01
7.823000e+03 1.705860e-01
7.824000e+03 1.704970e-01
7.825000e+03 1.704220e-01
7.826000e+03 1.703330e-01
7.827000e+03 1.702590e-01
7.828000e+03 1.701840e-01
7.829000e+03 1.700950e-01
7.830000e+03 1.700210e-01
7.831000e+03 1.699480e-01
7.832000e+03 1.698900e-01
7.832154e+03 1.698810e-01
7.833000e+03 1.698200e-01
7.834000e+03 1.697320e-01
7.835000e+03 1.696600e-01
7.836000e+03 1.695730e-01
7.837000e+03 1.695010e-01
7.838000e+03 1.694290e-01
7.839000e+03 1.693420e-01
7.840000e+03 1.692700e-01
7.841000e+03 1.691830e-01
7.842000e+03 1.691110e-01
7.842157e+03 1.690970e-01
7.843000e+03 1.689990e-01
7.844000e+03 1.688970e-01
7.845000e+03 1.687950e-01
7.846000e+03 1.686790e-01
7.847000e+03 1.685770e-01
7.848000e+03 1.684600e-01
7.849000e+03 1.683590e-01
7.850000e+03 1.682570e-01
7.851000e+03 1.681410e-01
7.852000e+03 1.680400e-01
7.852160e+03 1.680210e-01
7.853000e+03 1.679170e-01
7.854000e+03 1.678090e-01
7.855000e+03 1.677010e-01
7.856000e+03 1.675770e-01
7.857000e+03 1.674690e-01
7.858000e+03 1.673460e-01
7.859000e+03 1.672380e-01
7.860000e+03 1.671150e-01
7.861000e+03 1.670070e-01
7.862000e+03 1.668990e-01
7.862163e+03 1.668790e-01
7.863000e+03 1.667780e-01
7.864000e+03 1.666720e-01
7.865000e+03 1.665510e-01
7.866000e+03 1.664460e-01
7.867000e+03 1.663400e-01
7.868000e+03 1.662190e-01
7.869000e+03 1.661140e-01
7.870000e+03 1.659930e-01
7.871000e+03 1.658880e-01
7.872000e+03 1.657670e-01
7.872165e+03 1.657500e-01
7.873000e+03 1.656800e-01
7.874000e+03 1.655950e-01
7.875000e+03 1.654970e-01
7.876000e+03 1.654120e-01
7.877000e+03 1.653140e-01
7.878000e+03 1.652290e-01
7.879000e+03 1.651450e-01
7.880000e+03 1.650470e-01
7.881000e+03 1.649630e-01
7.882000e+03 1.648640e-01
7.882168e+03 1.648500e-01
7.883000e+03 1.647380e-01
7.884000e+03 1.645890e-01
7.885000e+03 1.644550e-01
7.886000e+03 1.643210e-01
7.887000e+03 1.641720e-01
7.888000e+03 1.640380e-01
7.889000e+03 1.638890e-01
7.890000e+03 1.637560e-01
7.891000e+03 1.636070e-01
7.892000e+03 1.634730e-01
7.892170e+03 1.634510e-01
7.893000e+03 1.633430e-01
7.894000e+03 1.632000e-01
7.895000e+03 1.630700e-01
7.896000e+03 1.629270e-01
7.897000e+03 1.627980e-01
7.898000e+03 1.626690e-01
7.899000e+03 1.625250e-01
7.900000e+03 1.623960e-01
7.901000e+03 1.622530e-01
7.902000e+03 1.621240e-01
7.902173e+03 1.620990e-01
7.903000e+03 1.619750e-01
7.904000e+03 1.618400e-01
7.905000e+03 1.617040e-01
7.906000e+03 1.615540e-01
7.907000e+03 1.614180e-01
7.908000e+03 1.612690e-01
7.909000e+03 1.611330e-01
7.910000e+03 1.609840e-01
7.911000e+03 1.608480e-01
7.912000e+03 1.607130e-01
7.912176e+03 1.606870e-01
7.913000e+03 1.605280e-01
7.914000e+03 1.603500e-01
7.915000e+03 1.601570e-01
7.916000e+03 1.599790e-01
7.917000e+03 1.598010e-01
7.918000e+03 1.596080e-01
7.919000e+03 1.594300e-01
7.920000e+03 1.592380e-01
7.921000e+03 1.590610e-01
7.922000e+03 1.588690e-01
7.922179e+03 1.588370e-01
7.923000e+03 1.587570e-01
7.924000e+03 1.586590e-01
7.925000e+03 1.585470e-01
7.926000e+03 1.584500e-01
7.927000e+03 1.583380e-01
7.928000e+03 1.582400e-01
7.929000e+03 1.581290e-01
7.930000e+03 1.580310e-01
7.931000e+03 1.579340e-01
7.932000e+03 1.578220e-01
7.932181e+03 1.578050e-01
7.933000e+03 1.577470e-01
7.934000e+03 1.576620e-01
7.935000e+03 1.575910e-01
7.936000e+03 1.575060e-01
7.937000e+03 1.574350e-01
7.938000e+03 1.573640e-01
7.939000e+03 1.572800e-01
7.940000e+03 1.572090e-01
7.941000e+03 1.571240e-01
7.942000e+03 1.570540e-01
7.942184e+03 1.570380e-01
7.943000e+03 1.569510e-01
7.944000e+03 1.568590e-01
7.945000e+03 1.567670e-01
7.946000e+03 1.566600e-01
7.947000e+03 1.565680e-01
7.948000e+03 1.564620e-01
7.949000e+03 1.563700e-01
7.950000e+03 1.562640e-01
7.951000e+03 1.561720e-01
7.952000e+03 1.560800e-01
7.952187e+03 1.560610e-01
7.953000e+03 1.559550e-01
7.954000e+03 1.558400e-01
7.955000e+03 1.557110e-01
7.956000e+03 1.555960e-01
7.957000e+03 1.554670e-01
7.958000e+03 1.553510e-01
7.959000e+03 1.552360e-01
7.960000e+03 1.551080e-01
7.961000e+03 1.549930e-01
7.962000e+03 1.548640e-01
7.962189e+03 1.548420e-01
7.963000e+03 1.547440e-01
7.964000e+03 1.546100e-01
7.965000e+03 1.544890e-01
7.966000e+03 1.543690e-01
7.967000e+03 1.542340e-01
7.968000e+03 1.541140e-01
7.969000e+03 1.539800e-01
7.970000e+03 1.538590e-01
7.971000e+03 1.537260e-01
7.972000e+03 1.536060e-01
7.972192e+03 1.535800e-01
7.973000e+03 1.535530e-01
7.974000e+03 1.535330e-01
7.975000e+03 1.535140e-01
7.976000e+03 1.534800e-01
7.977000e+03 1.534600e-01
7.978000e+03 1.534270e-01
7.979000e+03 1.534070e-01
7.980000e+03 1.533730e-01
7.981000e+03 1.533550e-01
7.982000e+03 1.533360e-01
7.982195e+03 1.533300e-01
7.983000e+03 1.532580e-01
7.984000e+03 1.531810e-01
7.985000e+03 1.530910e-01
7.986000e+03 1.530150e-01
7.987000e+03 1.529250e-01
7.988000e+03 1.528490e-01
7.989000e+03 1.527730e-01
7.990000e+03 1.526830e-01
7.991000e+03 1.526100e-01
7.992000e+03 1.525230e-01
7.992198e+03 1.525080e-01
7.993000e+03 1.523030e-01
7.994000e+03 1.520340e-01
7.995000e+03 1.517780e-01
7.996000e+03 1.515090e-01
7.997000e+03 1.512540e-01
7.998000e+03 1.509980e-01
7.999000e+03 1.507300e-01
8.000000e+03 1.504750e-01
8.001000e+03 1.501940e-01
8.002000e+03 1.499250e-01
8.002200e+03 1.498690e-01
8.003000e+03 1.493870e-01
8.004000e+03 1.487980e-01
8.005000e+03 1.481960e-01
8.006000e+03 1.476080e-01
8.007000e+03 1.470200e-01
8.008000e+03 1.464200e-01
8.009000e+03 1.458340e-01
8.010000e+03 1.452350e-01
8.011000e+03 1.446510e-01
8.012000e+03 1.440550e-01
8.012203e+03 1.439370e-01
8.013000e+03 1.432490e-01
8.014000e+03 1.423860e-01
8.015000e+03 1.415110e-01
8.016000e+03 1.406490e-01
8.017000e+03 1.397760e-01
8.018000e+03 1.389160e-01
8.019000e+03 1.380450e-01
8.020000e+03 1.371860e-01
8.021000e+03 1.363170e-01
8.022000e+03 1.354620e-01
8.022206e+03 1.352860e-01
8.023000e+03 1.339410e-01
8.024000e+03 1.322390e-01
8.025000e+03 1.305490e-01
8.026000e+03 1.288500e-01
8.027000e+03 1.271640e-01
8.028000e+03 1.254680e-01
8.029000e+03 1.237860e-01
8.030000e+03 1.220930e-01
8.031000e+03 1.204160e-01
8.032000e+03 1.187390e-01
8.032208e+03 1.183880e-01
8.033000e+03 1.159380e-01
8.034000e+03 1.128560e-01
8.035000e+03 1.097660e-01
8.036000e+03 1.066900e-01
8.037000e+03 1.036070e-01
8.038000e+03 1.005370e-01
8.039000e+03 9.746020e-02
8.040000e+03 9.439560e-02
8.041000e+03 9.133400e-02
8.042000e+03 8.826720e-02
8.042211e+03 8.762240e-02
8.043000e+03 8.463120e-02
8.044000e+03 8.083630e-02
8.045000e+03 7.705250e-02
8.046000e+03 7.326550e-02
8.047000e+03 6.948890e-02
8.048000e+03 6.570990e-02
8.049000e+03 6.194060e-02
8.050000e+03 5.817480e-02
8.051000e+03 5.440750e-02
8.052000e+03 5.064900e-02
8.052214e+03 4.984470e-02
8.053000e+03 4.765670e-02
8.054000e+03 4.488020e-02
8.055000e+03 4.210250e-02
8.056000e+03 3.933130e-02
8.057000e+03 3.655950e-02
8.058000e+03 3.379370e-02
8.059000e+03 3.103050e-02
8.060000e+03 2.826730e-02
8.061000e+03 2.550940e-02
8.062000e+03 2.275210e-02
8.062216e+03 2.215650e-02
8.063000e+03 2.116080e-02
8.064000e+03 1.988950e-02
8.065000e+03 1.862130e-02
8.066000e+03 1.735270e-02
8.067000e+03 1.608690e-02
8.068000e+03 1.482100e-02
8.069000e+03 1.355770e-02
8.070000e+03 1.229560e-02
8.071000e+03 1.103370e-02
8.072000e+03 9.774000e-03
8.072219e+03 9.497800e-03
8.073000e+03 9.088170e-03
8.074000e+03 8.564790e-03
8.075000e+03 8.041170e-03
8.076000e+03 7.518820e-03
8.077000e+03 6.996310e-03
8.078000e+03 6.474970e-03
8.079000e+03 5.954120e-03
8.080000e+03 5.433260e-03
8.081000e+03 4.913420e-03
8.082000e+03 4.393670e-03
8.082222e+03 4.278620e-03
8.083000e+03 4.098350e-03
8.084000e+03 3.866590e-03
8.085000e+03 3.635420e-03
8.086000e+03 3.404150e-03
8.087000e+03 3.173420e-03
8.088000e+03 2.942650e-03
8.089000e+03 2.712370e-03
8.090000e+03 2.482310e-03
8.091000e+03 2.252270e-03
8.092000e+03 2.022660e-03
8.092225e+03 1.971080e-03
8.093000e+03 1.887380e-03
8.094000e+03 1.779700e-03
8.095000e+03 1.671970e-03
8.096000e+03 1.564500e-03
8.097000e+03 1.457000e-03
8.098000e+03 1.349750e-03
8.099000e+03 1.242480e-03
8.100000e+03 1.135430e-03
8.101000e+03 1.028490e-03
8.102000e+03 9.215600e-04
8.102228e+03 8.972650e-04
8.103000e+03 8.608590e-04
8.104000e+03 8.136960e-04
8.105000e+03 7.666540e-04
8.106000e+03 7.195910e-04
8.107000e+03 6.726420e-04
8.108000e+03 6.256810e-04
8.109000e+03 5.788240e-04
8.110000e+03 5.319630e-04
8.111000e+03 4.851990e-04
8.112000e+03 4.384790e-04
8.112230e+03 4.277310e-04
8.113000e+03 4.111760e-04
8.114000e+03 3.897320e-04
8.115000e+03 3.682750e-04
8.116000e+03 3.468730e-04
8.117000e+03 3.254620e-04
8.118000e+03 3.041030e-04
8.119000e+03 2.827390e-04
8.120000e+03 2.614220e-04
8.121000e+03 2.401030e-04
8.122000e+03 2.188280e-04
8.122233e+03 2.138720e-04
8.123000e+03 2.058750e-04
8.124000e+03 1.954780e-04
8.125000e+03 1.850910e-04
8.126000e+03 1.746990e-04
8.127000e+03 1.643320e-04
8.128000e+03 1.539620e-04
8.129000e+03 1.436160e-04
8.130000e+03 1.332680e-04
8.131000e+03 1.229430e-04
8.132000e+03 1.126170e-04
8.132235e+03 1.101910e-04
8.133000e+03 1.063780e-04
8.134000e+03 1.013850e-04
8.135000e+03 9.640720e-05
8.136000e+03 9.142560e-05
8.137000e+03 8.645730e-05
8.138000e+03 8.149390e-05
8.139000e+03 7.652820e-05
8.140000e+03 7.157460e-05
8.141000e+03 6.661980e-05
8.142000e+03 6.167610e-05
8.142238e+03 6.049750e-05
8.143000e+03 5.870370e-05
8.144000e+03 5.635620e-05
8.145000e+03 5.400610e-05
8.146000e+03 5.166320e-05
8.147000e+03 4.931820e-05
8.148000e+03 4.698010e-05
8.149000e+03 4.464010e-05
