# # Wavelength(Angstrom)  Transmission
4.569000e+03 9.667640e-05
4.570000e+03 1.067100e-04
4.571000e+03 1.167300e-04
4.572000e+03 1.267490e-04
4.573000e+03 1.367650e-04
4.574000e+03 1.467790e-04
4.575000e+03 1.567900e-04
4.576000e+03 1.667990e-04
4.577000e+03 1.768060e-04
4.578000e+03 1.868110e-04
4.579000e+03 1.968140e-04
4.580000e+03 2.068140e-04
4.581000e+03 2.168080e-04
4.582000e+03 2.267990e-04
4.583000e+03 2.367880e-04
4.584000e+03 2.467740e-04
4.585000e+03 2.567580e-04
4.586000e+03 2.667390e-04
4.587000e+03 2.767170e-04
4.588000e+03 2.866920e-04
4.589000e+03 2.966660e-04
4.590000e+03 3.066360e-04
4.591000e+03 3.166440e-04
4.592000e+03 3.266520e-04
4.593000e+03 3.366600e-04
4.594000e+03 3.466670e-04
4.595000e+03 3.566760e-04
4.596000e+03 3.666840e-04
4.597000e+03 3.766910e-04
4.598000e+03 3.866980e-04
4.599000e+03 3.967050e-04
4.600000e+03 4.067130e-04
4.601000e+03 5.097390e-04
4.602000e+03 6.127500e-04
4.603000e+03 7.157480e-04
4.604000e+03 8.187300e-04
4.605000e+03 9.216990e-04
4.606000e+03 1.024650e-03
4.607000e+03 1.127590e-03
4.608000e+03 1.230520e-03
4.609000e+03 1.333430e-03
4.610000e+03 1.436330e-03
4.611000e+03 1.539110e-03
4.612000e+03 1.641860e-03
4.613000e+03 1.744580e-03
4.614000e+03 1.847280e-03
4.615000e+03 1.949950e-03
4.616000e+03 2.052590e-03
4.617000e+03 2.155190e-03
4.618000e+03 2.257780e-03
4.619000e+03 2.360330e-03
4.620000e+03 2.462860e-03
4.621000e+03 2.826590e-03
4.622000e+03 3.190310e-03
4.623000e+03 3.554050e-03
4.624000e+03 3.917800e-03
4.625000e+03 4.281530e-03
4.626000e+03 4.645280e-03
4.627000e+03 5.009010e-03
4.628000e+03 5.372750e-03
4.629000e+03 5.736510e-03
4.630000e+03 6.100260e-03
4.631000e+03 6.254040e-03
4.632000e+03 6.407790e-03
4.633000e+03 6.561490e-03
4.634000e+03 6.715180e-03
4.635000e+03 6.868830e-03
4.636000e+03 7.022420e-03
4.637000e+03 7.175990e-03
4.638000e+03 7.329530e-03
4.639000e+03 7.483020e-03
4.640000e+03 7.636500e-03
4.641000e+03 8.459420e-03
4.642000e+03 9.282220e-03
4.643000e+03 1.010490e-02
4.644000e+03 1.092750e-02
4.645000e+03 1.175000e-02
4.646000e+03 1.257240e-02
4.647000e+03 1.339460e-02
4.648000e+03 1.421680e-02
4.649000e+03 1.503880e-02
4.650000e+03 1.586070e-02
4.651000e+03 1.832620e-02
4.652000e+03 2.079150e-02
4.653000e+03 2.325650e-02
4.654000e+03 2.572120e-02
4.655000e+03 2.818580e-02
4.656000e+03 3.065000e-02
4.657000e+03 3.311400e-02
4.658000e+03 3.557770e-02
4.659000e+03 3.804130e-02
4.660000e+03 4.050450e-02
4.661000e+03 4.103830e-02
4.662000e+03 4.157190e-02
4.663000e+03 4.210560e-02
4.664000e+03 4.263920e-02
4.665000e+03 4.317280e-02
4.666000e+03 4.370640e-02
4.667000e+03 4.423990e-02
4.668000e+03 4.477340e-02
4.669000e+03 4.530680e-02
4.670000e+03 4.584030e-02
4.671000e+03 4.618130e-02
4.672000e+03 4.652220e-02
4.673000e+03 4.686310e-02
4.674000e+03 4.720390e-02
4.675000e+03 4.754470e-02
4.676000e+03 4.788550e-02
4.677000e+03 4.822620e-02
4.678000e+03 4.856690e-02
4.679000e+03 4.890750e-02
4.680000e+03 4.924810e-02
4.681000e+03 5.384080e-02
4.682000e+03 5.843340e-02
4.683000e+03 6.302550e-02
4.684000e+03 6.761700e-02
4.685000e+03 7.220830e-02
4.686000e+03 7.679910e-02
4.687000e+03 8.138950e-02
4.688000e+03 8.597950e-02
4.689000e+03 9.056900e-02
4.690000e+03 9.515820e-02
4.691000e+03 9.789250e-02
4.692000e+03 1.006260e-01
4.693000e+03 1.033600e-01
4.694000e+03 1.060940e-01
4.695000e+03 1.088270e-01
4.696000e+03 1.115600e-01
4.697000e+03 1.142930e-01
4.698000e+03 1.170260e-01
4.699000e+03 1.197580e-01
4.700000e+03 1.224910e-01
4.701000e+03 1.201570e-01
4.702000e+03 1.178230e-01
4.703000e+03 1.154890e-01
4.704000e+03 1.131560e-01
4.705000e+03 1.108220e-01
4.706000e+03 1.084880e-01
4.707000e+03 1.061540e-01
4.708000e+03 1.038200e-01
4.709000e+03 1.014860e-01
4.710000e+03 9.915150e-02
4.711000e+03 1.013740e-01
4.712000e+03 1.035950e-01
4.713000e+03 1.058160e-01
4.714000e+03 1.080370e-01
4.715000e+03 1.102570e-01
4.716000e+03 1.124760e-01
4.717000e+03 1.146940e-01
4.718000e+03 1.169110e-01
4.719000e+03 1.191280e-01
4.720000e+03 1.213450e-01
4.721000e+03 1.281560e-01
4.722000e+03 1.349680e-01
4.723000e+03 1.417790e-01
4.724000e+03 1.485900e-01
4.725000e+03 1.554010e-01
4.726000e+03 1.622120e-01
4.727000e+03 1.690220e-01
4.728000e+03 1.758330e-01
4.729000e+03 1.826430e-01
4.730000e+03 1.894540e-01
4.731000e+03 1.891460e-01
4.732000e+03 1.888380e-01
4.733000e+03 1.885310e-01
4.734000e+03 1.882240e-01
4.735000e+03 1.879160e-01
4.736000e+03 1.876090e-01
4.737000e+03 1.873020e-01
4.738000e+03 1.869950e-01
4.739000e+03 1.866870e-01
4.740000e+03 1.863800e-01
4.741000e+03 1.834150e-01
4.742000e+03 1.804500e-01
4.743000e+03 1.774860e-01
4.744000e+03 1.745230e-01
4.745000e+03 1.715600e-01
4.746000e+03 1.685970e-01
4.747000e+03 1.656360e-01
4.748000e+03 1.626750e-01
4.749000e+03 1.597150e-01
4.750000e+03 1.567550e-01
4.751000e+03 1.605780e-01
4.752000e+03 1.644010e-01
4.753000e+03 1.682240e-01
4.754000e+03 1.720470e-01
4.755000e+03 1.758710e-01
4.756000e+03 1.796960e-01
4.757000e+03 1.835200e-01
4.758000e+03 1.873450e-01
4.759000e+03 1.911700e-01
4.760000e+03 1.949950e-01
4.761000e+03 2.028070e-01
4.762000e+03 2.106180e-01
4.763000e+03 2.184290e-01
4.764000e+03 2.262380e-01
4.765000e+03 2.340460e-01
4.766000e+03 2.418550e-01
4.767000e+03 2.496620e-01
4.768000e+03 2.574680e-01
4.769000e+03 2.652740e-01
4.770000e+03 2.730780e-01
4.771000e+03 2.714240e-01
4.772000e+03 2.697710e-01
4.773000e+03 2.681170e-01
4.774000e+03 2.664630e-01
4.775000e+03 2.648090e-01
4.776000e+03 2.631550e-01
4.777000e+03 2.615010e-01
4.778000e+03 2.598460e-01
4.779000e+03 2.581920e-01
4.780000e+03 2.565370e-01
4.781000e+03 2.525040e-01
4.782000e+03 2.484720e-01
4.783000e+03 2.444400e-01
4.784000e+03 2.404080e-01
4.785000e+03 2.363770e-01
4.786000e+03 2.323460e-01
4.787000e+03 2.283160e-01
4.788000e+03 2.242860e-01
4.789000e+03 2.202570e-01
4.790000e+03 2.162280e-01
4.791000e+03 2.196890e-01
4.792000e+03 2.231490e-01
4.793000e+03 2.266090e-01
4.794000e+03 2.300700e-01
4.795000e+03 2.335290e-01
4.796000e+03 2.369890e-01
4.797000e+03 2.404490e-01
4.798000e+03 2.439070e-01
4.799000e+03 2.473670e-01
4.800000e+03 2.508260e-01
4.801000e+03 2.573280e-01
4.802000e+03 2.638300e-01
4.803000e+03 2.703330e-01
4.804000e+03 2.768360e-01
4.805000e+03 2.833390e-01
4.806000e+03 2.898420e-01
4.807000e+03 2.963460e-01
4.808000e+03 3.028500e-01
4.809000e+03 3.093540e-01
4.810000e+03 3.158590e-01
4.811000e+03 3.150180e-01
4.812000e+03 3.141770e-01
4.813000e+03 3.133370e-01
4.814000e+03 3.124960e-01
4.815000e+03 3.116560e-01
4.816000e+03 3.108150e-01
4.817000e+03 3.099750e-01
4.818000e+03 3.091340e-01
4.819000e+03 3.082940e-01
4.820000e+03 3.074530e-01
4.821000e+03 3.079930e-01
4.822000e+03 3.085330e-01
4.823000e+03 3.090730e-01
4.824000e+03 3.096140e-01
4.825000e+03 3.101540e-01
4.826000e+03 3.106940e-01
4.827000e+03 3.112350e-01
4.828000e+03 3.117750e-01
4.829000e+03 3.123150e-01
4.830000e+03 3.128560e-01
4.831000e+03 3.148780e-01
4.832000e+03 3.168990e-01
4.833000e+03 3.189220e-01
4.834000e+03 3.209430e-01
4.835000e+03 3.229660e-01
4.836000e+03 3.249880e-01
4.837000e+03 3.270110e-01
4.838000e+03 3.290340e-01
4.839000e+03 3.310580e-01
4.840000e+03 3.330820e-01
4.841000e+03 3.344300e-01
4.842000e+03 3.357770e-01
4.843000e+03 3.371240e-01
4.844000e+03 3.384710e-01
4.845000e+03 3.398180e-01
4.846000e+03 3.411650e-01
4.847000e+03 3.425120e-01
4.848000e+03 3.438580e-01
4.849000e+03 3.452050e-01
4.850000e+03 3.465510e-01
4.851000e+03 3.460180e-01
4.852000e+03 3.454860e-01
4.853000e+03 3.449530e-01
4.854000e+03 3.444210e-01
4.855000e+03 3.438880e-01
4.856000e+03 3.433550e-01
4.857000e+03 3.428230e-01
4.858000e+03 3.422910e-01
4.859000e+03 3.417590e-01
4.860000e+03 3.412260e-01
4.861000e+03 3.417050e-01
4.862000e+03 3.421840e-01
4.863000e+03 3.426620e-01
4.864000e+03 3.431410e-01
4.865000e+03 3.436210e-01
4.866000e+03 3.440990e-01
4.867000e+03 3.445790e-01
4.868000e+03 3.450580e-01
4.869000e+03 3.455380e-01
4.870000e+03 3.460170e-01
4.871000e+03 3.467760e-01
4.872000e+03 3.475340e-01
4.873000e+03 3.482930e-01
4.874000e+03 3.490520e-01
4.875000e+03 3.498110e-01
4.876000e+03 3.505700e-01
4.877000e+03 3.513280e-01
4.878000e+03 3.520860e-01
4.879000e+03 3.528450e-01
4.880000e+03 3.536040e-01
4.881000e+03 3.504800e-01
4.882000e+03 3.473550e-01
4.883000e+03 3.442310e-01
4.884000e+03 3.411070e-01
4.885000e+03 3.379820e-01
4.886000e+03 3.348580e-01
4.887000e+03 3.317340e-01
4.888000e+03 3.286090e-01
4.889000e+03 3.254840e-01
4.890000e+03 3.223600e-01
4.891000e+03 3.202730e-01
4.892000e+03 3.181860e-01
4.893000e+03 3.160990e-01
4.894000e+03 3.140110e-01
4.895000e+03 3.119220e-01
4.896000e+03 3.098330e-01
4.897000e+03 3.077440e-01
4.898000e+03 3.056540e-01
4.899000e+03 3.035640e-01
4.900000e+03 3.014730e-01
4.901000e+03 3.013760e-01
4.902000e+03 3.012780e-01
4.903000e+03 3.011800e-01
4.904000e+03 3.010830e-01
4.905000e+03 3.009860e-01
4.906000e+03 3.008890e-01
4.907000e+03 3.007910e-01
4.908000e+03 3.006930e-01
4.909000e+03 3.005960e-01
4.910000e+03 3.004990e-01
4.911000e+03 3.014520e-01
4.912000e+03 3.024060e-01
4.913000e+03 3.033600e-01
4.914000e+03 3.043140e-01
4.915000e+03 3.052680e-01
4.916000e+03 3.062220e-01
4.917000e+03 3.071780e-01
4.918000e+03 3.081320e-01
4.919000e+03 3.090870e-01
4.920000e+03 3.100430e-01
4.921000e+03 3.120410e-01
4.922000e+03 3.140390e-01
4.923000e+03 3.160370e-01
4.924000e+03 3.180350e-01
4.925000e+03 3.200340e-01
4.926000e+03 3.220320e-01
4.927000e+03 3.240310e-01
4.928000e+03 3.260290e-01
4.929000e+03 3.280290e-01
4.930000e+03 3.300280e-01
4.931000e+03 3.323730e-01
4.932000e+03 3.347190e-01
4.933000e+03 3.370660e-01
4.934000e+03 3.394130e-01
4.935000e+03 3.417610e-01
4.936000e+03 3.441080e-01
4.937000e+03 3.464570e-01
4.938000e+03 3.488060e-01
4.939000e+03 3.511550e-01
4.940000e+03 3.535040e-01
4.941000e+03 3.545090e-01
4.942000e+03 3.555140e-01
4.943000e+03 3.565180e-01
4.944000e+03 3.575230e-01
4.945000e+03 3.585280e-01
4.946000e+03 3.595360e-01
4.947000e+03 3.605410e-01
4.948000e+03 3.615460e-01
4.949000e+03 3.625530e-01
4.950000e+03 3.635600e-01
4.951000e+03 3.619030e-01
4.952000e+03 3.602460e-01
4.953000e+03 3.585880e-01
4.954000e+03 3.569310e-01
4.955000e+03 3.552750e-01
4.956000e+03 3.536180e-01
4.957000e+03 3.519620e-01
4.958000e+03 3.503060e-01
4.959000e+03 3.486500e-01
4.960000e+03 3.469940e-01
4.961000e+03 3.446540e-01
4.962000e+03 3.423120e-01
4.963000e+03 3.399700e-01
4.964000e+03 3.376270e-01
4.965000e+03 3.352840e-01
4.966000e+03 3.329400e-01
4.967000e+03 3.305950e-01
4.968000e+03 3.282500e-01
4.969000e+03 3.259050e-01
4.970000e+03 3.235580e-01
4.971000e+03 3.245870e-01
4.972000e+03 3.256160e-01
4.973000e+03 3.266450e-01
4.974000e+03 3.276750e-01
4.975000e+03 3.287040e-01
4.976000e+03 3.297340e-01
4.977000e+03 3.307640e-01
4.978000e+03 3.317940e-01
4.979000e+03 3.328240e-01
4.980000e+03 3.338550e-01
4.981000e+03 3.364110e-01
4.982000e+03 3.389660e-01
4.983000e+03 3.415220e-01
4.984000e+03 3.440770e-01
4.985000e+03 3.466340e-01
4.986000e+03 3.491900e-01
4.987000e+03 3.517460e-01
4.988000e+03 3.543030e-01
4.989000e+03 3.568600e-01
4.990000e+03 3.594170e-01
4.991000e+03 3.604250e-01
4.992000e+03 3.614330e-01
4.993000e+03 3.624430e-01
4.994000e+03 3.634520e-01
4.995000e+03 3.644610e-01
4.996000e+03 3.654710e-01
4.997000e+03 3.664810e-01
4.998000e+03 3.674910e-01
4.999000e+03 3.685010e-01
5.000000e+03 3.695120e-01
5.001000e+03 3.701980e-01
5.002000e+03 3.708820e-01
5.003000e+03 3.715680e-01
5.004000e+03 3.722520e-01
5.005000e+03 3.729370e-01
5.006000e+03 3.736230e-01
5.007000e+03 3.743080e-01
5.008000e+03 3.749940e-01
5.009000e+03 3.756800e-01
5.010000e+03 3.763650e-01
5.011000e+03 3.754020e-01
5.012000e+03 3.744390e-01
5.013000e+03 3.734760e-01
5.014000e+03 3.725120e-01
5.015000e+03 3.715490e-01
5.016000e+03 3.705860e-01
5.017000e+03 3.696210e-01
5.018000e+03 3.686560e-01
5.019000e+03 3.676920e-01
5.020000e+03 3.667260e-01
5.021000e+03 3.645400e-01
5.022000e+03 3.623540e-01
5.023000e+03 3.601680e-01
5.024000e+03 3.579800e-01
5.025000e+03 3.557930e-01
5.026000e+03 3.536040e-01
5.027000e+03 3.514160e-01
5.028000e+03 3.492270e-01
5.029000e+03 3.470380e-01
5.030000e+03 3.448480e-01
5.031000e+03 3.423660e-01
5.032000e+03 3.398830e-01
5.033000e+03 3.374000e-01
5.034000e+03 3.349160e-01
5.035000e+03 3.324320e-01
5.036000e+03 3.299460e-01
5.037000e+03 3.274600e-01
5.038000e+03 3.249750e-01
5.039000e+03 3.224870e-01
5.040000e+03 3.199990e-01
5.041000e+03 3.191560e-01
5.042000e+03 3.183110e-01
5.043000e+03 3.174670e-01
5.044000e+03 3.166220e-01
5.045000e+03 3.157770e-01
5.046000e+03 3.149320e-01
5.047000e+03 3.140870e-01
5.048000e+03 3.132410e-01
5.049000e+03 3.123940e-01
5.050000e+03 3.115480e-01
5.051000e+03 3.116650e-01
5.052000e+03 3.117820e-01
5.053000e+03 3.119000e-01
5.054000e+03 3.120170e-01
5.055000e+03 3.121340e-01
5.056000e+03 3.122510e-01
5.057000e+03 3.123690e-01
5.058000e+03 3.124860e-01
5.059000e+03 3.126030e-01
5.060000e+03 3.127210e-01
5.061000e+03 3.166730e-01
5.062000e+03 3.206250e-01
5.063000e+03 3.245800e-01
5.064000e+03 3.285340e-01
5.065000e+03 3.324900e-01
5.066000e+03 3.364470e-01
5.067000e+03 3.404050e-01
5.068000e+03 3.443640e-01
5.069000e+03 3.483230e-01
5.070000e+03 3.522840e-01
5.071000e+03 3.527010e-01
5.072000e+03 3.531170e-01
5.073000e+03 3.535340e-01
5.074000e+03 3.539500e-01
5.075000e+03 3.543670e-01
5.076000e+03 3.547830e-01
5.077000e+03 3.552000e-01
5.078000e+03 3.556180e-01
5.079000e+03 3.560340e-01
5.080000e+03 3.564510e-01
5.081000e+03 3.580720e-01
5.082000e+03 3.596940e-01
5.083000e+03 3.613160e-01
5.084000e+03 3.629380e-01
5.085000e+03 3.645610e-01
5.086000e+03 3.661830e-01
5.087000e+03 3.678060e-01
5.088000e+03 3.694290e-01
5.089000e+03 3.710530e-01
5.090000e+03 3.726760e-01
5.091000e+03 3.699760e-01
5.092000e+03 3.672760e-01
5.093000e+03 3.645750e-01
5.094000e+03 3.618730e-01
5.095000e+03 3.591690e-01
5.096000e+03 3.564650e-01
5.097000e+03 3.537610e-01
5.098000e+03 3.510560e-01
5.099000e+03 3.483500e-01
5.100000e+03 3.456420e-01
5.101000e+03 3.458800e-01
5.102000e+03 3.461190e-01
5.103000e+03 3.463570e-01
5.104000e+03 3.465950e-01
5.105000e+03 3.468330e-01
5.106000e+03 3.470720e-01
5.107000e+03 3.473110e-01
5.108000e+03 3.475490e-01
5.109000e+03 3.477870e-01
5.110000e+03 3.480250e-01
5.111000e+03 3.477310e-01
5.112000e+03 3.474360e-01
5.113000e+03 3.471410e-01
5.114000e+03 3.468470e-01
5.115000e+03 3.465520e-01
5.116000e+03 3.462570e-01
5.117000e+03 3.459610e-01
5.118000e+03 3.456660e-01
5.119000e+03 3.453700e-01
5.120000e+03 3.450740e-01
5.121000e+03 3.452950e-01
5.122000e+03 3.455150e-01
5.123000e+03 3.457350e-01
5.124000e+03 3.459550e-01
5.125000e+03 3.461750e-01
5.126000e+03 3.463960e-01
5.127000e+03 3.466160e-01
5.128000e+03 3.468360e-01
5.129000e+03 3.470560e-01
5.130000e+03 3.472770e-01
5.131000e+03 3.488210e-01
5.132000e+03 3.503650e-01
5.133000e+03 3.519100e-01
5.134000e+03 3.534550e-01
5.135000e+03 3.550010e-01
5.136000e+03 3.565470e-01
5.137000e+03 3.580930e-01
5.138000e+03 3.596410e-01
5.139000e+03 3.611880e-01
5.140000e+03 3.627360e-01
5.141000e+03 3.631240e-01
5.142000e+03 3.635110e-01
5.143000e+03 3.639000e-01
5.144000e+03 3.642880e-01
5.145000e+03 3.646750e-01
5.146000e+03 3.650640e-01
5.147000e+03 3.654520e-01
5.148000e+03 3.658390e-01
5.149000e+03 3.662270e-01
5.150000e+03 3.666150e-01
5.151000e+03 3.681920e-01
5.152000e+03 3.697680e-01
5.153000e+03 3.713450e-01
5.154000e+03 3.729220e-01
5.155000e+03 3.745000e-01
5.156000e+03 3.760770e-01
5.157000e+03 3.776560e-01
5.158000e+03 3.792350e-01
5.159000e+03 3.808140e-01
5.160000e+03 3.823930e-01
5.161000e+03 3.803770e-01
5.162000e+03 3.783590e-01
5.163000e+03 3.763410e-01
5.164000e+03 3.743220e-01
5.165000e+03 3.723030e-01
5.166000e+03 3.702830e-01
5.167000e+03 3.682620e-01
5.168000e+03 3.662410e-01
5.169000e+03 3.642190e-01
5.170000e+03 3.621960e-01
5.171000e+03 3.621810e-01
5.172000e+03 3.621660e-01
5.173000e+03 3.621510e-01
5.174000e+03 3.621350e-01
5.175000e+03 3.621190e-01
5.176000e+03 3.621040e-01
5.177000e+03 3.620880e-01
5.178000e+03 3.620720e-01
5.179000e+03 3.620560e-01
5.180000e+03 3.620400e-01
5.181000e+03 3.610320e-01
5.182000e+03 3.600240e-01
5.183000e+03 3.590150e-01
5.184000e+03 3.580060e-01
5.185000e+03 3.569960e-01
5.186000e+03 3.559870e-01
5.187000e+03 3.549770e-01
5.188000e+03 3.539660e-01
5.189000e+03 3.529560e-01
5.190000e+03 3.519450e-01
5.191000e+03 3.562130e-01
5.192000e+03 3.604820e-01
5.193000e+03 3.647510e-01
5.194000e+03 3.690220e-01
5.195000e+03 3.732930e-01
5.196000e+03 3.775650e-01
5.197000e+03 3.818360e-01
5.198000e+03 3.861090e-01
5.199000e+03 3.903830e-01
5.200000e+03 3.946570e-01
5.201000e+03 3.921940e-01
5.202000e+03 3.897300e-01
5.203000e+03 3.872640e-01
5.204000e+03 3.847980e-01
5.205000e+03 3.823300e-01
5.206000e+03 3.798610e-01
5.207000e+03 3.773910e-01
5.208000e+03 3.749190e-01
5.209000e+03 3.724470e-01
5.210000e+03 3.699730e-01
5.211000e+03 3.708990e-01
5.212000e+03 3.718250e-01
5.213000e+03 3.727520e-01
5.214000e+03 3.736780e-01
5.215000e+03 3.746060e-01
5.216000e+03 3.755340e-01
5.217000e+03 3.764620e-01
5.218000e+03 3.773900e-01
5.219000e+03 3.783190e-01
5.220000e+03 3.792490e-01
5.221000e+03 3.752820e-01
5.222000e+03 3.713150e-01
5.223000e+03 3.673470e-01
5.224000e+03 3.633790e-01
5.225000e+03 3.594100e-01
5.226000e+03 3.554410e-01
5.227000e+03 3.514710e-01
5.228000e+03 3.475010e-01
5.229000e+03 3.435300e-01
5.230000e+03 3.395590e-01
5.231000e+03 3.389790e-01
5.232000e+03 3.384000e-01
5.233000e+03 3.378200e-01
5.234000e+03 3.372400e-01
5.235000e+03 3.366600e-01
5.236000e+03 3.360800e-01
5.237000e+03 3.355000e-01
5.238000e+03 3.349190e-01
5.239000e+03 3.343380e-01
5.240000e+03 3.337570e-01
5.241000e+03 3.375800e-01
5.242000e+03 3.414070e-01
5.243000e+03 3.452340e-01
5.244000e+03 3.490630e-01
5.245000e+03 3.528940e-01
5.246000e+03 3.567260e-01
5.247000e+03 3.605590e-01
5.248000e+03 3.643950e-01
5.249000e+03 3.682320e-01
5.250000e+03 3.720710e-01
5.251000e+03 3.696600e-01
5.252000e+03 3.672480e-01
5.253000e+03 3.648360e-01
5.254000e+03 3.624230e-01
5.255000e+03 3.600100e-01
5.256000e+03 3.575940e-01
5.257000e+03 3.551790e-01
5.258000e+03 3.527630e-01
5.259000e+03 3.503470e-01
5.260000e+03 3.479280e-01
5.261000e+03 3.510070e-01
5.262000e+03 3.540870e-01
5.263000e+03 3.571670e-01
5.264000e+03 3.602480e-01
5.265000e+03 3.633310e-01
5.266000e+03 3.664140e-01
5.267000e+03 3.694970e-01
5.268000e+03 3.725810e-01
5.269000e+03 3.756670e-01
5.270000e+03 3.787540e-01
5.271000e+03 3.775310e-01
5.272000e+03 3.763070e-01
5.273000e+03 3.750830e-01
5.274000e+03 3.738570e-01
5.275000e+03 3.726310e-01
5.276000e+03 3.714050e-01
5.277000e+03 3.701780e-01
5.278000e+03 3.689520e-01
5.279000e+03 3.677230e-01
5.280000e+03 3.664950e-01
5.281000e+03 3.689340e-01
5.282000e+03 3.713750e-01
5.283000e+03 3.738150e-01
5.284000e+03 3.762560e-01
5.285000e+03 3.786960e-01
5.286000e+03 3.811370e-01
5.287000e+03 3.835780e-01
5.288000e+03 3.860200e-01
5.289000e+03 3.884610e-01
5.290000e+03 3.909020e-01
5.291000e+03 3.893810e-01
5.292000e+03 3.878570e-01
5.293000e+03 3.863330e-01
5.294000e+03 3.848080e-01
5.295000e+03 3.832830e-01
5.296000e+03 3.817570e-01
5.297000e+03 3.802300e-01
5.298000e+03 3.787030e-01
5.299000e+03 3.771750e-01
5.300000e+03 3.756460e-01
5.301000e+03 3.748060e-01
5.302000e+03 3.739660e-01
5.303000e+03 3.731250e-01
5.304000e+03 3.722840e-01
5.305000e+03 3.714440e-01
5.306000e+03 3.706030e-01
5.307000e+03 3.697620e-01
5.308000e+03 3.689200e-01
5.309000e+03 3.680780e-01
5.310000e+03 3.672370e-01
5.311000e+03 3.652250e-01
5.312000e+03 3.632140e-01
5.313000e+03 3.612000e-01
5.314000e+03 3.591860e-01
5.315000e+03 3.571710e-01
5.316000e+03 3.551550e-01
5.317000e+03 3.531380e-01
5.318000e+03 3.511200e-01
5.319000e+03 3.491010e-01
5.320000e+03 3.470820e-01
5.321000e+03 3.505730e-01
5.322000e+03 3.540650e-01
5.323000e+03 3.575580e-01
5.324000e+03 3.610510e-01
5.325000e+03 3.645440e-01
5.326000e+03 3.680390e-01
5.327000e+03 3.715350e-01
5.328000e+03 3.750310e-01
5.329000e+03 3.785260e-01
5.330000e+03 3.820240e-01
5.331000e+03 3.797210e-01
5.332000e+03 3.774180e-01
5.333000e+03 3.751130e-01
5.334000e+03 3.728080e-01
5.335000e+03 3.705030e-01
5.336000e+03 3.681960e-01
5.337000e+03 3.658900e-01
5.338000e+03 3.635820e-01
5.339000e+03 3.612750e-01
5.340000e+03 3.589650e-01
5.341000e+03 3.628340e-01
5.342000e+03 3.667050e-01
5.343000e+03 3.705770e-01
5.344000e+03 3.744500e-01
5.345000e+03 3.783240e-01
5.346000e+03 3.822010e-01
5.347000e+03 3.860770e-01
5.348000e+03 3.899550e-01
5.349000e+03 3.938350e-01
5.350000e+03 3.977160e-01
5.351000e+03 3.967940e-01
5.352000e+03 3.958710e-01
5.353000e+03 3.949480e-01
5.354000e+03 3.940250e-01
5.355000e+03 3.931020e-01
5.356000e+03 3.921790e-01
5.357000e+03 3.912550e-01
5.358000e+03 3.903310e-01
5.359000e+03 3.894060e-01
5.360000e+03 3.884810e-01
5.361000e+03 3.880650e-01
5.362000e+03 3.876490e-01
5.363000e+03 3.872330e-01
5.364000e+03 3.868160e-01
5.365000e+03 3.864000e-01
5.366000e+03 3.859820e-01
5.367000e+03 3.855650e-01
5.368000e+03 3.851480e-01
5.369000e+03 3.847310e-01
5.370000e+03 3.843120e-01
5.371000e+03 3.844970e-01
5.372000e+03 3.846840e-01
5.373000e+03 3.848700e-01
5.374000e+03 3.850560e-01
5.375000e+03 3.852410e-01
5.376000e+03 3.854270e-01
5.377000e+03 3.856130e-01
5.378000e+03 3.857980e-01
5.379000e+03 3.859840e-01
5.380000e+03 3.861690e-01
5.381000e+03 3.850420e-01
5.382000e+03 3.839150e-01
5.383000e+03 3.827870e-01
5.384000e+03 3.816580e-01
5.385000e+03 3.805300e-01
5.386000e+03 3.794010e-01
5.387000e+03 3.782710e-01
5.388000e+03 3.771420e-01
5.389000e+03 3.760120e-01
5.390000e+03 3.748810e-01
5.391000e+03 3.723910e-01
5.392000e+03 3.699000e-01
5.393000e+03 3.674080e-01
5.394000e+03 3.649160e-01
5.395000e+03 3.624230e-01
5.396000e+03 3.599300e-01
5.397000e+03 3.574360e-01
5.398000e+03 3.549420e-01
5.399000e+03 3.524460e-01
5.400000e+03 3.499510e-01
5.401000e+03 3.495080e-01
5.402000e+03 3.490650e-01
5.403000e+03 3.486220e-01
5.404000e+03 3.481790e-01
5.405000e+03 3.477340e-01
5.406000e+03 3.472910e-01
5.407000e+03 3.468470e-01
5.408000e+03 3.464020e-01
5.409000e+03 3.459580e-01
5.410000e+03 3.455130e-01
5.411000e+03 3.476100e-01
5.412000e+03 3.497090e-01
5.413000e+03 3.518090e-01
5.414000e+03 3.539080e-01
5.415000e+03 3.560100e-01
5.416000e+03 3.581110e-01
5.417000e+03 3.602120e-01
5.418000e+03 3.623150e-01
5.419000e+03 3.644170e-01
5.420000e+03 3.665210e-01
5.421000e+03 3.682000e-01
5.422000e+03 3.698810e-01
5.423000e+03 3.715610e-01
5.424000e+03 3.732420e-01
5.425000e+03 3.749220e-01
5.426000e+03 3.766020e-01
5.427000e+03 3.782850e-01
5.428000e+03 3.799660e-01
5.429000e+03 3.816470e-01
5.430000e+03 3.833300e-01
5.431000e+03 3.846420e-01
5.432000e+03 3.859550e-01
5.433000e+03 3.872670e-01
5.434000e+03 3.885810e-01
5.435000e+03 3.898940e-01
5.436000e+03 3.912080e-01
5.437000e+03 3.925230e-01
5.438000e+03 3.938370e-01
5.439000e+03 3.951520e-01
5.440000e+03 3.964670e-01
5.441000e+03 3.976200e-01
5.442000e+03 3.987720e-01
5.443000e+03 3.999260e-01
5.444000e+03 4.010780e-01
5.445000e+03 4.022310e-01
5.446000e+03 4.033850e-01
5.447000e+03 4.045390e-01
5.448000e+03 4.056920e-01
5.449000e+03 4.068460e-01
5.450000e+03 4.080000e-01
5.451000e+03 4.075240e-01
5.452000e+03 4.070460e-01
5.453000e+03 4.065700e-01
5.454000e+03 4.060920e-01
5.455000e+03 4.056140e-01
5.456000e+03 4.051360e-01
5.457000e+03 4.046580e-01
5.458000e+03 4.041800e-01
5.459000e+03 4.037010e-01
5.460000e+03 4.032220e-01
5.461000e+03 4.033950e-01
5.462000e+03 4.035680e-01
5.463000e+03 4.037420e-01
5.464000e+03 4.039150e-01
5.465000e+03 4.040870e-01
5.466000e+03 4.042600e-01
5.467000e+03 4.044330e-01
5.468000e+03 4.046050e-01
5.469000e+03 4.047780e-01
5.470000e+03 4.049500e-01
5.471000e+03 4.056680e-01
5.472000e+03 4.063840e-01
5.473000e+03 4.071020e-01
5.474000e+03 4.078190e-01
5.475000e+03 4.085370e-01
5.476000e+03 4.092540e-01
5.477000e+03 4.099720e-01
5.478000e+03 4.106890e-01
5.479000e+03 4.114080e-01
5.480000e+03 4.121260e-01
5.481000e+03 4.116870e-01
5.482000e+03 4.112480e-01
5.483000e+03 4.108100e-01
5.484000e+03 4.103700e-01
5.485000e+03 4.099300e-01
5.486000e+03 4.094910e-01
5.487000e+03 4.090510e-01
5.488000e+03 4.086120e-01
5.489000e+03 4.081710e-01
5.490000e+03 4.077310e-01
5.491000e+03 4.074260e-01
5.492000e+03 4.071210e-01
5.493000e+03 4.068150e-01
5.494000e+03 4.065100e-01
5.495000e+03 4.062040e-01
5.496000e+03 4.058980e-01
5.497000e+03 4.055920e-01
5.498000e+03 4.052860e-01
5.499000e+03 4.049800e-01
5.500000e+03 4.046740e-01
5.501000e+03 4.026030e-01
5.502000e+03 4.005300e-01
5.503000e+03 3.984570e-01
5.504000e+03 3.963830e-01
5.505000e+03 3.943080e-01
5.506000e+03 3.922320e-01
5.507000e+03 3.901560e-01
5.508000e+03 3.880780e-01
5.509000e+03 3.860000e-01
5.510000e+03 3.839210e-01
5.511000e+03 3.843710e-01
5.512000e+03 3.848210e-01
5.513000e+03 3.852710e-01
5.514000e+03 3.857210e-01
5.515000e+03 3.861720e-01
5.516000e+03 3.866210e-01
5.517000e+03 3.870710e-01
5.518000e+03 3.875220e-01
5.519000e+03 3.879710e-01
5.520000e+03 3.884220e-01
5.521000e+03 3.891140e-01
5.522000e+03 3.898070e-01
5.523000e+03 3.904990e-01
5.524000e+03 3.911920e-01
5.525000e+03 3.918850e-01
5.526000e+03 3.925770e-01
5.527000e+03 3.932700e-01
5.528000e+03 3.939630e-01
5.529000e+03 3.946560e-01
5.530000e+03 3.953490e-01
5.531000e+03 3.960120e-01
5.532000e+03 3.966740e-01
5.533000e+03 3.973380e-01
5.534000e+03 3.980000e-01
5.535000e+03 3.986630e-01
5.536000e+03 3.993260e-01
5.537000e+03 3.999890e-01
5.538000e+03 4.006520e-01
5.539000e+03 4.013150e-01
5.540000e+03 4.019780e-01
5.541000e+03 4.025240e-01
5.542000e+03 4.030700e-01
5.543000e+03 4.036160e-01
5.544000e+03 4.041610e-01
5.545000e+03 4.047070e-01
5.546000e+03 4.052520e-01
5.547000e+03 4.057980e-01
5.548000e+03 4.063430e-01
5.549000e+03 4.068880e-01
5.550000e+03 4.074340e-01
5.551000e+03 4.062470e-01
5.552000e+03 4.050590e-01
5.553000e+03 4.038700e-01
5.554000e+03 4.026810e-01
5.555000e+03 4.014920e-01
5.556000e+03 4.003030e-01
5.557000e+03 3.991130e-01
5.558000e+03 3.979220e-01
5.559000e+03 3.967310e-01
5.560000e+03 3.955390e-01
5.561000e+03 3.965010e-01
5.562000e+03 3.974620e-01
5.563000e+03 3.984240e-01
5.564000e+03 3.993850e-01
5.565000e+03 4.003470e-01
5.566000e+03 4.013080e-01
5.567000e+03 4.022710e-01
5.568000e+03 4.032310e-01
5.569000e+03 4.041930e-01
5.570000e+03 4.051550e-01
5.571000e+03 4.054230e-01
5.572000e+03 4.056910e-01
5.573000e+03 4.059590e-01
5.574000e+03 4.062270e-01
5.575000e+03 4.064940e-01
5.576000e+03 4.067630e-01
5.577000e+03 4.070300e-01
5.578000e+03 4.072970e-01
5.579000e+03 4.075640e-01
5.580000e+03 4.078310e-01
5.581000e+03 4.073400e-01
5.582000e+03 4.068470e-01
5.583000e+03 4.063560e-01
5.584000e+03 4.058640e-01
5.585000e+03 4.053710e-01
5.586000e+03 4.048790e-01
5.587000e+03 4.043860e-01
5.588000e+03 4.038930e-01
5.589000e+03 4.034000e-01
5.590000e+03 4.029080e-01
5.591000e+03 4.025450e-01
5.592000e+03 4.021830e-01
5.593000e+03 4.018220e-01
5.594000e+03 4.014600e-01
5.595000e+03 4.010980e-01
5.596000e+03 4.007350e-01
5.597000e+03 4.003730e-01
5.598000e+03 4.000110e-01
5.599000e+03 3.996470e-01
5.600000e+03 3.992840e-01
5.601000e+03 3.975380e-01
5.602000e+03 3.957920e-01
5.603000e+03 3.940440e-01
5.604000e+03 3.922970e-01
5.605000e+03 3.905490e-01
5.606000e+03 3.888000e-01
5.607000e+03 3.870520e-01
5.608000e+03 3.853020e-01
5.609000e+03 3.835530e-01
5.610000e+03 3.818020e-01
5.611000e+03 3.818480e-01
5.612000e+03 3.818940e-01
5.613000e+03 3.819400e-01
5.614000e+03 3.819850e-01
5.615000e+03 3.820320e-01
5.616000e+03 3.820780e-01
5.617000e+03 3.821220e-01
5.618000e+03 3.821690e-01
5.619000e+03 3.822140e-01
5.620000e+03 3.822600e-01
5.621000e+03 3.837320e-01
5.622000e+03 3.852060e-01
5.623000e+03 3.866780e-01
5.624000e+03 3.881520e-01
5.625000e+03 3.896250e-01
5.626000e+03 3.910990e-01
5.627000e+03 3.925730e-01
5.628000e+03 3.940470e-01
5.629000e+03 3.955210e-01
5.630000e+03 3.969950e-01
5.631000e+03 3.981530e-01
5.632000e+03 3.993130e-01
5.633000e+03 4.004710e-01
5.634000e+03 4.016310e-01
5.635000e+03 4.027910e-01
5.636000e+03 4.039510e-01
5.637000e+03 4.051110e-01
5.638000e+03 4.062710e-01
5.639000e+03 4.074310e-01
5.640000e+03 4.085910e-01
5.641000e+03 4.087350e-01
5.642000e+03 4.088790e-01
5.643000e+03 4.090240e-01
5.644000e+03 4.091670e-01
5.645000e+03 4.093110e-01
5.646000e+03 4.094560e-01
5.647000e+03 4.095990e-01
5.648000e+03 4.097430e-01
5.649000e+03 4.098880e-01
5.650000e+03 4.100320e-01
5.651000e+03 4.092120e-01
5.652000e+03 4.083920e-01
5.653000e+03 4.075710e-01
5.654000e+03 4.067510e-01
5.655000e+03 4.059310e-01
5.656000e+03 4.051100e-01
5.657000e+03 4.042900e-01
5.658000e+03 4.034690e-01
5.659000e+03 4.026480e-01
5.660000e+03 4.018270e-01
5.661000e+03 4.009630e-01
5.662000e+03 4.000990e-01
5.663000e+03 3.992350e-01
5.664000e+03 3.983710e-01
5.665000e+03 3.975070e-01
5.666000e+03 3.966420e-01
5.667000e+03 3.957770e-01
5.668000e+03 3.949120e-01
5.669000e+03 3.940470e-01
5.670000e+03 3.931810e-01
5.671000e+03 3.932740e-01
5.672000e+03 3.933670e-01
5.673000e+03 3.934610e-01
5.674000e+03 3.935540e-01
5.675000e+03 3.936470e-01
5.676000e+03 3.937400e-01
5.677000e+03 3.938340e-01
5.678000e+03 3.939270e-01
5.679000e+03 3.940210e-01
5.680000e+03 3.941140e-01
5.681000e+03 3.947770e-01
5.682000e+03 3.954400e-01
5.683000e+03 3.961030e-01
5.684000e+03 3.967670e-01
5.685000e+03 3.974300e-01
5.686000e+03 3.980940e-01
5.687000e+03 3.987590e-01
5.688000e+03 3.994230e-01
5.689000e+03 4.000880e-01
5.690000e+03 4.007530e-01
5.691000e+03 4.016320e-01
5.692000e+03 4.025110e-01
5.693000e+03 4.033910e-01
5.694000e+03 4.042710e-01
5.695000e+03 4.051520e-01
5.696000e+03 4.060310e-01
5.697000e+03 4.069120e-01
5.698000e+03 4.077930e-01
5.699000e+03 4.086730e-01
5.700000e+03 4.095550e-01
5.701000e+03 4.098860e-01
5.702000e+03 4.102180e-01
5.703000e+03 4.105510e-01
5.704000e+03 4.108830e-01
5.705000e+03 4.112150e-01
5.706000e+03 4.115470e-01
5.707000e+03 4.118810e-01
5.708000e+03 4.122130e-01
5.709000e+03 4.125460e-01
5.710000e+03 4.128790e-01
5.711000e+03 4.120330e-01
5.712000e+03 4.111860e-01
5.713000e+03 4.103390e-01
5.714000e+03 4.094910e-01
5.715000e+03 4.086450e-01
5.716000e+03 4.077980e-01
5.717000e+03 4.069510e-01
5.718000e+03 4.061030e-01
5.719000e+03 4.052560e-01
5.720000e+03 4.044090e-01
5.721000e+03 4.043440e-01
5.722000e+03 4.042810e-01
5.723000e+03 4.042160e-01
5.724000e+03 4.041520e-01
5.725000e+03 4.040880e-01
5.726000e+03 4.040250e-01
5.727000e+03 4.039610e-01
5.728000e+03 4.038980e-01
5.729000e+03 4.038350e-01
5.730000e+03 4.037710e-01
5.731000e+03 4.047250e-01
5.732000e+03 4.056780e-01
5.733000e+03 4.066330e-01
5.734000e+03 4.075880e-01
5.735000e+03 4.085430e-01
5.736000e+03 4.094990e-01
5.737000e+03 4.104540e-01
5.738000e+03 4.114120e-01
5.739000e+03 4.123690e-01
5.740000e+03 4.133260e-01
5.741000e+03 4.106460e-01
5.742000e+03 4.079670e-01
5.743000e+03 4.052870e-01
5.744000e+03 4.026070e-01
5.745000e+03 3.999280e-01
5.746000e+03 3.972490e-01
5.747000e+03 3.945700e-01
5.748000e+03 3.918920e-01
5.749000e+03 3.892120e-01
5.750000e+03 3.865340e-01
5.751000e+03 3.864610e-01
5.752000e+03 3.863880e-01
5.753000e+03 3.863140e-01
5.754000e+03 3.862400e-01
5.755000e+03 3.861680e-01
5.756000e+03 3.860940e-01
5.757000e+03 3.860220e-01
5.758000e+03 3.859480e-01
5.759000e+03 3.858750e-01
5.760000e+03 3.858030e-01
5.761000e+03 3.855250e-01
5.762000e+03 3.852480e-01
5.763000e+03 3.849720e-01
5.764000e+03 3.846940e-01
5.765000e+03 3.844170e-01
5.766000e+03 3.841400e-01
5.767000e+03 3.838640e-01
5.768000e+03 3.835870e-01
5.769000e+03 3.833110e-01
5.770000e+03 3.830340e-01
5.771000e+03 3.835430e-01
5.772000e+03 3.840510e-01
5.773000e+03 3.845600e-01
5.774000e+03 3.850700e-01
5.775000e+03 3.855790e-01
5.776000e+03 3.860890e-01
5.777000e+03 3.865980e-01
5.778000e+03 3.871090e-01
5.779000e+03 3.876200e-01
5.780000e+03 3.881310e-01
5.781000e+03 3.892040e-01
5.782000e+03 3.902770e-01
5.783000e+03 3.913510e-01
5.784000e+03 3.924240e-01
5.785000e+03 3.934980e-01
5.786000e+03 3.945730e-01
5.787000e+03 3.956470e-01
5.788000e+03 3.967210e-01
5.789000e+03 3.977970e-01
5.790000e+03 3.988720e-01
5.791000e+03 4.002020e-01
5.792000e+03 4.015320e-01
5.793000e+03 4.028620e-01
5.794000e+03 4.041940e-01
5.795000e+03 4.055250e-01
5.796000e+03 4.068560e-01
5.797000e+03 4.081890e-01
5.798000e+03 4.095230e-01
5.799000e+03 4.108560e-01
5.800000e+03 4.121900e-01
5.801000e+03 4.128430e-01
5.802000e+03 4.134960e-01
5.803000e+03 4.141490e-01
5.804000e+03 4.148030e-01
5.805000e+03 4.154570e-01
5.806000e+03 4.161090e-01
5.807000e+03 4.167630e-01
5.808000e+03 4.174170e-01
5.809000e+03 4.180720e-01
5.810000e+03 4.187260e-01
5.811000e+03 4.189900e-01
5.812000e+03 4.192530e-01
5.813000e+03 4.195180e-01
5.814000e+03 4.197820e-01
5.815000e+03 4.200470e-01
5.816000e+03 4.203130e-01
5.817000e+03 4.205770e-01
5.818000e+03 4.208430e-01
5.819000e+03 4.211080e-01
5.820000e+03 4.213740e-01
5.821000e+03 4.202920e-01
5.822000e+03 4.192090e-01
5.823000e+03 4.181270e-01
5.824000e+03 4.170450e-01
5.825000e+03 4.159620e-01
5.826000e+03 4.148780e-01
5.827000e+03 4.137950e-01
5.828000e+03 4.127110e-01
5.829000e+03 4.116270e-01
5.830000e+03 4.105430e-01
5.831000e+03 4.104570e-01
5.832000e+03 4.103720e-01
5.833000e+03 4.102860e-01
5.834000e+03 4.102000e-01
5.835000e+03 4.101150e-01
5.836000e+03 4.100300e-01
5.837000e+03 4.099440e-01
5.838000e+03 4.098590e-01
5.839000e+03 4.097750e-01
5.840000e+03 4.096900e-01
5.841000e+03 4.085440e-01
5.842000e+03 4.073990e-01
5.843000e+03 4.062530e-01
5.844000e+03 4.051080e-01
5.845000e+03 4.039620e-01
5.846000e+03 4.028150e-01
5.847000e+03 4.016700e-01
5.848000e+03 4.005240e-01
5.849000e+03 3.993780e-01
5.850000e+03 3.982310e-01
5.851000e+03 3.998900e-01
5.852000e+03 4.015500e-01
5.853000e+03 4.032090e-01
5.854000e+03 4.048700e-01
5.855000e+03 4.065290e-01
5.856000e+03 4.081900e-01
5.857000e+03 4.098520e-01
5.858000e+03 4.115130e-01
5.859000e+03 4.131750e-01
5.860000e+03 4.148370e-01
5.861000e+03 4.145750e-01
5.862000e+03 4.143130e-01
5.863000e+03 4.140510e-01
5.864000e+03 4.137880e-01
5.865000e+03 4.135260e-01
5.866000e+03 4.132640e-01
5.867000e+03 4.130010e-01
5.868000e+03 4.127390e-01
5.869000e+03 4.124770e-01
5.870000e+03 4.122150e-01
5.871000e+03 4.122020e-01
5.872000e+03 4.121880e-01
5.873000e+03 4.121750e-01
5.874000e+03 4.121620e-01
5.875000e+03 4.121490e-01
5.876000e+03 4.121370e-01
5.877000e+03 4.121240e-01
5.878000e+03 4.121110e-01
5.879000e+03 4.120990e-01
5.880000e+03 4.120870e-01
5.881000e+03 4.110030e-01
5.882000e+03 4.099190e-01
5.883000e+03 4.088350e-01
5.884000e+03 4.077500e-01
5.885000e+03 4.066660e-01
5.886000e+03 4.055810e-01
5.887000e+03 4.044950e-01
5.888000e+03 4.034100e-01
5.889000e+03 4.023240e-01
5.890000e+03 4.012380e-01
5.891000e+03 4.040780e-01
5.892000e+03 4.069190e-01
5.893000e+03 4.097620e-01
5.894000e+03 4.126060e-01
5.895000e+03 4.154510e-01
5.896000e+03 4.182970e-01
5.897000e+03 4.211460e-01
5.898000e+03 4.239960e-01
5.899000e+03 4.268460e-01
5.900000e+03 4.296980e-01
5.901000e+03 4.278120e-01
5.902000e+03 4.259240e-01
5.903000e+03 4.240370e-01
5.904000e+03 4.221500e-01
5.905000e+03 4.202620e-01
5.906000e+03 4.183740e-01
5.907000e+03 4.164850e-01
5.908000e+03 4.145960e-01
5.909000e+03 4.127080e-01
5.910000e+03 4.108180e-01
5.911000e+03 4.126910e-01
5.912000e+03 4.145640e-01
5.913000e+03 4.164370e-01
5.914000e+03 4.183100e-01
5.915000e+03 4.201850e-01
5.916000e+03 4.220590e-01
5.917000e+03 4.239350e-01
5.918000e+03 4.258100e-01
5.919000e+03 4.276860e-01
5.920000e+03 4.295630e-01
5.921000e+03 4.286120e-01
5.922000e+03 4.276600e-01
5.923000e+03 4.267080e-01
5.924000e+03 4.257550e-01
5.925000e+03 4.248030e-01
5.926000e+03 4.238500e-01
5.927000e+03 4.228970e-01
5.928000e+03 4.219430e-01
5.929000e+03 4.209890e-01
5.930000e+03 4.200360e-01
5.931000e+03 4.187020e-01
5.932000e+03 4.173690e-01
5.933000e+03 4.160360e-01
5.934000e+03 4.147010e-01
5.935000e+03 4.133680e-01
5.936000e+03 4.120330e-01
5.937000e+03 4.106990e-01
5.938000e+03 4.093640e-01
5.939000e+03 4.080280e-01
5.940000e+03 4.066930e-01
5.941000e+03 4.045150e-01
5.942000e+03 4.023380e-01
5.943000e+03 4.001600e-01
5.944000e+03 3.979820e-01
5.945000e+03 3.958030e-01
5.946000e+03 3.936230e-01
5.947000e+03 3.914440e-01
5.948000e+03 3.892620e-01
5.949000e+03 3.870810e-01
5.950000e+03 3.849000e-01
5.951000e+03 3.876320e-01
5.952000e+03 3.903660e-01
5.953000e+03 3.931000e-01
5.954000e+03 3.958360e-01
5.955000e+03 3.985740e-01
5.956000e+03 4.013110e-01
5.957000e+03 4.040500e-01
5.958000e+03 4.067900e-01
5.959000e+03 4.095320e-01
5.960000e+03 4.122750e-01
5.961000e+03 4.113300e-01
5.962000e+03 4.103850e-01
5.963000e+03 4.094390e-01
5.964000e+03 4.084930e-01
5.965000e+03 4.075460e-01
5.966000e+03 4.065990e-01
5.967000e+03 4.056520e-01
5.968000e+03 4.047040e-01
5.969000e+03 4.037560e-01
5.970000e+03 4.028080e-01
5.971000e+03 4.033550e-01
5.972000e+03 4.039030e-01
5.973000e+03 4.044500e-01
5.974000e+03 4.049980e-01
5.975000e+03 4.055460e-01
5.976000e+03 4.060940e-01
5.977000e+03 4.066420e-01
5.978000e+03 4.071910e-01
5.979000e+03 4.077400e-01
5.980000e+03 4.082890e-01
5.981000e+03 4.082080e-01
5.982000e+03 4.081270e-01
5.983000e+03 4.080460e-01
5.984000e+03 4.079650e-01
5.985000e+03 4.078820e-01
5.986000e+03 4.078000e-01
5.987000e+03 4.077190e-01
5.988000e+03 4.076380e-01
5.989000e+03 4.075550e-01
5.990000e+03 4.074740e-01
5.991000e+03 4.072980e-01
5.992000e+03 4.071230e-01
5.993000e+03 4.069480e-01
5.994000e+03 4.067720e-01
5.995000e+03 4.065970e-01
5.996000e+03 4.064210e-01
5.997000e+03 4.062450e-01
5.998000e+03 4.060700e-01
5.999000e+03 4.058930e-01
6.000000e+03 4.057170e-01
6.001000e+03 4.062520e-01
6.002000e+03 4.067870e-01
6.003000e+03 4.073220e-01
6.004000e+03 4.078570e-01
6.005000e+03 4.083920e-01
6.006000e+03 4.089270e-01
6.007000e+03 4.094630e-01
6.008000e+03 4.099990e-01
6.009000e+03 4.105340e-01
6.010000e+03 4.110700e-01
6.011000e+03 4.112810e-01
6.012000e+03 4.114910e-01
6.013000e+03 4.117020e-01
6.014000e+03 4.119140e-01
6.015000e+03 4.121250e-01
6.016000e+03 4.123360e-01
6.017000e+03 4.125470e-01
6.018000e+03 4.127580e-01
6.019000e+03 4.129680e-01
6.020000e+03 4.131800e-01
6.021000e+03 4.134250e-01
6.022000e+03 4.136710e-01
6.023000e+03 4.139170e-01
6.024000e+03 4.141620e-01
6.025000e+03 4.144070e-01
6.026000e+03 4.146530e-01
6.027000e+03 4.148990e-01
6.028000e+03 4.151450e-01
6.029000e+03 4.153900e-01
6.030000e+03 4.156370e-01
6.031000e+03 4.158210e-01
6.032000e+03 4.160060e-01
6.033000e+03 4.161910e-01
6.034000e+03 4.163760e-01
6.035000e+03 4.165600e-01
6.036000e+03 4.167450e-01
6.037000e+03 4.169300e-01
6.038000e+03 4.171140e-01
6.039000e+03 4.173010e-01
6.040000e+03 4.174850e-01
6.041000e+03 4.185880e-01
6.042000e+03 4.196920e-01
6.043000e+03 4.207950e-01
6.044000e+03 4.218990e-01
6.045000e+03 4.230020e-01
6.046000e+03 4.241070e-01
6.047000e+03 4.252120e-01
6.048000e+03 4.263150e-01
6.049000e+03 4.274210e-01
6.050000e+03 4.285250e-01
6.051000e+03 4.282360e-01
6.052000e+03 4.279480e-01
6.053000e+03 4.276600e-01
6.054000e+03 4.273700e-01
6.055000e+03 4.270830e-01
6.056000e+03 4.267930e-01
6.057000e+03 4.265040e-01
6.058000e+03 4.262150e-01
6.059000e+03 4.259260e-01
6.060000e+03 4.256360e-01
6.061000e+03 4.249840e-01
6.062000e+03 4.243290e-01
6.063000e+03 4.236760e-01
6.064000e+03 4.230220e-01
6.065000e+03 4.223680e-01
6.066000e+03 4.217140e-01
6.067000e+03 4.210580e-01
6.068000e+03 4.204050e-01
6.069000e+03 4.197490e-01
6.070000e+03 4.190940e-01
6.071000e+03 4.184450e-01
6.072000e+03 4.177950e-01
6.073000e+03 4.171460e-01
6.074000e+03 4.164950e-01
6.075000e+03 4.158470e-01
6.076000e+03 4.151960e-01
6.077000e+03 4.145460e-01
6.078000e+03 4.138960e-01
6.079000e+03 4.132460e-01
6.080000e+03 4.125950e-01
6.081000e+03 4.137730e-01
6.082000e+03 4.149510e-01
6.083000e+03 4.161300e-01
6.084000e+03 4.173080e-01
6.085000e+03 4.184880e-01
6.086000e+03 4.196680e-01
6.087000e+03 4.208470e-01
6.088000e+03 4.220300e-01
6.089000e+03 4.232100e-01
6.090000e+03 4.243910e-01
6.091000e+03 4.251250e-01
6.092000e+03 4.258600e-01
6.093000e+03 4.265940e-01
6.094000e+03 4.273300e-01
6.095000e+03 4.280640e-01
6.096000e+03 4.288000e-01
6.097000e+03 4.295350e-01
6.098000e+03 4.302700e-01
6.099000e+03 4.310060e-01
6.100000e+03 4.317420e-01
6.101000e+03 4.309620e-01
6.102000e+03 4.301840e-01
6.103000e+03 4.294030e-01
6.104000e+03 4.286240e-01
6.105000e+03 4.278430e-01
6.106000e+03 4.270620e-01
6.107000e+03 4.262820e-01
6.108000e+03 4.255010e-01
6.109000e+03 4.247190e-01
6.110000e+03 4.239380e-01
6.111000e+03 4.247820e-01
6.112000e+03 4.256240e-01
6.113000e+03 4.264680e-01
6.114000e+03 4.273120e-01
6.115000e+03 4.281560e-01
6.116000e+03 4.290000e-01
6.117000e+03 4.298440e-01
6.118000e+03 4.306910e-01
6.119000e+03 4.315360e-01
6.120000e+03 4.323820e-01
6.121000e+03 4.323910e-01
6.122000e+03 4.324010e-01
6.123000e+03 4.324120e-01
6.124000e+03 4.324220e-01
6.125000e+03 4.324320e-01
6.126000e+03 4.324410e-01
6.127000e+03 4.324510e-01
6.128000e+03 4.324620e-01
6.129000e+03 4.324710e-01
6.130000e+03 4.324810e-01
6.131000e+03 4.325830e-01
6.132000e+03 4.326840e-01
6.133000e+03 4.327850e-01
6.134000e+03 4.328870e-01
6.135000e+03 4.329880e-01
6.136000e+03 4.330890e-01
6.137000e+03 4.331910e-01
6.138000e+03 4.332920e-01
6.139000e+03 4.333940e-01
6.140000e+03 4.334950e-01
6.141000e+03 4.336240e-01
6.142000e+03 4.337530e-01
6.143000e+03 4.338820e-01
6.144000e+03 4.340110e-01
6.145000e+03 4.341400e-01
6.146000e+03 4.342690e-01
6.147000e+03 4.343980e-01
6.148000e+03 4.345270e-01
6.149000e+03 4.346570e-01
6.150000e+03 4.347860e-01
6.151000e+03 4.337970e-01
6.152000e+03 4.328080e-01
6.153000e+03 4.318180e-01
6.154000e+03 4.308290e-01
6.155000e+03 4.298380e-01
6.156000e+03 4.288480e-01
6.157000e+03 4.278570e-01
6.158000e+03 4.268670e-01
6.159000e+03 4.258760e-01
6.160000e+03 4.248850e-01
6.161000e+03 4.226480e-01
6.162000e+03 4.204100e-01
6.163000e+03 4.181720e-01
6.164000e+03 4.159330e-01
6.165000e+03 4.136920e-01
6.166000e+03 4.114510e-01
6.167000e+03 4.092080e-01
6.168000e+03 4.069650e-01
6.169000e+03 4.047210e-01
6.170000e+03 4.024760e-01
6.171000e+03 4.009800e-01
6.172000e+03 3.994830e-01
6.173000e+03 3.979860e-01
6.174000e+03 3.964880e-01
6.175000e+03 3.949890e-01
6.176000e+03 3.934890e-01
6.177000e+03 3.919900e-01
6.178000e+03 3.904900e-01
6.179000e+03 3.889890e-01
6.180000e+03 3.874880e-01
6.181000e+03 3.862770e-01
6.182000e+03 3.850660e-01
6.183000e+03 3.838550e-01
6.184000e+03 3.826420e-01
6.185000e+03 3.814300e-01
6.186000e+03 3.802190e-01
6.187000e+03 3.790050e-01
6.188000e+03 3.777920e-01
6.189000e+03 3.765770e-01
6.190000e+03 3.753630e-01
6.191000e+03 3.750750e-01
6.192000e+03 3.747870e-01
6.193000e+03 3.744990e-01
6.194000e+03 3.742100e-01
6.195000e+03 3.739210e-01
6.196000e+03 3.736320e-01
6.197000e+03 3.733440e-01
6.198000e+03 3.730550e-01
6.199000e+03 3.727650e-01
6.200000e+03 3.724760e-01
6.201000e+03 3.719670e-01
6.202000e+03 3.714580e-01
6.203000e+03 3.709500e-01
6.204000e+03 3.704400e-01
6.205000e+03 3.699320e-01
6.206000e+03 3.694220e-01
6.207000e+03 3.689120e-01
6.208000e+03 3.684030e-01
6.209000e+03 3.678940e-01
6.210000e+03 3.673840e-01
6.211000e+03 3.682730e-01
6.212000e+03 3.691600e-01
6.213000e+03 3.700480e-01
6.214000e+03 3.709350e-01
6.215000e+03 3.718230e-01
6.216000e+03 3.727110e-01
6.217000e+03 3.735990e-01
6.218000e+03 3.744880e-01
6.219000e+03 3.753760e-01
6.220000e+03 3.762640e-01
6.221000e+03 3.790280e-01
6.222000e+03 3.817920e-01
6.223000e+03 3.845580e-01
6.224000e+03 3.873230e-01
6.225000e+03 3.900900e-01
6.226000e+03 3.928580e-01
6.227000e+03 3.956270e-01
6.228000e+03 3.983970e-01
6.229000e+03 4.011670e-01
6.230000e+03 4.039380e-01
6.231000e+03 4.048910e-01
6.232000e+03 4.058450e-01
6.233000e+03 4.067980e-01
6.234000e+03 4.077520e-01
6.235000e+03 4.087060e-01
6.236000e+03 4.096590e-01
6.237000e+03 4.106130e-01
6.238000e+03 4.115670e-01
6.239000e+03 4.125220e-01
6.240000e+03 4.134750e-01
6.241000e+03 4.151830e-01
6.242000e+03 4.168910e-01
6.243000e+03 4.185990e-01
6.244000e+03 4.203070e-01
6.245000e+03 4.220170e-01
6.246000e+03 4.237260e-01
6.247000e+03 4.254360e-01
6.248000e+03 4.271460e-01
6.249000e+03 4.288560e-01
6.250000e+03 4.305680e-01
6.251000e+03 4.305330e-01
6.252000e+03 4.304990e-01
6.253000e+03 4.304660e-01
6.254000e+03 4.304300e-01
6.255000e+03 4.303960e-01
6.256000e+03 4.303630e-01
6.257000e+03 4.303280e-01
6.258000e+03 4.302930e-01
6.259000e+03 4.302580e-01
6.260000e+03 4.302240e-01
6.261000e+03 4.305500e-01
6.262000e+03 4.308740e-01
6.263000e+03 4.311990e-01
6.264000e+03 4.315240e-01
6.265000e+03 4.318480e-01
6.266000e+03 4.321740e-01
6.267000e+03 4.324990e-01
6.268000e+03 4.328240e-01
6.269000e+03 4.331500e-01
6.270000e+03 4.334750e-01
6.271000e+03 4.341340e-01
6.272000e+03 4.347930e-01
6.273000e+03 4.354520e-01
6.274000e+03 4.361120e-01
6.275000e+03 4.367720e-01
6.276000e+03 4.374310e-01
6.277000e+03 4.380920e-01
6.278000e+03 4.387520e-01
6.279000e+03 4.394130e-01
6.280000e+03 4.400740e-01
6.281000e+03 4.386460e-01
6.282000e+03 4.372180e-01
6.283000e+03 4.357890e-01
6.284000e+03 4.343610e-01
6.285000e+03 4.329320e-01
6.286000e+03 4.315030e-01
6.287000e+03 4.300740e-01
6.288000e+03 4.286440e-01
6.289000e+03 4.272160e-01
6.290000e+03 4.257860e-01
6.291000e+03 4.262910e-01
6.292000e+03 4.267960e-01
6.293000e+03 4.273010e-01
6.294000e+03 4.278070e-01
6.295000e+03 4.283120e-01
6.296000e+03 4.288180e-01
6.297000e+03 4.293230e-01
6.298000e+03 4.298290e-01
6.299000e+03 4.303350e-01
6.300000e+03 4.308410e-01
6.301000e+03 4.297870e-01
6.302000e+03 4.287330e-01
6.303000e+03 4.276800e-01
6.304000e+03 4.266250e-01
6.305000e+03 4.255720e-01
6.306000e+03 4.245160e-01
6.307000e+03 4.234620e-01
6.308000e+03 4.224080e-01
6.309000e+03 4.213530e-01
6.310000e+03 4.202980e-01
6.311000e+03 4.205270e-01
6.312000e+03 4.207570e-01
6.313000e+03 4.209870e-01
6.314000e+03 4.212160e-01
6.315000e+03 4.214460e-01
6.316000e+03 4.216770e-01
6.317000e+03 4.219050e-01
6.318000e+03 4.221360e-01
6.319000e+03 4.223660e-01
6.320000e+03 4.225960e-01
6.321000e+03 4.221330e-01
6.322000e+03 4.216700e-01
6.323000e+03 4.212080e-01
6.324000e+03 4.207450e-01
6.325000e+03 4.202820e-01
6.326000e+03 4.198190e-01
6.327000e+03 4.193550e-01
6.328000e+03 4.188920e-01
6.329000e+03 4.184280e-01
6.330000e+03 4.179640e-01
6.331000e+03 4.188680e-01
6.332000e+03 4.197710e-01
6.333000e+03 4.206740e-01
6.334000e+03 4.215790e-01
6.335000e+03 4.224830e-01
6.336000e+03 4.233870e-01
6.337000e+03 4.242920e-01
6.338000e+03 4.251970e-01
6.339000e+03 4.261020e-01
6.340000e+03 4.270080e-01
6.341000e+03 4.263700e-01
6.342000e+03 4.257320e-01
6.343000e+03 4.250940e-01
6.344000e+03 4.244570e-01
6.345000e+03 4.238190e-01
6.346000e+03 4.231810e-01
6.347000e+03 4.225430e-01
6.348000e+03 4.219050e-01
6.349000e+03 4.212670e-01
6.350000e+03 4.206300e-01
6.351000e+03 4.243640e-01
6.352000e+03 4.280990e-01
6.353000e+03 4.318350e-01
6.354000e+03 4.355720e-01
6.355000e+03 4.393110e-01
6.356000e+03 4.430500e-01
6.357000e+03 4.467910e-01
6.358000e+03 4.505310e-01
6.359000e+03 4.542740e-01
6.360000e+03 4.580170e-01
6.361000e+03 4.538550e-01
6.362000e+03 4.496920e-01
6.363000e+03 4.455290e-01
6.364000e+03 4.413650e-01
6.365000e+03 4.372000e-01
6.366000e+03 4.330350e-01
6.367000e+03 4.288690e-01
6.368000e+03 4.247020e-01
6.369000e+03 4.205350e-01
6.370000e+03 4.163670e-01
6.371000e+03 4.178980e-01
6.372000e+03 4.194310e-01
6.373000e+03 4.209630e-01
6.374000e+03 4.224970e-01
6.375000e+03 4.240310e-01
6.376000e+03 4.255660e-01
6.377000e+03 4.271000e-01
6.378000e+03 4.286360e-01
6.379000e+03 4.301730e-01
6.380000e+03 4.317090e-01
6.381000e+03 4.275920e-01
6.382000e+03 4.234730e-01
6.383000e+03 4.193530e-01
6.384000e+03 4.152330e-01
6.385000e+03 4.111100e-01
6.386000e+03 4.069860e-01
6.387000e+03 4.028620e-01
6.388000e+03 3.987370e-01
6.389000e+03 3.946100e-01
6.390000e+03 3.904810e-01
6.391000e+03 3.917510e-01
6.392000e+03 3.930210e-01
6.393000e+03 3.942920e-01
6.394000e+03 3.955610e-01
6.395000e+03 3.968310e-01
6.396000e+03 3.981010e-01
6.397000e+03 3.993720e-01
6.398000e+03 4.006430e-01
6.399000e+03 4.019130e-01
6.400000e+03 4.031860e-01
6.401000e+03 4.016750e-01
6.402000e+03 4.001660e-01
6.403000e+03 3.986560e-01
6.404000e+03 3.971460e-01
6.405000e+03 3.956360e-01
6.406000e+03 3.941250e-01
6.407000e+03 3.926150e-01
6.408000e+03 3.911040e-01
6.409000e+03 3.895910e-01
6.410000e+03 3.880790e-01
6.411000e+03 3.906280e-01
6.412000e+03 3.931790e-01
6.413000e+03 3.957300e-01
6.414000e+03 3.982820e-01
6.415000e+03 4.008350e-01
6.416000e+03 4.033870e-01
6.417000e+03 4.059410e-01
6.418000e+03 4.084960e-01
6.419000e+03 4.110510e-01
6.420000e+03 4.136070e-01
6.421000e+03 4.118340e-01
6.422000e+03 4.100600e-01
6.423000e+03 4.082880e-01
6.424000e+03 4.065140e-01
6.425000e+03 4.047410e-01
6.426000e+03 4.029660e-01
6.427000e+03 4.011930e-01
6.428000e+03 3.994200e-01
6.429000e+03 3.976470e-01
6.430000e+03 3.958730e-01
6.431000e+03 3.999900e-01
6.432000e+03 4.041080e-01
6.433000e+03 4.082260e-01
6.434000e+03 4.123450e-01
6.435000e+03 4.164640e-01
6.436000e+03 4.205830e-01
6.437000e+03 4.247030e-01
6.438000e+03 4.288230e-01
6.439000e+03 4.329430e-01
6.440000e+03 4.370650e-01
6.441000e+03 4.354530e-01
6.442000e+03 4.338400e-01
6.443000e+03 4.322280e-01
6.444000e+03 4.306160e-01
6.445000e+03 4.290020e-01
6.446000e+03 4.273900e-01
6.447000e+03 4.257760e-01
6.448000e+03 4.241620e-01
6.449000e+03 4.225490e-01
6.450000e+03 4.209350e-01
6.451000e+03 4.248230e-01
6.452000e+03 4.287140e-01
6.453000e+03 4.326040e-01
6.454000e+03 4.364930e-01
6.455000e+03 4.403860e-01
6.456000e+03 4.442770e-01
6.457000e+03 4.481700e-01
6.458000e+03 4.520630e-01
6.459000e+03 4.559570e-01
6.460000e+03 4.598510e-01
6.461000e+03 4.569710e-01
6.462000e+03 4.540910e-01
6.463000e+03 4.512110e-01
6.464000e+03 4.483310e-01
6.465000e+03 4.454510e-01
6.466000e+03 4.425720e-01
6.467000e+03 4.396930e-01
6.468000e+03 4.368140e-01
6.469000e+03 4.339360e-01
6.470000e+03 4.310570e-01
6.471000e+03 4.339590e-01
6.472000e+03 4.368630e-01
6.473000e+03 4.397650e-01
6.474000e+03 4.426690e-01
6.475000e+03 4.455740e-01
6.476000e+03 4.484790e-01
6.477000e+03 4.513840e-01
6.478000e+03 4.542900e-01
6.479000e+03 4.571960e-01
6.480000e+03 4.601040e-01
6.481000e+03 4.566680e-01
6.482000e+03 4.532340e-01
6.483000e+03 4.497980e-01
6.484000e+03 4.463620e-01
6.485000e+03 4.429280e-01
6.486000e+03 4.394930e-01
6.487000e+03 4.360590e-01
6.488000e+03 4.326240e-01
6.489000e+03 4.291900e-01
6.490000e+03 4.257550e-01
6.491000e+03 4.278120e-01
6.492000e+03 4.298690e-01
6.493000e+03 4.319240e-01
6.494000e+03 4.339830e-01
6.495000e+03 4.360400e-01
6.496000e+03 4.380970e-01
6.497000e+03 4.401550e-01
6.498000e+03 4.422120e-01
6.499000e+03 4.442710e-01
6.500000e+03 4.463280e-01
6.501000e+03 4.422830e-01
6.502000e+03 4.382360e-01
6.503000e+03 4.341890e-01
6.504000e+03 4.301410e-01
6.505000e+03 4.260920e-01
6.506000e+03 4.220420e-01
6.507000e+03 4.179920e-01
6.508000e+03 4.139410e-01
6.509000e+03 4.098890e-01
6.510000e+03 4.058360e-01
6.511000e+03 4.069660e-01
6.512000e+03 4.080960e-01
6.513000e+03 4.092270e-01
6.514000e+03 4.103570e-01
6.515000e+03 4.114880e-01
6.516000e+03 4.126180e-01
6.517000e+03 4.137490e-01
6.518000e+03 4.148790e-01
6.519000e+03 4.160100e-01
6.520000e+03 4.171410e-01
6.521000e+03 4.149400e-01
6.522000e+03 4.127400e-01
6.523000e+03 4.105400e-01
6.524000e+03 4.083390e-01
6.525000e+03 4.061390e-01
6.526000e+03 4.039400e-01
6.527000e+03 4.017400e-01
6.528000e+03 3.995400e-01
6.529000e+03 3.973410e-01
6.530000e+03 3.951420e-01
6.531000e+03 3.981280e-01
6.532000e+03 4.011150e-01
6.533000e+03 4.041010e-01
6.534000e+03 4.070870e-01
6.535000e+03 4.100730e-01
6.536000e+03 4.130590e-01
6.537000e+03 4.160470e-01
6.538000e+03 4.190330e-01
6.539000e+03 4.220200e-01
6.540000e+03 4.250070e-01
6.541000e+03 4.224300e-01
6.542000e+03 4.198520e-01
6.543000e+03 4.172740e-01
6.544000e+03 4.146940e-01
6.545000e+03 4.121140e-01
6.546000e+03 4.095320e-01
6.547000e+03 4.069500e-01
6.548000e+03 4.043670e-01
6.549000e+03 4.017830e-01
6.550000e+03 3.991960e-01
6.551000e+03 4.028680e-01
6.552000e+03 4.065380e-01
6.553000e+03 4.102090e-01
6.554000e+03 4.138800e-01
6.555000e+03 4.175500e-01
6.556000e+03 4.212190e-01
6.557000e+03 4.248910e-01
6.558000e+03 4.285600e-01
6.559000e+03 4.322300e-01
6.560000e+03 4.358990e-01
6.561000e+03 4.338170e-01
6.562000e+03 4.317330e-01
6.563000e+03 4.296510e-01
6.564000e+03 4.275670e-01
6.565000e+03 4.254830e-01
6.566000e+03 4.233980e-01
6.567000e+03 4.213120e-01
6.568000e+03 4.192270e-01
6.569000e+03 4.171410e-01
6.570000e+03 4.150550e-01
6.571000e+03 4.165360e-01
6.572000e+03 4.180140e-01
6.573000e+03 4.194950e-01
6.574000e+03 4.209750e-01
6.575000e+03 4.224560e-01
6.576000e+03 4.239360e-01
6.577000e+03 4.254160e-01
6.578000e+03 4.268950e-01
6.579000e+03 4.283760e-01
6.580000e+03 4.298550e-01
6.581000e+03 4.283000e-01
6.582000e+03 4.267420e-01
6.583000e+03 4.251850e-01
6.584000e+03 4.236290e-01
6.585000e+03 4.220720e-01
6.586000e+03 4.205140e-01
6.587000e+03 4.189560e-01
6.588000e+03 4.173990e-01
6.589000e+03 4.158410e-01
6.590000e+03 4.142830e-01
6.591000e+03 4.147830e-01
6.592000e+03 4.152820e-01
6.593000e+03 4.157810e-01
6.594000e+03 4.162800e-01
6.595000e+03 4.167800e-01
6.596000e+03 4.172800e-01
6.597000e+03 4.177780e-01
6.598000e+03 4.182790e-01
6.599000e+03 4.187780e-01
6.600000e+03 4.192770e-01
6.601000e+03 4.168050e-01
6.602000e+03 4.143320e-01
6.603000e+03 4.118590e-01
6.604000e+03 4.093850e-01
6.605000e+03 4.069110e-01
6.606000e+03 4.044370e-01
6.607000e+03 4.019620e-01
6.608000e+03 3.994860e-01
6.609000e+03 3.970110e-01
6.610000e+03 3.945360e-01
6.611000e+03 3.964290e-01
6.612000e+03 3.983220e-01
6.613000e+03 4.002160e-01
6.614000e+03 4.021090e-01
6.615000e+03 4.040030e-01
6.616000e+03 4.058970e-01
6.617000e+03 4.077900e-01
6.618000e+03 4.096830e-01
6.619000e+03 4.115770e-01
6.620000e+03 4.134700e-01
6.621000e+03 4.137260e-01
6.622000e+03 4.139810e-01
6.623000e+03 4.142360e-01
6.624000e+03 4.144920e-01
6.625000e+03 4.147480e-01
6.626000e+03 4.150030e-01
6.627000e+03 4.152590e-01
6.628000e+03 4.155140e-01
6.629000e+03 4.157700e-01
6.630000e+03 4.160260e-01
6.631000e+03 4.158320e-01
6.632000e+03 4.156380e-01
6.633000e+03 4.154430e-01
6.634000e+03 4.152480e-01
6.635000e+03 4.150540e-01
6.636000e+03 4.148600e-01
6.637000e+03 4.146650e-01
6.638000e+03 4.144710e-01
6.639000e+03 4.142770e-01
6.640000e+03 4.140820e-01
6.641000e+03 4.173310e-01
6.642000e+03 4.205800e-01
6.643000e+03 4.238280e-01
6.644000e+03 4.270780e-01
6.645000e+03 4.303280e-01
6.646000e+03 4.335770e-01
6.647000e+03 4.368270e-01
6.648000e+03 4.400770e-01
6.649000e+03 4.433270e-01
6.650000e+03 4.465770e-01
6.651000e+03 4.443120e-01
6.652000e+03 4.420450e-01
6.653000e+03 4.397800e-01
6.654000e+03 4.375150e-01
6.655000e+03 4.352500e-01
6.656000e+03 4.329840e-01
6.657000e+03 4.307180e-01
6.658000e+03 4.284540e-01
6.659000e+03 4.261890e-01
6.660000e+03 4.239240e-01
6.661000e+03 4.276230e-01
6.662000e+03 4.313230e-01
6.663000e+03 4.350240e-01
6.664000e+03 4.387260e-01
6.665000e+03 4.424280e-01
6.666000e+03 4.461310e-01
6.667000e+03 4.498350e-01
6.668000e+03 4.535400e-01
6.669000e+03 4.572440e-01
6.670000e+03 4.609510e-01
6.671000e+03 4.583390e-01
6.672000e+03 4.557270e-01
6.673000e+03 4.531160e-01
6.674000e+03 4.505050e-01
6.675000e+03 4.478940e-01
6.676000e+03 4.452850e-01
6.677000e+03 4.426740e-01
6.678000e+03 4.400640e-01
6.679000e+03 4.374550e-01
6.680000e+03 4.348460e-01
6.681000e+03 4.381920e-01
6.682000e+03 4.415390e-01
6.683000e+03 4.448860e-01
6.684000e+03 4.482340e-01
6.685000e+03 4.515830e-01
6.686000e+03 4.549320e-01
6.687000e+03 4.582810e-01
6.688000e+03 4.616310e-01
6.689000e+03 4.649820e-01
6.690000e+03 4.683340e-01
6.691000e+03 4.642640e-01
6.692000e+03 4.601940e-01
6.693000e+03 4.561230e-01
6.694000e+03 4.520520e-01
6.695000e+03 4.479810e-01
6.696000e+03 4.439100e-01
6.697000e+03 4.398400e-01
6.698000e+03 4.357690e-01
6.699000e+03 4.316960e-01
6.700000e+03 4.276240e-01
6.701000e+03 4.290980e-01
6.702000e+03 4.305710e-01
6.703000e+03 4.320440e-01
6.704000e+03 4.335160e-01
6.705000e+03 4.349890e-01
6.706000e+03 4.364630e-01
6.707000e+03 4.379350e-01
6.708000e+03 4.394090e-01
6.709000e+03 4.408810e-01
6.710000e+03 4.423540e-01
6.711000e+03 4.401350e-01
6.712000e+03 4.379140e-01
6.713000e+03 4.356950e-01
6.714000e+03 4.334730e-01
6.715000e+03 4.312530e-01
6.716000e+03 4.290300e-01
6.717000e+03 4.268080e-01
6.718000e+03 4.245850e-01
6.719000e+03 4.223610e-01
6.720000e+03 4.201380e-01
6.721000e+03 4.204400e-01
6.722000e+03 4.207420e-01
6.723000e+03 4.210430e-01
6.724000e+03 4.213440e-01
6.725000e+03 4.216460e-01
6.726000e+03 4.219480e-01
6.727000e+03 4.222500e-01
6.728000e+03 4.225510e-01
6.729000e+03 4.228540e-01
6.730000e+03 4.231560e-01
6.731000e+03 4.217150e-01
6.732000e+03 4.202760e-01
6.733000e+03 4.188360e-01
6.734000e+03 4.173970e-01
6.735000e+03 4.159570e-01
6.736000e+03 4.145170e-01
6.737000e+03 4.130790e-01
6.738000e+03 4.116400e-01
6.739000e+03 4.102010e-01
6.740000e+03 4.087620e-01
6.741000e+03 4.112630e-01
6.742000e+03 4.137630e-01
6.743000e+03 4.162620e-01
6.744000e+03 4.187640e-01
6.745000e+03 4.212640e-01
6.746000e+03 4.237650e-01
6.747000e+03 4.262650e-01
6.748000e+03 4.287660e-01
6.749000e+03 4.312660e-01
6.750000e+03 4.337660e-01
6.751000e+03 4.313870e-01
6.752000e+03 4.290080e-01
6.753000e+03 4.266270e-01
6.754000e+03 4.242470e-01
6.755000e+03 4.218650e-01
6.756000e+03 4.194840e-01
6.757000e+03 4.171010e-01
6.758000e+03 4.147190e-01
6.759000e+03 4.123360e-01
6.760000e+03 4.099520e-01
6.761000e+03 4.094490e-01
6.762000e+03 4.089440e-01
6.763000e+03 4.084400e-01
6.764000e+03 4.079360e-01
6.765000e+03 4.074320e-01
6.766000e+03 4.069280e-01
6.767000e+03 4.064250e-01
6.768000e+03 4.059210e-01
6.769000e+03 4.054170e-01
6.770000e+03 4.049140e-01
6.771000e+03 4.100360e-01
6.772000e+03 4.151610e-01
6.773000e+03 4.202850e-01
6.774000e+03 4.254080e-01
6.775000e+03 4.305340e-01
6.776000e+03 4.356580e-01
6.777000e+03 4.407840e-01
6.778000e+03 4.459090e-01
6.779000e+03 4.510350e-01
6.780000e+03 4.561620e-01
6.781000e+03 4.515750e-01
6.782000e+03 4.469880e-01
6.783000e+03 4.424000e-01
6.784000e+03 4.378120e-01
6.785000e+03 4.332250e-01
6.786000e+03 4.286360e-01
6.787000e+03 4.240490e-01
6.788000e+03 4.194590e-01
6.789000e+03 4.148710e-01
6.790000e+03 4.102810e-01
6.791000e+03 4.138540e-01
6.792000e+03 4.174270e-01
6.793000e+03 4.209990e-01
6.794000e+03 4.245710e-01
6.795000e+03 4.281420e-01
6.796000e+03 4.317140e-01
6.797000e+03 4.352850e-01
6.798000e+03 4.388560e-01
6.799000e+03 4.424270e-01
6.800000e+03 4.459980e-01
6.801000e+03 4.426990e-01
6.802000e+03 4.394010e-01
6.803000e+03 4.361020e-01
6.804000e+03 4.328050e-01
6.805000e+03 4.295070e-01
6.806000e+03 4.262090e-01
6.807000e+03 4.229120e-01
6.808000e+03 4.196150e-01
6.809000e+03 4.163190e-01
6.810000e+03 4.130220e-01
6.811000e+03 4.135660e-01
6.812000e+03 4.141090e-01
6.813000e+03 4.146520e-01
6.814000e+03 4.151950e-01
6.815000e+03 4.157380e-01
6.816000e+03 4.162810e-01
6.817000e+03 4.168240e-01
6.818000e+03 4.173660e-01
6.819000e+03 4.179090e-01
6.820000e+03 4.184530e-01
6.821000e+03 4.167430e-01
6.822000e+03 4.150340e-01
6.823000e+03 4.133250e-01
6.824000e+03 4.116160e-01
6.825000e+03 4.099060e-01
6.826000e+03 4.081970e-01
6.827000e+03 4.064870e-01
6.828000e+03 4.047780e-01
6.829000e+03 4.030690e-01
6.830000e+03 4.013590e-01
6.831000e+03 4.038990e-01
6.832000e+03 4.064390e-01
6.833000e+03 4.089800e-01
6.834000e+03 4.115210e-01
6.835000e+03 4.140610e-01
6.836000e+03 4.166010e-01
6.837000e+03 4.191410e-01
6.838000e+03 4.216820e-01
6.839000e+03 4.242210e-01
6.840000e+03 4.267630e-01
6.841000e+03 4.243790e-01
6.842000e+03 4.219970e-01
6.843000e+03 4.196150e-01
6.844000e+03 4.172330e-01
6.845000e+03 4.148520e-01
6.846000e+03 4.124720e-01
6.847000e+03 4.100910e-01
6.848000e+03 4.077120e-01
6.849000e+03 4.053340e-01
6.850000e+03 4.029540e-01
6.851000e+03 4.059310e-01
6.852000e+03 4.089080e-01
6.853000e+03 4.118850e-01
6.854000e+03 4.148610e-01
6.855000e+03 4.178370e-01
6.856000e+03 4.208130e-01
6.857000e+03 4.237900e-01
6.858000e+03 4.267660e-01
6.859000e+03 4.297420e-01
6.860000e+03 4.327180e-01
6.861000e+03 4.307890e-01
6.862000e+03 4.288590e-01
6.863000e+03 4.269290e-01
6.864000e+03 4.249990e-01
6.865000e+03 4.230690e-01
6.866000e+03 4.211380e-01
6.867000e+03 4.192070e-01
6.868000e+03 4.172760e-01
6.869000e+03 4.153450e-01
6.870000e+03 4.134140e-01
6.871000e+03 4.155060e-01
6.872000e+03 4.175980e-01
6.873000e+03 4.196900e-01
6.874000e+03 4.217830e-01
6.875000e+03 4.238740e-01
6.876000e+03 4.259670e-01
6.877000e+03 4.280580e-01
6.878000e+03 4.301500e-01
6.879000e+03 4.322400e-01
6.880000e+03 4.343310e-01
6.881000e+03 4.313680e-01
6.882000e+03 4.284050e-01
6.883000e+03 4.254410e-01
6.884000e+03 4.224770e-01
6.885000e+03 4.195140e-01
6.886000e+03 4.165510e-01
6.887000e+03 4.135870e-01
6.888000e+03 4.106230e-01
6.889000e+03 4.076590e-01
6.890000e+03 4.046960e-01
6.891000e+03 4.055500e-01
6.892000e+03 4.064040e-01
6.893000e+03 4.072580e-01
6.894000e+03 4.081110e-01
6.895000e+03 4.089640e-01
6.896000e+03 4.098180e-01
6.897000e+03 4.106720e-01
6.898000e+03 4.115240e-01
6.899000e+03 4.123770e-01
6.900000e+03 4.132300e-01
6.901000e+03 4.094210e-01
6.902000e+03 4.056100e-01
6.903000e+03 4.018010e-01
6.904000e+03 3.979910e-01
6.905000e+03 3.941820e-01
6.906000e+03 3.903720e-01
6.907000e+03 3.865640e-01
6.908000e+03 3.827560e-01
6.909000e+03 3.789480e-01
6.910000e+03 3.751400e-01
6.911000e+03 3.764580e-01
6.912000e+03 3.777750e-01
6.913000e+03 3.790930e-01
6.914000e+03 3.804110e-01
6.915000e+03 3.817280e-01
6.916000e+03 3.830470e-01
6.917000e+03 3.843650e-01
6.918000e+03 3.856840e-01
6.919000e+03 3.870020e-01
6.920000e+03 3.883210e-01
6.921000e+03 3.850230e-01
6.922000e+03 3.817240e-01
6.923000e+03 3.784260e-01
6.924000e+03 3.751280e-01
6.925000e+03 3.718290e-01
6.926000e+03 3.685320e-01
6.927000e+03 3.652350e-01
6.928000e+03 3.619370e-01
6.929000e+03 3.586410e-01
6.930000e+03 3.553440e-01
6.931000e+03 3.583550e-01
6.932000e+03 3.613660e-01
6.933000e+03 3.643750e-01
6.934000e+03 3.673840e-01
6.935000e+03 3.703920e-01
6.936000e+03 3.734000e-01
6.937000e+03 3.764060e-01
6.938000e+03 3.794120e-01
6.939000e+03 3.824180e-01
6.940000e+03 3.854230e-01
6.941000e+03 3.835110e-01
6.942000e+03 3.815990e-01
6.943000e+03 3.796870e-01
6.944000e+03 3.777750e-01
6.945000e+03 3.758630e-01
6.946000e+03 3.739500e-01
6.947000e+03 3.720380e-01
6.948000e+03 3.701240e-01
6.949000e+03 3.682110e-01
6.950000e+03 3.662970e-01
6.951000e+03 3.703480e-01
6.952000e+03 3.743960e-01
6.953000e+03 3.784440e-01
6.954000e+03 3.824900e-01
6.955000e+03 3.865350e-01
6.956000e+03 3.905780e-01
6.957000e+03 3.946200e-01
6.958000e+03 3.986620e-01
6.959000e+03 4.027020e-01
6.960000e+03 4.067400e-01
6.961000e+03 4.071760e-01
6.962000e+03 4.076130e-01
6.963000e+03 4.080490e-01
6.964000e+03 4.084850e-01
6.965000e+03 4.089210e-01
6.966000e+03 4.093570e-01
6.967000e+03 4.097920e-01
6.968000e+03 4.102270e-01
6.969000e+03 4.106630e-01
6.970000e+03 4.110970e-01
6.971000e+03 4.130900e-01
6.972000e+03 4.150820e-01
6.973000e+03 4.170740e-01
6.974000e+03 4.190650e-01
6.975000e+03 4.210560e-01
6.976000e+03 4.230480e-01
6.977000e+03 4.250380e-01
6.978000e+03 4.270290e-01
6.979000e+03 4.290190e-01
6.980000e+03 4.310080e-01
6.981000e+03 4.288790e-01
6.982000e+03 4.267480e-01
6.983000e+03 4.246180e-01
6.984000e+03 4.224870e-01
6.985000e+03 4.203550e-01
6.986000e+03 4.182230e-01
6.987000e+03 4.160910e-01
6.988000e+03 4.139590e-01
6.989000e+03 4.118260e-01
6.990000e+03 4.096930e-01
6.991000e+03 4.114360e-01
6.992000e+03 4.131780e-01
6.993000e+03 4.149200e-01
6.994000e+03 4.166620e-01
6.995000e+03 4.184040e-01
6.996000e+03 4.201450e-01
6.997000e+03 4.218860e-01
6.998000e+03 4.236280e-01
6.999000e+03 4.253690e-01
7.000000e+03 4.271100e-01
7.001000e+03 4.254260e-01
7.002000e+03 4.237420e-01
7.003000e+03 4.220580e-01
7.004000e+03 4.203760e-01
7.005000e+03 4.186930e-01
7.006000e+03 4.170100e-01
7.007000e+03 4.153280e-01
7.008000e+03 4.136470e-01
7.009000e+03 4.119650e-01
7.010000e+03 4.102840e-01
7.011000e+03 4.111630e-01
7.012000e+03 4.120430e-01
7.013000e+03 4.129210e-01
7.014000e+03 4.137990e-01
7.015000e+03 4.146760e-01
7.016000e+03 4.155540e-01
7.017000e+03 4.164300e-01
7.018000e+03 4.173070e-01
7.019000e+03 4.181840e-01
7.020000e+03 4.190600e-01
7.021000e+03 4.165310e-01
7.022000e+03 4.140020e-01
7.023000e+03 4.114730e-01
7.024000e+03 4.089450e-01
7.025000e+03 4.064170e-01
7.026000e+03 4.038880e-01
7.027000e+03 4.013590e-01
7.028000e+03 3.988320e-01
7.029000e+03 3.963040e-01
7.030000e+03 3.937770e-01
7.031000e+03 3.964890e-01
7.032000e+03 3.992010e-01
7.033000e+03 4.019120e-01
7.034000e+03 4.046230e-01
7.035000e+03 4.073340e-01
7.036000e+03 4.100450e-01
7.037000e+03 4.127530e-01
7.038000e+03 4.154630e-01
7.039000e+03 4.181720e-01
7.040000e+03 4.208810e-01
7.041000e+03 4.185200e-01
7.042000e+03 4.161610e-01
7.043000e+03 4.138020e-01
7.044000e+03 4.114420e-01
7.045000e+03 4.090840e-01
7.046000e+03 4.067260e-01
7.047000e+03 4.043690e-01
7.048000e+03 4.020110e-01
7.049000e+03 3.996550e-01
7.050000e+03 3.972990e-01
7.051000e+03 4.002160e-01
7.052000e+03 4.031330e-01
7.053000e+03 4.060490e-01
7.054000e+03 4.089650e-01
7.055000e+03 4.118800e-01
7.056000e+03 4.147940e-01
7.057000e+03 4.177080e-01
7.058000e+03 4.206210e-01
7.059000e+03 4.235330e-01
7.060000e+03 4.264450e-01
7.061000e+03 4.237990e-01
7.062000e+03 4.211520e-01
7.063000e+03 4.185070e-01
7.064000e+03 4.158620e-01
7.065000e+03 4.132200e-01
7.066000e+03 4.105770e-01
7.067000e+03 4.079350e-01
7.068000e+03 4.052940e-01
7.069000e+03 4.026540e-01
7.070000e+03 4.000150e-01
7.071000e+03 3.943700e-01
7.072000e+03 3.887270e-01
7.073000e+03 3.830840e-01
7.074000e+03 3.774420e-01
7.075000e+03 3.718000e-01
7.076000e+03 3.661600e-01
7.077000e+03 3.605190e-01
7.078000e+03 3.548800e-01
7.079000e+03 3.492400e-01
7.080000e+03 3.436020e-01
7.081000e+03 3.298200e-01
7.082000e+03 3.160400e-01
7.083000e+03 3.022620e-01
7.084000e+03 2.884840e-01
7.085000e+03 2.747090e-01
7.086000e+03 2.609360e-01
7.087000e+03 2.471650e-01
7.088000e+03 2.333950e-01
7.089000e+03 2.196280e-01
7.090000e+03 2.058620e-01
7.091000e+03 1.971980e-01
7.092000e+03 1.885380e-01
7.093000e+03 1.798810e-01
7.094000e+03 1.712270e-01
7.095000e+03 1.625770e-01
7.096000e+03 1.539300e-01
7.097000e+03 1.452860e-01
7.098000e+03 1.366450e-01
7.099000e+03 1.280070e-01
7.100000e+03 1.193730e-01
7.101000e+03 1.143170e-01
7.102000e+03 1.092620e-01
7.103000e+03 1.042100e-01
7.104000e+03 9.915810e-02
7.105000e+03 9.410790e-02
7.106000e+03 8.905950e-02
7.107000e+03 8.401230e-02
7.108000e+03 7.896680e-02
7.109000e+03 7.392280e-02
7.110000e+03 6.888010e-02
7.111000e+03 6.668610e-02
7.112000e+03 6.449240e-02
7.113000e+03 6.229890e-02
7.114000e+03 6.010580e-02
7.115000e+03 5.791310e-02
7.116000e+03 5.572070e-02
7.117000e+03 5.352870e-02
7.118000e+03 5.133690e-02
7.119000e+03 4.914550e-02
7.120000e+03 4.695440e-02
7.121000e+03 4.560680e-02
7.122000e+03 4.425930e-02
7.123000e+03 4.291190e-02
7.124000e+03 4.156460e-02
7.125000e+03 4.021740e-02
7.126000e+03 3.887030e-02
7.127000e+03 3.752320e-02
7.128000e+03 3.617630e-02
7.129000e+03 3.482950e-02
7.130000e+03 3.348270e-02
7.131000e+03 3.287510e-02
7.132000e+03 3.226760e-02
7.133000e+03 3.166010e-02
7.134000e+03 3.105280e-02
7.135000e+03 3.044570e-02
7.136000e+03 2.983860e-02
7.137000e+03 2.923180e-02
7.138000e+03 2.862510e-02
7.139000e+03 2.801840e-02
7.140000e+03 2.741190e-02
7.141000e+03 2.677620e-02
7.142000e+03 2.614060e-02
7.143000e+03 2.550510e-02
7.144000e+03 2.486990e-02
7.145000e+03 2.423470e-02
7.146000e+03 2.359980e-02
7.147000e+03 2.296500e-02
7.148000e+03 2.233030e-02
7.149000e+03 2.169590e-02
7.150000e+03 2.106150e-02
7.151000e+03 2.043680e-02
7.152000e+03 1.981220e-02
7.153000e+03 1.918780e-02
7.154000e+03 1.856370e-02
7.155000e+03 1.793980e-02
7.156000e+03 1.731600e-02
7.157000e+03 1.669260e-02
7.158000e+03 1.606930e-02
7.159000e+03 1.544620e-02
7.160000e+03 1.482340e-02
7.161000e+03 1.421320e-02
7.162000e+03 1.360310e-02
7.163000e+03 1.299300e-02
7.164000e+03 1.238290e-02
7.165000e+03 1.177290e-02
7.166000e+03 1.116290e-02
7.167000e+03 1.055290e-02
7.168000e+03 9.942950e-03
7.169000e+03 9.333070e-03
7.170000e+03 8.723230e-03
7.171000e+03 8.288730e-03
7.172000e+03 7.854280e-03
7.173000e+03 7.419970e-03
7.174000e+03 6.985760e-03
7.175000e+03 6.551630e-03
7.176000e+03 6.117590e-03
7.177000e+03 5.683670e-03
7.178000e+03 5.249840e-03
7.179000e+03 4.816100e-03
7.180000e+03 4.382460e-03
7.181000e+03 4.189870e-03
7.182000e+03 3.997330e-03
7.183000e+03 3.804820e-03
7.184000e+03 3.612340e-03
7.185000e+03 3.419910e-03
7.186000e+03 3.227520e-03
7.187000e+03 3.035160e-03
7.188000e+03 2.842830e-03
7.189000e+03 2.650550e-03
7.190000e+03 2.458310e-03
7.191000e+03 2.383100e-03
7.192000e+03 2.307920e-03
7.193000e+03 2.232740e-03
7.194000e+03 2.157590e-03
7.195000e+03 2.082450e-03
7.196000e+03 2.007340e-03
7.197000e+03 1.932240e-03
7.198000e+03 1.857160e-03
7.199000e+03 1.782100e-03
7.200000e+03 1.707050e-03
7.201000e+03 1.631990e-03
7.202000e+03 1.556940e-03
7.203000e+03 1.481920e-03
7.204000e+03 1.406910e-03
7.205000e+03 1.331930e-03
7.206000e+03 1.256970e-03
7.207000e+03 1.182040e-03
7.208000e+03 1.107130e-03
7.209000e+03 1.032230e-03
7.210000e+03 9.573600e-04
7.211000e+03 9.389220e-04
7.212000e+03 9.204910e-04
7.213000e+03 9.020690e-04
7.214000e+03 8.836530e-04
7.215000e+03 8.652460e-04
7.216000e+03 8.468470e-04
7.217000e+03 8.284540e-04
7.218000e+03 8.100700e-04
7.219000e+03 7.916950e-04
7.220000e+03 7.733260e-04
7.221000e+03 7.549660e-04
7.222000e+03 7.366130e-04
7.223000e+03 7.182670e-04
7.224000e+03 6.999300e-04
7.225000e+03 6.816000e-04
7.226000e+03 6.632790e-04
7.227000e+03 6.449650e-04
7.228000e+03 6.266590e-04
7.229000e+03 6.083610e-04
7.230000e+03 5.900720e-04
7.231000e+03 5.718340e-04
7.232000e+03 5.536030e-04
7.233000e+03 5.353760e-04
7.234000e+03 5.171540e-04
7.235000e+03 4.989370e-04
7.236000e+03 4.807260e-04
7.237000e+03 4.625190e-04
7.238000e+03 4.443170e-04
7.239000e+03 4.261210e-04
7.240000e+03 4.079300e-04
7.241000e+03 3.897400e-04
7.242000e+03 3.715570e-04
7.243000e+03 3.533780e-04
7.244000e+03 3.352050e-04
7.245000e+03 3.170370e-04
7.246000e+03 2.988750e-04
7.247000e+03 2.807180e-04
7.248000e+03 2.625660e-04
7.249000e+03 2.444180e-04
7.250000e+03 2.262760e-04
7.251000e+03 2.222880e-04
7.252000e+03 2.183010e-04
7.253000e+03 2.143160e-04
7.254000e+03 2.103330e-04
7.255000e+03 2.063510e-04
7.256000e+03 2.023710e-04
7.257000e+03 1.983920e-04
7.258000e+03 1.944160e-04
7.259000e+03 1.904410e-04
7.260000e+03 1.864680e-04
7.261000e+03 1.825090e-04
7.262000e+03 1.785520e-04
7.263000e+03 1.745960e-04
7.264000e+03 1.706410e-04
7.265000e+03 1.666870e-04
7.266000e+03 1.627350e-04
7.267000e+03 1.587830e-04
7.268000e+03 1.548320e-04
7.269000e+03 1.508830e-04
7.270000e+03 1.469340e-04
7.271000e+03 1.429790e-04
7.272000e+03 1.390250e-04
7.273000e+03 1.350730e-04
7.274000e+03 1.311220e-04
7.275000e+03 1.271730e-04
7.276000e+03 1.232250e-04
7.277000e+03 1.192790e-04
7.278000e+03 1.153340e-04
7.279000e+03 1.113910e-04
7.280000e+03 1.074500e-04
7.281000e+03 1.035090e-04
7.282000e+03 9.956890e-05
7.283000e+03 9.563090e-05
