# # Wavelength(Angstrom)  Transmission
5.688000e+03 5.989970e-05
5.689000e+03 6.674100e-05
5.690000e+03 7.358150e-05
5.691000e+03 8.042130e-05
5.691579e+03 8.437450e-05
5.692000e+03 8.777470e-05
5.693000e+03 9.585040e-05
5.694000e+03 1.039250e-04
5.695000e+03 1.119990e-04
5.696000e+03 1.200730e-04
5.696580e+03 1.247550e-04
5.697000e+03 1.235150e-04
5.698000e+03 1.205600e-04
5.699000e+03 1.176060e-04
5.700000e+03 1.146520e-04
5.701000e+03 1.116990e-04
5.701582e+03 1.099810e-04
5.702000e+03 1.081290e-04
5.703000e+03 1.037020e-04
5.704000e+03 9.927560e-05
5.705000e+03 9.484980e-05
5.706000e+03 9.042450e-05
5.706583e+03 8.784470e-05
5.707000e+03 8.727750e-05
5.708000e+03 8.591750e-05
5.709000e+03 8.455760e-05
5.710000e+03 8.319780e-05
5.711000e+03 8.183120e-05
5.711584e+03 8.103740e-05
5.712000e+03 8.196710e-05
5.713000e+03 8.420170e-05
5.714000e+03 8.643610e-05
5.715000e+03 8.867020e-05
5.716000e+03 9.090420e-05
5.716585e+03 9.221190e-05
5.717000e+03 9.242980e-05
5.718000e+03 9.295520e-05
5.719000e+03 9.348060e-05
5.720000e+03 9.400590e-05
5.721000e+03 9.453120e-05
5.721587e+03 9.483940e-05
5.722000e+03 9.459410e-05
5.723000e+03 9.400050e-05
5.724000e+03 9.340690e-05
5.725000e+03 9.281340e-05
5.726000e+03 9.221990e-05
5.726588e+03 9.187070e-05
5.727000e+03 9.375920e-05
5.728000e+03 9.834670e-05
5.729000e+03 1.029250e-04
5.730000e+03 1.075110e-04
5.731000e+03 1.120970e-04
5.731589e+03 1.147990e-04
5.732000e+03 1.136130e-04
5.733000e+03 1.107230e-04
5.734000e+03 1.078340e-04
5.735000e+03 1.049450e-04
5.736000e+03 1.020570e-04
5.736591e+03 1.003500e-04
5.737000e+03 9.993880e-05
5.738000e+03 9.893350e-05
5.739000e+03 9.792830e-05
5.740000e+03 9.692320e-05
5.741000e+03 9.591820e-05
5.741592e+03 9.532300e-05
5.742000e+03 9.512920e-05
5.743000e+03 9.465370e-05
5.744000e+03 9.417830e-05
5.745000e+03 9.370290e-05
5.746000e+03 9.322760e-05
5.746593e+03 9.294100e-05
5.747000e+03 9.518410e-05
5.748000e+03 1.007060e-04
5.749000e+03 1.062280e-04
5.750000e+03 1.117490e-04
5.751000e+03 1.172700e-04
5.751595e+03 1.205530e-04
5.752000e+03 1.261260e-04
5.753000e+03 1.398750e-04
5.754000e+03 1.536230e-04
5.755000e+03 1.673690e-04
5.756000e+03 1.811140e-04
5.756596e+03 1.893080e-04
5.757000e+03 1.960680e-04
5.758000e+03 2.128080e-04
5.759000e+03 2.295450e-04
5.760000e+03 2.462810e-04
5.761000e+03 2.630160e-04
5.761598e+03 2.730160e-04
5.762000e+03 2.851150e-04
5.763000e+03 3.151560e-04
5.764000e+03 3.452180e-04
5.765000e+03 3.752780e-04
5.766000e+03 4.053340e-04
5.766599e+03 4.233400e-04
5.767000e+03 4.416530e-04
5.768000e+03 4.873310e-04
5.769000e+03 5.330040e-04
5.770000e+03 5.786720e-04
5.771000e+03 6.243360e-04
5.771600e+03 6.517370e-04
5.772000e+03 6.626200e-04
5.773000e+03 6.898320e-04
5.774000e+03 7.170410e-04
5.775000e+03 7.442480e-04
5.776000e+03 7.714520e-04
5.776602e+03 7.878160e-04
5.777000e+03 7.909110e-04
5.778000e+03 7.986780e-04
5.779000e+03 8.063760e-04
5.780000e+03 8.141410e-04
5.781000e+03 8.219060e-04
5.781603e+03 8.265870e-04
5.782000e+03 8.240780e-04
5.783000e+03 8.177550e-04
5.784000e+03 8.114340e-04
5.785000e+03 8.051130e-04
5.786000e+03 7.987930e-04
5.786604e+03 7.949760e-04
5.787000e+03 7.941700e-04
5.788000e+03 7.921340e-04
5.789000e+03 7.900990e-04
5.790000e+03 7.880640e-04
5.791000e+03 7.860290e-04
5.791605e+03 7.847970e-04
5.792000e+03 7.897110e-04
5.793000e+03 8.021640e-04
5.794000e+03 8.145460e-04
5.795000e+03 8.269950e-04
5.796000e+03 8.394440e-04
5.796607e+03 8.469980e-04
5.797000e+03 8.616400e-04
5.798000e+03 8.988880e-04
5.799000e+03 9.361310e-04
5.800000e+03 9.733710e-04
5.801000e+03 1.010610e-03
5.801608e+03 1.033260e-03
5.802000e+03 1.061020e-03
5.803000e+03 1.131900e-03
5.804000e+03 1.202780e-03
5.805000e+03 1.273650e-03
5.806000e+03 1.344510e-03
5.806609e+03 1.387690e-03
5.807000e+03 1.429650e-03
5.808000e+03 1.537050e-03
5.809000e+03 1.644310e-03
5.810000e+03 1.751690e-03
5.811000e+03 1.859060e-03
5.811611e+03 1.924640e-03
5.812000e+03 1.974760e-03
5.813000e+03 2.103540e-03
5.814000e+03 2.232320e-03
5.815000e+03 2.361080e-03
5.816000e+03 2.489820e-03
5.816612e+03 2.568650e-03
5.817000e+03 2.619900e-03
5.818000e+03 2.752070e-03
5.819000e+03 2.884240e-03
5.820000e+03 3.016390e-03
5.821000e+03 3.148520e-03
5.821614e+03 3.229620e-03
5.822000e+03 3.282500e-03
5.823000e+03 3.419140e-03
5.824000e+03 3.556030e-03
5.825000e+03 3.692920e-03
5.826000e+03 3.829790e-03
5.826615e+03 3.913920e-03
5.827000e+03 3.973720e-03
5.828000e+03 4.128930e-03
5.829000e+03 4.284120e-03
5.830000e+03 4.439300e-03
5.831000e+03 4.594530e-03
5.831616e+03 4.690180e-03
5.832000e+03 4.777980e-03
5.833000e+03 5.006750e-03
5.834000e+03 5.235510e-03
5.835000e+03 5.464250e-03
5.836000e+03 5.692970e-03
5.836618e+03 5.833930e-03
5.837000e+03 5.978710e-03
5.838000e+03 6.357850e-03
5.839000e+03 6.736980e-03
5.840000e+03 7.116070e-03
5.841000e+03 7.495140e-03
5.841619e+03 7.729820e-03
5.842000e+03 7.971810e-03
5.843000e+03 8.607160e-03
5.844000e+03 9.242460e-03
5.845000e+03 9.877710e-03
5.846000e+03 1.051290e-02
5.846620e+03 1.090680e-02
5.847000e+03 1.126490e-02
5.848000e+03 1.220740e-02
5.849000e+03 1.314980e-02
5.850000e+03 1.409100e-02
5.851000e+03 1.503320e-02
5.851622e+03 1.561890e-02
5.852000e+03 1.606550e-02
5.853000e+03 1.724560e-02
5.854000e+03 1.842570e-02
5.855000e+03 1.960570e-02
5.856000e+03 2.078560e-02
5.856623e+03 2.152060e-02
5.857000e+03 2.191210e-02
5.858000e+03 2.295070e-02
5.859000e+03 2.398910e-02
5.860000e+03 2.502750e-02
5.861000e+03 2.606580e-02
5.861625e+03 2.671430e-02
5.862000e+03 2.693300e-02
5.863000e+03 2.751330e-02
5.864000e+03 2.809580e-02
5.865000e+03 2.867830e-02
5.866000e+03 2.926080e-02
5.866625e+03 2.962510e-02
5.867000e+03 2.968770e-02
5.868000e+03 2.985510e-02
5.869000e+03 3.002240e-02
5.870000e+03 3.018980e-02
5.871000e+03 3.035710e-02
5.871627e+03 3.046200e-02
5.872000e+03 3.050020e-02
5.873000e+03 3.060250e-02
5.874000e+03 3.070470e-02
5.875000e+03 3.080700e-02
5.876000e+03 3.090660e-02
5.876628e+03 3.097090e-02
5.877000e+03 3.113490e-02
5.878000e+03 3.157630e-02
5.879000e+03 3.201770e-02
5.880000e+03 3.245910e-02
5.881000e+03 3.290040e-02
5.881630e+03 3.317830e-02
5.882000e+03 3.360090e-02
5.883000e+03 3.474240e-02
5.884000e+03 3.588380e-02
5.885000e+03 3.702520e-02
5.886000e+03 3.816640e-02
5.886631e+03 3.888640e-02
5.887000e+03 3.975100e-02
5.888000e+03 4.208970e-02
5.889000e+03 4.443150e-02
5.890000e+03 4.677320e-02
5.891000e+03 4.911470e-02
5.891632e+03 5.059530e-02
5.892000e+03 5.217190e-02
5.893000e+03 5.645980e-02
5.894000e+03 6.074740e-02
5.895000e+03 6.503460e-02
5.896000e+03 6.932160e-02
5.896634e+03 7.203850e-02
5.897000e+03 7.454810e-02
5.898000e+03 8.140060e-02
5.899000e+03 8.825260e-02
5.900000e+03 9.509600e-02
5.901000e+03 1.019470e-01
5.901635e+03 1.062950e-01
5.902000e+03 1.095420e-01
5.903000e+03 1.184320e-01
5.904000e+03 1.273220e-01
5.905000e+03 1.362110e-01
5.906000e+03 1.450990e-01
5.906636e+03 1.507540e-01
5.907000e+03 1.536040e-01
5.908000e+03 1.614390e-01
5.909000e+03 1.692730e-01
5.910000e+03 1.771070e-01
5.911000e+03 1.849250e-01
5.911638e+03 1.899200e-01
5.912000e+03 1.914580e-01
5.913000e+03 1.957050e-01
5.914000e+03 1.999510e-01
5.915000e+03 2.041970e-01
5.916000e+03 2.084430e-01
5.916639e+03 2.111570e-01
5.917000e+03 2.115270e-01
5.918000e+03 2.125530e-01
5.919000e+03 2.135790e-01
5.920000e+03 2.146040e-01
5.921000e+03 2.156300e-01
5.921641e+03 2.162870e-01
5.922000e+03 2.165350e-01
5.923000e+03 2.172070e-01
5.924000e+03 2.178970e-01
5.925000e+03 2.185860e-01
5.926000e+03 2.192760e-01
5.926642e+03 2.197190e-01
5.927000e+03 2.204950e-01
5.928000e+03 2.226620e-01
5.929000e+03 2.248290e-01
5.930000e+03 2.269960e-01
5.931000e+03 2.291630e-01
5.931643e+03 2.305560e-01
5.932000e+03 2.318650e-01
5.933000e+03 2.355320e-01
5.934000e+03 2.391790e-01
5.935000e+03 2.428460e-01
5.936000e+03 2.465120e-01
5.936645e+03 2.488750e-01
5.937000e+03 2.502470e-01
5.938000e+03 2.541050e-01
5.939000e+03 2.579630e-01
5.940000e+03 2.618210e-01
5.941000e+03 2.656780e-01
5.941646e+03 2.681680e-01
5.942000e+03 2.690570e-01
5.943000e+03 2.715660e-01
5.944000e+03 2.740740e-01
5.945000e+03 2.765580e-01
5.946000e+03 2.790660e-01
5.946647e+03 2.806880e-01
5.947000e+03 2.808540e-01
5.948000e+03 2.813230e-01
5.949000e+03 2.817920e-01
5.950000e+03 2.822620e-01
5.951000e+03 2.827310e-01
5.951648e+03 2.830350e-01
5.952000e+03 2.826640e-01
5.953000e+03 2.816100e-01
5.954000e+03 2.805550e-01
5.955000e+03 2.795010e-01
5.956000e+03 2.784220e-01
5.956650e+03 2.777370e-01
5.957000e+03 2.772220e-01
5.958000e+03 2.757520e-01
5.959000e+03 2.742810e-01
5.960000e+03 2.728110e-01
5.961000e+03 2.713410e-01
5.961651e+03 2.703840e-01
5.962000e+03 2.700190e-01
5.963000e+03 2.689760e-01
5.964000e+03 2.679330e-01
5.965000e+03 2.668900e-01
5.966000e+03 2.658250e-01
5.966652e+03 2.651440e-01
5.967000e+03 2.650360e-01
5.968000e+03 2.647260e-01
5.969000e+03 2.644150e-01
5.970000e+03 2.641050e-01
5.971000e+03 2.637950e-01
5.971654e+03 2.635920e-01
5.972000e+03 2.637100e-01
5.973000e+03 2.640510e-01
5.974000e+03 2.643920e-01
5.975000e+03 2.647330e-01
5.976000e+03 2.650510e-01
5.976655e+03 2.652740e-01
5.977000e+03 2.655510e-01
5.978000e+03 2.663550e-01
5.979000e+03 2.671580e-01
5.980000e+03 2.679610e-01
5.981000e+03 2.687640e-01
5.981657e+03 2.692910e-01
5.982000e+03 2.696120e-01
5.983000e+03 2.705460e-01
5.984000e+03 2.714810e-01
5.985000e+03 2.724150e-01
5.986000e+03 2.733500e-01
5.986658e+03 2.739490e-01
5.987000e+03 2.742510e-01
5.988000e+03 2.751570e-01
5.989000e+03 2.760630e-01
5.990000e+03 2.769690e-01
5.991000e+03 2.778750e-01
5.991659e+03 2.784720e-01
5.992000e+03 2.786920e-01
5.993000e+03 2.793370e-01
5.994000e+03 2.799830e-01
5.995000e+03 2.806280e-01
5.996000e+03 2.812730e-01
5.996661e+03 2.816830e-01
5.997000e+03 2.817760e-01
5.998000e+03 2.820750e-01
5.999000e+03 2.823730e-01
6.000000e+03 2.826720e-01
6.001000e+03 2.829920e-01
6.001662e+03 2.832030e-01
6.002000e+03 2.832450e-01
6.003000e+03 2.833680e-01
6.004000e+03 2.834910e-01
6.005000e+03 2.836140e-01
6.006000e+03 2.837130e-01
6.006663e+03 2.837940e-01
6.007000e+03 2.837590e-01
6.008000e+03 2.836530e-01
6.009000e+03 2.835470e-01
6.010000e+03 2.834400e-01
6.011000e+03 2.833350e-01
6.011665e+03 2.832640e-01
6.012000e+03 2.831790e-01
6.013000e+03 2.829260e-01
6.014000e+03 2.826730e-01
6.015000e+03 2.824190e-01
6.016000e+03 2.821420e-01
6.016666e+03 2.819730e-01
6.017000e+03 2.818520e-01
6.018000e+03 2.814890e-01
6.019000e+03 2.811250e-01
6.020000e+03 2.807620e-01
6.021000e+03 2.803990e-01
6.021667e+03 2.801560e-01
6.022000e+03 2.799960e-01
6.023000e+03 2.795140e-01
6.024000e+03 2.790320e-01
6.025000e+03 2.785260e-01
6.026000e+03 2.780440e-01
6.026668e+03 2.777210e-01
6.027000e+03 2.775540e-01
6.028000e+03 2.770480e-01
6.029000e+03 2.765420e-01
6.030000e+03 2.760360e-01
6.031000e+03 2.755270e-01
6.031670e+03 2.751860e-01
6.032000e+03 2.750340e-01
6.033000e+03 2.745720e-01
6.034000e+03 2.741110e-01
6.035000e+03 2.736260e-01
6.036000e+03 2.731650e-01
6.036671e+03 2.728550e-01
6.037000e+03 2.727540e-01
6.038000e+03 2.724470e-01
6.039000e+03 2.721400e-01
6.040000e+03 2.718330e-01
6.041000e+03 2.715260e-01
6.041672e+03 2.713200e-01
6.042000e+03 2.713010e-01
6.043000e+03 2.712440e-01
6.044000e+03 2.711630e-01
6.045000e+03 2.711060e-01
6.046000e+03 2.710490e-01
6.046674e+03 2.710100e-01
6.047000e+03 2.710620e-01
6.048000e+03 2.712220e-01
6.049000e+03 2.713820e-01
6.050000e+03 2.715410e-01
6.051000e+03 2.717010e-01
6.051675e+03 2.718090e-01
6.052000e+03 2.718930e-01
6.053000e+03 2.721270e-01
6.054000e+03 2.723850e-01
6.055000e+03 2.726430e-01
6.056000e+03 2.729000e-01
6.056677e+03 2.730750e-01
6.057000e+03 2.731750e-01
6.058000e+03 2.734850e-01
6.059000e+03 2.737960e-01
6.060000e+03 2.741060e-01
6.061000e+03 2.744160e-01
6.061678e+03 2.746110e-01
6.062000e+03 2.747060e-01
6.063000e+03 2.750250e-01
6.064000e+03 2.753440e-01
6.065000e+03 2.756630e-01
6.066000e+03 2.759820e-01
6.066679e+03 2.761990e-01
6.067000e+03 2.763210e-01
6.068000e+03 2.767010e-01
6.069000e+03 2.770810e-01
6.070000e+03 2.774610e-01
6.071000e+03 2.778170e-01
6.071681e+03 2.780750e-01
6.072000e+03 2.782260e-01
6.073000e+03 2.786960e-01
6.074000e+03 2.791670e-01
6.075000e+03 2.796380e-01
6.076000e+03 2.801080e-01
6.076682e+03 2.804290e-01
6.077000e+03 2.806050e-01
6.078000e+03 2.811560e-01
6.079000e+03 2.817080e-01
6.080000e+03 2.822360e-01
6.081000e+03 2.827880e-01
6.081683e+03 2.831650e-01
6.082000e+03 2.833040e-01
6.083000e+03 2.837430e-01
6.084000e+03 2.841830e-01
6.085000e+03 2.846220e-01
6.086000e+03 2.850620e-01
6.086685e+03 2.853620e-01
6.087000e+03 2.853660e-01
6.088000e+03 2.853520e-01
6.089000e+03 2.853630e-01
6.090000e+03 2.853730e-01
6.091000e+03 2.853840e-01
6.091686e+03 2.853910e-01
6.092000e+03 2.851980e-01
6.093000e+03 2.845830e-01
6.094000e+03 2.839680e-01
6.095000e+03 2.833530e-01
6.096000e+03 2.827380e-01
6.096688e+03 2.822990e-01
6.097000e+03 2.818920e-01
6.098000e+03 2.806140e-01
6.099000e+03 2.793370e-01
6.100000e+03 2.780590e-01
6.101000e+03 2.767810e-01
6.101688e+03 2.759010e-01
6.102000e+03 2.753590e-01
6.103000e+03 2.736180e-01
6.104000e+03 2.718770e-01
6.105000e+03 2.701130e-01
6.106000e+03 2.683720e-01
6.106690e+03 2.671710e-01
6.107000e+03 2.666290e-01
6.108000e+03 2.648820e-01
6.109000e+03 2.631340e-01
6.110000e+03 2.613870e-01
6.111000e+03 2.596390e-01
6.111691e+03 2.584310e-01
6.112000e+03 2.579980e-01
6.113000e+03 2.565960e-01
6.114000e+03 2.551710e-01
6.115000e+03 2.537690e-01
6.116000e+03 2.523660e-01
6.116693e+03 2.513940e-01
6.117000e+03 2.511480e-01
6.118000e+03 2.503470e-01
6.119000e+03 2.495450e-01
6.120000e+03 2.487430e-01
6.121000e+03 2.479420e-01
6.121694e+03 2.473710e-01
6.122000e+03 2.473150e-01
6.123000e+03 2.471520e-01
6.124000e+03 2.469890e-01
6.125000e+03 2.468260e-01
6.126000e+03 2.466640e-01
6.126695e+03 2.465510e-01
6.127000e+03 2.466650e-01
6.128000e+03 2.470400e-01
6.129000e+03 2.474150e-01
6.130000e+03 2.477690e-01
6.131000e+03 2.481440e-01
6.131697e+03 2.484060e-01
6.132000e+03 2.486490e-01
6.133000e+03 2.494500e-01
6.134000e+03 2.502510e-01
6.135000e+03 2.510530e-01
6.136000e+03 2.518540e-01
6.136698e+03 2.524140e-01
6.137000e+03 2.527240e-01
6.138000e+03 2.537310e-01
6.139000e+03 2.547600e-01
6.140000e+03 2.557890e-01
6.141000e+03 2.568180e-01
6.141699e+03 2.575370e-01
6.142000e+03 2.578790e-01
6.143000e+03 2.590140e-01
6.144000e+03 2.601500e-01
6.145000e+03 2.612850e-01
6.146000e+03 2.623980e-01
6.146701e+03 2.631940e-01
6.147000e+03 2.635390e-01
6.148000e+03 2.646890e-01
6.149000e+03 2.658400e-01
6.150000e+03 2.669910e-01
6.151000e+03 2.681420e-01
6.151702e+03 2.689500e-01
6.152000e+03 2.692860e-01
6.153000e+03 2.704140e-01
6.154000e+03 2.715190e-01
6.155000e+03 2.726470e-01
6.156000e+03 2.737760e-01
6.156704e+03 2.745700e-01
6.157000e+03 2.748750e-01
6.158000e+03 2.759050e-01
6.159000e+03 2.769350e-01
6.160000e+03 2.779650e-01
6.161000e+03 2.789950e-01
6.161705e+03 2.797040e-01
6.162000e+03 2.799300e-01
6.163000e+03 2.807160e-01
6.164000e+03 2.815030e-01
6.165000e+03 2.822890e-01
6.166000e+03 2.830760e-01
6.166706e+03 2.836310e-01
6.167000e+03 2.837710e-01
6.168000e+03 2.842470e-01
6.169000e+03 2.846990e-01
6.170000e+03 2.851750e-01
6.171000e+03 2.856510e-01
6.171708e+03 2.859880e-01
6.172000e+03 2.860440e-01
6.173000e+03 2.862370e-01
6.174000e+03 2.864300e-01
6.175000e+03 2.866220e-01
6.176000e+03 2.868150e-01
6.176708e+03 2.869340e-01
6.177000e+03 2.869090e-01
6.178000e+03 2.868480e-01
6.179000e+03 2.867870e-01
6.180000e+03 2.867260e-01
6.181000e+03 2.866650e-01
6.181710e+03 2.866220e-01
6.182000e+03 2.865680e-01
6.183000e+03 2.863810e-01
6.184000e+03 2.861950e-01
6.185000e+03 2.859840e-01
6.186000e+03 2.857980e-01
6.186711e+03 2.856660e-01
6.187000e+03 2.856240e-01
6.188000e+03 2.854800e-01
6.189000e+03 2.853360e-01
6.190000e+03 2.851930e-01
6.191000e+03 2.850490e-01
6.191713e+03 2.849290e-01
6.192000e+03 2.849190e-01
6.193000e+03 2.849080e-01
6.194000e+03 2.848960e-01
6.195000e+03 2.848850e-01
6.196000e+03 2.848740e-01
6.196714e+03 2.848660e-01
6.197000e+03 2.848850e-01
6.198000e+03 2.849530e-01
6.199000e+03 2.850200e-01
6.200000e+03 2.850630e-01
6.201000e+03 2.851300e-01
6.201715e+03 2.851780e-01
6.202000e+03 2.852140e-01
6.203000e+03 2.853380e-01
6.204000e+03 2.854630e-01
6.205000e+03 2.855870e-01
6.206000e+03 2.857120e-01
6.206717e+03 2.857830e-01
6.207000e+03 2.858020e-01
6.208000e+03 2.858940e-01
6.209000e+03 2.859850e-01
6.210000e+03 2.860760e-01
6.211000e+03 2.861670e-01
6.211718e+03 2.862330e-01
6.212000e+03 2.862240e-01
6.213000e+03 2.861920e-01
6.214000e+03 2.861360e-01
6.215000e+03 2.861050e-01
6.216000e+03 2.860730e-01
6.216720e+03 2.860500e-01
6.217000e+03 2.859950e-01
6.218000e+03 2.857990e-01
6.219000e+03 2.856020e-01
6.220000e+03 2.854060e-01
6.221000e+03 2.851850e-01
6.221721e+03 2.850440e-01
6.222000e+03 2.849510e-01
6.223000e+03 2.846190e-01
6.224000e+03 2.842870e-01
6.225000e+03 2.839540e-01
6.226000e+03 2.836220e-01
6.226722e+03 2.833820e-01
6.227000e+03 2.832810e-01
6.228000e+03 2.829170e-01
6.229000e+03 2.825280e-01
6.230000e+03 2.821640e-01
6.231000e+03 2.818010e-01
6.231724e+03 2.815390e-01
6.232000e+03 2.814400e-01
6.233000e+03 2.810830e-01
6.234000e+03 2.807250e-01
6.235000e+03 2.803680e-01
6.236000e+03 2.799860e-01
6.236725e+03 2.797270e-01
6.237000e+03 2.796350e-01
6.238000e+03 2.793000e-01
6.239000e+03 2.789660e-01
6.240000e+03 2.786310e-01
6.241000e+03 2.782960e-01
6.241726e+03 2.780530e-01
6.242000e+03 2.779870e-01
6.243000e+03 2.777200e-01
6.244000e+03 2.774770e-01
6.245000e+03 2.772340e-01
6.246000e+03 2.769910e-01
6.246728e+03 2.768140e-01
6.247000e+03 2.767680e-01
6.248000e+03 2.765990e-01
6.249000e+03 2.764290e-01
6.250000e+03 2.762370e-01
6.251000e+03 2.760670e-01
6.251729e+03 2.759440e-01
6.252000e+03 2.759110e-01
6.253000e+03 2.757900e-01
6.254000e+03 2.756690e-01
6.255000e+03 2.755490e-01
6.256000e+03 2.754280e-01
6.256730e+03 2.753220e-01
6.257000e+03 2.752800e-01
6.258000e+03 2.751440e-01
6.259000e+03 2.750090e-01
6.260000e+03 2.748740e-01
6.261000e+03 2.747390e-01
6.261731e+03 2.746400e-01
6.262000e+03 2.746030e-01
6.263000e+03 2.744670e-01
6.264000e+03 2.743070e-01
6.265000e+03 2.741700e-01
6.266000e+03 2.740340e-01
6.266733e+03 2.739340e-01
6.267000e+03 2.738940e-01
6.268000e+03 2.737440e-01
6.269000e+03 2.735940e-01
6.270000e+03 2.734200e-01
6.271000e+03 2.732700e-01
6.271734e+03 2.731600e-01
6.272000e+03 2.731260e-01
6.273000e+03 2.729990e-01
6.274000e+03 2.728720e-01
6.275000e+03 2.727450e-01
6.276000e+03 2.726180e-01
6.276736e+03 2.725070e-01
6.277000e+03 2.724920e-01
6.278000e+03 2.724590e-01
6.279000e+03 2.724250e-01
6.280000e+03 2.723910e-01
6.281000e+03 2.723580e-01
6.281737e+03 2.723330e-01
6.282000e+03 2.723700e-01
6.283000e+03 2.725100e-01
6.284000e+03 2.726270e-01
6.285000e+03 2.727680e-01
6.286000e+03 2.729080e-01
6.286738e+03 2.730120e-01
6.287000e+03 2.731090e-01
6.288000e+03 2.734810e-01
6.289000e+03 2.738530e-01
6.290000e+03 2.742250e-01
6.291000e+03 2.745730e-01
6.291740e+03 2.748480e-01
6.292000e+03 2.749910e-01
6.293000e+03 2.755390e-01
6.294000e+03 2.760870e-01
6.295000e+03 2.766360e-01
6.296000e+03 2.771840e-01
6.296741e+03 2.775730e-01
6.297000e+03 2.777320e-01
6.298000e+03 2.783680e-01
6.299000e+03 2.790050e-01
6.300000e+03 2.796420e-01
6.301000e+03 2.802780e-01
6.301742e+03 2.807510e-01
6.302000e+03 2.809200e-01
6.303000e+03 2.815760e-01
6.304000e+03 2.822080e-01
6.305000e+03 2.828640e-01
6.306000e+03 2.835200e-01
6.306744e+03 2.840080e-01
6.307000e+03 2.841440e-01
6.308000e+03 2.846730e-01
6.309000e+03 2.852030e-01
6.310000e+03 2.857080e-01
6.311000e+03 2.862370e-01
6.311745e+03 2.866320e-01
6.312000e+03 2.867080e-01
6.313000e+03 2.870090e-01
6.314000e+03 2.873090e-01
6.315000e+03 2.876100e-01
6.316000e+03 2.879100e-01
6.316746e+03 2.881160e-01
6.317000e+03 2.881340e-01
6.318000e+03 2.882320e-01
6.319000e+03 2.883290e-01
6.320000e+03 2.884260e-01
6.321000e+03 2.885230e-01
6.321748e+03 2.885960e-01
6.322000e+03 2.885920e-01
6.323000e+03 2.885550e-01
6.324000e+03 2.885410e-01
6.325000e+03 2.885280e-01
6.326000e+03 2.885150e-01
6.326749e+03 2.885050e-01
6.327000e+03 2.884980e-01
6.328000e+03 2.884710e-01
6.329000e+03 2.884200e-01
6.330000e+03 2.883930e-01
6.331000e+03 2.883660e-01
6.331750e+03 2.883460e-01
6.332000e+03 2.883420e-01
6.333000e+03 2.883260e-01
6.334000e+03 2.883100e-01
6.335000e+03 2.882940e-01
6.336000e+03 2.882530e-01
6.336751e+03 2.882410e-01
6.337000e+03 2.882400e-01
6.338000e+03 2.882390e-01
6.339000e+03 2.882380e-01
6.340000e+03 2.882370e-01
6.341000e+03 2.882360e-01
6.341753e+03 2.882160e-01
6.342000e+03 2.882060e-01
6.343000e+03 2.881880e-01
6.344000e+03 2.881700e-01
6.345000e+03 2.881530e-01
6.346000e+03 2.881350e-01
6.346754e+03 2.881220e-01
6.347000e+03 2.881070e-01
6.348000e+03 2.880240e-01
6.349000e+03 2.879660e-01
6.350000e+03 2.879070e-01
6.351000e+03 2.878480e-01
6.351756e+03 2.878040e-01
6.352000e+03 2.877750e-01
6.353000e+03 2.876560e-01
6.354000e+03 2.875380e-01
6.355000e+03 2.873940e-01
6.356000e+03 2.872760e-01
6.356757e+03 2.871860e-01
6.357000e+03 2.871430e-01
6.358000e+03 2.869690e-01
6.359000e+03 2.867940e-01
6.360000e+03 2.866190e-01
6.361000e+03 2.864190e-01
6.361758e+03 2.862870e-01
6.362000e+03 2.862370e-01
6.363000e+03 2.860330e-01
6.364000e+03 2.858280e-01
6.365000e+03 2.856230e-01
6.366000e+03 2.854180e-01
6.366760e+03 2.852440e-01
6.367000e+03 2.851940e-01
6.368000e+03 2.850120e-01
6.369000e+03 2.848290e-01
6.370000e+03 2.846460e-01
6.371000e+03 2.844630e-01
6.371761e+03 2.843240e-01
6.372000e+03 2.842980e-01
6.373000e+03 2.841670e-01
6.374000e+03 2.840600e-01
6.375000e+03 2.839520e-01
6.376000e+03 2.838450e-01
6.376762e+03 2.837630e-01
6.377000e+03 2.837420e-01
6.378000e+03 2.836520e-01
6.379000e+03 2.835380e-01
6.380000e+03 2.834480e-01
6.381000e+03 2.833570e-01
6.381764e+03 2.832880e-01
6.382000e+03 2.832720e-01
6.383000e+03 2.832020e-01
6.384000e+03 2.831320e-01
6.385000e+03 2.830380e-01
6.386000e+03 2.829680e-01
6.386765e+03 2.829140e-01
6.387000e+03 2.829000e-01
6.388000e+03 2.828390e-01
6.389000e+03 2.827790e-01
6.390000e+03 2.827180e-01
6.391000e+03 2.826340e-01
6.391767e+03 2.825870e-01
6.392000e+03 2.825830e-01
6.393000e+03 2.825650e-01
6.394000e+03 2.825480e-01
6.395000e+03 2.825300e-01
6.396000e+03 2.825120e-01
6.396768e+03 2.824800e-01
6.397000e+03 2.824880e-01
6.398000e+03 2.825440e-01
6.399000e+03 2.826000e-01
6.400000e+03 2.826570e-01
6.401000e+03 2.827130e-01
6.401769e+03 2.827560e-01
6.402000e+03 2.827850e-01
6.403000e+03 2.828840e-01
6.404000e+03 2.830080e-01
6.405000e+03 2.831320e-01
6.406000e+03 2.832560e-01
6.406771e+03 2.833510e-01
6.407000e+03 2.833810e-01
6.408000e+03 2.835110e-01
6.409000e+03 2.836160e-01
6.410000e+03 2.837460e-01
6.411000e+03 2.838760e-01
6.411772e+03 2.839760e-01
6.412000e+03 2.839920e-01
6.413000e+03 2.840620e-01
6.414000e+03 2.841330e-01
6.415000e+03 2.841790e-01
6.416000e+03 2.842500e-01
6.416773e+03 2.843040e-01
6.417000e+03 2.842910e-01
6.418000e+03 2.842330e-01
6.419000e+03 2.841750e-01
6.420000e+03 2.840920e-01
6.421000e+03 2.840340e-01
6.421774e+03 2.839880e-01
6.422000e+03 2.839430e-01
6.423000e+03 2.837420e-01
6.424000e+03 2.835400e-01
6.425000e+03 2.833390e-01
6.426000e+03 2.831140e-01
6.426776e+03 2.829580e-01
6.427000e+03 2.828910e-01
6.428000e+03 2.825930e-01
6.429000e+03 2.822950e-01
6.430000e+03 2.819980e-01
6.431000e+03 2.816950e-01
6.431777e+03 2.814410e-01
6.432000e+03 2.813670e-01
6.433000e+03 2.810620e-01
6.434000e+03 2.807570e-01
6.435000e+03 2.804520e-01
6.436000e+03 2.801470e-01
6.436779e+03 2.799090e-01
6.437000e+03 2.798770e-01
6.438000e+03 2.797080e-01
6.439000e+03 2.795640e-01
6.440000e+03 2.794190e-01
6.441000e+03 2.792730e-01
6.441780e+03 2.791600e-01
6.442000e+03 2.791770e-01
6.443000e+03 2.792260e-01
6.444000e+03 2.793000e-01
6.445000e+03 2.793740e-01
6.446000e+03 2.794470e-01
6.446781e+03 2.795050e-01
6.447000e+03 2.795530e-01
6.448000e+03 2.797740e-01
6.449000e+03 2.799710e-01
6.450000e+03 2.801910e-01
6.451000e+03 2.804120e-01
6.451783e+03 2.805850e-01
6.452000e+03 2.806450e-01
6.453000e+03 2.809210e-01
6.454000e+03 2.811970e-01
6.455000e+03 2.814500e-01
6.456000e+03 2.817260e-01
6.456784e+03 2.819430e-01
6.457000e+03 2.819890e-01
6.458000e+03 2.822040e-01
6.459000e+03 2.824190e-01
6.460000e+03 2.826090e-01
6.461000e+03 2.828240e-01
6.461785e+03 2.829920e-01
6.462000e+03 2.830070e-01
6.463000e+03 2.830770e-01
6.464000e+03 2.831470e-01
6.465000e+03 2.832180e-01
6.466000e+03 2.832630e-01
6.466787e+03 2.833190e-01
6.467000e+03 2.833070e-01
6.468000e+03 2.832550e-01
6.469000e+03 2.832030e-01
6.470000e+03 2.831510e-01
6.471000e+03 2.830740e-01
6.471788e+03 2.830330e-01
6.472000e+03 2.830200e-01
6.473000e+03 2.829620e-01
6.474000e+03 2.829040e-01
6.475000e+03 2.828450e-01
6.476000e+03 2.827870e-01
6.476789e+03 2.827220e-01
6.477000e+03 2.827120e-01
6.478000e+03 2.826860e-01
6.479000e+03 2.826610e-01
6.480000e+03 2.826360e-01
6.481000e+03 2.826100e-01
6.481791e+03 2.825710e-01
6.482000e+03 2.825400e-01
6.483000e+03 2.824150e-01
6.484000e+03 2.822910e-01
6.485000e+03 2.821660e-01
6.486000e+03 2.820410e-01
6.486792e+03 2.819430e-01
6.487000e+03 2.818260e-01
6.488000e+03 2.812410e-01
6.489000e+03 2.806810e-01
6.490000e+03 2.801200e-01
6.491000e+03 2.795590e-01
6.491793e+03 2.791140e-01
6.492000e+03 2.788140e-01
6.493000e+03 2.773390e-01
6.494000e+03 2.758880e-01
6.495000e+03 2.744370e-01
6.496000e+03 2.729860e-01
6.496795e+03 2.718320e-01
6.497000e+03 2.712720e-01
6.498000e+03 2.685440e-01
6.499000e+03 2.657920e-01
6.500000e+03 2.630640e-01
6.501000e+03 2.602930e-01
6.501796e+03 2.580880e-01
6.502000e+03 2.572630e-01
6.503000e+03 2.532200e-01
6.504000e+03 2.491570e-01
6.505000e+03 2.451170e-01
6.506000e+03 2.410790e-01
6.506797e+03 2.378600e-01
6.507000e+03 2.368850e-01
6.508000e+03 2.320740e-01
6.509000e+03 2.272460e-01
6.510000e+03 2.224390e-01
6.511000e+03 2.176330e-01
6.511799e+03 2.137950e-01
6.512000e+03 2.128170e-01
6.513000e+03 2.079520e-01
6.514000e+03 2.030890e-01
6.515000e+03 1.982100e-01
6.516000e+03 1.933500e-01
6.516800e+03 1.894640e-01
6.517000e+03 1.886270e-01
6.518000e+03 1.844430e-01
6.519000e+03 1.802610e-01
6.520000e+03 1.760650e-01
6.521000e+03 1.718860e-01
6.521801e+03 1.685380e-01
6.522000e+03 1.679270e-01
6.523000e+03 1.648530e-01
6.524000e+03 1.617790e-01
6.525000e+03 1.586930e-01
6.526000e+03 1.556220e-01
6.526803e+03 1.531570e-01
6.527000e+03 1.527830e-01
6.528000e+03 1.508900e-01
6.529000e+03 1.489980e-01
6.530000e+03 1.471060e-01
6.531000e+03 1.452020e-01
6.531804e+03 1.436810e-01
6.532000e+03 1.434670e-01
6.533000e+03 1.423740e-01
6.534000e+03 1.412810e-01
6.535000e+03 1.401890e-01
6.536000e+03 1.390850e-01
6.536805e+03 1.382060e-01
6.537000e+03 1.379490e-01
6.538000e+03 1.366290e-01
6.539000e+03 1.353100e-01
6.540000e+03 1.339910e-01
6.541000e+03 1.326610e-01
6.541807e+03 1.315980e-01
6.542000e+03 1.310370e-01
6.543000e+03 1.281380e-01
6.544000e+03 1.252410e-01
6.545000e+03 1.223440e-01
6.546000e+03 1.194380e-01
6.546808e+03 1.170990e-01
6.547000e+03 1.161490e-01
6.548000e+03 1.112030e-01
6.549000e+03 1.062570e-01
6.550000e+03 1.013140e-01
6.551000e+03 9.636370e-02
6.551810e+03 9.236430e-02
6.552000e+03 9.126760e-02
6.553000e+03 8.550970e-02
6.554000e+03 7.975370e-02
6.555000e+03 7.399950e-02
6.556000e+03 6.824140e-02
6.556811e+03 6.357780e-02
6.557000e+03 6.266120e-02
6.558000e+03 5.781120e-02
6.559000e+03 5.296270e-02
6.560000e+03 4.811590e-02
6.561000e+03 4.326690e-02
6.561812e+03 3.933390e-02
6.562000e+03 3.873680e-02
6.563000e+03 3.556130e-02
6.564000e+03 3.238680e-02
6.565000e+03 2.921340e-02
6.566000e+03 2.604090e-02
6.566813e+03 2.345940e-02
6.567000e+03 2.311810e-02
6.568000e+03 2.129100e-02
6.569000e+03 1.946450e-02
6.570000e+03 1.763860e-02
6.571000e+03 1.581330e-02
6.571815e+03 1.432520e-02
6.572000e+03 1.414020e-02
6.573000e+03 1.314190e-02
6.574000e+03 1.214390e-02
6.575000e+03 1.114620e-02
6.576000e+03 1.014890e-02
6.576816e+03 9.334240e-03
6.577000e+03 9.233830e-03
6.578000e+03 8.687820e-03
6.579000e+03 8.141990e-03
6.580000e+03 7.596340e-03
6.581000e+03 7.050860e-03
6.581817e+03 6.604670e-03
6.582000e+03 6.549720e-03
6.583000e+03 6.249460e-03
6.584000e+03 5.949290e-03
6.585000e+03 5.649230e-03
6.586000e+03 5.349260e-03
6.586819e+03 5.103350e-03
6.587000e+03 5.074100e-03
6.588000e+03 4.913100e-03
6.589000e+03 4.752160e-03
6.590000e+03 4.591260e-03
6.591000e+03 4.430420e-03
6.591820e+03 4.298220e-03
6.592000e+03 4.286440e-03
6.593000e+03 4.221250e-03
6.594000e+03 4.156100e-03
6.595000e+03 4.090960e-03
6.596000e+03 4.025840e-03
6.596822e+03 3.972070e-03
6.597000e+03 3.971930e-03
6.598000e+03 3.971500e-03
6.599000e+03 3.971060e-03
6.600000e+03 3.970630e-03
6.601000e+03 3.970190e-03
6.601823e+03 3.969550e-03
6.602000e+03 3.972750e-03
6.603000e+03 3.991130e-03
6.604000e+03 4.009510e-03
6.605000e+03 4.027880e-03
6.606000e+03 4.045900e-03
6.606824e+03 4.061030e-03
6.607000e+03 4.056160e-03
6.608000e+03 4.028450e-03
6.609000e+03 4.000750e-03
6.610000e+03 3.973060e-03
6.611000e+03 3.945040e-03
6.611826e+03 3.922190e-03
6.612000e+03 3.899070e-03
6.613000e+03 3.766440e-03
6.614000e+03 3.633860e-03
6.615000e+03 3.501320e-03
6.616000e+03 3.368530e-03
6.616827e+03 3.259050e-03
6.617000e+03 3.224880e-03
6.618000e+03 3.027820e-03
6.619000e+03 2.830820e-03
6.620000e+03 2.633890e-03
6.621000e+03 2.436810e-03
6.621828e+03 2.273850e-03
6.622000e+03 2.243190e-03
6.623000e+03 2.064820e-03
6.624000e+03 1.886510e-03
6.625000e+03 1.708270e-03
6.626000e+03 1.529950e-03
6.626830e+03 1.382180e-03
6.627000e+03 1.362150e-03
6.628000e+03 1.244590e-03
6.629000e+03 1.127070e-03
6.630000e+03 1.009600e-03
6.631000e+03 8.920480e-04
6.631831e+03 7.944670e-04
6.632000e+03 7.832120e-04
6.633000e+03 7.166070e-04
6.634000e+03 6.500300e-04
6.635000e+03 5.834800e-04
6.636000e+03 5.169140e-04
6.636833e+03 4.615590e-04
6.637000e+03 4.557780e-04
6.638000e+03 4.212670e-04
6.639000e+03 3.867700e-04
6.640000e+03 3.522580e-04
6.641000e+03 3.177930e-04
6.641833e+03 2.890770e-04
6.642000e+03 2.862430e-04
6.643000e+03 2.692250e-04
6.644000e+03 2.522130e-04
6.645000e+03 2.351890e-04
6.646000e+03 2.181930e-04
6.646835e+03 2.040080e-04
6.647000e+03 2.022030e-04
6.648000e+03 1.912670e-04
6.649000e+03 1.803360e-04
6.650000e+03 1.693940e-04
6.651000e+03 1.584730e-04
6.651836e+03 1.493420e-04
6.652000e+03 1.480870e-04
6.653000e+03 1.404220e-04
6.654000e+03 1.327600e-04
6.655000e+03 1.250910e-04
6.656000e+03 1.174360e-04
6.656838e+03 1.110250e-04
6.657000e+03 1.099690e-04
6.658000e+03 1.034580e-04
6.659000e+03 9.694170e-05
6.660000e+03 9.043680e-05
6.661000e+03 8.393450e-05
6.661839e+03 7.848210e-05
6.662000e+03 7.851610e-05
6.663000e+03 7.872690e-05
6.664000e+03 7.893080e-05
6.665000e+03 7.914140e-05
6.666000e+03 7.935190e-05
6.666840e+03 7.952870e-05
6.667000e+03 7.955320e-05
6.668000e+03 7.970680e-05
6.669000e+03 7.985340e-05
6.670000e+03 8.000680e-05
6.671000e+03 8.016010e-05
6.671842e+03 8.028910e-05
6.672000e+03 8.040300e-05
6.673000e+03 8.111630e-05
6.674000e+03 8.183620e-05
6.675000e+03 8.255570e-05
6.676000e+03 8.327500e-05
6.676843e+03 8.388120e-05
6.677000e+03 8.355870e-05
6.678000e+03 8.149460e-05
6.679000e+03 7.943850e-05
6.680000e+03 7.738330e-05
6.681000e+03 7.532890e-05
6.681844e+03 7.359520e-05
6.682000e+03 7.417450e-05
6.683000e+03 7.788650e-05
6.684000e+03 8.160320e-05
6.685000e+03 8.531840e-05
6.686000e+03 8.903200e-05
6.686846e+03 9.216460e-05
6.687000e+03 9.340750e-05
6.688000e+03 1.014690e-04
6.689000e+03 1.095270e-04
6.690000e+03 1.175810e-04
6.691000e+03 1.256320e-04
6.691847e+03 1.324410e-04
6.692000e+03 1.343160e-04
6.693000e+03 1.465930e-04
6.694000e+03 1.588640e-04
6.695000e+03 1.711310e-04
6.696000e+03 1.833760e-04
6.696849e+03 1.937760e-04
6.697000e+03 1.955890e-04
6.698000e+03 2.075580e-04
6.699000e+03 2.195220e-04
6.700000e+03 2.314800e-04
6.701000e+03 2.434130e-04
6.701850e+03 2.535640e-04
6.702000e+03 2.552340e-04
6.703000e+03 2.663300e-04
6.704000e+03 2.774220e-04
6.705000e+03 2.884840e-04
6.706000e+03 2.995660e-04
6.706851e+03 3.089930e-04
6.707000e+03 3.071480e-04
6.708000e+03 2.947630e-04
6.709000e+03 2.823840e-04
6.710000e+03 2.699870e-04
6.711000e+03 2.576190e-04
6.711853e+03 2.470790e-04
6.712000e+03 2.440880e-04
6.713000e+03 2.238080e-04
6.714000e+03 2.035190e-04
6.715000e+03 1.832590e-04
6.716000e+03 1.630070e-04
6.716854e+03 1.457180e-04
6.717000e+03 1.438610e-04
6.718000e+03 1.311460e-04
6.719000e+03 1.184250e-04
6.720000e+03 1.057210e-04
6.721000e+03 9.302280e-05
6.721855e+03 8.217010e-05
6.722000e+03 8.059250e-05
6.723000e+03 6.971070e-05
6.724000e+03 5.884060e-05
