# # Wavelength(Angstrom)  Transmission
1.620000e+04 9.552050e-05
1.620443e+04 9.989070e-05
1.621000e+04 1.128070e-04
1.622000e+04 1.359360e-04
1.623000e+04 1.590120e-04
1.624000e+04 1.820340e-04
1.624944e+04 2.037150e-04
1.625000e+04 1.919890e-04
1.625194e+04 1.515000e-04
1.625444e+04 1.489740e-04
1.625694e+04 1.514120e-04
1.625944e+04 1.042200e-04
1.626000e+04 1.158560e-04
1.626194e+04 1.562840e-04
1.626444e+04 2.579160e-04
1.626694e+04 2.603190e-04
1.626944e+04 2.627210e-04
1.627000e+04 2.742870e-04
1.627194e+04 3.146760e-04
1.627445e+04 2.675190e-04
1.627695e+04 3.194420e-04
1.627945e+04 3.713340e-04
1.628000e+04 4.157010e-04
1.628195e+04 5.716840e-04
1.628445e+04 5.245070e-04
1.628695e+04 7.247120e-04
1.628945e+04 8.753520e-04
1.629000e+04 8.976350e-04
1.629195e+04 9.764710e-04
1.629445e+04 1.126960e-03
1.629695e+04 1.326780e-03
1.629945e+04 1.822910e-03
1.630000e+04 1.910060e-03
1.630195e+04 2.219980e-03
1.630445e+04 2.814340e-03
1.630695e+04 3.899530e-03
1.630945e+04 4.836100e-03
1.631000e+04 5.180490e-03
1.631196e+04 6.413540e-03
1.631446e+04 8.039400e-03
1.631696e+04 1.139030e-02
1.631946e+04 1.429560e-02
1.632000e+04 1.540780e-02
1.632196e+04 1.941710e-02
1.632446e+04 2.443740e-02
1.632696e+04 3.561190e-02
1.632946e+04 4.500770e-02
1.633000e+04 4.862160e-02
1.633196e+04 6.173380e-02
1.633446e+04 7.677710e-02
1.633696e+04 1.055380e-01
1.633946e+04 1.278370e-01
1.634000e+04 1.351410e-01
1.634196e+04 1.617780e-01
1.634446e+04 1.890620e-01
1.634696e+04 2.350050e-01
1.634946e+04 2.652970e-01
1.635000e+04 2.734590e-01
1.635197e+04 3.034300e-01
1.635447e+04 3.301000e-01
1.635697e+04 3.675520e-01
1.635947e+04 3.878090e-01
1.636000e+04 3.923700e-01
1.636197e+04 4.091580e-01
1.636447e+04 4.220340e-01
1.636697e+04 4.370540e-01
1.636947e+04 4.433890e-01
1.637000e+04 4.446480e-01
1.637197e+04 4.494050e-01
1.637447e+04 4.520130e-01
1.637697e+04 4.532490e-01
1.637947e+04 4.536530e-01
1.638000e+04 4.536760e-01
1.638197e+04 4.537630e-01
1.638447e+04 4.536280e-01
1.638697e+04 4.538310e-01
1.638948e+04 4.540340e-01
1.639000e+04 4.539950e-01
1.639198e+04 4.538460e-01
1.639448e+04 4.538050e-01
1.639698e+04 4.540070e-01
1.639948e+04 4.541610e-01
1.640000e+04 4.542030e-01
1.640198e+04 4.544160e-01
1.640448e+04 4.545390e-01
1.640698e+04 4.547100e-01
1.640948e+04 4.548320e-01
1.641000e+04 4.548980e-01
1.641198e+04 4.551490e-01
1.641448e+04 4.554180e-01
1.641698e+04 4.556860e-01
1.641948e+04 4.557110e-01
1.642000e+04 4.557160e-01
1.642198e+04 4.557350e-01
1.642448e+04 4.555160e-01
1.642699e+04 4.557840e-01
1.642949e+04 4.560520e-01
1.643000e+04 4.561070e-01
1.643199e+04 4.563200e-01
1.643449e+04 4.563930e-01
1.643699e+04 4.561390e-01
1.643949e+04 4.561300e-01
1.644000e+04 4.560880e-01
1.644199e+04 4.559250e-01
1.644449e+04 4.557690e-01
1.644699e+04 4.556130e-01
1.644949e+04 4.555070e-01
1.645000e+04 4.554650e-01
1.645199e+04 4.552210e-01
1.645449e+04 4.549140e-01
1.645699e+04 4.544130e-01
1.645949e+04 4.537170e-01
1.646000e+04 4.536160e-01
1.646200e+04 4.532980e-01
1.646450e+04 4.528990e-01
1.646700e+04 4.524520e-01
1.646950e+04 4.520540e-01
1.647000e+04 4.519450e-01
1.647200e+04 4.515090e-01
1.647450e+04 4.510140e-01
1.647700e+04 4.502270e-01
1.647950e+04 4.496350e-01
1.648000e+04 4.494390e-01
1.648200e+04 4.486550e-01
1.648450e+04 4.476750e-01
1.648700e+04 4.460990e-01
1.648950e+04 4.450090e-01
1.649000e+04 4.446870e-01
1.649200e+04 4.433850e-01
1.649451e+04 4.419570e-01
1.649701e+04 4.398010e-01
1.649951e+04 4.382760e-01
1.650000e+04 4.378600e-01
1.650201e+04 4.361690e-01
1.650451e+04 4.346450e-01
1.650701e+04 4.321530e-01
1.650951e+04 4.306790e-01
1.651000e+04 4.303520e-01
1.651201e+04 4.290130e-01
1.651451e+04 4.280240e-01
1.651701e+04 4.271810e-01
1.651951e+04 4.270160e-01
1.652000e+04 4.270880e-01
1.652201e+04 4.273060e-01
1.652451e+04 4.273830e-01
1.652701e+04 4.280880e-01
1.652951e+04 4.282610e-01
1.653000e+04 4.280030e-01
1.653202e+04 4.270140e-01
1.653452e+04 4.243840e-01
1.653702e+04 4.157210e-01
1.653952e+04 4.059970e-01
1.654000e+04 4.024150e-01
1.654202e+04 3.874370e-01
1.654452e+04 3.698000e-01
1.654702e+04 3.349770e-01
1.654952e+04 3.088080e-01
1.655000e+04 3.015890e-01
1.655202e+04 2.712530e-01
1.655452e+04 2.387300e-01
1.655702e+04 1.925610e-01
1.655952e+04 1.650800e-01
1.656000e+04 1.578130e-01
1.656202e+04 1.270900e-01
1.656452e+04 1.039210e-01
1.656702e+04 7.545430e-02
1.656953e+04 6.016110e-02
1.657000e+04 5.706610e-02
1.657203e+04 4.385190e-02
1.657453e+04 3.429890e-02
1.657703e+04 2.359720e-02
1.657953e+04 1.863360e-02
1.658000e+04 1.764100e-02
1.658203e+04 1.338750e-02
1.658453e+04 1.045410e-02
1.658703e+04 7.281060e-03
1.658953e+04 5.744980e-03
1.659000e+04 5.501300e-03
1.659203e+04 4.449920e-03
1.659453e+04 3.540100e-03
1.659703e+04 2.534400e-03
1.659953e+04 2.346450e-03
1.660000e+04 2.230570e-03
1.660203e+04 1.725000e-03
1.660453e+04 1.488370e-03
1.660704e+04 1.151370e-03
1.660954e+04 9.587190e-04
1.661000e+04 9.229310e-04
1.661204e+04 7.662270e-04
1.661454e+04 7.176060e-04
1.661704e+04 6.212880e-04
1.661954e+04 4.774270e-04
1.662000e+04 4.773370e-04
1.662204e+04 4.770290e-04
1.662454e+04 3.336560e-04
1.662704e+04 4.286460e-04
1.662954e+04 2.855370e-04
1.663000e+04 2.767670e-04
1.663204e+04 2.377590e-04
1.663454e+04 2.375700e-04
1.663704e+04 1.899070e-04
1.663954e+04 2.846350e-04
1.664000e+04 2.500580e-04
1.664204e+04 9.480370e-05
1.664454e+04 2.368220e-04
1.664705e+04 1.893080e-04
1.664955e+04 1.418690e-04
1.665000e+04 1.332790e-04
1.665205e+04 9.448690e-05
1.665455e+04 1.415850e-04
1.665705e+04 9.665110e-05
1.666000e+04 9.638790e-05
1.667000e+04 9.558780e-05
1.668000e+04 9.479130e-05
1.669000e+04 9.391170e-05
1.670000e+04 9.312330e-05
1.670456e+04 9.276480e-05
1.671000e+04 9.159840e-05
