# # Wavelength(Angstrom)  Transmission
1.211000e+04 1.091340e-04
1.212000e+04 1.144590e-04
1.212332e+04 1.162260e-04
1.213000e+04 1.551090e-04
1.214000e+04 2.133310e-04
1.214332e+04 2.327490e-04
1.215000e+04 2.753430e-04
1.216000e+04 3.389720e-04
1.216333e+04 3.601600e-04
1.217000e+04 4.767600e-04
1.218000e+04 6.516370e-04
1.218333e+04 7.101520e-04
1.219000e+04 8.451750e-04
1.220000e+04 1.047230e-03
1.220334e+04 1.114680e-03
1.221000e+04 1.270550e-03
1.222000e+04 1.505890e-03
1.222334e+04 1.584260e-03
1.223000e+04 1.988090e-03
1.224000e+04 2.595090e-03
1.224335e+04 2.798430e-03
1.225000e+04 3.407300e-03
1.226000e+04 4.326780e-03
1.226336e+04 4.634470e-03
1.227000e+04 5.837930e-03
1.228000e+04 7.650020e-03
1.228336e+04 8.259180e-03
1.229000e+04 1.061480e-02
1.230000e+04 1.417630e-02
1.230337e+04 1.537260e-02
1.231000e+04 2.005630e-02
1.232000e+04 2.712010e-02
1.232337e+04 2.950230e-02
1.233000e+04 3.888930e-02
1.234000e+04 5.310150e-02
1.234338e+04 5.789030e-02
1.235000e+04 7.574410e-02
1.236000e+04 1.027100e-01
1.236338e+04 1.118330e-01
1.237000e+04 1.426950e-01
1.238000e+04 1.895090e-01
1.238339e+04 2.053290e-01
1.239000e+04 2.463320e-01
1.240000e+04 3.083640e-01
1.240339e+04 3.294300e-01
1.241000e+04 3.650710e-01
1.242000e+04 4.193990e-01
1.242340e+04 4.377680e-01
1.243000e+04 4.580890e-01
1.244000e+04 4.888910e-01
1.244340e+04 4.993830e-01
1.245000e+04 5.060990e-01
1.246000e+04 5.167200e-01
1.246341e+04 5.201980e-01
1.247000e+04 5.211920e-01
1.248000e+04 5.227000e-01
1.248341e+04 5.232150e-01
1.249000e+04 5.220970e-01
1.250000e+04 5.208330e-01
1.250342e+04 5.202110e-01
1.251000e+04 5.183920e-01
1.252000e+04 5.156270e-01
1.252342e+04 5.146790e-01
1.253000e+04 5.129670e-01
1.254000e+04 5.107880e-01
1.254343e+04 5.098930e-01
1.255000e+04 5.080380e-01
1.256000e+04 5.052120e-01
1.256344e+04 5.043850e-01
1.257000e+04 5.032130e-01
1.258000e+04 5.010050e-01
1.258344e+04 5.002450e-01
1.259000e+04 4.990990e-01
1.260000e+04 4.973500e-01
1.260345e+04 4.968820e-01
1.261000e+04 4.963120e-01
1.262000e+04 4.950270e-01
1.262345e+04 4.945840e-01
1.263000e+04 4.946300e-01
1.264000e+04 4.947010e-01
1.264346e+04 4.948680e-01
1.265000e+04 4.957000e-01
1.266000e+04 4.965580e-01
1.266346e+04 4.968550e-01
1.267000e+04 4.980560e-01
1.268000e+04 4.998920e-01
1.268347e+04 5.006740e-01
1.269000e+04 5.025200e-01
1.270000e+04 5.049310e-01
1.270347e+04 5.057680e-01
1.271000e+04 5.076260e-01
1.272000e+04 5.104720e-01
1.272348e+04 5.116110e-01
1.273000e+04 5.135510e-01
1.274000e+04 5.161030e-01
1.274349e+04 5.169920e-01
1.275000e+04 5.182640e-01
1.276000e+04 5.202170e-01
1.276349e+04 5.208990e-01
1.277000e+04 5.220120e-01
1.278000e+04 5.241560e-01
1.278350e+04 5.247540e-01
1.279000e+04 5.249620e-01
1.280000e+04 5.252820e-01
1.280350e+04 5.253640e-01
1.281000e+04 5.254440e-01
1.282000e+04 5.260050e-01
1.282351e+04 5.260490e-01
1.283000e+04 5.260580e-01
1.284000e+04 5.260730e-01
1.284351e+04 5.260790e-01
1.285000e+04 5.259640e-01
1.286000e+04 5.262240e-01
1.286352e+04 5.261620e-01
1.287000e+04 5.261720e-01
1.288000e+04 5.261870e-01
1.288352e+04 5.261920e-01
1.289000e+04 5.262550e-01
1.290000e+04 5.267880e-01
1.290353e+04 5.268220e-01
1.291000e+04 5.272030e-01
1.292000e+04 5.277920e-01
1.292353e+04 5.280000e-01
1.293000e+04 5.280980e-01
1.294000e+04 5.286870e-01
1.294354e+04 5.287400e-01
1.295000e+04 5.292270e-01
1.296000e+04 5.299800e-01
1.296354e+04 5.302470e-01
1.297000e+04 5.306270e-01
1.298000e+04 5.312160e-01
1.298355e+04 5.315810e-01
1.299000e+04 5.311860e-01
1.300000e+04 5.301320e-01
1.300356e+04 5.298220e-01
1.301000e+04 5.254830e-01
1.302000e+04 5.187450e-01
1.302356e+04 5.164970e-01
1.303000e+04 5.031740e-01
1.304000e+04 4.820470e-01
1.304357e+04 4.745060e-01
1.305000e+04 4.471170e-01
1.306000e+04 4.045160e-01
1.306357e+04 3.892920e-01
1.307000e+04 3.526040e-01
1.308000e+04 2.957420e-01
1.308358e+04 2.752890e-01
1.309000e+04 2.418040e-01
1.310000e+04 1.896440e-01
1.310358e+04 1.709470e-01
1.311000e+04 1.475840e-01
1.312000e+04 1.111590e-01
1.312359e+04 9.811280e-02
1.313000e+04 8.430880e-02
1.314000e+04 6.268860e-02
1.314359e+04 5.491540e-02
1.315000e+04 4.730400e-02
1.316000e+04 3.541650e-02
1.316360e+04 3.114600e-02
1.317000e+04 2.697600e-02
1.318000e+04 2.043280e-02
1.318361e+04 1.807260e-02
1.319000e+04 1.575970e-02
1.320000e+04 1.214090e-02
1.320361e+04 1.083300e-02
1.321000e+04 9.471860e-03
1.322000e+04 7.347310e-03
1.322362e+04 6.576300e-03
1.323000e+04 5.830810e-03
1.324000e+04 4.663010e-03
1.324362e+04 4.240080e-03
1.325000e+04 3.742640e-03
1.326000e+04 2.962680e-03
1.326363e+04 2.679830e-03
1.327000e+04 2.411800e-03
1.328000e+04 1.992860e-03
1.328363e+04 1.839960e-03
1.329000e+04 1.642430e-03
1.330000e+04 1.332170e-03
1.330364e+04 1.219330e-03
1.331000e+04 1.117110e-03
1.332000e+04 9.564460e-04
1.332364e+04 8.981840e-04
1.333000e+04 7.788330e-04
1.334000e+04 5.903270e-04
1.334365e+04 5.215420e-04
1.335000e+04 4.898810e-04
1.336000e+04 4.400260e-04
1.336365e+04 4.218100e-04
1.337000e+04 3.901440e-04
1.338000e+04 3.402420e-04
1.338366e+04 3.220760e-04
1.339000e+04 3.257730e-04
1.340000e+04 3.313380e-04
1.340366e+04 3.333110e-04
1.341000e+04 3.437620e-04
1.342000e+04 3.602440e-04
1.342367e+04 3.662890e-04
1.343000e+04 3.591600e-04
1.344000e+04 3.479050e-04
1.344367e+04 3.438760e-04
1.345000e+04 3.310980e-04
1.346000e+04 3.106280e-04
1.347000e+04 2.901770e-04
1.348000e+04 2.697430e-04
1.349000e+04 2.493270e-04
1.350000e+04 2.289280e-04
1.350369e+04 2.214570e-04
1.351000e+04 2.207170e-04
1.352000e+04 2.193640e-04
1.353000e+04 2.180110e-04
1.354000e+04 2.166610e-04
1.355000e+04 2.153110e-04
1.356000e+04 2.139630e-04
1.357000e+04 2.126170e-04
1.358000e+04 2.114450e-04
1.359000e+04 2.101000e-04
1.360000e+04 2.087570e-04
1.361000e+04 2.070240e-04
1.362000e+04 2.052970e-04
1.363000e+04 2.035770e-04
1.364000e+04 2.018630e-04
1.365000e+04 2.001560e-04
1.366000e+04 1.986180e-04
1.367000e+04 1.969230e-04
1.368000e+04 1.952340e-04
1.369000e+04 1.935510e-04
1.370000e+04 1.918750e-04
1.371000e+04 1.902060e-04
1.372000e+04 1.885420e-04
1.373000e+04 1.868860e-04
1.374000e+04 1.852360e-04
1.375000e+04 1.837420e-04
1.376000e+04 1.821030e-04
1.377000e+04 1.804710e-04
1.378000e+04 1.788450e-04
1.379000e+04 1.772260e-04
1.380000e+04 1.756130e-04
1.381000e+04 1.741070e-04
1.382000e+04 1.726060e-04
1.383000e+04 1.711100e-04
1.384000e+04 1.702930e-04
1.385000e+04 1.694730e-04
1.386000e+04 1.687850e-04
1.387000e+04 1.679550e-04
1.388000e+04 1.671200e-04
1.389000e+04 1.662810e-04
1.390000e+04 1.654380e-04
1.391000e+04 1.645900e-04
1.392000e+04 1.637370e-04
1.393000e+04 1.628800e-04
1.394000e+04 1.620190e-04
1.395000e+04 1.611530e-04
1.395381e+04 1.608210e-04
1.396000e+04 1.543820e-04
1.397000e+04 1.439360e-04
1.398000e+04 1.334480e-04
1.399000e+04 1.229180e-04
1.400000e+04 1.123450e-04
