# # Wavelength(Angstrom)  Transmission
6.435000e+03 5.109710e-05
6.435778e+03 5.571800e-05
6.436000e+03 5.659550e-05
6.436779e+03 5.967820e-05
6.437000e+03 6.086700e-05
6.437779e+03 6.504840e-05
6.438000e+03 6.654790e-05
6.438779e+03 7.183540e-05
6.439000e+03 7.289670e-05
6.439779e+03 7.664400e-05
6.440000e+03 7.789200e-05
6.440780e+03 8.230110e-05
6.441000e+03 8.398290e-05
6.441780e+03 8.993810e-05
6.442000e+03 9.137010e-05
6.442780e+03 9.643750e-05
6.443000e+03 9.904570e-05
6.443780e+03 1.083140e-04
6.444000e+03 1.099290e-04
6.444781e+03 1.156680e-04
6.445000e+03 1.171570e-04
6.445781e+03 1.224570e-04
6.446000e+03 1.253700e-04
6.446781e+03 1.357500e-04
6.447000e+03 1.383470e-04
6.447782e+03 1.476300e-04
6.448000e+03 1.512720e-04
6.448782e+03 1.643060e-04
6.449000e+03 1.664010e-04
6.449782e+03 1.739200e-04
6.450000e+03 1.778000e-04
6.450782e+03 1.917370e-04
6.451000e+03 1.956770e-04
6.451783e+03 2.098380e-04
6.452000e+03 2.135870e-04
6.452783e+03 2.270910e-04
6.453000e+03 2.310830e-04
6.453783e+03 2.454750e-04
6.454000e+03 2.503800e-04
6.454783e+03 2.680840e-04
6.455000e+03 2.749420e-04
6.455784e+03 2.997530e-04
6.456000e+03 3.061150e-04
6.456784e+03 3.291650e-04
6.457000e+03 3.361970e-04
6.457784e+03 3.616890e-04
6.458000e+03 3.693140e-04
6.458785e+03 3.970410e-04
6.459000e+03 4.055060e-04
6.459785e+03 4.363230e-04
6.460000e+03 4.453840e-04
6.460785e+03 4.784510e-04
6.461000e+03 4.906020e-04
6.461785e+03 5.350090e-04
6.462000e+03 5.460010e-04
6.462786e+03 5.861960e-04
6.463000e+03 6.006230e-04
6.463786e+03 6.535010e-04
6.464000e+03 6.669520e-04
6.464786e+03 7.162830e-04
6.465000e+03 7.328550e-04
6.465786e+03 7.937170e-04
6.466000e+03 8.117160e-04
6.466787e+03 8.779710e-04
6.467000e+03 9.001650e-04
6.467787e+03 9.820330e-04
6.468000e+03 1.005930e-03
6.468787e+03 1.094300e-03
6.469000e+03 1.124140e-03
6.469788e+03 1.234560e-03
6.470000e+03 1.265010e-03
6.470788e+03 1.377840e-03
6.471000e+03 1.413290e-03
6.471788e+03 1.544920e-03
6.472000e+03 1.585850e-03
6.472788e+03 1.738050e-03
6.473000e+03 1.783680e-03
6.473789e+03 1.953510e-03
6.474000e+03 2.003310e-03
6.474789e+03 2.189060e-03
6.475000e+03 2.250720e-03
6.475789e+03 2.480870e-03
6.476000e+03 2.553520e-03
6.476789e+03 2.825090e-03
6.477000e+03 2.898120e-03
6.477790e+03 3.171680e-03
6.478000e+03 3.259350e-03
6.478790e+03 3.588450e-03
6.479000e+03 3.684980e-03
6.479790e+03 4.048200e-03
6.480000e+03 4.170550e-03
6.480791e+03 4.631220e-03
6.481000e+03 4.779230e-03
6.481791e+03 5.337450e-03
6.482000e+03 5.511020e-03
6.482791e+03 6.166860e-03
6.483000e+03 6.362260e-03
6.483791e+03 7.101830e-03
6.484000e+03 7.329910e-03
6.484792e+03 8.193720e-03
6.485000e+03 8.473250e-03
6.485792e+03 9.534420e-03
6.486000e+03 9.844210e-03
6.486792e+03 1.102100e-02
6.487000e+03 1.140570e-02
6.487792e+03 1.287060e-02
6.488000e+03 1.329480e-02
6.488792e+03 1.491550e-02
6.489000e+03 1.546460e-02
6.489793e+03 1.756280e-02
6.490000e+03 1.815770e-02
6.490793e+03 2.043620e-02
6.491000e+03 2.116810e-02
6.491793e+03 2.397320e-02
6.492000e+03 2.474860e-02
6.492793e+03 2.772570e-02
6.493000e+03 2.872170e-02
6.493794e+03 3.255210e-02
6.494000e+03 3.383540e-02
6.494794e+03 3.878030e-02
6.495000e+03 4.030730e-02
6.495794e+03 4.619460e-02
6.496000e+03 4.795260e-02
6.496795e+03 5.475080e-02
6.497000e+03 5.676130e-02
6.497795e+03 6.455430e-02
6.498000e+03 6.694040e-02
6.498795e+03 7.619010e-02
6.499000e+03 7.889930e-02
6.499795e+03 8.943750e-02
6.500000e+03 9.238440e-02
6.500796e+03 1.038350e-01
6.501000e+03 1.069450e-01
6.501796e+03 1.190700e-01
6.502000e+03 1.224670e-01
6.502796e+03 1.357190e-01
6.503000e+03 1.390750e-01
6.503796e+03 1.521870e-01
6.504000e+03 1.555240e-01
6.504797e+03 1.685930e-01
6.505000e+03 1.715310e-01
6.505797e+03 1.830550e-01
6.506000e+03 1.858470e-01
6.506797e+03 1.968070e-01
6.507000e+03 1.992140e-01
6.507797e+03 2.086820e-01
6.508000e+03 2.107130e-01
6.508798e+03 2.186940e-01
6.509000e+03 2.201240e-01
6.509798e+03 2.257820e-01
6.510000e+03 2.265390e-01
6.510798e+03 2.295380e-01
6.511000e+03 2.298720e-01
6.511799e+03 2.311960e-01
6.512000e+03 2.312620e-01
6.512799e+03 2.315250e-01
6.513000e+03 2.312290e-01
6.513799e+03 2.300550e-01
6.514000e+03 2.296500e-01
6.514799e+03 2.280210e-01
6.515000e+03 2.275670e-01
6.515800e+03 2.257730e-01
6.516000e+03 2.252290e-01
6.516800e+03 2.230560e-01
6.517000e+03 2.224970e-01
6.517800e+03 2.202610e-01
6.518000e+03 2.199350e-01
6.518801e+03 2.186290e-01
6.519000e+03 2.180900e-01
6.519801e+03 2.159110e-01
6.520000e+03 2.155730e-01
6.520801e+03 2.142300e-01
6.521000e+03 2.139000e-01
6.521801e+03 2.125740e-01
6.522000e+03 2.122830e-01
6.522802e+03 2.111120e-01
6.523000e+03 2.109840e-01
6.523802e+03 2.104690e-01
6.524000e+03 2.103870e-01
6.524802e+03 2.100410e-01
6.525000e+03 2.100420e-01
6.525803e+03 2.100590e-01
6.526000e+03 2.101060e-01
6.526803e+03 2.103000e-01
6.527000e+03 2.104690e-01
6.527803e+03 2.111610e-01
6.528000e+03 2.113120e-01
6.528803e+03 2.119280e-01
6.529000e+03 2.121650e-01
6.529804e+03 2.131370e-01
6.530000e+03 2.134230e-01
6.530804e+03 2.145780e-01
6.531000e+03 2.148800e-01
6.531804e+03 2.161300e-01
6.532000e+03 2.163730e-01
6.532804e+03 2.173710e-01
6.533000e+03 2.178330e-01
6.533805e+03 2.197330e-01
6.534000e+03 2.201300e-01
6.534805e+03 2.217620e-01
6.535000e+03 2.222530e-01
6.535805e+03 2.242650e-01
6.536000e+03 2.247020e-01
6.536805e+03 2.265220e-01
6.537000e+03 2.268970e-01
6.537806e+03 2.284480e-01
6.538000e+03 2.289520e-01
6.538806e+03 2.310390e-01
6.539000e+03 2.314670e-01
6.539806e+03 2.332440e-01
6.540000e+03 2.336570e-01
6.540807e+03 2.353590e-01
6.541000e+03 2.358050e-01
6.541807e+03 2.376840e-01
6.542000e+03 2.380060e-01
6.542807e+03 2.393510e-01
6.543000e+03 2.397220e-01
6.543807e+03 2.412770e-01
6.544000e+03 2.416380e-01
6.544808e+03 2.431490e-01
6.545000e+03 2.434350e-01
6.545808e+03 2.446170e-01
6.546000e+03 2.449330e-01
6.546808e+03 2.462740e-01
6.547000e+03 2.465360e-01
6.547809e+03 2.476370e-01
6.548000e+03 2.478400e-01
6.548809e+03 2.486950e-01
6.549000e+03 2.489190e-01
6.549809e+03 2.498610e-01
6.550000e+03 2.500690e-01
6.550809e+03 2.509330e-01
6.551000e+03 2.510300e-01
6.551810e+03 2.514600e-01
6.552000e+03 2.515930e-01
6.552810e+03 2.521590e-01
6.553000e+03 2.522280e-01
6.553810e+03 2.525220e-01
6.554000e+03 2.526130e-01
6.554810e+03 2.530010e-01
6.555000e+03 2.530540e-01
6.555811e+03 2.532650e-01
6.556000e+03 2.531970e-01
6.556811e+03 2.529230e-01
6.557000e+03 2.529400e-01
6.557811e+03 2.530100e-01
6.558000e+03 2.529450e-01
6.558812e+03 2.526620e-01
6.559000e+03 2.526450e-01
6.559812e+03 2.525710e-01
6.560000e+03 2.525040e-01
6.560812e+03 2.521970e-01
6.561000e+03 2.521200e-01
6.561812e+03 2.518040e-01
6.562000e+03 2.516660e-01
6.562812e+03 2.510710e-01
6.563000e+03 2.509940e-01
6.563812e+03 2.506610e-01
6.564000e+03 2.505320e-01
6.564813e+03 2.499740e-01
6.565000e+03 2.498820e-01
6.565813e+03 2.494820e-01
6.566000e+03 2.493040e-01
6.566813e+03 2.485130e-01
6.567000e+03 2.484100e-01
6.567814e+03 2.479770e-01
6.568000e+03 2.478420e-01
6.568814e+03 2.472480e-01
6.569000e+03 2.470390e-01
6.569814e+03 2.461250e-01
6.570000e+03 2.460740e-01
6.570814e+03 2.458540e-01
6.571000e+03 2.457040e-01
6.571815e+03 2.450300e-01
6.572000e+03 2.448630e-01
6.572815e+03 2.441490e-01
6.573000e+03 2.439890e-01
6.573815e+03 2.432830e-01
6.574000e+03 2.431670e-01
6.574815e+03 2.426520e-01
6.575000e+03 2.425220e-01
6.575816e+03 2.419490e-01
6.576000e+03 2.418010e-01
6.576816e+03 2.411230e-01
6.577000e+03 2.410050e-01
6.577816e+03 2.404980e-01
6.578000e+03 2.403970e-01
6.578817e+03 2.399500e-01
6.579000e+03 2.398680e-01
6.579817e+03 2.395000e-01
6.580000e+03 2.393870e-01
6.580817e+03 2.388830e-01
6.581000e+03 2.387310e-01
6.581817e+03 2.380340e-01
6.582000e+03 2.379540e-01
6.582818e+03 2.376160e-01
6.583000e+03 2.376100e-01
6.583818e+03 2.375820e-01
6.584000e+03 2.375000e-01
6.584818e+03 2.371330e-01
6.585000e+03 2.369900e-01
6.585818e+03 2.363470e-01
6.586000e+03 2.363040e-01
6.586819e+03 2.360930e-01
6.587000e+03 2.360940e-01
6.587819e+03 2.361120e-01
6.588000e+03 2.360390e-01
6.588819e+03 2.357060e-01
6.589000e+03 2.357030e-01
6.589820e+03 2.356880e-01
6.590000e+03 2.356200e-01
6.590820e+03 2.353150e-01
6.591000e+03 2.353130e-01
6.591820e+03 2.352900e-01
6.592000e+03 2.352170e-01
6.592820e+03 2.348980e-01
6.593000e+03 2.348900e-01
6.593821e+03 2.348500e-01
6.594000e+03 2.348420e-01
6.594821e+03 2.348040e-01
6.595000e+03 2.347700e-01
6.595821e+03 2.346120e-01
6.596000e+03 2.345450e-01
6.596822e+03 2.342200e-01
6.597000e+03 2.342240e-01
6.597822e+03 2.342610e-01
6.598000e+03 2.342130e-01
6.598822e+03 2.339920e-01
6.599000e+03 2.339050e-01
6.599822e+03 2.335000e-01
6.600000e+03 2.334380e-01
6.600823e+03 2.331530e-01
6.601000e+03 2.330270e-01
6.601823e+03 2.324310e-01
6.602000e+03 2.323090e-01
6.602823e+03 2.317620e-01
6.603000e+03 2.316520e-01
6.603823e+03 2.311380e-01
6.604000e+03 2.309010e-01
6.604824e+03 2.297980e-01
6.605000e+03 2.295700e-01
6.605824e+03 2.284870e-01
6.606000e+03 2.282080e-01
6.606824e+03 2.269120e-01
6.607000e+03 2.265670e-01
6.607825e+03 2.249460e-01
6.608000e+03 2.245390e-01
6.608825e+03 2.226210e-01
6.609000e+03 2.222440e-01
6.609825e+03 2.204670e-01
6.610000e+03 2.199810e-01
6.610825e+03 2.176680e-01
6.611000e+03 2.172230e-01
6.611826e+03 2.151390e-01
6.612000e+03 2.145480e-01
6.612826e+03 2.117480e-01
6.613000e+03 2.110580e-01
6.613826e+03 2.077860e-01
6.614000e+03 2.070780e-01
6.614826e+03 2.037140e-01
6.615000e+03 2.029740e-01
6.615827e+03 1.994390e-01
6.616000e+03 1.985160e-01
6.616827e+03 1.941290e-01
6.617000e+03 1.931670e-01
6.617827e+03 1.885750e-01
6.618000e+03 1.876320e-01
6.618828e+03 1.831160e-01
6.619000e+03 1.821410e-01
6.619828e+03 1.774570e-01
6.620000e+03 1.763770e-01
6.620828e+03 1.711760e-01
6.621000e+03 1.701410e-01
6.621828e+03 1.651650e-01
6.622000e+03 1.640780e-01
6.622829e+03 1.588360e-01
6.623000e+03 1.577010e-01
6.623829e+03 1.522140e-01
6.624000e+03 1.511530e-01
6.624829e+03 1.460200e-01
6.625000e+03 1.448250e-01
6.625829e+03 1.390210e-01
6.626000e+03 1.379630e-01
6.626830e+03 1.328340e-01
6.627000e+03 1.317380e-01
6.627830e+03 1.264010e-01
6.628000e+03 1.252410e-01
6.628830e+03 1.195770e-01
6.629000e+03 1.183790e-01
6.629831e+03 1.125200e-01
6.630000e+03 1.113870e-01
6.630831e+03 1.058240e-01
6.631000e+03 1.047820e-01
6.631831e+03 9.967930e-02
6.632000e+03 9.864300e-02
6.632831e+03 9.354650e-02
6.633000e+03 9.254830e-02
6.633832e+03 8.763610e-02
6.634000e+03 8.667050e-02
6.634832e+03 8.190220e-02
6.635000e+03 8.098350e-02
6.635832e+03 7.642830e-02
6.636000e+03 7.554040e-02
6.636833e+03 7.114620e-02
6.637000e+03 7.033500e-02
6.637833e+03 6.630360e-02
6.638000e+03 6.549710e-02
6.638833e+03 6.148680e-02
6.639000e+03 6.077790e-02
6.639833e+03 5.723840e-02
6.640000e+03 5.653200e-02
6.640833e+03 5.301100e-02
6.641000e+03 5.233950e-02
6.641833e+03 4.897880e-02
6.642000e+03 4.831060e-02
6.642834e+03 4.496440e-02
6.643000e+03 4.434900e-02
6.643834e+03 4.125830e-02
6.644000e+03 4.069020e-02
6.644834e+03 3.783230e-02
6.645000e+03 3.732830e-02
6.645834e+03 3.479040e-02
6.646000e+03 3.430280e-02
6.646835e+03 3.184350e-02
6.647000e+03 3.139590e-02
6.647835e+03 2.913050e-02
6.648000e+03 2.873340e-02
6.648835e+03 2.671780e-02
6.649000e+03 2.633570e-02
6.649836e+03 2.439360e-02
6.650000e+03 2.404790e-02
6.650836e+03 2.228850e-02
6.651000e+03 2.197290e-02
6.651836e+03 2.036400e-02
6.652000e+03 2.008420e-02
6.652836e+03 1.865380e-02
6.653000e+03 1.837950e-02
6.653837e+03 1.697610e-02
6.654000e+03 1.673610e-02
6.654837e+03 1.550340e-02
6.655000e+03 1.527400e-02
6.655837e+03 1.409710e-02
6.656000e+03 1.388080e-02
6.656838e+03 1.276600e-02
6.657000e+03 1.257680e-02
6.657838e+03 1.159920e-02
6.658000e+03 1.142580e-02
6.658838e+03 1.052850e-02
6.659000e+03 1.037140e-02
6.659838e+03 9.557570e-03
6.660000e+03 9.413720e-03
6.660839e+03 8.667270e-03
6.661000e+03 8.541040e-03
6.661839e+03 7.883980e-03
6.662000e+03 7.769820e-03
6.662839e+03 7.175290e-03
6.663000e+03 7.074110e-03
6.663840e+03 6.544780e-03
6.664000e+03 6.449430e-03
6.664840e+03 5.950030e-03
6.665000e+03 5.868670e-03
6.665840e+03 5.441880e-03
6.666000e+03 5.363480e-03
6.666840e+03 4.950930e-03
6.667000e+03 4.881110e-03
6.667841e+03 4.513550e-03
6.668000e+03 4.448700e-03
6.668841e+03 4.105900e-03
6.669000e+03 4.044750e-03
6.669841e+03 3.721950e-03
6.670000e+03 3.667210e-03
6.670841e+03 3.377050e-03
6.671000e+03 3.328390e-03
6.671842e+03 3.070320e-03
6.672000e+03 3.029550e-03
6.672842e+03 2.812450e-03
6.673000e+03 2.772460e-03
6.673842e+03 2.559800e-03
6.674000e+03 2.524110e-03
6.674842e+03 2.333530e-03
6.675000e+03 2.300160e-03
6.675843e+03 2.121840e-03
6.676000e+03 2.091890e-03
6.676843e+03 1.931270e-03
6.677000e+03 1.907440e-03
6.677843e+03 1.779160e-03
6.678000e+03 1.757810e-03
6.678844e+03 1.643060e-03
6.679000e+03 1.620100e-03
6.679844e+03 1.496130e-03
6.680000e+03 1.476600e-03
6.680844e+03 1.371100e-03
6.681000e+03 1.352770e-03
6.681844e+03 1.253480e-03
6.682000e+03 1.237040e-03
6.682845e+03 1.147830e-03
6.683000e+03 1.131350e-03
6.683845e+03 1.041760e-03
6.684000e+03 1.029160e-03
6.684845e+03 9.605610e-04
6.685000e+03 9.487190e-04
6.685846e+03 8.840300e-04
6.686000e+03 8.731920e-04
6.686846e+03 8.137410e-04
6.687000e+03 8.041640e-04
6.687846e+03 7.517100e-04
6.688000e+03 7.419220e-04
6.688846e+03 6.880810e-04
6.689000e+03 6.784280e-04
6.689847e+03 6.252970e-04
6.690000e+03 6.187630e-04
6.690847e+03 5.826880e-04
6.691000e+03 5.755340e-04
6.691847e+03 5.359750e-04
6.692000e+03 5.306250e-04
6.692847e+03 5.010190e-04
6.693000e+03 4.940190e-04
6.693848e+03 4.552020e-04
6.694000e+03 4.509600e-04
6.694848e+03 4.273590e-04
6.695000e+03 4.218360e-04
6.695848e+03 3.910670e-04
6.696000e+03 3.858900e-04
6.696849e+03 3.569920e-04
6.697000e+03 3.535650e-04
6.697849e+03 3.343550e-04
6.698000e+03 3.313010e-04
6.698849e+03 3.141720e-04
6.699000e+03 3.099800e-04
6.699849e+03 2.863900e-04
6.700000e+03 2.832670e-04
6.700850e+03 2.656640e-04
6.701000e+03 2.624660e-04
6.701850e+03 2.444210e-04
6.702000e+03 2.411470e-04
6.702850e+03 2.226470e-04
6.703000e+03 2.207680e-04
6.703850e+03 2.101120e-04
6.704000e+03 2.080720e-04
6.704851e+03 1.964830e-04
6.705000e+03 1.951370e-04
6.705851e+03 1.874850e-04
6.706000e+03 1.849740e-04
6.706851e+03 1.706270e-04
6.707000e+03 1.690470e-04
6.707852e+03 1.600130e-04
6.708000e+03 1.583580e-04
6.708852e+03 1.488620e-04
6.709000e+03 1.470470e-04
6.709852e+03 1.366210e-04
6.710000e+03 1.348910e-04
6.710852e+03 1.249370e-04
6.711000e+03 1.238910e-04
6.711853e+03 1.178650e-04
6.712000e+03 1.170230e-04
6.712853e+03 1.121510e-04
6.713000e+03 1.107500e-04
6.713853e+03 1.026410e-04
6.714000e+03 1.019200e-04
6.714854e+03 9.774370e-05
6.715000e+03 9.698710e-05
6.715854e+03 9.257960e-05
6.716000e+03 9.150660e-05
6.716854e+03 8.525250e-05
6.717000e+03 8.422260e-05
6.717854e+03 7.819910e-05
6.718000e+03 7.736750e-05
6.718854e+03 7.249610e-05
6.719000e+03 7.233550e-05
6.719854e+03 7.139790e-05
6.720000e+03 7.049110e-05
6.720855e+03 6.516370e-05
6.721000e+03 6.445590e-05
6.721855e+03 6.028390e-05
6.722000e+03 5.996850e-05
6.722855e+03 5.810450e-05
6.723000e+03 5.755520e-05
6.723855e+03 5.430870e-05
6.724000e+03 5.364350e-05
