# # Wavelength(Angstrom)  Transmission
2.751513e+03 6.902800e-05
2.752000e+03 9.582840e-05
2.752014e+03 9.658160e-05
2.752514e+03 7.180420e-05
2.753000e+03 9.281380e-05
2.753014e+03 9.341490e-05
2.753514e+03 9.514290e-05
2.754000e+03 8.145920e-05
2.754014e+03 8.106070e-05
2.754514e+03 1.081170e-04
2.755000e+03 1.129100e-04
2.755014e+03 1.130520e-04
2.755514e+03 9.501810e-05
2.756000e+03 1.638630e-04
2.756015e+03 1.659400e-04
2.756515e+03 1.940810e-04
2.757000e+03 2.182550e-04
2.757015e+03 2.189970e-04
2.757515e+03 2.225530e-04
2.758000e+03 2.788070e-04
2.758015e+03 2.805620e-04
2.758515e+03 3.037990e-04
2.759000e+03 3.509690e-04
2.759015e+03 3.524660e-04
2.759515e+03 3.342990e-04
2.760000e+03 4.453100e-04
2.760016e+03 4.488890e-04
2.760516e+03 4.772720e-04
2.761000e+03 5.002810e-04
2.761016e+03 5.010360e-04
2.761516e+03 6.092580e-04
2.762000e+03 6.558710e-04
2.762016e+03 6.574220e-04
2.762516e+03 8.134940e-04
2.763000e+03 1.010400e-03
2.763016e+03 1.017050e-03
2.763516e+03 1.050950e-03
2.764000e+03 1.255240e-03
2.764017e+03 1.262250e-03
2.764517e+03 1.502930e-03
2.765000e+03 1.735220e-03
2.765017e+03 1.743310e-03
2.765517e+03 2.056240e-03
2.766000e+03 2.505350e-03
2.766017e+03 2.521240e-03
2.766517e+03 2.914400e-03
2.767000e+03 3.435910e-03
2.767017e+03 3.454620e-03
2.767517e+03 4.222020e-03
2.768000e+03 4.899190e-03
2.768018e+03 4.923860e-03
2.768518e+03 5.851970e-03
2.769000e+03 7.092130e-03
2.769018e+03 7.137930e-03
2.769518e+03 8.521280e-03
2.770000e+03 1.010180e-02
2.770018e+03 1.016100e-02
2.770518e+03 1.233010e-02
2.771000e+03 1.461200e-02
2.771018e+03 1.469870e-02
2.771518e+03 1.717820e-02
2.772000e+03 1.972570e-02
2.772019e+03 1.982380e-02
2.772519e+03 2.275030e-02
2.773000e+03 2.570660e-02
2.773019e+03 2.582200e-02
2.773519e+03 2.886440e-02
2.774000e+03 3.124960e-02
2.774019e+03 3.134400e-02
2.774519e+03 3.373850e-02
2.775000e+03 3.570120e-02
2.775019e+03 3.578000e-02
2.775519e+03 3.738480e-02
2.776000e+03 3.850580e-02
2.776020e+03 3.855120e-02
2.776520e+03 3.962660e-02
2.777000e+03 3.989700e-02
2.777020e+03 3.990820e-02
2.777520e+03 4.051350e-02
2.778000e+03 4.089270e-02
2.778020e+03 4.090840e-02
2.778520e+03 4.128540e-02
2.779000e+03 4.141580e-02
2.779020e+03 4.142140e-02
2.779520e+03 4.198370e-02
2.780000e+03 4.216920e-02
2.780021e+03 4.217710e-02
2.780521e+03 4.268630e-02
2.781000e+03 4.288930e-02
2.781021e+03 4.289810e-02
2.781521e+03 4.398810e-02
2.782000e+03 4.441890e-02
2.782021e+03 4.443790e-02
2.782521e+03 4.542530e-02
2.783000e+03 4.623850e-02
2.783021e+03 4.627440e-02
2.783521e+03 4.742400e-02
2.784000e+03 4.810490e-02
2.784021e+03 4.813550e-02
2.784521e+03 4.906620e-02
2.785000e+03 5.018530e-02
2.785021e+03 5.023550e-02
2.785522e+03 5.130180e-02
2.786000e+03 5.205700e-02
2.786022e+03 5.209180e-02
2.786522e+03 5.325260e-02
2.787000e+03 5.429600e-02
2.787022e+03 5.434440e-02
2.787522e+03 5.570440e-02
2.788000e+03 5.639450e-02
2.788022e+03 5.642710e-02
2.788522e+03 5.716250e-02
2.789000e+03 5.767310e-02
2.789023e+03 5.769730e-02
2.789523e+03 5.847010e-02
2.790000e+03 5.862090e-02
2.790023e+03 5.862820e-02
2.790523e+03 5.941830e-02
2.791000e+03 5.983770e-02
2.791023e+03 5.985820e-02
2.791523e+03 6.018410e-02
2.792000e+03 6.072250e-02
2.792023e+03 6.074890e-02
2.792523e+03 6.063590e-02
2.793000e+03 6.067350e-02
2.793024e+03 6.067550e-02
2.793524e+03 6.079740e-02
2.794000e+03 6.097520e-02
2.794024e+03 6.098390e-02
2.794524e+03 6.117340e-02
2.795000e+03 6.122170e-02
2.795024e+03 6.122430e-02
2.795524e+03 6.109950e-02
2.796000e+03 6.105070e-02
2.796024e+03 6.104810e-02
2.796524e+03 6.124730e-02
2.797000e+03 6.128210e-02
2.797025e+03 6.128410e-02
2.797525e+03 6.135360e-02
2.798000e+03 6.134770e-02
2.798025e+03 6.134730e-02
2.798525e+03 6.160910e-02
2.799000e+03 6.170560e-02
2.799025e+03 6.171070e-02
2.799525e+03 6.180810e-02
2.800000e+03 6.204400e-02
2.800025e+03 6.205760e-02
2.800525e+03 6.231320e-02
2.801000e+03 6.231790e-02
2.801026e+03 6.231800e-02
2.801526e+03 6.267280e-02
2.802000e+03 6.299110e-02
2.802026e+03 6.300870e-02
2.802526e+03 6.292850e-02
2.803000e+03 6.282550e-02
2.803026e+03 6.281970e-02
2.803526e+03 6.314450e-02
2.804000e+03 6.300150e-02
2.804026e+03 6.299370e-02
2.804526e+03 6.303220e-02
2.805000e+03 6.285820e-02
2.805027e+03 6.284820e-02
2.805527e+03 6.285510e-02
2.806000e+03 6.240490e-02
2.806027e+03 6.237930e-02
2.806527e+03 6.153150e-02
2.807000e+03 6.105730e-02
2.807027e+03 6.103020e-02
2.807527e+03 6.026190e-02
2.808000e+03 5.910660e-02
2.808027e+03 5.903970e-02
2.808527e+03 5.823380e-02
2.809000e+03 5.735020e-02
2.809028e+03 5.729870e-02
2.809528e+03 5.608470e-02
2.810000e+03 5.469780e-02
2.810028e+03 5.461590e-02
2.810528e+03 5.308940e-02
2.811000e+03 5.160150e-02
2.811028e+03 5.151320e-02
2.811528e+03 4.991300e-02
2.812000e+03 4.813070e-02
2.812028e+03 4.802360e-02
2.812528e+03 4.601980e-02
2.813000e+03 4.418800e-02
2.813029e+03 4.407700e-02
2.813529e+03 4.207260e-02
2.814000e+03 4.032380e-02
2.814029e+03 4.021700e-02
2.814529e+03 3.810510e-02
2.815000e+03 3.606910e-02
2.815029e+03 3.594340e-02
2.815529e+03 3.424470e-02
2.816000e+03 3.250460e-02
2.816029e+03 3.239640e-02
2.816529e+03 3.032550e-02
2.817000e+03 2.849330e-02
2.817030e+03 2.837820e-02
2.817530e+03 2.667530e-02
2.818000e+03 2.504340e-02
2.818030e+03 2.494010e-02
2.818530e+03 2.304780e-02
2.819000e+03 2.136190e-02
2.819030e+03 2.125420e-02
2.819530e+03 1.970190e-02
2.820000e+03 1.842550e-02
2.820030e+03 1.834340e-02
2.820530e+03 1.687660e-02
2.821000e+03 1.565170e-02
2.821031e+03 1.557210e-02
2.821531e+03 1.435790e-02
2.822000e+03 1.323670e-02
2.822031e+03 1.316320e-02
2.822531e+03 1.212090e-02
2.823000e+03 1.114310e-02
2.823031e+03 1.107850e-02
2.823531e+03 1.022460e-02
2.824000e+03 9.492930e-03
2.824031e+03 9.444140e-03
2.824531e+03 8.647460e-03
2.825000e+03 7.943620e-03
2.825031e+03 7.896350e-03
2.825531e+03 7.186540e-03
2.826000e+03 6.650090e-03
2.826032e+03 6.613730e-03
2.826532e+03 6.102550e-03
2.827000e+03 5.576260e-03
2.827032e+03 5.540320e-03
2.827532e+03 4.983900e-03
2.828000e+03 4.641690e-03
2.828032e+03 4.618100e-03
2.828532e+03 4.286830e-03
2.829000e+03 3.947430e-03
2.829032e+03 3.923870e-03
2.829532e+03 3.583000e-03
2.830000e+03 3.345080e-03
2.830033e+03 3.328430e-03
2.830533e+03 3.080210e-03
2.831000e+03 2.850120e-03
2.831033e+03 2.833880e-03
2.831533e+03 2.609190e-03
2.832000e+03 2.442660e-03
2.832033e+03 2.430830e-03
2.832533e+03 2.216050e-03
2.833000e+03 2.053900e-03
2.833033e+03 2.042270e-03
2.833533e+03 1.850990e-03
2.834000e+03 1.724080e-03
2.834034e+03 1.714920e-03
2.834534e+03 1.621790e-03
2.835000e+03 1.528800e-03
2.835034e+03 1.522030e-03
2.835534e+03 1.367860e-03
2.836000e+03 1.292370e-03
2.836034e+03 1.286830e-03
2.836534e+03 1.254020e-03
2.837000e+03 1.122610e-03
2.837034e+03 1.112900e-03
2.837534e+03 1.026230e-03
2.838000e+03 9.589330e-04
2.838035e+03 9.539180e-04
2.838535e+03 9.140350e-04
2.839000e+03 8.667820e-04
2.839035e+03 8.632390e-04
2.839535e+03 7.611650e-04
2.840000e+03 7.198110e-04
2.840035e+03 7.166820e-04
2.840535e+03 6.815600e-04
2.841000e+03 6.120010e-04
2.841035e+03 6.067050e-04
2.841535e+03 5.866940e-04
2.842000e+03 5.510300e-04
2.842036e+03 5.482920e-04
2.842536e+03 4.880920e-04
2.843000e+03 4.718750e-04
2.843036e+03 4.706210e-04
2.843536e+03 4.606700e-04
2.844000e+03 4.120030e-04
2.844036e+03 4.082150e-04
2.844536e+03 3.485540e-04
2.845000e+03 3.893820e-04
2.845036e+03 3.925830e-04
2.845536e+03 3.976220e-04
2.846000e+03 3.727710e-04
2.846037e+03 3.708090e-04
2.846537e+03 3.418710e-04
2.847000e+03 3.201870e-04
2.847037e+03 3.184600e-04
2.847537e+03 2.496280e-04
2.848000e+03 2.929040e-04
2.848037e+03 2.963730e-04
2.848537e+03 2.615690e-04
2.849000e+03 2.411310e-04
2.849037e+03 2.394810e-04
2.849537e+03 2.197660e-04
2.850000e+03 1.747210e-04
2.850038e+03 1.710600e-04
2.850538e+03 1.819950e-04
2.851000e+03 1.993980e-04
2.851038e+03 2.008230e-04
2.851538e+03 2.562640e-04
2.852000e+03 2.404610e-04
2.852038e+03 2.391580e-04
2.852538e+03 1.632410e-04
2.853000e+03 1.644620e-04
2.853038e+03 1.645640e-04
2.853538e+03 1.161730e-04
2.854000e+03 1.120670e-04
2.854039e+03 1.117230e-04
2.854539e+03 1.017230e-04
2.855000e+03 7.381620e-05
2.855039e+03 7.146710e-05
2.855539e+03 1.156740e-04
2.856000e+03 9.909320e-05
2.856039e+03 9.768820e-05
2.856539e+03 6.164090e-05
2.857000e+03 5.955110e-05
2.857039e+03 5.937280e-05
2.857539e+03 8.218710e-05
2.858000e+03 1.061460e-04
2.858040e+03 1.082030e-04
2.858540e+03 6.855810e-05
2.859000e+03 4.990900e-05
2.859040e+03 4.829680e-05
2.859540e+03 6.271100e-05
2.860000e+03 6.597360e-05
2.860040e+03 6.625770e-05
2.860540e+03 9.456550e-05
2.861000e+03 5.881660e-05
2.861040e+03 5.568490e-05
2.861540e+03 6.354810e-05
2.862000e+03 1.865460e-05
2.862041e+03 1.469640e-05
2.862541e+03 6.276940e-05
2.863000e+03 6.931550e-05
2.863041e+03 6.989620e-05
2.863541e+03 4.645480e-05
2.864000e+03 4.566340e-05
2.865000e+03 4.393860e-05
2.866000e+03 4.221650e-05
2.867000e+03 4.048960e-05
2.868000e+03 3.876520e-05
2.869000e+03 3.703620e-05
2.870000e+03 3.530940e-05
2.871000e+03 3.357840e-05
2.872000e+03 3.184640e-05
2.873000e+03 3.011610e-05
2.874000e+03 2.838210e-05
2.875000e+03 2.664940e-05
2.876000e+03 2.491330e-05
2.877000e+03 2.317830e-05
2.878000e+03 2.144010e-05
2.879000e+03 1.970100e-05
2.880000e+03 1.796250e-05
2.880045e+03 1.788430e-05
2.881000e+03 1.724330e-05
2.882000e+03 1.657340e-05
2.883000e+03 1.590150e-05
2.884000e+03 1.523060e-05
2.885000e+03 1.455790e-05
2.886000e+03 1.388480e-05
2.887000e+03 1.321260e-05
