# # Wavelength(Angstrom)  Transmission
4.642700e+03 4.681730e-05
4.643000e+03 5.340490e-05
4.643700e+03 6.876560e-05
4.644000e+03 7.394250e-05
4.644700e+03 8.603350e-05
4.645000e+03 9.243590e-05
4.645701e+03 1.074000e-04
4.646000e+03 1.222920e-04
4.646701e+03 1.571650e-04
4.647000e+03 1.745080e-04
4.647701e+03 2.151270e-04
4.648000e+03 2.405700e-04
4.648702e+03 3.003120e-04
4.649000e+03 3.343720e-04
4.649702e+03 4.144820e-04
4.650000e+03 4.667710e-04
4.650702e+03 5.898400e-04
4.651000e+03 6.628240e-04
4.651702e+03 8.348830e-04
4.652000e+03 9.634390e-04
4.652703e+03 1.266720e-03
4.653000e+03 1.448240e-03
4.653703e+03 1.877280e-03
4.654000e+03 2.182450e-03
4.654703e+03 2.903940e-03
4.655000e+03 3.394490e-03
4.655703e+03 4.556370e-03
4.656000e+03 5.373140e-03
4.656704e+03 7.309030e-03
4.657000e+03 8.591050e-03
4.657704e+03 1.163680e-02
4.658000e+03 1.365690e-02
4.658704e+03 1.846420e-02
4.659000e+03 2.179040e-02
4.659705e+03 2.971110e-02
4.660000e+03 3.454880e-02
4.660705e+03 4.608800e-02
4.661000e+03 5.271260e-02
4.661705e+03 6.852470e-02
4.662000e+03 7.599660e-02
4.662705e+03 9.386620e-02
4.663000e+03 1.021940e-01
4.663706e+03 1.221140e-01
4.664000e+03 1.292360e-01
4.664706e+03 1.463040e-01
4.665000e+03 1.520960e-01
4.665706e+03 1.659870e-01
4.666000e+03 1.694960e-01
4.666706e+03 1.779240e-01
4.667000e+03 1.799270e-01
4.667707e+03 1.847400e-01
4.668000e+03 1.858610e-01
4.668707e+03 1.885600e-01
4.669000e+03 1.891630e-01
4.669707e+03 1.906190e-01
4.670000e+03 1.911130e-01
4.670708e+03 1.923180e-01
4.671000e+03 1.927660e-01
4.671708e+03 1.938390e-01
4.672000e+03 1.943260e-01
4.672708e+03 1.955030e-01
4.673000e+03 1.959330e-01
4.673708e+03 1.969750e-01
4.674000e+03 1.973190e-01
4.674708e+03 1.981510e-01
4.675000e+03 1.984660e-01
4.675708e+03 1.992310e-01
4.676000e+03 1.994880e-01
4.676709e+03 2.001150e-01
4.677000e+03 2.002850e-01
4.677709e+03 2.006990e-01
4.678000e+03 2.009400e-01
4.678709e+03 2.015400e-01
4.679000e+03 2.017000e-01
4.679709e+03 2.020800e-01
4.680000e+03 2.021630e-01
4.680710e+03 2.023640e-01
4.681000e+03 2.023490e-01
4.681710e+03 2.023100e-01
4.682000e+03 2.023750e-01
4.682710e+03 2.025350e-01
4.683000e+03 2.025300e-01
4.683711e+03 2.025160e-01
4.684000e+03 2.024390e-01
4.684711e+03 2.022490e-01
4.685000e+03 2.022210e-01
4.685711e+03 2.021530e-01
4.686000e+03 2.021330e-01
4.686711e+03 2.020980e-01
4.687000e+03 2.019210e-01
4.687712e+03 2.014700e-01
4.688000e+03 2.013300e-01
4.688712e+03 2.009830e-01
4.689000e+03 2.008960e-01
4.689712e+03 2.006830e-01
4.690000e+03 2.005210e-01
4.690712e+03 2.001190e-01
4.691000e+03 1.997980e-01
4.691713e+03 1.990030e-01
4.692000e+03 1.988790e-01
4.692713e+03 1.985720e-01
4.693000e+03 1.983530e-01
4.693713e+03 1.978080e-01
4.694000e+03 1.974910e-01
4.694713e+03 1.967030e-01
4.695000e+03 1.963320e-01
4.695714e+03 1.954170e-01
4.696000e+03 1.950540e-01
4.696714e+03 1.941360e-01
4.697000e+03 1.937070e-01
4.697714e+03 1.926360e-01
4.698000e+03 1.921860e-01
4.698715e+03 1.910610e-01
4.699000e+03 1.906930e-01
4.699715e+03 1.897690e-01
4.700000e+03 1.892320e-01
4.700715e+03 1.878850e-01
4.701000e+03 1.874670e-01
4.701715e+03 1.864170e-01
4.702000e+03 1.859770e-01
4.702716e+03 1.848710e-01
4.703000e+03 1.844880e-01
4.703716e+03 1.835340e-01
4.704000e+03 1.831770e-01
4.704716e+03 1.822640e-01
4.705000e+03 1.820280e-01
4.705717e+03 1.814320e-01
4.706000e+03 1.813580e-01
4.706717e+03 1.811710e-01
4.707000e+03 1.811170e-01
4.707717e+03 1.809790e-01
4.708000e+03 1.807630e-01
4.708717e+03 1.802140e-01
4.709000e+03 1.794740e-01
4.709718e+03 1.775950e-01
4.710000e+03 1.756640e-01
4.710718e+03 1.707530e-01
4.711000e+03 1.669940e-01
4.711718e+03 1.574290e-01
4.712000e+03 1.514750e-01
4.712718e+03 1.363050e-01
4.713000e+03 1.284950e-01
4.713719e+03 1.085600e-01
4.714000e+03 1.007360e-01
4.714719e+03 8.074080e-02
4.715000e+03 7.350220e-02
4.715719e+03 5.499050e-02
4.716000e+03 4.985980e-02
4.716720e+03 3.670680e-02
4.717000e+03 3.280100e-02
4.717720e+03 2.277090e-02
4.718000e+03 2.042530e-02
4.718720e+03 1.439780e-02
4.719000e+03 1.283360e-02
4.719720e+03 8.806950e-03
4.720000e+03 7.915610e-03
4.720721e+03 5.619510e-03
4.721000e+03 5.047530e-03
4.721721e+03 3.571740e-03
4.722000e+03 3.224560e-03
4.722721e+03 2.327840e-03
4.723000e+03 2.106880e-03
4.723721e+03 1.535310e-03
4.724000e+03 1.397700e-03
4.724722e+03 1.041500e-03
4.725000e+03 9.548350e-04
4.725722e+03 7.301060e-04
4.726000e+03 6.682420e-04
4.726722e+03 5.077150e-04
4.727000e+03 4.699250e-04
4.727722e+03 3.716930e-04
4.728000e+03 3.436280e-04
4.728723e+03 2.706260e-04
4.729000e+03 2.511520e-04
4.729723e+03 2.004190e-04
4.730000e+03 1.853540e-04
4.730723e+03 1.460620e-04
4.731000e+03 1.375240e-04
4.731724e+03 1.152080e-04
4.732000e+03 1.072500e-04
4.732724e+03 8.640960e-05
4.733000e+03 8.064620e-05
4.733724e+03 6.554450e-05
4.734000e+03 6.278830e-05
4.734724e+03 5.555340e-05
4.735000e+03 5.271720e-05
4.735725e+03 4.526750e-05
4.736000e+03 4.332510e-05
