# # Wavelength(Angstrom)  Transmission
3.177000e+03 3.997640e-05
3.178000e+03 4.154530e-05
3.179000e+03 4.311050e-05
3.180000e+03 4.467570e-05
3.180920e+03 4.611920e-05
3.181000e+03 4.633050e-05
3.182000e+03 4.896510e-05
3.183000e+03 5.159950e-05
3.184000e+03 5.423860e-05
3.185000e+03 5.687310e-05
3.186000e+03 5.951260e-05
3.187000e+03 6.214700e-05
3.188000e+03 6.478120e-05
3.189000e+03 6.742130e-05
3.190000e+03 7.005550e-05
3.190922e+03 7.248500e-05
3.191000e+03 7.283040e-05
3.192000e+03 7.728590e-05
3.193000e+03 8.173470e-05
3.194000e+03 8.619090e-05
3.195000e+03 9.063960e-05
3.196000e+03 9.508810e-05
3.197000e+03 9.954510e-05
3.198000e+03 1.039940e-04
3.199000e+03 1.084420e-04
3.200000e+03 1.129000e-04
3.200925e+03 1.170010e-04
3.201000e+03 1.176800e-04
3.202000e+03 1.267180e-04
3.203000e+03 1.357440e-04
3.204000e+03 1.447670e-04
3.205000e+03 1.538010e-04
3.206000e+03 1.628200e-04
3.207000e+03 1.718360e-04
3.208000e+03 1.808650e-04
3.209000e+03 1.898770e-04
3.210000e+03 1.988870e-04
3.210927e+03 2.072580e-04
3.211000e+03 2.090180e-04
3.212000e+03 2.332750e-04
3.213000e+03 2.575470e-04
3.214000e+03 2.817920e-04
3.215000e+03 3.060310e-04
3.216000e+03 3.302910e-04
3.217000e+03 3.545180e-04
3.218000e+03 3.787380e-04
3.219000e+03 4.029870e-04
3.220000e+03 4.271960e-04
3.221000e+03 4.514380e-04
3.222000e+03 4.756350e-04
3.223000e+03 4.998260e-04
3.224000e+03 5.240560e-04
3.225000e+03 5.482350e-04
3.226000e+03 5.724070e-04
3.227000e+03 5.966250e-04
3.228000e+03 6.207860e-04
3.229000e+03 6.449400e-04
3.230000e+03 6.691470e-04
3.231000e+03 6.932890e-04
3.232000e+03 7.174880e-04
3.233000e+03 7.416190e-04
3.234000e+03 7.657440e-04
3.235000e+03 7.899310e-04
3.236000e+03 8.140430e-04
3.237000e+03 8.381490e-04
3.238000e+03 8.623240e-04
3.239000e+03 8.864190e-04
3.240000e+03 9.105070e-04
3.241000e+03 9.346700e-04
3.242000e+03 9.587460e-04
3.243000e+03 9.829020e-04
3.244000e+03 1.006970e-03
3.245000e+03 1.031030e-03
3.246000e+03 1.055170e-03
3.247000e+03 1.079220e-03
3.248000e+03 1.103260e-03
3.249000e+03 1.127390e-03
3.250000e+03 1.151420e-03
3.251000e+03 1.175440e-03
3.252000e+03 1.199560e-03
3.253000e+03 1.223570e-03
3.254000e+03 1.247680e-03
3.255000e+03 1.271680e-03
3.256000e+03 1.295670e-03
3.257000e+03 1.319770e-03
3.258000e+03 1.343750e-03
3.259000e+03 1.367720e-03
3.260000e+03 1.391810e-03
3.261000e+03 1.415770e-03
3.261940e+03 1.438300e-03
3.262000e+03 1.498620e-03
3.262941e+03 2.447400e-03
3.263000e+03 2.440350e-03
3.263941e+03 2.328280e-03
3.264000e+03 2.272270e-03
3.264941e+03 1.380100e-03
3.265000e+03 1.437710e-03
3.265941e+03 2.359620e-03
3.266000e+03 2.401310e-03
3.266942e+03 3.071020e-03
3.267000e+03 3.048210e-03
3.267942e+03 2.680250e-03
3.268000e+03 2.745260e-03
3.268942e+03 3.798920e-03
3.269000e+03 3.841080e-03
3.269942e+03 4.527550e-03
3.270000e+03 4.474830e-03
3.270943e+03 3.612810e-03
3.271000e+03 3.723760e-03
3.271943e+03 5.546640e-03
3.272000e+03 5.552890e-03
3.272943e+03 5.656070e-03
3.273000e+03 5.705710e-03
3.273943e+03 6.529420e-03
3.274000e+03 6.573110e-03
3.274944e+03 7.300360e-03
3.275000e+03 7.302240e-03
3.275944e+03 7.333660e-03
3.276000e+03 7.375270e-03
3.276944e+03 8.075450e-03
3.277000e+03 8.173570e-03
3.277944e+03 9.830100e-03
3.278000e+03 9.886450e-03
3.278945e+03 1.084250e-02
3.279000e+03 1.087440e-02
3.279945e+03 1.141890e-02
3.280000e+03 1.147930e-02
3.280945e+03 1.251360e-02
3.281000e+03 1.263590e-02
3.281945e+03 1.475140e-02
3.282000e+03 1.489060e-02
3.282946e+03 1.729690e-02
3.283000e+03 1.730410e-02
3.283946e+03 1.743140e-02
3.284000e+03 1.759410e-02
3.284946e+03 2.043710e-02
3.285000e+03 2.059430e-02
3.285946e+03 2.336230e-02
3.286000e+03 2.353850e-02
3.286947e+03 2.664480e-02
3.287000e+03 2.679060e-02
3.287947e+03 2.938620e-02
3.288000e+03 2.953150e-02
3.288947e+03 3.212800e-02
3.289000e+03 3.236640e-02
3.289948e+03 3.664950e-02
3.290000e+03 3.685580e-02
3.290948e+03 4.058470e-02
3.291000e+03 4.085520e-02
3.291948e+03 4.575950e-02
3.292000e+03 4.606540e-02
3.292948e+03 5.164190e-02
3.293000e+03 5.186540e-02
3.293948e+03 5.596560e-02
3.294000e+03 5.630380e-02
3.294949e+03 6.252680e-02
3.295000e+03 6.281970e-02
3.295949e+03 6.824730e-02
3.296000e+03 6.879110e-02
3.296949e+03 7.890050e-02
3.297000e+03 7.923260e-02
3.297949e+03 8.544160e-02
3.298000e+03 8.616680e-02
3.298950e+03 9.980070e-02
3.299000e+03 9.987410e-02
3.299950e+03 1.012530e-01
3.300000e+03 1.016990e-01
3.300950e+03 1.101830e-01
3.301000e+03 1.107620e-01
3.301950e+03 1.218190e-01
3.302000e+03 1.224340e-01
3.302951e+03 1.342130e-01
3.303000e+03 1.345130e-01
3.303951e+03 1.402920e-01
3.304000e+03 1.406560e-01
3.304951e+03 1.477290e-01
3.305000e+03 1.483730e-01
3.305951e+03 1.609580e-01
3.306000e+03 1.613430e-01
3.306952e+03 1.688890e-01
3.307000e+03 1.690560e-01
3.307952e+03 1.723740e-01
3.308000e+03 1.726360e-01
3.308952e+03 1.778140e-01
3.309000e+03 1.779620e-01
3.309952e+03 1.809280e-01
3.310000e+03 1.812950e-01
3.310953e+03 1.886590e-01
3.311000e+03 1.886990e-01
3.311953e+03 1.895020e-01
3.312000e+03 1.896310e-01
3.312953e+03 1.922740e-01
3.313000e+03 1.924690e-01
3.313954e+03 1.964370e-01
3.314000e+03 1.962670e-01
3.314954e+03 1.927820e-01
3.315000e+03 1.927920e-01
3.315954e+03 1.930010e-01
3.316000e+03 1.930460e-01
3.316954e+03 1.939670e-01
3.317000e+03 1.939620e-01
3.317955e+03 1.938640e-01
3.318000e+03 1.941350e-01
3.318955e+03 1.998520e-01
3.319000e+03 1.997320e-01
3.319955e+03 1.971900e-01
3.320000e+03 1.969350e-01
3.320955e+03 1.915180e-01
3.321000e+03 1.916510e-01
3.321956e+03 1.945150e-01
3.322000e+03 1.942750e-01
3.322956e+03 1.890970e-01
3.323000e+03 1.888670e-01
3.323956e+03 1.839030e-01
3.324000e+03 1.839330e-01
3.324956e+03 1.846030e-01
3.325000e+03 1.847300e-01
3.325957e+03 1.874770e-01
3.326000e+03 1.874380e-01
3.326957e+03 1.865710e-01
3.327000e+03 1.866320e-01
3.327957e+03 1.879780e-01
3.328000e+03 1.880030e-01
3.328958e+03 1.885530e-01
3.329000e+03 1.884090e-01
3.329958e+03 1.851670e-01
3.330000e+03 1.851760e-01
3.330958e+03 1.854060e-01
3.331000e+03 1.854600e-01
3.331958e+03 1.866840e-01
3.332000e+03 1.866170e-01
3.332958e+03 1.850840e-01
3.333000e+03 1.852180e-01
3.333959e+03 1.883080e-01
3.334000e+03 1.882630e-01
3.334959e+03 1.871950e-01
3.335000e+03 1.871720e-01
3.335959e+03 1.866550e-01
3.336000e+03 1.865130e-01
3.336959e+03 1.831540e-01
3.337000e+03 1.834140e-01
3.337960e+03 1.895720e-01
3.338000e+03 1.893870e-01
3.338960e+03 1.849980e-01
3.339000e+03 1.850410e-01
3.339960e+03 1.860370e-01
3.340000e+03 1.860170e-01
3.340960e+03 1.855360e-01
3.341000e+03 1.856970e-01
3.341961e+03 1.896360e-01
3.342000e+03 1.895550e-01
3.342961e+03 1.875600e-01
3.343000e+03 1.876410e-01
3.343961e+03 1.896310e-01
3.344000e+03 1.897300e-01
3.344961e+03 1.921880e-01
3.345000e+03 1.920770e-01
3.345962e+03 1.892850e-01
3.346000e+03 1.892860e-01
3.346962e+03 1.893040e-01
3.347000e+03 1.893500e-01
3.347962e+03 1.905280e-01
3.348000e+03 1.905510e-01
3.348962e+03 1.911220e-01
3.349000e+03 1.911650e-01
3.349963e+03 1.922510e-01
3.350000e+03 1.922220e-01
3.350963e+03 1.915050e-01
3.351000e+03 1.915620e-01
3.351963e+03 1.930350e-01
3.352000e+03 1.929370e-01
3.352963e+03 1.903520e-01
3.353000e+03 1.905570e-01
3.353964e+03 1.959800e-01
3.354000e+03 1.958270e-01
3.354964e+03 1.917240e-01
3.355000e+03 1.917290e-01
3.355964e+03 1.918640e-01
3.356000e+03 1.919310e-01
3.356965e+03 1.937760e-01
3.357000e+03 1.936800e-01
3.357965e+03 1.910500e-01
3.358000e+03 1.913000e-01
3.358965e+03 1.981670e-01
3.359000e+03 1.980630e-01
3.359965e+03 1.952060e-01
3.360000e+03 1.951600e-01
3.360966e+03 1.938510e-01
3.361000e+03 1.937900e-01
3.361966e+03 1.920640e-01
3.362000e+03 1.921650e-01
3.362966e+03 1.950290e-01
3.363000e+03 1.948780e-01
3.363966e+03 1.905650e-01
3.364000e+03 1.906900e-01
3.364967e+03 1.943020e-01
3.365000e+03 1.943450e-01
3.365967e+03 1.955800e-01
3.366000e+03 1.955430e-01
3.366967e+03 1.944710e-01
3.367000e+03 1.945550e-01
3.367967e+03 1.970490e-01
3.368000e+03 1.968750e-01
3.368968e+03 1.917010e-01
3.369000e+03 1.917660e-01
3.369968e+03 1.937030e-01
3.370000e+03 1.937030e-01
3.370968e+03 1.937190e-01
3.371000e+03 1.936600e-01
3.371969e+03 1.918550e-01
3.372000e+03 1.918670e-01
3.372969e+03 1.922420e-01
3.373000e+03 1.921980e-01
3.373969e+03 1.908620e-01
3.374000e+03 1.908930e-01
3.374969e+03 1.918310e-01
3.375000e+03 1.918740e-01
3.375969e+03 1.932250e-01
3.376000e+03 1.932200e-01
3.376969e+03 1.930970e-01
3.377000e+03 1.930300e-01
3.377970e+03 1.908820e-01
3.378000e+03 1.908830e-01
3.378970e+03 1.909470e-01
3.379000e+03 1.909340e-01
3.379970e+03 1.905220e-01
3.380000e+03 1.905070e-01
3.380971e+03 1.899940e-01
3.381000e+03 1.899750e-01
3.381971e+03 1.893370e-01
3.382000e+03 1.893690e-01
3.382971e+03 1.904450e-01
3.383000e+03 1.904190e-01
3.383971e+03 1.895430e-01
3.384000e+03 1.895200e-01
3.384972e+03 1.887550e-01
3.385000e+03 1.888560e-01
3.385972e+03 1.923300e-01
3.386000e+03 1.922980e-01
3.386972e+03 1.911820e-01
3.387000e+03 1.911650e-01
3.387972e+03 1.905560e-01
3.388000e+03 1.905370e-01
3.388973e+03 1.898900e-01
3.389000e+03 1.898810e-01
3.389973e+03 1.895170e-01
3.390000e+03 1.895460e-01
3.390973e+03 1.905930e-01
3.391000e+03 1.905530e-01
3.391973e+03 1.891190e-01
3.392000e+03 1.891790e-01
3.392974e+03 1.913430e-01
3.393000e+03 1.913540e-01
3.393974e+03 1.917640e-01
3.394000e+03 1.917670e-01
3.394974e+03 1.919240e-01
3.395000e+03 1.919200e-01
3.395975e+03 1.917620e-01
3.396000e+03 1.917710e-01
3.396975e+03 1.921350e-01
3.397000e+03 1.921720e-01
3.397975e+03 1.936430e-01
3.398000e+03 1.936120e-01
3.398975e+03 1.924060e-01
3.399000e+03 1.924130e-01
3.399976e+03 1.927020e-01
3.400000e+03 1.926840e-01
3.400976e+03 1.918660e-01
3.401000e+03 1.919430e-01
3.401976e+03 1.950270e-01
3.402000e+03 1.949640e-01
3.402976e+03 1.924110e-01
3.403000e+03 1.923550e-01
3.403977e+03 1.900750e-01
3.404000e+03 1.901170e-01
3.404977e+03 1.918100e-01
3.405000e+03 1.918810e-01
3.405977e+03 1.948520e-01
3.406000e+03 1.948080e-01
3.406977e+03 1.929510e-01
3.407000e+03 1.929630e-01
3.407978e+03 1.934910e-01
3.408000e+03 1.935070e-01
3.408978e+03 1.941970e-01
3.409000e+03 1.941700e-01
3.409978e+03 1.930100e-01
3.410000e+03 1.929740e-01
3.410978e+03 1.913550e-01
3.411000e+03 1.914330e-01
3.411979e+03 1.949290e-01
3.412000e+03 1.948210e-01
3.412979e+03 1.899580e-01
3.413000e+03 1.900420e-01
3.413979e+03 1.938880e-01
3.414000e+03 1.938460e-01
3.414979e+03 1.919130e-01
3.415000e+03 1.919020e-01
3.415979e+03 1.914010e-01
3.416000e+03 1.913760e-01
3.416980e+03 1.901660e-01
3.417000e+03 1.902280e-01
3.417980e+03 1.932380e-01
3.418000e+03 1.931640e-01
3.418980e+03 1.895670e-01
3.419000e+03 1.895820e-01
3.419981e+03 1.902870e-01
3.420000e+03 1.902630e-01
3.420981e+03 1.890380e-01
3.421000e+03 1.889790e-01
3.421981e+03 1.859900e-01
3.422000e+03 1.859930e-01
3.422981e+03 1.861470e-01
3.423000e+03 1.861660e-01
3.423982e+03 1.871750e-01
3.424000e+03 1.871390e-01
3.424982e+03 1.852330e-01
3.425000e+03 1.852260e-01
3.425982e+03 1.848630e-01
3.426000e+03 1.848300e-01
3.426982e+03 1.830540e-01
3.427000e+03 1.830590e-01
3.427983e+03 1.833780e-01
3.428000e+03 1.833290e-01
3.428983e+03 1.805780e-01
3.429000e+03 1.805450e-01
3.429983e+03 1.786750e-01
3.430000e+03 1.786870e-01
3.430983e+03 1.794490e-01
3.431000e+03 1.794130e-01
3.431984e+03 1.772820e-01
3.432000e+03 1.772460e-01
3.432984e+03 1.750800e-01
3.433000e+03 1.750710e-01
3.433984e+03 1.745660e-01
3.434000e+03 1.745220e-01
3.434985e+03 1.717930e-01
3.435000e+03 1.717700e-01
3.435985e+03 1.702960e-01
3.436000e+03 1.703000e-01
3.436985e+03 1.705370e-01
3.437000e+03 1.705150e-01
3.437985e+03 1.690650e-01
3.438000e+03 1.690360e-01
3.438986e+03 1.671210e-01
3.439000e+03 1.670920e-01
3.439986e+03 1.651140e-01
3.440000e+03 1.651010e-01
3.440986e+03 1.642070e-01
3.441000e+03 1.641840e-01
3.441986e+03 1.625600e-01
3.442000e+03 1.625550e-01
3.442987e+03 1.622730e-01
3.443000e+03 1.622350e-01
3.443987e+03 1.593890e-01
3.444000e+03 1.593910e-01
3.444987e+03 1.595360e-01
3.445000e+03 1.595040e-01
3.445987e+03 1.570620e-01
3.446000e+03 1.570300e-01
3.446988e+03 1.545240e-01
3.447000e+03 1.545200e-01
3.447988e+03 1.541320e-01
3.448000e+03 1.541310e-01
3.448988e+03 1.540500e-01
3.449000e+03 1.540290e-01
3.449988e+03 1.522870e-01
3.450000e+03 1.522680e-01
3.450989e+03 1.506650e-01
3.451000e+03 1.506510e-01
3.451989e+03 1.495060e-01
3.452000e+03 1.494920e-01
3.452989e+03 1.482060e-01
3.453000e+03 1.481930e-01
3.453989e+03 1.469850e-01
3.454000e+03 1.469680e-01
3.454990e+03 1.454910e-01
3.455000e+03 1.454720e-01
3.455990e+03 1.436720e-01
3.456000e+03 1.436700e-01
3.456990e+03 1.434380e-01
3.457000e+03 1.434280e-01
3.457990e+03 1.424470e-01
3.458000e+03 1.424410e-01
3.458990e+03 1.417900e-01
3.459000e+03 1.417840e-01
3.459991e+03 1.411420e-01
3.460000e+03 1.411280e-01
3.460991e+03 1.396820e-01
3.461000e+03 1.396840e-01
3.461991e+03 1.398920e-01
3.462000e+03 1.398800e-01
3.462992e+03 1.385430e-01
3.463000e+03 1.385430e-01
3.463992e+03 1.386250e-01
3.464000e+03 1.386100e-01
3.464992e+03 1.367760e-01
3.465000e+03 1.367840e-01
3.465992e+03 1.377770e-01
3.466000e+03 1.377720e-01
3.466993e+03 1.371130e-01
3.467000e+03 1.371100e-01
3.467993e+03 1.367060e-01
3.468000e+03 1.366940e-01
3.468993e+03 1.349130e-01
3.469000e+03 1.349140e-01
3.469993e+03 1.350330e-01
3.470000e+03 1.350320e-01
3.470994e+03 1.348640e-01
3.471000e+03 1.348650e-01
3.471994e+03 1.350840e-01
3.472000e+03 1.350830e-01
3.472994e+03 1.349200e-01
3.473000e+03 1.349180e-01
3.473994e+03 1.346670e-01
3.474000e+03 1.346660e-01
3.474995e+03 1.345140e-01
3.475000e+03 1.345140e-01
3.475995e+03 1.346520e-01
3.476000e+03 1.346460e-01
3.476995e+03 1.333350e-01
3.477000e+03 1.333410e-01
3.477996e+03 1.344890e-01
3.478000e+03 1.344880e-01
3.478996e+03 1.343620e-01
3.479000e+03 1.343600e-01
3.479996e+03 1.339370e-01
3.480000e+03 1.339410e-01
3.480996e+03 1.348950e-01
3.481000e+03 1.348950e-01
3.481997e+03 1.348730e-01
3.482000e+03 1.348720e-01
3.482997e+03 1.346900e-01
3.483000e+03 1.346930e-01
3.483997e+03 1.358590e-01
3.484000e+03 1.358610e-01
3.484997e+03 1.365220e-01
3.485000e+03 1.365220e-01
3.485998e+03 1.365420e-01
3.486000e+03 1.365440e-01
3.486998e+03 1.370230e-01
3.487000e+03 1.370230e-01
3.487998e+03 1.368060e-01
3.488000e+03 1.368090e-01
3.488998e+03 1.380030e-01
3.489000e+03 1.380030e-01
3.489999e+03 1.380850e-01
3.490000e+03 1.380870e-01
3.490999e+03 1.393860e-01
3.491000e+03 1.393860e-01
3.491999e+03 1.396150e-01
3.492000e+03 1.396170e-01
3.492999e+03 1.407220e-01
3.493000e+03 1.407220e-01
3.494000e+03 1.405640e-01
3.494000e+03 1.405650e-01
3.495000e+03 1.414970e-01
3.496000e+03 1.422080e-01
3.497000e+03 1.431360e-01
3.497000e+03 1.431370e-01
3.498000e+03 1.448310e-01
3.498000e+03 1.448310e-01
3.499000e+03 1.445660e-01
3.499001e+03 1.445660e-01
3.500000e+03 1.457020e-01
3.500001e+03 1.457030e-01
3.501000e+03 1.466100e-01
3.501001e+03 1.466120e-01
3.502000e+03 1.473450e-01
3.502002e+03 1.473460e-01
3.503000e+03 1.479460e-01
3.503002e+03 1.479470e-01
3.504000e+03 1.491480e-01
3.504002e+03 1.491500e-01
3.505000e+03 1.492600e-01
3.505002e+03 1.492610e-01
3.506000e+03 1.507420e-01
3.506003e+03 1.507460e-01
3.507000e+03 1.514030e-01
3.507003e+03 1.514050e-01
3.508000e+03 1.524950e-01
3.508003e+03 1.524990e-01
3.509000e+03 1.538110e-01
3.509003e+03 1.538150e-01
3.510000e+03 1.532090e-01
3.510004e+03 1.532070e-01
3.511000e+03 1.539200e-01
3.511004e+03 1.539230e-01
3.512000e+03 1.544400e-01
3.512004e+03 1.544420e-01
3.513000e+03 1.549170e-01
3.513004e+03 1.549190e-01
3.514000e+03 1.560180e-01
3.514005e+03 1.560230e-01
3.515000e+03 1.566830e-01
3.515005e+03 1.566860e-01
3.516000e+03 1.565540e-01
3.516005e+03 1.565540e-01
3.517000e+03 1.557360e-01
3.517006e+03 1.557310e-01
3.518000e+03 1.563230e-01
3.518006e+03 1.563260e-01
3.519000e+03 1.569340e-01
3.519006e+03 1.569380e-01
3.520000e+03 1.576380e-01
3.520006e+03 1.576430e-01
3.521000e+03 1.565340e-01
3.521007e+03 1.565260e-01
3.522000e+03 1.568680e-01
3.522007e+03 1.568710e-01
3.523000e+03 1.562070e-01
3.523007e+03 1.562030e-01
3.524000e+03 1.564570e-01
3.524007e+03 1.564580e-01
3.525000e+03 1.561460e-01
3.525008e+03 1.561440e-01
3.526000e+03 1.560520e-01
3.526008e+03 1.560510e-01
3.527000e+03 1.547980e-01
3.527008e+03 1.547870e-01
3.528000e+03 1.552920e-01
3.528008e+03 1.552960e-01
3.529000e+03 1.546750e-01
3.529009e+03 1.546700e-01
3.530000e+03 1.541840e-01
3.530009e+03 1.541800e-01
3.531000e+03 1.527370e-01
3.531009e+03 1.527230e-01
3.532000e+03 1.527670e-01
3.532010e+03 1.527680e-01
3.533000e+03 1.524380e-01
3.533010e+03 1.524350e-01
3.534000e+03 1.511540e-01
3.534010e+03 1.511410e-01
3.535000e+03 1.503770e-01
3.535010e+03 1.503690e-01
3.536000e+03 1.510080e-01
3.536010e+03 1.510140e-01
3.537000e+03 1.493060e-01
3.537011e+03 1.492870e-01
3.538000e+03 1.490890e-01
3.538011e+03 1.490870e-01
3.539000e+03 1.480440e-01
3.539011e+03 1.480320e-01
3.540000e+03 1.475160e-01
3.540011e+03 1.475100e-01
3.541000e+03 1.469100e-01
3.541012e+03 1.469030e-01
3.542000e+03 1.458300e-01
3.542012e+03 1.458170e-01
3.543000e+03 1.457560e-01
3.543012e+03 1.457550e-01
3.544000e+03 1.452690e-01
3.544012e+03 1.452630e-01
3.545000e+03 1.453910e-01
3.545013e+03 1.453920e-01
3.546000e+03 1.445550e-01
3.546013e+03 1.445440e-01
3.547000e+03 1.438800e-01
3.547013e+03 1.438720e-01
3.548000e+03 1.430150e-01
3.548013e+03 1.430040e-01
3.549000e+03 1.429810e-01
3.549014e+03 1.429800e-01
3.550000e+03 1.433840e-01
3.550014e+03 1.433890e-01
3.551000e+03 1.427420e-01
3.551014e+03 1.427320e-01
3.552000e+03 1.426650e-01
3.552014e+03 1.426640e-01
3.553000e+03 1.422150e-01
3.553015e+03 1.422080e-01
3.554000e+03 1.415900e-01
3.554015e+03 1.415810e-01
3.555000e+03 1.425610e-01
3.555015e+03 1.425770e-01
3.556000e+03 1.432410e-01
3.556015e+03 1.432510e-01
3.557000e+03 1.426100e-01
3.557016e+03 1.425990e-01
3.558000e+03 1.438360e-01
3.558016e+03 1.438560e-01
3.559000e+03 1.431780e-01
3.559016e+03 1.431670e-01
3.560000e+03 1.443640e-01
3.560017e+03 1.443850e-01
3.561000e+03 1.439040e-01
3.561017e+03 1.438960e-01
3.562000e+03 1.450350e-01
3.562017e+03 1.450540e-01
3.563000e+03 1.444740e-01
3.563017e+03 1.444640e-01
3.564000e+03 1.448860e-01
3.564018e+03 1.448940e-01
3.565000e+03 1.455340e-01
3.565018e+03 1.455450e-01
3.566000e+03 1.465560e-01
3.566018e+03 1.465750e-01
3.567000e+03 1.469570e-01
3.567018e+03 1.469640e-01
3.568000e+03 1.467650e-01
3.568019e+03 1.467620e-01
3.569000e+03 1.468290e-01
3.569019e+03 1.468300e-01
3.570000e+03 1.471570e-01
3.570019e+03 1.471630e-01
3.571000e+03 1.462660e-01
3.571019e+03 1.462490e-01
3.572000e+03 1.465300e-01
3.572020e+03 1.465350e-01
3.573000e+03 1.456220e-01
3.573020e+03 1.456030e-01
3.574000e+03 1.448200e-01
3.574020e+03 1.448040e-01
3.575000e+03 1.433130e-01
3.575021e+03 1.432820e-01
3.576000e+03 1.423160e-01
3.576021e+03 1.422950e-01
3.577000e+03 1.402850e-01
3.577021e+03 1.402420e-01
3.578000e+03 1.378700e-01
3.578021e+03 1.378190e-01
3.579000e+03 1.345500e-01
3.579021e+03 1.344780e-01
3.580000e+03 1.319170e-01
3.580022e+03 1.318600e-01
3.581000e+03 1.281510e-01
3.581022e+03 1.280680e-01
3.582000e+03 1.242460e-01
3.582022e+03 1.241590e-01
3.583000e+03 1.201520e-01
3.583022e+03 1.200600e-01
3.584000e+03 1.154270e-01
3.584023e+03 1.153190e-01
3.585000e+03 1.106890e-01
3.585023e+03 1.105800e-01
3.586000e+03 1.054920e-01
3.586023e+03 1.053710e-01
3.587000e+03 1.003510e-01
3.587023e+03 1.002310e-01
3.588000e+03 9.525680e-02
3.588024e+03 9.513600e-02
3.589000e+03 8.978440e-02
3.589024e+03 8.965340e-02
3.590000e+03 8.412370e-02
3.590024e+03 8.398570e-02
3.591000e+03 7.907410e-02
3.591025e+03 7.894990e-02
3.592000e+03 7.395930e-02
3.592025e+03 7.383190e-02
3.593000e+03 6.869150e-02
3.593025e+03 6.855910e-02
3.594000e+03 6.380170e-02
3.594025e+03 6.367800e-02
3.595000e+03 5.938310e-02
3.595026e+03 5.927000e-02
3.596000e+03 5.463260e-02
3.596026e+03 5.450950e-02
3.597000e+03 5.077090e-02
3.597026e+03 5.067090e-02
3.598000e+03 4.693380e-02
3.598026e+03 4.683260e-02
3.599000e+03 4.355160e-02
3.599027e+03 4.346200e-02
3.600000e+03 4.009260e-02
3.600027e+03 4.000080e-02
3.601000e+03 3.709240e-02
3.601027e+03 3.701130e-02
3.602000e+03 3.432200e-02
3.602027e+03 3.424640e-02
3.603000e+03 3.150470e-02
3.603028e+03 3.142690e-02
3.604000e+03 2.899380e-02
3.604028e+03 2.892420e-02
3.605000e+03 2.692610e-02
3.605028e+03 2.686780e-02
3.606000e+03 2.468230e-02
3.606028e+03 2.461860e-02
3.607000e+03 2.274410e-02
3.607029e+03 2.268860e-02
3.608000e+03 2.108600e-02
3.608029e+03 2.103840e-02
3.609000e+03 1.938170e-02
3.609029e+03 1.933170e-02
3.610000e+03 1.800410e-02
3.610030e+03 1.796370e-02
3.611000e+03 1.670850e-02
3.611030e+03 1.666990e-02
3.612000e+03 1.550740e-02
3.612030e+03 1.547140e-02
3.613000e+03 1.435870e-02
3.613030e+03 1.432400e-02
3.614000e+03 1.328680e-02
3.614031e+03 1.325420e-02
3.615000e+03 1.234120e-02
3.615031e+03 1.231220e-02
3.616000e+03 1.150940e-02
3.616031e+03 1.148370e-02
3.617000e+03 1.063020e-02
3.617031e+03 1.060270e-02
3.618000e+03 9.862000e-03
3.618031e+03 9.837880e-03
3.619000e+03 9.203850e-03
3.619032e+03 9.183070e-03
3.620000e+03 8.498910e-03
3.620032e+03 8.476330e-03
3.621000e+03 7.910310e-03
3.621032e+03 7.891440e-03
3.622000e+03 7.442750e-03
3.622033e+03 7.427580e-03
3.623000e+03 6.895210e-03
3.623033e+03 6.877210e-03
3.624000e+03 6.458370e-03
3.624033e+03 6.444000e-03
3.625000e+03 6.012610e-03
3.625033e+03 5.997780e-03
3.626000e+03 5.674000e-03
3.626034e+03 5.662720e-03
3.627000e+03 5.333950e-03
3.627034e+03 5.322410e-03
3.628000e+03 4.971690e-03
3.628034e+03 4.959260e-03
3.629000e+03 4.652000e-03
3.629034e+03 4.641050e-03
3.630000e+03 4.327940e-03
3.630035e+03 4.316710e-03
3.631000e+03 4.081280e-03
3.631035e+03 4.072750e-03
3.632000e+03 3.852790e-03
3.632035e+03 3.844770e-03
3.633000e+03 3.591960e-03
3.633035e+03 3.582680e-03
3.634000e+03 3.363290e-03
3.634036e+03 3.355190e-03
3.635000e+03 3.177860e-03
3.635036e+03 3.171250e-03
3.636000e+03 2.963580e-03
3.636036e+03 2.955800e-03
3.637000e+03 2.815020e-03
3.637036e+03 2.809710e-03
3.638000e+03 2.656480e-03
3.638037e+03 2.650650e-03
3.639000e+03 2.503380e-03
3.639037e+03 2.497740e-03
3.640000e+03 2.365460e-03
3.640037e+03 2.360370e-03
3.641000e+03 2.245010e-03
3.641038e+03 2.240500e-03
3.642000e+03 2.076860e-03
3.642038e+03 2.070460e-03
3.643000e+03 1.989820e-03
3.643038e+03 1.986620e-03
3.644000e+03 1.888790e-03
3.644038e+03 1.884920e-03
3.645000e+03 1.787890e-03
3.645039e+03 1.783990e-03
3.646000e+03 1.680990e-03
3.646039e+03 1.676830e-03
3.647000e+03 1.558600e-03
3.647039e+03 1.553790e-03
3.648000e+03 1.483050e-03
3.648039e+03 1.480150e-03
3.649000e+03 1.425980e-03
3.649040e+03 1.423750e-03
3.650000e+03 1.336770e-03
3.650040e+03 1.333170e-03
3.651000e+03 1.283050e-03
3.651040e+03 1.280960e-03
3.652000e+03 1.219150e-03
3.652040e+03 1.216550e-03
3.653000e+03 1.162120e-03
3.653041e+03 1.159820e-03
3.654000e+03 1.081380e-03
3.654041e+03 1.078050e-03
3.655000e+03 1.038050e-03
3.655041e+03 1.036330e-03
3.656000e+03 9.994530e-04
3.656041e+03 9.978660e-04
3.657000e+03 9.389000e-04
3.657042e+03 9.363500e-04
3.658000e+03 8.706050e-04
3.658042e+03 8.677210e-04
3.659000e+03 8.400250e-04
3.659042e+03 8.388110e-04
3.660000e+03 7.787610e-04
3.660042e+03 7.760980e-04
3.661000e+03 7.595330e-04
3.661042e+03 7.588000e-04
3.662000e+03 7.223700e-04
3.662043e+03 7.207320e-04
3.663000e+03 6.825190e-04
3.663043e+03 6.807930e-04
3.664000e+03 6.575720e-04
3.664043e+03 6.565190e-04
3.665000e+03 6.376330e-04
3.665044e+03 6.367670e-04
3.666000e+03 6.163230e-04
3.666044e+03 6.153830e-04
3.667000e+03 5.741550e-04
3.667044e+03 5.722490e-04
3.668000e+03 5.372260e-04
3.668044e+03 5.356000e-04
3.669000e+03 5.258940e-04
3.669045e+03 5.254380e-04
3.670000e+03 5.062590e-04
3.670045e+03 5.053570e-04
3.671000e+03 4.754660e-04
3.671045e+03 4.740540e-04
3.672000e+03 4.549050e-04
3.672045e+03 4.539920e-04
3.673000e+03 4.341590e-04
3.673046e+03 4.332100e-04
3.674000e+03 4.191570e-04
3.674046e+03 4.184810e-04
3.675000e+03 3.926520e-04
3.675046e+03 3.913970e-04
3.676000e+03 3.673010e-04
3.676046e+03 3.661270e-04
3.677000e+03 3.608450e-04
3.677047e+03 3.605860e-04
3.678000e+03 3.430980e-04
3.678047e+03 3.422340e-04
3.679000e+03 3.341920e-04
3.679047e+03 3.337910e-04
3.680000e+03 3.302160e-04
3.680048e+03 3.300370e-04
3.681000e+03 2.975570e-04
3.681048e+03 2.959250e-04
3.682000e+03 2.831360e-04
3.682048e+03 2.824910e-04
3.683000e+03 2.759320e-04
3.683048e+03 2.755980e-04
3.684000e+03 2.493180e-04
3.684049e+03 2.479760e-04
3.685000e+03 2.441710e-04
3.685049e+03 2.439770e-04
3.686000e+03 2.421170e-04
3.686049e+03 2.420200e-04
3.687000e+03 2.315780e-04
3.687049e+03 2.310360e-04
3.688000e+03 2.240160e-04
3.688050e+03 2.236510e-04
3.689000e+03 2.127950e-04
3.689050e+03 2.122260e-04
3.690000e+03 2.086280e-04
3.690050e+03 2.084380e-04
3.691000e+03 1.971340e-04
3.691050e+03 1.965350e-04
3.692000e+03 1.867300e-04
3.692051e+03 1.862060e-04
3.693000e+03 1.813340e-04
3.693051e+03 1.810730e-04
3.694000e+03 1.798240e-04
3.694051e+03 1.797570e-04
3.695000e+03 1.633160e-04
3.695052e+03 1.624240e-04
3.696000e+03 1.485600e-04
3.696052e+03 1.478030e-04
3.697000e+03 1.514680e-04
3.697052e+03 1.516690e-04
3.698000e+03 1.478480e-04
3.698052e+03 1.476370e-04
3.699000e+03 1.367540e-04
3.699052e+03 1.361520e-04
3.700000e+03 1.314830e-04
3.700053e+03 1.312220e-04
3.701000e+03 1.154160e-04
3.701053e+03 1.145320e-04
3.702000e+03 1.246090e-04
3.702053e+03 1.251760e-04
3.703000e+03 1.162250e-04
3.703053e+03 1.157190e-04
3.704000e+03 1.078260e-04
3.704054e+03 1.073780e-04
3.705000e+03 1.108210e-04
3.705054e+03 1.110180e-04
3.706000e+03 1.026970e-04
3.706054e+03 1.022210e-04
3.707000e+03 9.604570e-05
3.707054e+03 9.568970e-05
3.708000e+03 9.164410e-05
3.708055e+03 9.141010e-05
3.709000e+03 9.206910e-05
3.709055e+03 9.210810e-05
3.710000e+03 9.020880e-05
3.710055e+03 9.009690e-05
3.711000e+03 8.027860e-05
3.711056e+03 7.969990e-05
3.712000e+03 7.821850e-05
3.712056e+03 7.813080e-05
3.713000e+03 7.451130e-05
3.713056e+03 7.429630e-05
3.714000e+03 7.559940e-05
3.714056e+03 7.567690e-05
3.715000e+03 6.628470e-05
3.715057e+03 6.572080e-05
3.716000e+03 7.107780e-05
3.716057e+03 7.140090e-05
3.717000e+03 6.329150e-05
3.717057e+03 6.280050e-05
3.718000e+03 5.597700e-05
3.718057e+03 5.556140e-05
3.719000e+03 5.450320e-05
3.719058e+03 5.443850e-05
3.720000e+03 5.551760e-05
3.720058e+03 5.558410e-05
3.721000e+03 5.538550e-05
3.721058e+03 5.537300e-05
3.722000e+03 4.918510e-05
3.722058e+03 4.880170e-05
3.723000e+03 4.987960e-05
3.723059e+03 4.994670e-05
3.724000e+03 4.760530e-05
3.724059e+03 4.745920e-05
