# # Wavelength(Angstrom)  Transmission
4.906000e+03 6.039410e-05
4.907000e+03 6.747980e-05
4.908000e+03 7.456530e-05
4.909000e+03 8.165100e-05
4.910000e+03 8.873640e-05
4.911000e+03 9.583050e-05
4.912000e+03 1.029260e-04
4.913000e+03 1.100230e-04
4.914000e+03 1.171200e-04
4.915000e+03 1.242190e-04
4.916000e+03 1.313190e-04
4.917000e+03 1.384210e-04
4.918000e+03 1.455240e-04
4.919000e+03 1.526270e-04
4.920000e+03 1.597330e-04
4.921000e+03 1.668290e-04
4.922000e+03 1.739260e-04
4.923000e+03 1.810220e-04
4.924000e+03 1.881200e-04
4.925000e+03 1.952180e-04
4.926000e+03 2.023160e-04
4.927000e+03 2.094140e-04
4.928000e+03 2.165130e-04
4.929000e+03 2.236120e-04
4.930000e+03 2.307120e-04
4.931000e+03 2.378300e-04
4.932000e+03 2.449500e-04
4.933000e+03 2.520710e-04
4.934000e+03 2.591940e-04
4.935000e+03 2.663180e-04
4.936000e+03 2.734430e-04
4.937000e+03 2.805700e-04
4.938000e+03 2.876990e-04
4.939000e+03 2.948290e-04
4.940000e+03 3.019600e-04
4.941000e+03 3.489830e-04
4.942000e+03 3.960210e-04
4.943000e+03 4.430720e-04
4.944000e+03 4.901370e-04
4.945000e+03 5.372150e-04
4.946000e+03 5.843110e-04
4.947000e+03 6.314160e-04
4.948000e+03 6.785360e-04
4.949000e+03 7.256710e-04
4.950000e+03 7.728190e-04
4.951000e+03 8.198190e-04
4.952000e+03 8.668150e-04
4.953000e+03 9.138030e-04
4.954000e+03 9.607880e-04
4.955000e+03 1.007770e-03
4.956000e+03 1.107680e-03
4.957000e+03 1.207590e-03
4.958000e+03 1.307480e-03
4.959000e+03 1.407360e-03
4.960000e+03 1.507240e-03
4.961000e+03 1.699290e-03
4.962000e+03 1.891400e-03
4.963000e+03 2.083560e-03
4.964000e+03 2.275760e-03
4.965000e+03 2.468020e-03
4.966000e+03 2.772460e-03
4.967000e+03 3.076970e-03
4.968000e+03 3.381560e-03
4.969000e+03 3.686240e-03
4.970000e+03 3.991000e-03
4.971000e+03 4.523350e-03
4.972000e+03 5.055800e-03
4.973000e+03 5.588370e-03
4.974000e+03 6.121050e-03
4.975000e+03 6.653840e-03
4.976000e+03 7.808580e-03
4.977000e+03 8.963590e-03
4.978000e+03 1.011880e-02
4.979000e+03 1.127430e-02
4.980000e+03 1.243000e-02
4.981000e+03 1.515900e-02
4.982000e+03 1.788820e-02
4.983000e+03 2.061750e-02
4.984000e+03 2.334710e-02
4.985000e+03 2.607690e-02
4.986000e+03 3.241680e-02
4.987000e+03 3.875710e-02
4.988000e+03 4.509800e-02
4.989000e+03 5.143940e-02
4.990000e+03 5.778120e-02
4.991000e+03 7.495150e-02
4.992000e+03 9.212710e-02
4.993000e+03 1.093080e-01
4.994000e+03 1.264940e-01
4.995000e+03 1.436850e-01
4.996000e+03 1.646710e-01
4.997000e+03 1.856620e-01
4.998000e+03 2.066590e-01
4.999000e+03 2.276630e-01
5.000000e+03 2.486740e-01
5.001000e+03 2.571840e-01
5.002000e+03 2.656950e-01
5.003000e+03 2.742080e-01
5.004000e+03 2.827200e-01
5.005000e+03 2.912350e-01
5.006000e+03 2.897880e-01
5.007000e+03 2.883400e-01
5.008000e+03 2.868930e-01
5.009000e+03 2.854440e-01
5.010000e+03 2.839960e-01
5.011000e+03 2.824050e-01
5.012000e+03 2.808130e-01
5.013000e+03 2.792210e-01
5.014000e+03 2.776290e-01
5.015000e+03 2.760370e-01
5.016000e+03 2.760640e-01
5.017000e+03 2.760900e-01
5.018000e+03 2.761170e-01
5.019000e+03 2.761440e-01
5.020000e+03 2.761700e-01
5.021000e+03 2.754140e-01
5.022000e+03 2.746570e-01
5.023000e+03 2.739020e-01
5.024000e+03 2.731450e-01
5.025000e+03 2.723890e-01
5.026000e+03 2.695660e-01
5.027000e+03 2.667440e-01
5.028000e+03 2.639210e-01
5.029000e+03 2.610970e-01
5.030000e+03 2.582730e-01
5.031000e+03 2.585340e-01
5.032000e+03 2.587950e-01
5.033000e+03 2.590560e-01
5.034000e+03 2.593170e-01
5.035000e+03 2.595780e-01
5.036000e+03 2.618020e-01
5.037000e+03 2.640260e-01
5.038000e+03 2.662520e-01
5.039000e+03 2.684770e-01
5.040000e+03 2.707020e-01
5.041000e+03 2.690390e-01
5.042000e+03 2.673730e-01
5.043000e+03 2.657080e-01
5.044000e+03 2.640420e-01
5.045000e+03 2.623760e-01
5.046000e+03 2.458850e-01
5.047000e+03 2.293890e-01
5.048000e+03 2.128890e-01
5.049000e+03 1.963830e-01
5.050000e+03 1.798730e-01
5.051000e+03 1.598820e-01
5.052000e+03 1.398870e-01
5.053000e+03 1.198880e-01
5.054000e+03 9.988420e-02
5.055000e+03 7.987660e-02
5.056000e+03 7.045460e-02
5.057000e+03 6.103080e-02
5.058000e+03 5.160490e-02
5.059000e+03 4.217720e-02
5.060000e+03 3.274750e-02
5.061000e+03 2.942290e-02
5.062000e+03 2.609730e-02
5.063000e+03 2.277100e-02
5.064000e+03 1.944370e-02
5.065000e+03 1.611560e-02
5.066000e+03 1.449860e-02
5.067000e+03 1.288120e-02
5.068000e+03 1.126330e-02
5.069000e+03 9.645070e-03
5.070000e+03 8.026380e-03
5.071000e+03 7.333550e-03
5.072000e+03 6.640610e-03
5.073000e+03 5.947580e-03
5.074000e+03 5.254460e-03
5.075000e+03 4.561240e-03
5.076000e+03 4.211470e-03
5.077000e+03 3.861660e-03
5.078000e+03 3.511810e-03
5.079000e+03 3.161900e-03
5.080000e+03 2.811950e-03
5.081000e+03 2.605650e-03
5.082000e+03 2.399320e-03
5.083000e+03 2.192950e-03
5.084000e+03 1.986560e-03
5.085000e+03 1.780130e-03
5.086000e+03 1.695340e-03
5.087000e+03 1.610540e-03
5.088000e+03 1.525720e-03
5.089000e+03 1.440900e-03
5.090000e+03 1.356060e-03
5.091000e+03 1.271290e-03
5.092000e+03 1.186490e-03
5.093000e+03 1.101670e-03
5.094000e+03 1.016830e-03
5.095000e+03 9.319570e-04
5.096000e+03 8.470620e-04
5.097000e+03 7.621420e-04
5.098000e+03 6.771970e-04
5.099000e+03 5.922260e-04
5.100000e+03 5.072280e-04
5.101000e+03 4.956490e-04
5.102000e+03 4.840640e-04
5.103000e+03 4.724730e-04
5.104000e+03 4.608760e-04
5.105000e+03 4.492730e-04
5.106000e+03 4.376660e-04
5.107000e+03 4.260520e-04
5.108000e+03 4.144320e-04
5.109000e+03 4.028070e-04
5.110000e+03 3.911760e-04
5.111000e+03 3.794930e-04
5.112000e+03 3.678070e-04
5.113000e+03 3.561180e-04
5.114000e+03 3.444270e-04
5.115000e+03 3.327330e-04
5.116000e+03 3.210360e-04
5.117000e+03 3.093360e-04
5.118000e+03 2.976330e-04
5.119000e+03 2.859280e-04
5.120000e+03 2.742200e-04
5.121000e+03 2.625290e-04
5.122000e+03 2.508340e-04
5.123000e+03 2.391340e-04
5.124000e+03 2.274300e-04
5.125000e+03 2.157210e-04
5.126000e+03 2.040080e-04
5.127000e+03 1.922900e-04
5.128000e+03 1.805680e-04
5.129000e+03 1.688420e-04
5.130000e+03 1.571110e-04
5.131000e+03 1.453690e-04
5.132000e+03 1.336250e-04
5.133000e+03 1.218760e-04
5.134000e+03 1.101250e-04
5.135000e+03 9.836950e-05
5.136000e+03 8.661070e-05
5.137000e+03 7.484860e-05
5.138000e+03 6.308310e-05
