# # Wavelength(Angstrom)  Transmission
3.869000e+03 4.924720e-05
3.869097e+03 5.059620e-05
3.870000e+03 4.532160e-05
3.870097e+03 4.475530e-05
3.871000e+03 5.869600e-05
3.871097e+03 6.019680e-05
3.872000e+03 6.155340e-05
3.872097e+03 6.170030e-05
3.873000e+03 7.632700e-05
3.873098e+03 7.790990e-05
3.874000e+03 8.016090e-05
3.874098e+03 8.040520e-05
3.875000e+03 9.592990e-05
3.875098e+03 9.761980e-05
3.876000e+03 1.047500e-04
3.876098e+03 1.055290e-04
3.877000e+03 1.230770e-04
3.877099e+03 1.249970e-04
3.878000e+03 1.414450e-04
3.878099e+03 1.432500e-04
3.879000e+03 1.621480e-04
3.879099e+03 1.642280e-04
3.880000e+03 1.924390e-04
3.880100e+03 1.955620e-04
3.881000e+03 2.151780e-04
3.881100e+03 2.173480e-04
3.882000e+03 2.507020e-04
3.882100e+03 2.544130e-04
3.883000e+03 2.804850e-04
3.883100e+03 2.833870e-04
3.884000e+03 3.287680e-04
3.884101e+03 3.338470e-04
3.885000e+03 3.821790e-04
3.885101e+03 3.875980e-04
3.886000e+03 4.426020e-04
3.886101e+03 4.487890e-04
3.887000e+03 5.289220e-04
3.887101e+03 5.379580e-04
3.888000e+03 6.261520e-04
3.888102e+03 6.361300e-04
3.889000e+03 7.557720e-04
3.889102e+03 7.693320e-04
3.890000e+03 8.852480e-04
3.890102e+03 8.984260e-04
3.891000e+03 1.055110e-03
3.891102e+03 1.072970e-03
3.892000e+03 1.254900e-03
3.892103e+03 1.275710e-03
3.893000e+03 1.488150e-03
3.893103e+03 1.512480e-03
3.894000e+03 1.789520e-03
3.894103e+03 1.821350e-03
3.895000e+03 2.185530e-03
3.895104e+03 2.227580e-03
3.896000e+03 2.645780e-03
3.896104e+03 2.694120e-03
3.897000e+03 3.227020e-03
3.897104e+03 3.288850e-03
3.898000e+03 3.944210e-03
3.898104e+03 4.020500e-03
3.899000e+03 4.902910e-03
3.899104e+03 5.005910e-03
3.900000e+03 6.068620e-03
3.900105e+03 6.193030e-03
3.901000e+03 7.580130e-03
3.901105e+03 7.742810e-03
3.902000e+03 9.520030e-03
3.902105e+03 9.729090e-03
3.903000e+03 1.199210e-02
3.903105e+03 1.225900e-02
3.904000e+03 1.522120e-02
3.904106e+03 1.557160e-02
3.905000e+03 1.937280e-02
3.905106e+03 1.982330e-02
3.906000e+03 2.438030e-02
3.906106e+03 2.492190e-02
3.907000e+03 3.086260e-02
3.907106e+03 3.157040e-02
3.908000e+03 3.941870e-02
3.908107e+03 4.035670e-02
3.909000e+03 5.012550e-02
3.909107e+03 5.129520e-02
3.910000e+03 6.289860e-02
3.910107e+03 6.429500e-02
3.911000e+03 7.837620e-02
3.911107e+03 8.007180e-02
3.912000e+03 9.643420e-02
3.912108e+03 9.841440e-02
3.913000e+03 1.164740e-01
3.913108e+03 1.186630e-01
3.914000e+03 1.366560e-01
3.914108e+03 1.388440e-01
3.915000e+03 1.563670e-01
3.915109e+03 1.585030e-01
3.916000e+03 1.738180e-01
3.916109e+03 1.756920e-01
3.917000e+03 1.880230e-01
3.917109e+03 1.895330e-01
3.918000e+03 1.978030e-01
3.918109e+03 1.988190e-01
3.919000e+03 2.048020e-01
3.919110e+03 2.055390e-01
3.920000e+03 2.085350e-01
3.920110e+03 2.089070e-01
3.921000e+03 2.111050e-01
3.921110e+03 2.113750e-01
3.922000e+03 2.111330e-01
3.922110e+03 2.111030e-01
3.923000e+03 2.109730e-01
3.923111e+03 2.109570e-01
3.924000e+03 2.108080e-01
3.924111e+03 2.107910e-01
3.925000e+03 2.100200e-01
3.925111e+03 2.099220e-01
3.926000e+03 2.100730e-01
3.926111e+03 2.100920e-01
3.927000e+03 2.101680e-01
3.927112e+03 2.101780e-01
3.928000e+03 2.102190e-01
3.928112e+03 2.102260e-01
3.929000e+03 2.108500e-01
3.929112e+03 2.109270e-01
3.930000e+03 2.113630e-01
3.930113e+03 2.114180e-01
3.931000e+03 2.123720e-01
3.931113e+03 2.124940e-01
3.932000e+03 2.130590e-01
3.932113e+03 2.131330e-01
3.933000e+03 2.139990e-01
3.933113e+03 2.141080e-01
3.934000e+03 2.149710e-01
3.934114e+03 2.150820e-01
3.935000e+03 2.157430e-01
3.935114e+03 2.158280e-01
3.936000e+03 2.166240e-01
3.936114e+03 2.167280e-01
3.937000e+03 2.174240e-01
3.937114e+03 2.175120e-01
3.938000e+03 2.178390e-01
3.938115e+03 2.178820e-01
3.939000e+03 2.182790e-01
3.939115e+03 2.183310e-01
3.940000e+03 2.184490e-01
3.940115e+03 2.184660e-01
3.941000e+03 2.186110e-01
3.941115e+03 2.186280e-01
3.942000e+03 2.185670e-01
3.942115e+03 2.185590e-01
3.943000e+03 2.186730e-01
3.943116e+03 2.186880e-01
3.944000e+03 2.182040e-01
3.944116e+03 2.181420e-01
3.945000e+03 2.183150e-01
3.945116e+03 2.183360e-01
3.946000e+03 2.181370e-01
3.946117e+03 2.181110e-01
3.947000e+03 2.180550e-01
3.947117e+03 2.180470e-01
3.948000e+03 2.180020e-01
3.948117e+03 2.179990e-01
3.949000e+03 2.173260e-01
3.949117e+03 2.172340e-01
3.950000e+03 2.176180e-01
3.950118e+03 2.176690e-01
3.951000e+03 2.173760e-01
3.951118e+03 2.173360e-01
3.952000e+03 2.174520e-01
3.952118e+03 2.174700e-01
3.953000e+03 2.173300e-01
3.953118e+03 2.173090e-01
3.954000e+03 2.169350e-01
3.954119e+03 2.168840e-01
3.955000e+03 2.171530e-01
3.955119e+03 2.171890e-01
3.956000e+03 2.168820e-01
3.956119e+03 2.168420e-01
3.957000e+03 2.172080e-01
3.957119e+03 2.172550e-01
3.958000e+03 2.173870e-01
3.958120e+03 2.174050e-01
3.959000e+03 2.176030e-01
3.959120e+03 2.176300e-01
3.960000e+03 2.172310e-01
3.960120e+03 2.171770e-01
3.961000e+03 2.173210e-01
3.961121e+03 2.173430e-01
3.962000e+03 2.173540e-01
3.962121e+03 2.173530e-01
3.963000e+03 2.174030e-01
3.963121e+03 2.174100e-01
3.964000e+03 2.172680e-01
3.964121e+03 2.172480e-01
3.965000e+03 2.171130e-01
3.965122e+03 2.170960e-01
3.966000e+03 2.166550e-01
3.966122e+03 2.165920e-01
3.967000e+03 2.162330e-01
3.967122e+03 2.161830e-01
3.968000e+03 2.159120e-01
3.968122e+03 2.158740e-01
3.969000e+03 2.155060e-01
3.969123e+03 2.154570e-01
3.970000e+03 2.149590e-01
3.970123e+03 2.148870e-01
3.971000e+03 2.144540e-01
3.971123e+03 2.143930e-01
3.972000e+03 2.139470e-01
3.972123e+03 2.138840e-01
3.973000e+03 2.128200e-01
3.973124e+03 2.126710e-01
3.974000e+03 2.126110e-01
3.974124e+03 2.126000e-01
3.975000e+03 2.120800e-01
3.975124e+03 2.120060e-01
3.976000e+03 2.115760e-01
3.976125e+03 2.115150e-01
3.977000e+03 2.108340e-01
3.977125e+03 2.107400e-01
3.978000e+03 2.103320e-01
3.978125e+03 2.102720e-01
3.979000e+03 2.098950e-01
3.979125e+03 2.098410e-01
3.980000e+03 2.095720e-01
3.980125e+03 2.095340e-01
3.981000e+03 2.098390e-01
3.981126e+03 2.098860e-01
3.982000e+03 2.096970e-01
3.982126e+03 2.096670e-01
3.983000e+03 2.101940e-01
3.983126e+03 2.102700e-01
3.984000e+03 2.106070e-01
3.984127e+03 2.106550e-01
3.985000e+03 2.107720e-01
3.985127e+03 2.107890e-01
3.986000e+03 2.109620e-01
3.986127e+03 2.109900e-01
3.987000e+03 2.108440e-01
3.987127e+03 2.108200e-01
3.988000e+03 2.103370e-01
3.988128e+03 2.102660e-01
3.989000e+03 2.082810e-01
3.989128e+03 2.079900e-01
3.990000e+03 2.051700e-01
3.990128e+03 2.047570e-01
3.991000e+03 1.998250e-01
3.991128e+03 1.990960e-01
3.992000e+03 1.927210e-01
3.992129e+03 1.917800e-01
3.993000e+03 1.830640e-01
3.993129e+03 1.817740e-01
3.994000e+03 1.700380e-01
3.994129e+03 1.682990e-01
3.995000e+03 1.546820e-01
3.995129e+03 1.526560e-01
3.996000e+03 1.378410e-01
3.996130e+03 1.356340e-01
3.997000e+03 1.212930e-01
3.997130e+03 1.191520e-01
3.998000e+03 1.042560e-01
3.998130e+03 1.020290e-01
3.999000e+03 8.833840e-02
3.999131e+03 8.628050e-02
4.000000e+03 7.398440e-02
4.000131e+03 7.212910e-02
4.001000e+03 6.131340e-02
4.001131e+03 5.968170e-02
4.002000e+03 5.036420e-02
4.002131e+03 4.895550e-02
4.003000e+03 4.101930e-02
4.003132e+03 3.981730e-02
4.004000e+03 3.332210e-02
4.004132e+03 3.233550e-02
4.005000e+03 2.701450e-02
4.005132e+03 2.620490e-02
4.006000e+03 2.197040e-02
4.006132e+03 2.132480e-02
4.007000e+03 1.775210e-02
4.007133e+03 1.720630e-02
4.008000e+03 1.437320e-02
4.008133e+03 1.393910e-02
4.009000e+03 1.170430e-02
4.009133e+03 1.136130e-02
4.010000e+03 9.574050e-03
4.010133e+03 9.299200e-03
4.011000e+03 7.912900e-03
4.011134e+03 7.699350e-03
4.012000e+03 6.518780e-03
4.012134e+03 6.336370e-03
4.013000e+03 5.440130e-03
4.013134e+03 5.301180e-03
4.014000e+03 4.591650e-03
4.014135e+03 4.481380e-03
4.015000e+03 3.838710e-03
4.015135e+03 3.738660e-03
4.016000e+03 3.208920e-03
4.016135e+03 3.126210e-03
4.017000e+03 2.701130e-03
4.017135e+03 2.634650e-03
4.018000e+03 2.288260e-03
4.018135e+03 2.233980e-03
4.019000e+03 1.948710e-03
4.019136e+03 1.903910e-03
4.020000e+03 1.654680e-03
4.020136e+03 1.615470e-03
4.021000e+03 1.403040e-03
4.021136e+03 1.369530e-03
4.022000e+03 1.186840e-03
4.022136e+03 1.157980e-03
4.023000e+03 1.023850e-03
4.023137e+03 1.002610e-03
4.024000e+03 8.764630e-04
4.024137e+03 8.564560e-04
4.025000e+03 7.590770e-04
4.025137e+03 7.435830e-04
4.026000e+03 6.557330e-04
4.026138e+03 6.417110e-04
4.027000e+03 5.702480e-04
4.027138e+03 5.588350e-04
4.028000e+03 4.983180e-04
4.028138e+03 4.886250e-04
4.029000e+03 4.290390e-04
4.029138e+03 4.194780e-04
4.030000e+03 3.801340e-04
4.030139e+03 3.738060e-04
4.031000e+03 3.351640e-04
4.031139e+03 3.289310e-04
4.032000e+03 2.996190e-04
4.032139e+03 2.948810e-04
4.033000e+03 2.500850e-04
4.033139e+03 2.428330e-04
4.034000e+03 2.255910e-04
4.034140e+03 2.227900e-04
4.035000e+03 1.989280e-04
4.035140e+03 1.950470e-04
4.036000e+03 1.757340e-04
4.036140e+03 1.725860e-04
4.037000e+03 1.498570e-04
4.037140e+03 1.461470e-04
4.038000e+03 1.352590e-04
4.038141e+03 1.334760e-04
4.039000e+03 1.243980e-04
4.039141e+03 1.229070e-04
4.040000e+03 1.135990e-04
4.040141e+03 1.120690e-04
4.041000e+03 1.011690e-04
4.041142e+03 9.937210e-05
4.042000e+03 8.960640e-05
4.042142e+03 8.799610e-05
4.043000e+03 7.755450e-05
4.043142e+03 7.582470e-05
4.044000e+03 6.878730e-05
4.044142e+03 6.761950e-05
4.045000e+03 6.240050e-05
4.045143e+03 6.153280e-05
4.046000e+03 5.517630e-05
4.046143e+03 5.411790e-05
4.047000e+03 5.458600e-05
4.047143e+03 5.466340e-05
4.048000e+03 4.694200e-05
4.048143e+03 4.565050e-05
