# # Wavelength(Angstrom)  Transmission
1.318000e+04 1.132800e-04
1.319000e+04 1.353510e-04
1.320000e+04 1.574360e-04
1.320361e+04 1.654000e-04
1.321000e+04 1.724670e-04
1.322000e+04 1.836810e-04
1.323000e+04 1.947550e-04
1.324000e+04 2.058310e-04
1.325000e+04 2.169100e-04
1.325362e+04 2.209250e-04
1.326000e+04 2.350100e-04
1.327000e+04 2.571040e-04
1.327363e+04 2.652020e-04
1.328000e+04 2.794500e-04
1.328363e+04 2.874930e-04
1.329000e+04 3.015640e-04
1.329363e+04 3.095940e-04
1.330000e+04 4.644180e-04
1.330364e+04 5.528710e-04
1.331000e+04 5.388310e-04
1.331364e+04 5.308000e-04
1.332000e+04 5.518040e-04
1.332364e+04 5.640040e-04
1.333000e+04 6.910620e-04
1.333364e+04 7.637400e-04
1.334000e+04 8.904670e-04
1.334365e+04 9.632240e-04
1.335000e+04 1.089910e-03
1.335365e+04 1.162750e-03
1.336000e+04 1.464890e-03
1.336365e+04 1.638770e-03
1.337000e+04 2.081820e-03
1.337366e+04 2.337080e-03
1.338000e+04 2.814810e-03
1.338366e+04 3.091330e-03
1.339000e+04 3.781540e-03
1.339366e+04 4.179270e-03
1.340000e+04 5.112750e-03
1.340366e+04 5.651340e-03
1.341000e+04 6.907040e-03
1.341367e+04 7.633470e-03
1.342000e+04 9.589230e-03
1.342367e+04 1.072210e-02
1.343000e+04 1.337310e-02
1.343367e+04 1.491020e-02
1.344000e+04 1.895900e-02
1.344367e+04 2.131560e-02
1.345000e+04 2.733490e-02
1.345368e+04 3.082680e-02
1.346000e+04 3.925920e-02
1.346368e+04 4.416610e-02
1.347000e+04 5.751840e-02
1.347368e+04 6.529610e-02
1.348000e+04 8.431910e-02
1.348369e+04 9.541230e-02
1.349000e+04 1.213540e-01
1.349369e+04 1.365040e-01
1.350000e+04 1.716150e-01
1.350369e+04 1.921980e-01
1.351000e+04 2.351830e-01
1.351369e+04 2.602860e-01
1.352000e+04 3.059610e-01
1.352370e+04 3.327270e-01
1.353000e+04 3.738740e-01
1.353370e+04 3.980180e-01
1.354000e+04 4.294040e-01
1.354370e+04 4.478390e-01
1.355000e+04 4.709460e-01
1.355371e+04 4.845330e-01
1.356000e+04 4.961540e-01
1.356371e+04 5.029960e-01
1.357000e+04 5.090190e-01
1.357371e+04 5.127250e-01
1.358000e+04 5.143990e-01
1.358371e+04 5.152310e-01
1.359000e+04 5.157390e-01
1.359372e+04 5.160380e-01
1.360000e+04 5.152650e-01
1.360372e+04 5.144470e-01
1.361000e+04 5.129970e-01
1.361372e+04 5.121390e-01
1.362000e+04 5.127570e-01
1.362372e+04 5.131220e-01
1.363000e+04 5.128080e-01
1.363373e+04 5.126210e-01
1.364000e+04 5.118270e-01
1.364373e+04 5.113550e-01
1.365000e+04 5.119940e-01
1.365373e+04 5.125290e-01
1.366000e+04 5.129830e-01
1.366374e+04 5.130950e-01
1.367000e+04 5.118570e-01
1.367374e+04 5.111200e-01
1.368000e+04 5.114750e-01
1.368374e+04 5.116850e-01
1.369000e+04 5.112600e-01
1.369374e+04 5.110050e-01
1.370000e+04 5.100740e-01
1.370375e+04 5.095180e-01
1.371000e+04 5.083210e-01
1.371375e+04 5.076040e-01
1.372000e+04 5.073470e-01
1.372375e+04 5.071910e-01
1.373000e+04 5.060320e-01
1.373375e+04 5.053370e-01
1.374000e+04 5.047120e-01
1.374376e+04 5.044920e-01
1.375000e+04 5.036940e-01
1.375376e+04 5.030590e-01
1.376000e+04 5.020720e-01
1.376376e+04 5.014780e-01
1.377000e+04 5.001970e-01
1.377376e+04 4.994250e-01
1.378000e+04 4.991990e-01
1.378377e+04 4.990620e-01
1.379000e+04 4.981790e-01
1.379377e+04 4.976460e-01
1.380000e+04 4.972540e-01
1.380377e+04 4.971260e-01
1.381000e+04 4.959680e-01
1.381378e+04 4.952660e-01
1.382000e+04 4.950220e-01
1.382378e+04 4.948740e-01
1.383000e+04 4.945640e-01
1.383378e+04 4.951190e-01
1.384000e+04 4.958360e-01
1.384378e+04 4.962730e-01
1.385000e+04 4.977070e-01
1.385379e+04 4.987360e-01
1.386000e+04 5.000700e-01
1.386379e+04 5.007290e-01
1.387000e+04 5.008300e-01
1.387379e+04 5.008920e-01
1.388000e+04 5.023330e-01
1.388379e+04 5.032150e-01
1.389000e+04 5.050850e-01
1.389380e+04 5.062320e-01
1.390000e+04 5.076140e-01
1.390380e+04 5.084630e-01
1.391000e+04 5.084680e-01
1.391380e+04 5.084700e-01
1.392000e+04 5.097240e-01
1.392381e+04 5.104950e-01
1.393000e+04 5.125760e-01
1.393381e+04 5.138570e-01
1.394000e+04 5.141930e-01
1.394381e+04 5.144000e-01
1.395000e+04 5.150990e-01
1.395381e+04 5.155300e-01
1.396000e+04 5.172560e-01
1.396382e+04 5.183230e-01
1.397000e+04 5.192230e-01
1.397382e+04 5.197800e-01
1.398000e+04 5.215790e-01
1.398382e+04 5.226940e-01
1.399000e+04 5.227330e-01
1.399383e+04 5.227570e-01
1.400000e+04 5.228950e-01
1.400383e+04 5.227840e-01
1.401000e+04 5.231390e-01
1.401383e+04 5.233590e-01
1.402000e+04 5.243140e-01
1.402383e+04 5.249070e-01
1.403000e+04 5.256630e-01
1.403384e+04 5.261330e-01
1.404000e+04 5.264550e-01
1.404384e+04 5.266560e-01
1.405000e+04 5.278800e-01
1.405384e+04 5.286440e-01
1.406000e+04 5.292680e-01
1.406384e+04 5.296570e-01
1.407000e+04 5.305160e-01
1.407385e+04 5.312190e-01
1.408000e+04 5.312070e-01
1.408385e+04 5.310320e-01
1.409000e+04 5.292770e-01
1.409385e+04 5.281760e-01
1.410000e+04 5.254780e-01
1.410386e+04 5.237850e-01
1.411000e+04 5.154110e-01
1.411386e+04 5.101480e-01
1.412000e+04 4.962870e-01
1.412386e+04 4.875680e-01
1.413000e+04 4.657230e-01
1.413386e+04 4.519640e-01
1.414000e+04 4.198650e-01
1.414387e+04 3.996270e-01
1.415000e+04 3.653240e-01
1.415387e+04 3.436740e-01
1.416000e+04 3.063250e-01
1.416387e+04 2.827230e-01
1.417000e+04 2.462270e-01
1.417387e+04 2.231360e-01
1.418000e+04 1.909280e-01
1.418388e+04 1.705290e-01
1.419000e+04 1.423500e-01
1.419388e+04 1.244440e-01
1.420000e+04 1.051470e-01
1.420388e+04 9.290460e-02
1.421000e+04 7.791740e-02
1.421388e+04 6.840300e-02
1.422000e+04 5.734320e-02
1.422389e+04 5.031450e-02
1.423000e+04 4.197170e-02
1.423389e+04 3.666310e-02
1.424000e+04 3.071220e-02
1.424389e+04 2.692090e-02
1.425000e+04 2.268700e-02
1.425389e+04 1.998690e-02
1.426000e+04 1.695830e-02
1.426390e+04 1.502430e-02
1.427000e+04 1.283370e-02
1.427390e+04 1.143300e-02
1.428000e+04 9.713430e-03
1.428390e+04 8.612520e-03
1.429000e+04 7.430750e-03
1.429391e+04 6.673390e-03
1.430000e+04 5.728960e-03
1.430391e+04 5.123060e-03
1.431000e+04 4.412180e-03
1.431391e+04 3.955550e-03
1.432000e+04 3.479680e-03
1.432391e+04 3.173710e-03
1.433000e+04 2.731500e-03
1.433392e+04 2.446870e-03
1.434000e+04 2.004480e-03
1.434392e+04 1.719380e-03
1.435000e+04 1.645740e-03
1.435392e+04 1.598220e-03
1.436000e+04 1.363800e-03
1.436392e+04 1.212390e-03
1.437000e+04 1.145470e-03
1.437393e+04 1.102200e-03
1.438000e+04 9.683590e-04
1.438393e+04 8.817140e-04
1.439000e+04 7.144410e-04
1.439393e+04 6.058540e-04
1.440000e+04 6.059130e-04
1.440394e+04 6.061010e-04
1.441000e+04 4.723580e-04
1.441394e+04 3.854890e-04
1.442000e+04 3.854620e-04
1.442394e+04 3.854430e-04
1.443000e+04 2.520400e-04
1.443394e+04 1.651860e-04
1.444000e+04 1.985170e-04
1.444395e+04 2.202400e-04
1.445000e+04 2.202240e-04
1.445395e+04 2.202140e-04
1.446000e+04 2.268590e-04
1.446395e+04 2.311990e-04
1.447000e+04 2.711280e-04
1.447396e+04 2.972370e-04
1.448000e+04 2.595220e-04
1.449000e+04 1.971430e-04
1.450000e+04 1.347780e-04
1.450396e+04 1.100530e-04
1.451000e+04 1.166490e-04
1.452000e+04 1.276700e-04
1.453000e+04 1.387000e-04
1.454000e+04 1.497370e-04
1.455000e+04 1.607810e-04
1.455398e+04 1.651750e-04
1.456000e+04 1.585780e-04
1.457000e+04 1.476190e-04
1.458000e+04 1.365410e-04
1.459000e+04 1.255760e-04
1.460000e+04 1.146030e-04
