# # Wavelength(Angstrom)  Transmission
7.766000e+03 2.954750e-05
7.767000e+03 3.098970e-05
7.768000e+03 3.243300e-05
7.769000e+03 3.387490e-05
7.770000e+03 3.531210e-05
7.771000e+03 3.675100e-05
7.772000e+03 3.818500e-05
7.772138e+03 3.838350e-05
7.773000e+03 3.932780e-05
7.774000e+03 4.042240e-05
7.775000e+03 4.151230e-05
7.776000e+03 4.260460e-05
7.777000e+03 4.369190e-05
7.778000e+03 4.478200e-05
7.779000e+03 4.587090e-05
7.780000e+03 4.695460e-05
7.781000e+03 4.804120e-05
7.782000e+03 4.912230e-05
7.782141e+03 4.927490e-05
7.783000e+03 5.022280e-05
7.784000e+03 5.132470e-05
7.785000e+03 5.242090e-05
7.786000e+03 5.352050e-05
7.787000e+03 5.461410e-05
7.788000e+03 5.571140e-05
7.789000e+03 5.680250e-05
7.790000e+03 5.789750e-05
7.791000e+03 5.899130e-05
7.792000e+03 6.007870e-05
7.792144e+03 6.023540e-05
7.793000e+03 6.229090e-05
7.794000e+03 6.468300e-05
7.795000e+03 6.707820e-05
7.796000e+03 6.947090e-05
7.797000e+03 7.185490e-05
7.798000e+03 7.424260e-05
7.799000e+03 7.662100e-05
7.800000e+03 7.900370e-05
7.801000e+03 8.138390e-05
7.802000e+03 8.375430e-05
7.802146e+03 8.410120e-05
7.803000e+03 8.681210e-05
7.804000e+03 8.997560e-05
7.805000e+03 9.314350e-05
7.806000e+03 9.630820e-05
7.807000e+03 9.946080e-05
7.808000e+03 1.026190e-04
7.809000e+03 1.057640e-04
7.810000e+03 1.089160e-04
7.811000e+03 1.120640e-04
7.812000e+03 1.151980e-04
7.812149e+03 1.156660e-04
7.813000e+03 1.185130e-04
7.814000e+03 1.218440e-04
7.815000e+03 1.251820e-04
7.816000e+03 1.285160e-04
7.817000e+03 1.318360e-04
7.818000e+03 1.351630e-04
7.819000e+03 1.384750e-04
7.820000e+03 1.417950e-04
7.821000e+03 1.451120e-04
7.822000e+03 1.484120e-04
7.822151e+03 1.489140e-04
7.823000e+03 1.536110e-04
7.824000e+03 1.591270e-04
7.825000e+03 1.646500e-04
7.826000e+03 1.701530e-04
7.827000e+03 1.756650e-04
7.828000e+03 1.811720e-04
7.829000e+03 1.866560e-04
7.830000e+03 1.921510e-04
7.831000e+03 1.976410e-04
7.832000e+03 2.031440e-04
7.832154e+03 2.039930e-04
7.833000e+03 2.100350e-04
7.834000e+03 2.171550e-04
7.835000e+03 2.242880e-04
7.836000e+03 2.313940e-04
7.837000e+03 2.385150e-04
7.838000e+03 2.456290e-04
7.839000e+03 2.527160e-04
7.840000e+03 2.598180e-04
7.841000e+03 2.668900e-04
7.842000e+03 2.739800e-04
7.842157e+03 2.750900e-04
7.843000e+03 2.830960e-04
7.844000e+03 2.926130e-04
7.845000e+03 3.021220e-04
7.846000e+03 3.115960e-04
7.847000e+03 3.210880e-04
7.848000e+03 3.305430e-04
7.849000e+03 3.400190e-04
7.850000e+03 3.494870e-04
7.851000e+03 3.589150e-04
7.852000e+03 3.683660e-04
7.852160e+03 3.698700e-04
7.853000e+03 3.812200e-04
7.854000e+03 3.947500e-04
7.855000e+03 4.082690e-04
7.856000e+03 4.217380e-04
7.857000e+03 4.352330e-04
7.858000e+03 4.486770e-04
7.859000e+03 4.621480e-04
7.860000e+03 4.755660e-04
7.861000e+03 4.890140e-04
7.862000e+03 5.024500e-04
7.862163e+03 5.046270e-04
7.863000e+03 5.207590e-04
7.864000e+03 5.400540e-04
7.865000e+03 5.592830e-04
7.866000e+03 5.785450e-04
7.867000e+03 5.977900e-04
7.868000e+03 6.169640e-04
7.869000e+03 6.361760e-04
7.870000e+03 6.553130e-04
7.871000e+03 6.744900e-04
7.872000e+03 6.935900e-04
7.872165e+03 6.967510e-04
7.873000e+03 7.176410e-04
7.874000e+03 7.426410e-04
7.875000e+03 7.675510e-04
7.876000e+03 7.925070e-04
7.877000e+03 8.173700e-04
7.878000e+03 8.422820e-04
7.879000e+03 8.671730e-04
7.880000e+03 8.919640e-04
7.881000e+03 9.168110e-04
7.882000e+03 9.415540e-04
7.882168e+03 9.457220e-04
7.883000e+03 9.752620e-04
7.884000e+03 1.010650e-03
7.885000e+03 1.046090e-03
7.886000e+03 1.081510e-03
7.887000e+03 1.116790e-03
7.888000e+03 1.152140e-03
7.889000e+03 1.187360e-03
7.890000e+03 1.222650e-03
7.891000e+03 1.257800e-03
7.892000e+03 1.293020e-03
7.892170e+03 1.299020e-03
7.893000e+03 1.339540e-03
7.894000e+03 1.388210e-03
7.895000e+03 1.436970e-03
7.896000e+03 1.485550e-03
7.897000e+03 1.534220e-03
7.898000e+03 1.582850e-03
7.899000e+03 1.631290e-03
7.900000e+03 1.679830e-03
7.901000e+03 1.728180e-03
7.902000e+03 1.776630e-03
7.902173e+03 1.785000e-03
7.903000e+03 1.840090e-03
7.904000e+03 1.906840e-03
7.905000e+03 1.973530e-03
7.906000e+03 2.039980e-03
7.907000e+03 2.106550e-03
7.908000e+03 2.172870e-03
7.909000e+03 2.239330e-03
7.910000e+03 2.305520e-03
7.911000e+03 2.371860e-03
7.912000e+03 2.438140e-03
7.912176e+03 2.449750e-03
7.913000e+03 2.526240e-03
7.914000e+03 2.619190e-03
7.915000e+03 2.711820e-03
7.916000e+03 2.804610e-03
7.917000e+03 2.897310e-03
7.918000e+03 2.989680e-03
7.919000e+03 3.082220e-03
7.920000e+03 3.174400e-03
7.921000e+03 3.266780e-03
7.922000e+03 3.358790e-03
7.922179e+03 3.375270e-03
7.923000e+03 3.486560e-03
7.924000e+03 3.621970e-03
7.925000e+03 3.756930e-03
7.926000e+03 3.892090e-03
7.927000e+03 4.026780e-03
7.928000e+03 4.161710e-03
7.929000e+03 4.296140e-03
7.930000e+03 4.430820e-03
7.931000e+03 4.565400e-03
7.932000e+03 4.699440e-03
7.932181e+03 4.723780e-03
7.933000e+03 4.878980e-03
7.934000e+03 5.067920e-03
7.935000e+03 5.257130e-03
7.936000e+03 5.445700e-03
7.937000e+03 5.634580e-03
7.938000e+03 5.823300e-03
7.939000e+03 6.011320e-03
7.940000e+03 6.199700e-03
7.941000e+03 6.387360e-03
7.942000e+03 6.575410e-03
7.942184e+03 6.609900e-03
7.943000e+03 6.815630e-03
7.944000e+03 7.068180e-03
7.945000e+03 7.320520e-03
7.946000e+03 7.571960e-03
7.947000e+03 7.823850e-03
7.948000e+03 8.074800e-03
7.949000e+03 8.326240e-03
7.950000e+03 8.576700e-03
7.951000e+03 8.827690e-03
7.952000e+03 9.078470e-03
7.952187e+03 9.125070e-03
7.953000e+03 9.412570e-03
7.954000e+03 9.766520e-03
7.955000e+03 1.011930e-02
7.956000e+03 1.047260e-02
7.957000e+03 1.082470e-02
7.958000e+03 1.117730e-02
7.959000e+03 1.152970e-02
7.960000e+03 1.188080e-02
7.961000e+03 1.223250e-02
7.962000e+03 1.258290e-02
7.962189e+03 1.264940e-02
7.963000e+03 1.304330e-02
7.964000e+03 1.352760e-02
7.965000e+03 1.401260e-02
7.966000e+03 1.449730e-02
7.967000e+03 1.498020e-02
7.968000e+03 1.546400e-02
7.969000e+03 1.594590e-02
7.970000e+03 1.642880e-02
7.971000e+03 1.690990e-02
7.972000e+03 1.739200e-02
7.972192e+03 1.748410e-02
7.973000e+03 1.801790e-02
7.974000e+03 1.867960e-02
7.975000e+03 1.934070e-02
7.976000e+03 1.999940e-02
7.977000e+03 2.065930e-02
7.978000e+03 2.131670e-02
7.979000e+03 2.197550e-02
7.980000e+03 2.263160e-02
7.981000e+03 2.328940e-02
7.982000e+03 2.394650e-02
7.982195e+03 2.407410e-02
7.983000e+03 2.472280e-02
7.984000e+03 2.553010e-02
7.985000e+03 2.633430e-02
7.986000e+03 2.714020e-02
7.987000e+03 2.794290e-02
7.988000e+03 2.874730e-02
7.989000e+03 2.955100e-02
7.990000e+03 3.035140e-02
7.991000e+03 3.115430e-02
7.992000e+03 3.195360e-02
7.992198e+03 3.211220e-02
7.993000e+03 3.296920e-02
7.994000e+03 3.403360e-02
7.995000e+03 3.510010e-02
7.996000e+03 3.616260e-02
7.997000e+03 3.722730e-02
7.998000e+03 3.829120e-02
7.999000e+03 3.935070e-02
8.000000e+03 4.041270e-02
8.001000e+03 4.146640e-02
8.002000e+03 4.252270e-02
8.002200e+03 4.273330e-02
8.003000e+03 4.377610e-02
8.004000e+03 4.508260e-02
8.005000e+03 4.638370e-02
8.006000e+03 4.768750e-02
8.007000e+03 4.899000e-02
8.008000e+03 5.028670e-02
8.009000e+03 5.158650e-02
8.010000e+03 5.288020e-02
8.011000e+03 5.417800e-02
8.012000e+03 5.546950e-02
8.012203e+03 5.573270e-02
8.013000e+03 5.690050e-02
8.014000e+03 5.836470e-02
8.015000e+03 5.982220e-02
8.016000e+03 6.128340e-02
8.017000e+03 6.273760e-02
8.018000e+03 6.419590e-02
8.019000e+03 6.564680e-02
8.020000e+03 6.710210e-02
8.021000e+03 6.855030e-02
8.022000e+03 7.000310e-02
8.022206e+03 7.030150e-02
8.023000e+03 7.151020e-02
8.024000e+03 7.302390e-02
8.025000e+03 7.454240e-02
8.026000e+03 7.605270e-02
8.027000e+03 7.756820e-02
8.028000e+03 7.907510e-02
8.029000e+03 8.058750e-02
8.030000e+03 8.209110e-02
8.031000e+03 8.360160e-02
8.032000e+03 8.511060e-02
8.032208e+03 8.542350e-02
8.033000e+03 8.662300e-02
8.034000e+03 8.814490e-02
8.035000e+03 8.965730e-02
8.036000e+03 9.117620e-02
8.037000e+03 9.268530e-02
8.038000e+03 9.420110e-02
8.039000e+03 9.570690e-02
8.040000e+03 9.721980e-02
8.041000e+03 9.873130e-02
8.042000e+03 1.002320e-01
8.042211e+03 1.005510e-01
8.043000e+03 1.016270e-01
8.044000e+03 1.029800e-01
8.045000e+03 1.043410e-01
8.046000e+03 1.056910e-01
8.047000e+03 1.070490e-01
8.048000e+03 1.083970e-01
8.049000e+03 1.097520e-01
8.050000e+03 1.111070e-01
8.051000e+03 1.124490e-01
8.052000e+03 1.138010e-01
8.052214e+03 1.140880e-01
8.053000e+03 1.149590e-01
8.054000e+03 1.160760e-01
8.055000e+03 1.171820e-01
8.056000e+03 1.182970e-01
8.057000e+03 1.194000e-01
8.058000e+03 1.205130e-01
8.059000e+03 1.216250e-01
8.060000e+03 1.227250e-01
8.061000e+03 1.238340e-01
8.062000e+03 1.249310e-01
8.062216e+03 1.251710e-01
8.063000e+03 1.258130e-01
8.064000e+03 1.266200e-01
8.065000e+03 1.274380e-01
8.066000e+03 1.282440e-01
8.067000e+03 1.290600e-01
8.068000e+03 1.298630e-01
8.069000e+03 1.306780e-01
8.070000e+03 1.314910e-01
8.071000e+03 1.322920e-01
8.072000e+03 1.331040e-01
8.072219e+03 1.332790e-01
8.073000e+03 1.337090e-01
8.074000e+03 1.342700e-01
8.075000e+03 1.348190e-01
8.076000e+03 1.353790e-01
8.077000e+03 1.359270e-01
8.078000e+03 1.364860e-01
8.079000e+03 1.370440e-01
8.080000e+03 1.375900e-01
8.081000e+03 1.381470e-01
8.082000e+03 1.386920e-01
8.082222e+03 1.388150e-01
8.083000e+03 1.390930e-01
8.084000e+03 1.394380e-01
8.085000e+03 1.397950e-01
8.086000e+03 1.401390e-01
8.087000e+03 1.404950e-01
8.088000e+03 1.408380e-01
8.089000e+03 1.411940e-01
8.090000e+03 1.415490e-01
8.091000e+03 1.418900e-01
8.092000e+03 1.422440e-01
8.092225e+03 1.423210e-01
8.093000e+03 1.424620e-01
8.094000e+03 1.426580e-01
8.095000e+03 1.428400e-01
8.096000e+03 1.430340e-01
8.097000e+03 1.432160e-01
8.098000e+03 1.434100e-01
8.099000e+03 1.435910e-01
8.100000e+03 1.437840e-01
8.101000e+03 1.439770e-01
8.102000e+03 1.441580e-01
8.102228e+03 1.442010e-01
8.103000e+03 1.442490e-01
8.104000e+03 1.442970e-01
8.105000e+03 1.443580e-01
8.106000e+03 1.444050e-01
8.107000e+03 1.444660e-01
8.108000e+03 1.445140e-01
8.109000e+03 1.445740e-01
8.110000e+03 1.446210e-01
8.111000e+03 1.446810e-01
8.112000e+03 1.447420e-01
8.112230e+03 1.447520e-01
8.113000e+03 1.447540e-01
8.114000e+03 1.447700e-01
8.115000e+03 1.447730e-01
8.116000e+03 1.447880e-01
8.117000e+03 1.447910e-01
8.118000e+03 1.448060e-01
8.119000e+03 1.448080e-01
8.120000e+03 1.448230e-01
8.121000e+03 1.448260e-01
8.122000e+03 1.448410e-01
8.122233e+03 1.448410e-01
8.123000e+03 1.448050e-01
8.124000e+03 1.447700e-01
8.125000e+03 1.447360e-01
8.126000e+03 1.446880e-01
8.127000e+03 1.446540e-01
8.128000e+03 1.446060e-01
8.129000e+03 1.445720e-01
8.130000e+03 1.445240e-01
8.131000e+03 1.444900e-01
8.132000e+03 1.444420e-01
8.132235e+03 1.444340e-01
8.133000e+03 1.443900e-01
8.134000e+03 1.443190e-01
8.135000e+03 1.442610e-01
8.136000e+03 1.441910e-01
8.137000e+03 1.441330e-01
8.138000e+03 1.440750e-01
8.139000e+03 1.440050e-01
8.140000e+03 1.439470e-01
8.141000e+03 1.438760e-01
8.142000e+03 1.438180e-01
8.142238e+03 1.438020e-01
8.143000e+03 1.437380e-01
8.144000e+03 1.436680e-01
8.145000e+03 1.435850e-01
8.146000e+03 1.435150e-01
8.147000e+03 1.434320e-01
8.148000e+03 1.433620e-01
8.149000e+03 1.432790e-01
8.150000e+03 1.432090e-01
8.151000e+03 1.431390e-01
8.152000e+03 1.430560e-01
8.152241e+03 1.430390e-01
8.153000e+03 1.429820e-01
8.154000e+03 1.428950e-01
8.155000e+03 1.428210e-01
8.156000e+03 1.427340e-01
8.157000e+03 1.426590e-01
8.158000e+03 1.425720e-01
8.159000e+03 1.424980e-01
8.160000e+03 1.424110e-01
8.161000e+03 1.423360e-01
8.162000e+03 1.422490e-01
8.162244e+03 1.422310e-01
8.163000e+03 1.421960e-01
8.164000e+03 1.421360e-01
8.165000e+03 1.420890e-01
8.166000e+03 1.420420e-01
8.167000e+03 1.419830e-01
8.168000e+03 1.419360e-01
8.169000e+03 1.418760e-01
8.170000e+03 1.418290e-01
8.171000e+03 1.417690e-01
8.172000e+03 1.417220e-01
8.172246e+03 1.417080e-01
8.173000e+03 1.416560e-01
8.174000e+03 1.415990e-01
8.175000e+03 1.415310e-01
8.176000e+03 1.414750e-01
8.177000e+03 1.414060e-01
8.178000e+03 1.413500e-01
8.179000e+03 1.412810e-01
8.180000e+03 1.412250e-01
8.181000e+03 1.411680e-01
8.182000e+03 1.411000e-01
8.182249e+03 1.410860e-01
8.183000e+03 1.410610e-01
8.184000e+03 1.410140e-01
8.185000e+03 1.409810e-01
8.186000e+03 1.409350e-01
8.187000e+03 1.409010e-01
8.188000e+03 1.408550e-01
8.189000e+03 1.408210e-01
8.190000e+03 1.407750e-01
8.191000e+03 1.407410e-01
8.192000e+03 1.406950e-01
8.192252e+03 1.406870e-01
8.193000e+03 1.406740e-01
8.194000e+03 1.406440e-01
8.195000e+03 1.406270e-01
8.196000e+03 1.405970e-01
8.197000e+03 1.405800e-01
8.198000e+03 1.405630e-01
8.199000e+03 1.405330e-01
8.200000e+03 1.405150e-01
8.201000e+03 1.404870e-01
8.202000e+03 1.404720e-01
8.202254e+03 1.404650e-01
8.203000e+03 1.404370e-01
8.204000e+03 1.404130e-01
8.205000e+03 1.403760e-01
8.206000e+03 1.403510e-01
8.207000e+03 1.403140e-01
8.208000e+03 1.402890e-01
8.209000e+03 1.402520e-01
8.210000e+03 1.402280e-01
8.211000e+03 1.401900e-01
8.212000e+03 1.401660e-01
8.212257e+03 1.401560e-01
8.213000e+03 1.401540e-01
8.214000e+03 1.401640e-01
8.215000e+03 1.401620e-01
8.216000e+03 1.401720e-01
8.217000e+03 1.401820e-01
8.218000e+03 1.401790e-01
8.219000e+03 1.401890e-01
8.220000e+03 1.401860e-01
8.221000e+03 1.401960e-01
8.222000e+03 1.401930e-01
8.222260e+03 1.401950e-01
8.223000e+03 1.401790e-01
8.224000e+03 1.401430e-01
8.225000e+03 1.401210e-01
8.226000e+03 1.400850e-01
8.227000e+03 1.400630e-01
8.228000e+03 1.400270e-01
8.229000e+03 1.400050e-01
8.230000e+03 1.399690e-01
8.231000e+03 1.399550e-01
8.232000e+03 1.399270e-01
8.232263e+03 1.399230e-01
8.233000e+03 1.399370e-01
8.234000e+03 1.399420e-01
8.235000e+03 1.399610e-01
8.236000e+03 1.399660e-01
8.237000e+03 1.399840e-01
8.238000e+03 1.400020e-01
8.239000e+03 1.400070e-01
8.240000e+03 1.400250e-01
8.241000e+03 1.400300e-01
8.242000e+03 1.400470e-01
8.242265e+03 1.400490e-01
8.243000e+03 1.400410e-01
8.244000e+03 1.400440e-01
8.245000e+03 1.400330e-01
8.246000e+03 1.400360e-01
8.247000e+03 1.400250e-01
8.248000e+03 1.400270e-01
8.249000e+03 1.400170e-01
8.250000e+03 1.400190e-01
8.251000e+03 1.400080e-01
8.252000e+03 1.400100e-01
8.252268e+03 1.400070e-01
8.253000e+03 1.399970e-01
8.254000e+03 1.399950e-01
8.255000e+03 1.399810e-01
8.256000e+03 1.399790e-01
8.257000e+03 1.399640e-01
8.258000e+03 1.399620e-01
8.259000e+03 1.399480e-01
8.260000e+03 1.399460e-01
8.261000e+03 1.399310e-01
8.262000e+03 1.399290e-01
8.262271e+03 1.399280e-01
8.263000e+03 1.399420e-01
8.264000e+03 1.399490e-01
8.265000e+03 1.399690e-01
8.266000e+03 1.399750e-01
8.267000e+03 1.399940e-01
8.268000e+03 1.400010e-01
8.269000e+03 1.400200e-01
8.270000e+03 1.400260e-01
8.271000e+03 1.400450e-01
8.272000e+03 1.400510e-01
8.272273e+03 1.400570e-01
8.273000e+03 1.400400e-01
8.274000e+03 1.400040e-01
8.275000e+03 1.399810e-01
8.276000e+03 1.399460e-01
8.277000e+03 1.399220e-01
8.278000e+03 1.398870e-01
8.279000e+03 1.398630e-01
8.280000e+03 1.398280e-01
8.281000e+03 1.398040e-01
8.282000e+03 1.397680e-01
8.282276e+03 1.397620e-01
8.283000e+03 1.397550e-01
8.284000e+03 1.397330e-01
8.285000e+03 1.397240e-01
8.286000e+03 1.397020e-01
8.287000e+03 1.396930e-01
8.288000e+03 1.396710e-01
8.289000e+03 1.396610e-01
8.290000e+03 1.396390e-01
8.291000e+03 1.396290e-01
8.292000e+03 1.396070e-01
8.292278e+03 1.396040e-01
8.293000e+03 1.395820e-01
8.294000e+03 1.395400e-01
8.295000e+03 1.395090e-01
8.296000e+03 1.394670e-01
8.297000e+03 1.394360e-01
8.298000e+03 1.393940e-01
8.299000e+03 1.393630e-01
8.300000e+03 1.393330e-01
8.301000e+03 1.392900e-01
8.302000e+03 1.392600e-01
8.302281e+03 1.392470e-01
8.303000e+03 1.392130e-01
8.304000e+03 1.391780e-01
8.305000e+03 1.391300e-01
8.306000e+03 1.390950e-01
8.307000e+03 1.390470e-01
8.308000e+03 1.390120e-01
8.309000e+03 1.389640e-01
8.310000e+03 1.389290e-01
8.311000e+03 1.388810e-01
8.312000e+03 1.388450e-01
8.312284e+03 1.388320e-01
8.313000e+03 1.388000e-01
8.314000e+03 1.387690e-01
8.315000e+03 1.387240e-01
8.316000e+03 1.386930e-01
8.317000e+03 1.386490e-01
8.318000e+03 1.386170e-01
8.319000e+03 1.385730e-01
8.320000e+03 1.385410e-01
8.321000e+03 1.384970e-01
8.322000e+03 1.384650e-01
8.322287e+03 1.384520e-01
8.323000e+03 1.384120e-01
8.324000e+03 1.383670e-01
8.325000e+03 1.383100e-01
8.326000e+03 1.382660e-01
8.327000e+03 1.382090e-01
8.328000e+03 1.381640e-01
8.329000e+03 1.381070e-01
8.330000e+03 1.380620e-01
8.331000e+03 1.380050e-01
8.332000e+03 1.379600e-01
8.332289e+03 1.379440e-01
8.333000e+03 1.378980e-01
8.334000e+03 1.378460e-01
8.335000e+03 1.377820e-01
8.336000e+03 1.377300e-01
8.337000e+03 1.376660e-01
8.338000e+03 1.376140e-01
8.339000e+03 1.375500e-01
8.340000e+03 1.374980e-01
8.341000e+03 1.374340e-01
8.342000e+03 1.373820e-01
8.342292e+03 1.373630e-01
8.343000e+03 1.373150e-01
8.344000e+03 1.372590e-01
8.345000e+03 1.371900e-01
8.346000e+03 1.371340e-01
8.347000e+03 1.370650e-01
8.348000e+03 1.370090e-01
8.349000e+03 1.369400e-01
8.350000e+03 1.368840e-01
8.351000e+03 1.368160e-01
8.352000e+03 1.367600e-01
8.352295e+03 1.367390e-01
8.353000e+03 1.367000e-01
8.354000e+03 1.366550e-01
8.355000e+03 1.365990e-01
8.356000e+03 1.365550e-01
8.357000e+03 1.364980e-01
8.358000e+03 1.364540e-01
8.359000e+03 1.363980e-01
8.360000e+03 1.363540e-01
8.361000e+03 1.362970e-01
8.362000e+03 1.362530e-01
8.362298e+03 1.362360e-01
8.363000e+03 1.361800e-01
8.364000e+03 1.361140e-01
8.365000e+03 1.360350e-01
8.366000e+03 1.359680e-01
8.367000e+03 1.358890e-01
8.368000e+03 1.358220e-01
8.369000e+03 1.357430e-01
8.370000e+03 1.356760e-01
8.371000e+03 1.355970e-01
8.372000e+03 1.355300e-01
8.372300e+03 1.355070e-01
8.373000e+03 1.354560e-01
8.374000e+03 1.353950e-01
8.375000e+03 1.353210e-01
8.376000e+03 1.352600e-01
8.377000e+03 1.351870e-01
8.378000e+03 1.351260e-01
8.379000e+03 1.350530e-01
8.380000e+03 1.349920e-01
8.381000e+03 1.349190e-01
8.382000e+03 1.348580e-01
8.382303e+03 1.348360e-01
8.383000e+03 1.347790e-01
8.384000e+03 1.347090e-01
8.385000e+03 1.346270e-01
8.386000e+03 1.345580e-01
8.387000e+03 1.344760e-01
8.388000e+03 1.344060e-01
8.389000e+03 1.343250e-01
8.390000e+03 1.342550e-01
8.391000e+03 1.341730e-01
8.392000e+03 1.341040e-01
8.392306e+03 1.340790e-01
8.393000e+03 1.340260e-01
8.394000e+03 1.339630e-01
8.395000e+03 1.338870e-01
8.396000e+03 1.338240e-01
8.397000e+03 1.337480e-01
8.398000e+03 1.336850e-01
8.399000e+03 1.336090e-01
8.400000e+03 1.335460e-01
8.401000e+03 1.334800e-01
8.402000e+03 1.334260e-01
8.402309e+03 1.334060e-01
8.403000e+03 1.333550e-01
8.404000e+03 1.332940e-01
8.405000e+03 1.332200e-01
8.406000e+03 1.331590e-01
8.407000e+03 1.330850e-01
8.408000e+03 1.330240e-01
8.409000e+03 1.329500e-01
8.410000e+03 1.328890e-01
8.411000e+03 1.328150e-01
8.412000e+03 1.327540e-01
8.412311e+03 1.327310e-01
8.413000e+03 1.326820e-01
8.414000e+03 1.326220e-01
8.415000e+03 1.325500e-01
8.416000e+03 1.324910e-01
8.417000e+03 1.324190e-01
8.418000e+03 1.323590e-01
8.419000e+03 1.322870e-01
8.420000e+03 1.322280e-01
8.421000e+03 1.321560e-01
8.422000e+03 1.320960e-01
8.422313e+03 1.320740e-01
8.423000e+03 1.320170e-01
8.424000e+03 1.319460e-01
8.425000e+03 1.318640e-01
8.426000e+03 1.317930e-01
8.427000e+03 1.317110e-01
8.428000e+03 1.316400e-01
8.429000e+03 1.315570e-01
8.430000e+03 1.314870e-01
8.431000e+03 1.314160e-01
8.432000e+03 1.313460e-01
8.432316e+03 1.313280e-01
8.433000e+03 1.312870e-01
8.434000e+03 1.312150e-01
8.435000e+03 1.311540e-01
8.436000e+03 1.310820e-01
8.437000e+03 1.310220e-01
8.438000e+03 1.309500e-01
8.439000e+03 1.308900e-01
8.440000e+03 1.308180e-01
8.441000e+03 1.307580e-01
8.442000e+03 1.306860e-01
8.442319e+03 1.306670e-01
8.443000e+03 1.306300e-01
8.444000e+03 1.305640e-01
8.445000e+03 1.305090e-01
8.446000e+03 1.304430e-01
8.447000e+03 1.303890e-01
8.448000e+03 1.303220e-01
8.449000e+03 1.302680e-01
8.450000e+03 1.302020e-01
8.451000e+03 1.301470e-01
8.452000e+03 1.300810e-01
8.452322e+03 1.300630e-01
8.453000e+03 1.300240e-01
8.454000e+03 1.299540e-01
8.455000e+03 1.298950e-01
8.456000e+03 1.298250e-01
8.457000e+03 1.297670e-01
8.458000e+03 1.296970e-01
8.459000e+03 1.296390e-01
8.460000e+03 1.295690e-01
8.461000e+03 1.295100e-01
8.462000e+03 1.294400e-01
8.462324e+03 1.294210e-01
8.463000e+03 1.293860e-01
8.464000e+03 1.293230e-01
8.465000e+03 1.292710e-01
8.466000e+03 1.292070e-01
8.467000e+03 1.291440e-01
8.468000e+03 1.290920e-01
8.469000e+03 1.290280e-01
8.470000e+03 1.289770e-01
8.471000e+03 1.289130e-01
8.472000e+03 1.288610e-01
8.472327e+03 1.288400e-01
8.473000e+03 1.288030e-01
8.474000e+03 1.287580e-01
8.475000e+03 1.287020e-01
8.476000e+03 1.286580e-01
8.477000e+03 1.286020e-01
8.478000e+03 1.285580e-01
8.479000e+03 1.285020e-01
8.480000e+03 1.284570e-01
8.481000e+03 1.284010e-01
8.482000e+03 1.283570e-01
8.482330e+03 1.283380e-01
8.483000e+03 1.282070e-01
8.484000e+03 1.280240e-01
8.485000e+03 1.278280e-01
8.486000e+03 1.276440e-01
8.487000e+03 1.274490e-01
8.488000e+03 1.272660e-01
8.489000e+03 1.270710e-01
8.490000e+03 1.268870e-01
8.491000e+03 1.266930e-01
8.492000e+03 1.264980e-01
8.492333e+03 1.264370e-01
8.493000e+03 1.264010e-01
8.494000e+03 1.263360e-01
8.495000e+03 1.262820e-01
8.496000e+03 1.262170e-01
8.497000e+03 1.261630e-01
8.498000e+03 1.260980e-01
8.499000e+03 1.260440e-01
8.500000e+03 1.259790e-01
8.501000e+03 1.259090e-01
8.502000e+03 1.258290e-01
8.502335e+03 1.258050e-01
8.503000e+03 1.257590e-01
8.504000e+03 1.256780e-01
8.505000e+03 1.256080e-01
8.506000e+03 1.255270e-01
8.507000e+03 1.254570e-01
8.508000e+03 1.253760e-01
8.509000e+03 1.253060e-01
8.510000e+03 1.252250e-01
8.511000e+03 1.251550e-01
8.512000e+03 1.250740e-01
8.512338e+03 1.250500e-01
8.513000e+03 1.250100e-01
8.514000e+03 1.249380e-01
8.515000e+03 1.248650e-01
8.516000e+03 1.248040e-01
8.517000e+03 1.247320e-01
8.518000e+03 1.246700e-01
8.519000e+03 1.245980e-01
8.520000e+03 1.245370e-01
8.521000e+03 1.244640e-01
8.522000e+03 1.244030e-01
8.522341e+03 1.243780e-01
8.523000e+03 1.243190e-01
8.524000e+03 1.242410e-01
8.525000e+03 1.241510e-01
8.526000e+03 1.240720e-01
8.527000e+03 1.239830e-01
8.528000e+03 1.239040e-01
8.529000e+03 1.238140e-01
8.530000e+03 1.237360e-01
8.531000e+03 1.236460e-01
8.532000e+03 1.235560e-01
8.532344e+03 1.235290e-01
8.533000e+03 1.234950e-01
8.534000e+03 1.234330e-01
8.535000e+03 1.233810e-01
8.536000e+03 1.233190e-01
8.537000e+03 1.232670e-01
8.538000e+03 1.232040e-01
8.539000e+03 1.231530e-01
8.540000e+03 1.230900e-01
8.541000e+03 1.230380e-01
8.542000e+03 1.229760e-01
8.542347e+03 1.229580e-01
8.543000e+03 1.229180e-01
8.544000e+03 1.228460e-01
8.545000e+03 1.227850e-01
8.546000e+03 1.227130e-01
8.547000e+03 1.226530e-01
8.548000e+03 1.225800e-01
8.549000e+03 1.225080e-01
8.550000e+03 1.224470e-01
8.551000e+03 1.223750e-01
8.552000e+03 1.223150e-01
8.552349e+03 1.222890e-01
8.553000e+03 1.222520e-01
8.554000e+03 1.222050e-01
8.555000e+03 1.221480e-01
8.556000e+03 1.221010e-01
8.557000e+03 1.220430e-01
8.558000e+03 1.219960e-01
8.559000e+03 1.219390e-01
8.560000e+03 1.218920e-01
8.561000e+03 1.218340e-01
8.562000e+03 1.217870e-01
8.562352e+03 1.217670e-01
8.563000e+03 1.217310e-01
8.564000e+03 1.216860e-01
8.565000e+03 1.216310e-01
8.566000e+03 1.215750e-01
8.567000e+03 1.215310e-01
8.568000e+03 1.214750e-01
8.569000e+03 1.214300e-01
8.570000e+03 1.213750e-01
8.571000e+03 1.213300e-01
8.572000e+03 1.212740e-01
8.572354e+03 1.212580e-01
8.573000e+03 1.212180e-01
8.574000e+03 1.211440e-01
8.575000e+03 1.210810e-01
8.576000e+03 1.210070e-01
8.577000e+03 1.209440e-01
8.578000e+03 1.208700e-01
8.579000e+03 1.207960e-01
8.580000e+03 1.207330e-01
8.581000e+03 1.206590e-01
8.582000e+03 1.205960e-01
8.582357e+03 1.205690e-01
8.583000e+03 1.205320e-01
8.584000e+03 1.204840e-01
8.585000e+03 1.204250e-01
8.586000e+03 1.203770e-01
8.587000e+03 1.203180e-01
8.588000e+03 1.202700e-01
8.589000e+03 1.202100e-01
8.590000e+03 1.201620e-01
8.591000e+03 1.201030e-01
8.592000e+03 1.200440e-01
8.592359e+03 1.200270e-01
8.593000e+03 1.200100e-01
8.594000e+03 1.199740e-01
8.595000e+03 1.199490e-01
8.596000e+03 1.199130e-01
8.597000e+03 1.198880e-01
8.598000e+03 1.198510e-01
8.599000e+03 1.198260e-01
8.600000e+03 1.197890e-01
8.601000e+03 1.197640e-01
8.602000e+03 1.197270e-01
8.602362e+03 1.197180e-01
8.603000e+03 1.196750e-01
8.604000e+03 1.195980e-01
8.605000e+03 1.195200e-01
8.606000e+03 1.194530e-01
8.607000e+03 1.193750e-01
8.608000e+03 1.193080e-01
8.609000e+03 1.192300e-01
8.610000e+03 1.191630e-01
8.611000e+03 1.190850e-01
8.612000e+03 1.190180e-01
8.612365e+03 1.189900e-01
8.613000e+03 1.189440e-01
8.614000e+03 1.188830e-01
8.615000e+03 1.188110e-01
8.616000e+03 1.187490e-01
8.617000e+03 1.186770e-01
8.618000e+03 1.186050e-01
8.619000e+03 1.185440e-01
8.620000e+03 1.184720e-01
8.621000e+03 1.184100e-01
8.622000e+03 1.183380e-01
8.622368e+03 1.183150e-01
8.623000e+03 1.182910e-01
8.624000e+03 1.182410e-01
8.625000e+03 1.182010e-01
8.626000e+03 1.181510e-01
8.627000e+03 1.181120e-01
8.628000e+03 1.180610e-01
8.629000e+03 1.180110e-01
8.630000e+03 1.179710e-01
8.631000e+03 1.179450e-01
8.632000e+03 1.179290e-01
8.632370e+03 1.179190e-01
8.633000e+03 1.178940e-01
8.634000e+03 1.178640e-01
8.635000e+03 1.178240e-01
8.636000e+03 1.177950e-01
8.637000e+03 1.177550e-01
8.638000e+03 1.177260e-01
8.639000e+03 1.176860e-01
8.640000e+03 1.176450e-01
8.641000e+03 1.176160e-01
8.642000e+03 1.175750e-01
8.642373e+03 1.175640e-01
8.643000e+03 1.175630e-01
8.644000e+03 1.175490e-01
8.645000e+03 1.175460e-01
8.646000e+03 1.175320e-01
8.647000e+03 1.175290e-01
8.648000e+03 1.175150e-01
8.649000e+03 1.175120e-01
8.650000e+03 1.174980e-01
8.651000e+03 1.174840e-01
8.652000e+03 1.174810e-01
8.652376e+03 1.174750e-01
8.653000e+03 1.174520e-01
8.654000e+03 1.174250e-01
8.655000e+03 1.173870e-01
8.656000e+03 1.173600e-01
8.657000e+03 1.173220e-01
8.658000e+03 1.172940e-01
8.659000e+03 1.172560e-01
8.660000e+03 1.172290e-01
8.661000e+03 1.171910e-01
8.662000e+03 1.171520e-01
8.662379e+03 1.171420e-01
8.663000e+03 1.171290e-01
8.664000e+03 1.170960e-01
8.665000e+03 1.170750e-01
8.666000e+03 1.170420e-01
8.667000e+03 1.170200e-01
8.668000e+03 1.169880e-01
8.669000e+03 1.169660e-01
8.670000e+03 1.169330e-01
8.671000e+03 1.169000e-01
8.672000e+03 1.168780e-01
8.672382e+03 1.168660e-01
8.673000e+03 1.168610e-01
8.674000e+03 1.168650e-01
8.675000e+03 1.168570e-01
8.676000e+03 1.168600e-01
8.677000e+03 1.168530e-01
8.678000e+03 1.168560e-01
8.679000e+03 1.168480e-01
8.680000e+03 1.168400e-01
8.681000e+03 1.168430e-01
8.682000e+03 1.168350e-01
8.682384e+03 1.168360e-01
8.683000e+03 1.168230e-01
8.684000e+03 1.167920e-01
8.685000e+03 1.167720e-01
8.686000e+03 1.167400e-01
8.687000e+03 1.167200e-01
8.688000e+03 1.166880e-01
8.689000e+03 1.166570e-01
8.690000e+03 1.166360e-01
8.691000e+03 1.166050e-01
8.692000e+03 1.165840e-01
8.692387e+03 1.165710e-01
8.693000e+03 1.165590e-01
8.694000e+03 1.165490e-01
8.695000e+03 1.165290e-01
8.696000e+03 1.165190e-01
8.697000e+03 1.164990e-01
8.698000e+03 1.164780e-01
8.699000e+03 1.164680e-01
8.700000e+03 1.164470e-01
8.701000e+03 1.164370e-01
8.702000e+03 1.164160e-01
8.702390e+03 1.164120e-01
8.703000e+03 1.163940e-01
8.704000e+03 1.163520e-01
8.705000e+03 1.163210e-01
8.706000e+03 1.162790e-01
8.707000e+03 1.162370e-01
8.708000e+03 1.162050e-01
8.709000e+03 1.161630e-01
8.710000e+03 1.161320e-01
8.711000e+03 1.160900e-01
8.712000e+03 1.160580e-01
8.712393e+03 1.160410e-01
8.713000e+03 1.160170e-01
8.714000e+03 1.159880e-01
8.715000e+03 1.159470e-01
8.716000e+03 1.159070e-01
8.717000e+03 1.158770e-01
8.718000e+03 1.158370e-01
8.719000e+03 1.158070e-01
8.720000e+03 1.157670e-01
8.721000e+03 1.157370e-01
8.722000e+03 1.156960e-01
8.722395e+03 1.156840e-01
8.723000e+03 1.156660e-01
8.724000e+03 1.156240e-01
8.725000e+03 1.155820e-01
8.726000e+03 1.155510e-01
8.727000e+03 1.155090e-01
8.728000e+03 1.154780e-01
8.729000e+03 1.154360e-01
8.730000e+03 1.154050e-01
8.731000e+03 1.153620e-01
8.732000e+03 1.153200e-01
8.732397e+03 1.153080e-01
8.733000e+03 1.152800e-01
8.734000e+03 1.152230e-01
8.735000e+03 1.151770e-01
8.736000e+03 1.151200e-01
8.737000e+03 1.150730e-01
8.738000e+03 1.150160e-01
8.739000e+03 1.149700e-01
8.740000e+03 1.149130e-01
8.741000e+03 1.148550e-01
8.742000e+03 1.148090e-01
8.742400e+03 1.147860e-01
8.743000e+03 1.147440e-01
8.744000e+03 1.146850e-01
8.745000e+03 1.146160e-01
8.746000e+03 1.145570e-01
8.747000e+03 1.144870e-01
8.748000e+03 1.144170e-01
8.749000e+03 1.143580e-01
8.750000e+03 1.142890e-01
8.751000e+03 1.142290e-01
8.752000e+03 1.141590e-01
8.752403e+03 1.141360e-01
8.753000e+03 1.141030e-01
8.754000e+03 1.140380e-01
8.755000e+03 1.139830e-01
8.756000e+03 1.139170e-01
8.757000e+03 1.138520e-01
8.758000e+03 1.137970e-01
8.759000e+03 1.137310e-01
8.760000e+03 1.136760e-01
8.761000e+03 1.136110e-01
8.762000e+03 1.135560e-01
8.762405e+03 1.135290e-01
8.763000e+03 1.134850e-01
8.764000e+03 1.134110e-01
8.765000e+03 1.133470e-01
8.766000e+03 1.132730e-01
8.767000e+03 1.132090e-01
8.768000e+03 1.131350e-01
8.769000e+03 1.130710e-01
8.770000e+03 1.129970e-01
8.771000e+03 1.129220e-01
8.772000e+03 1.128580e-01
8.772408e+03 1.128280e-01
8.773000e+03 1.127690e-01
8.774000e+03 1.126790e-01
8.775000e+03 1.125790e-01
8.776000e+03 1.124900e-01
8.777000e+03 1.123900e-01
8.778000e+03 1.122900e-01
8.779000e+03 1.122000e-01
8.780000e+03 1.121000e-01
8.781000e+03 1.120110e-01
8.782000e+03 1.119110e-01
8.782411e+03 1.118740e-01
8.783000e+03 1.118380e-01
8.784000e+03 1.117660e-01
8.785000e+03 1.116940e-01
8.786000e+03 1.116320e-01
8.787000e+03 1.115600e-01
8.788000e+03 1.114990e-01
8.789000e+03 1.114260e-01
8.790000e+03 1.113650e-01
8.791000e+03 1.112930e-01
8.792000e+03 1.112200e-01
8.792414e+03 1.111950e-01
8.793000e+03 1.111470e-01
8.794000e+03 1.110550e-01
8.795000e+03 1.109740e-01
8.796000e+03 1.108820e-01
8.797000e+03 1.108000e-01
8.798000e+03 1.107090e-01
8.799000e+03 1.106170e-01
8.800000e+03 1.105350e-01
8.801000e+03 1.104290e-01
8.802000e+03 1.103330e-01
8.802416e+03 1.102890e-01
8.803000e+03 1.102460e-01
8.804000e+03 1.101830e-01
8.805000e+03 1.101090e-01
8.806000e+03 1.100360e-01
8.807000e+03 1.099730e-01
8.808000e+03 1.098990e-01
8.809000e+03 1.098360e-01
8.810000e+03 1.097620e-01
8.811000e+03 1.096990e-01
8.812000e+03 1.096250e-01
8.812419e+03 1.095940e-01
8.813000e+03 1.095450e-01
8.814000e+03 1.094710e-01
8.815000e+03 1.093860e-01
8.816000e+03 1.093120e-01
8.817000e+03 1.092270e-01
8.818000e+03 1.091520e-01
8.819000e+03 1.090680e-01
8.820000e+03 1.089830e-01
8.821000e+03 1.089080e-01
8.822000e+03 1.088240e-01
8.822422e+03 1.087920e-01
8.823000e+03 1.087610e-01
8.824000e+03 1.086980e-01
8.825000e+03 1.086340e-01
8.826000e+03 1.085800e-01
8.827000e+03 1.085170e-01
8.828000e+03 1.084630e-01
8.829000e+03 1.083990e-01
8.830000e+03 1.083450e-01
8.831000e+03 1.082990e-01
8.832000e+03 1.082530e-01
8.832425e+03 1.082370e-01
8.833000e+03 1.082260e-01
8.834000e+03 1.081960e-01
8.835000e+03 1.081750e-01
8.836000e+03 1.081450e-01
8.837000e+03 1.081250e-01
8.838000e+03 1.080940e-01
8.839000e+03 1.080640e-01
8.840000e+03 1.080430e-01
8.841000e+03 1.080120e-01
8.842000e+03 1.079910e-01
8.842428e+03 1.079780e-01
8.843000e+03 1.079500e-01
8.844000e+03 1.079000e-01
8.845000e+03 1.078600e-01
8.846000e+03 1.078110e-01
8.847000e+03 1.077710e-01
8.848000e+03 1.077210e-01
8.849000e+03 1.076810e-01
8.850000e+03 1.076310e-01
8.851000e+03 1.075810e-01
8.852000e+03 1.075400e-01
8.852430e+03 1.075190e-01
8.853000e+03 1.074430e-01
8.854000e+03 1.073210e-01
8.855000e+03 1.071890e-01
8.856000e+03 1.070660e-01
8.857000e+03 1.069340e-01
8.858000e+03 1.068010e-01
8.859000e+03 1.066790e-01
8.860000e+03 1.065470e-01
8.861000e+03 1.064250e-01
8.862000e+03 1.062920e-01
8.862433e+03 1.062350e-01
8.863000e+03 1.060610e-01
8.864000e+03 1.057630e-01
8.865000e+03 1.054560e-01
8.866000e+03 1.051590e-01
8.867000e+03 1.048520e-01
8.868000e+03 1.045460e-01
8.869000e+03 1.042490e-01
8.870000e+03 1.039430e-01
8.871000e+03 1.036470e-01
8.872000e+03 1.033410e-01
8.872436e+03 1.032120e-01
8.873000e+03 1.028530e-01
8.874000e+03 1.022070e-01
8.875000e+03 1.015620e-01
8.876000e+03 1.009270e-01
8.877000e+03 1.002830e-01
8.878000e+03 9.964870e-02
8.879000e+03 9.900570e-02
8.880000e+03 9.836330e-02
8.881000e+03 9.773050e-02
8.882000e+03 9.708920e-02
8.882438e+03 9.681210e-02
8.883000e+03 9.627780e-02
8.884000e+03 9.531780e-02
8.885000e+03 9.436760e-02
8.886000e+03 9.340940e-02
8.887000e+03 9.245220e-02
8.888000e+03 9.150440e-02
8.889000e+03 9.054880e-02
8.890000e+03 8.960260e-02
8.891000e+03 8.864880e-02
8.892000e+03 8.769600e-02
8.892440e+03 8.728020e-02
8.893000e+03 8.650920e-02
8.894000e+03 8.512430e-02
8.895000e+03 8.374860e-02
8.896000e+03 8.236640e-02
8.897000e+03 8.098550e-02
8.898000e+03 7.961350e-02
8.899000e+03 7.823540e-02
8.900000e+03 7.686580e-02
8.901000e+03 7.549030e-02
8.902000e+03 7.412320e-02
8.902443e+03 7.351440e-02
8.903000e+03 7.262220e-02
8.904000e+03 7.102080e-02
8.905000e+03 6.942750e-02
8.906000e+03 6.782920e-02
8.907000e+03 6.623880e-02
8.908000e+03 6.464370e-02
8.909000e+03 6.305040e-02
8.910000e+03 6.146440e-02
8.911000e+03 5.987430e-02
8.912000e+03 5.829120e-02
8.912446e+03 5.758280e-02
8.913000e+03 5.678140e-02
8.914000e+03 5.533530e-02
8.915000e+03 5.389570e-02
8.916000e+03 5.245250e-02
8.917000e+03 5.101560e-02
8.918000e+03 4.957540e-02
8.919000e+03 4.813670e-02
8.920000e+03 4.670390e-02
8.921000e+03 4.526820e-02
8.922000e+03 4.383820e-02
8.922449e+03 4.319440e-02
8.923000e+03 4.250100e-02
8.924000e+03 4.124320e-02
8.925000e+03 3.999040e-02
8.926000e+03 3.873530e-02
8.927000e+03 3.748490e-02
8.928000e+03 3.623240e-02
8.929000e+03 3.498440e-02
8.930000e+03 3.373450e-02
8.931000e+03 3.248600e-02
8.932000e+03 3.124170e-02
8.932452e+03 3.067820e-02
8.933000e+03 3.014570e-02
8.934000e+03 2.917720e-02
8.935000e+03 2.820700e-02
8.936000e+03 2.723780e-02
8.937000e+03 2.627220e-02
8.938000e+03 2.530510e-02
8.939000e+03 2.434140e-02
8.940000e+03 2.337640e-02
8.941000e+03 2.241250e-02
8.942000e+03 2.145170e-02
8.942454e+03 2.101480e-02
8.943000e+03 2.064570e-02
8.944000e+03 1.997200e-02
8.945000e+03 1.929710e-02
8.946000e+03 1.862300e-02
8.947000e+03 1.795140e-02
8.948000e+03 1.727870e-02
8.949000e+03 1.660840e-02
8.950000e+03 1.593730e-02
8.951000e+03 1.526690e-02
8.952000e+03 1.459860e-02
8.952457e+03 1.429280e-02
8.953000e+03 1.404160e-02
8.954000e+03 1.358070e-02
8.955000e+03 1.311890e-02
8.956000e+03 1.265770e-02
8.957000e+03 1.219820e-02
8.958000e+03 1.173800e-02
8.959000e+03 1.127940e-02
8.960000e+03 1.082020e-02
8.961000e+03 1.036160e-02
8.962000e+03 9.904400e-03
8.962460e+03 9.693860e-03
8.963000e+03 9.522680e-03
8.964000e+03 9.206860e-03
8.965000e+03 8.890510e-03
8.966000e+03 8.574530e-03
8.967000e+03 8.259690e-03
8.968000e+03 7.944420e-03
8.969000e+03 7.630230e-03
8.970000e+03 7.315670e-03
8.971000e+03 7.001490e-03
8.972000e+03 6.688300e-03
8.972463e+03 6.543150e-03
8.973000e+03 6.433360e-03
8.974000e+03 6.229710e-03
8.975000e+03 6.025700e-03
8.976000e+03 5.821930e-03
8.977000e+03 5.618920e-03
8.978000e+03 5.415610e-03
8.979000e+03 5.213030e-03
8.980000e+03 5.010190e-03
8.981000e+03 4.807590e-03
8.982000e+03 4.605670e-03
8.982465e+03 4.511680e-03
8.983000e+03 4.438280e-03
8.984000e+03 4.301640e-03
8.985000e+03 4.164760e-03
8.986000e+03 4.028040e-03
8.987000e+03 3.891850e-03
8.988000e+03 3.755440e-03
8.989000e+03 3.619200e-03
8.990000e+03 3.483450e-03
8.991000e+03 3.347530e-03
8.992000e+03 3.212070e-03
8.992468e+03 3.148610e-03
8.993000e+03 3.100890e-03
8.994000e+03 3.011320e-03
8.995000e+03 2.922120e-03
8.996000e+03 2.832750e-03
8.997000e+03 2.743750e-03
8.998000e+03 2.654590e-03
8.999000e+03 2.565530e-03
9.000000e+03 2.476820e-03
9.001000e+03 2.387670e-03
9.002000e+03 2.298860e-03
9.002471e+03 2.257000e-03
9.003000e+03 2.225340e-03
9.004000e+03 2.165600e-03
9.005000e+03 2.106140e-03
9.006000e+03 2.046570e-03
9.007000e+03 1.987270e-03
9.008000e+03 1.927870e-03
9.009000e+03 1.868550e-03
9.010000e+03 1.809500e-03
9.011000e+03 1.750360e-03
9.012000e+03 1.691460e-03
9.012474e+03 1.663520e-03
9.013000e+03 1.636990e-03
9.014000e+03 1.586650e-03
9.015000e+03 1.536530e-03
9.016000e+03 1.486330e-03
9.017000e+03 1.436210e-03
9.018000e+03 1.386300e-03
9.019000e+03 1.336320e-03
9.020000e+03 1.286550e-03
9.021000e+03 1.236720e-03
9.022000e+03 1.186970e-03
9.022477e+03 1.163340e-03
9.023000e+03 1.150960e-03
9.024000e+03 1.127230e-03
9.025000e+03 1.103640e-03
9.026000e+03 1.079980e-03
9.027000e+03 1.056360e-03
9.028000e+03 1.032860e-03
9.029000e+03 1.009310e-03
9.030000e+03 9.858760e-04
9.031000e+03 9.624500e-04
9.032000e+03 9.390550e-04
9.032479e+03 9.279140e-04
9.033000e+03 9.199080e-04
9.034000e+03 9.044840e-04
9.035000e+03 8.890810e-04
9.036000e+03 8.737810e-04
9.037000e+03 8.584180e-04
9.038000e+03 8.431560e-04
9.039000e+03 8.278350e-04
9.040000e+03 8.125340e-04
9.041000e+03 7.973310e-04
9.042000e+03 7.820730e-04
9.042481e+03 7.747690e-04
9.043000e+03 7.633520e-04
9.044000e+03 7.412860e-04
9.045000e+03 7.192500e-04
9.046000e+03 6.973120e-04
9.047000e+03 6.753370e-04
9.048000e+03 6.533940e-04
9.049000e+03 6.315410e-04
9.050000e+03 6.096580e-04
9.051000e+03 5.878630e-04
9.052000e+03 5.660420e-04
9.052484e+03 5.554840e-04
9.053000e+03 5.526840e-04
9.054000e+03 5.473110e-04
9.055000e+03 5.418920e-04
9.056000e+03 5.365320e-04
9.057000e+03 5.311270e-04
9.058000e+03 5.257300e-04
9.059000e+03 5.203890e-04
9.060000e+03 5.150060e-04
9.061000e+03 5.096310e-04
9.062000e+03 5.043100e-04
9.062487e+03 5.016970e-04
9.063000e+03 4.941930e-04
9.064000e+03 4.796170e-04
9.065000e+03 4.650150e-04
9.066000e+03 4.504350e-04
9.067000e+03 4.359180e-04
9.068000e+03 4.213790e-04
9.069000e+03 4.069000e-04
9.070000e+03 3.924020e-04
9.071000e+03 3.779260e-04
9.072000e+03 3.635060e-04
9.072489e+03 3.564420e-04
9.073000e+03 3.557160e-04
9.074000e+03 3.542960e-04
9.075000e+03 3.529110e-04
9.076000e+03 3.514940e-04
9.077000e+03 3.501120e-04
9.078000e+03 3.486980e-04
9.079000e+03 3.472860e-04
9.080000e+03 3.459080e-04
9.081000e+03 3.445000e-04
9.082000e+03 3.430920e-04
9.082492e+03 3.424160e-04
9.083000e+03 3.397250e-04
9.084000e+03 3.343990e-04
9.085000e+03 3.291110e-04
9.086000e+03 3.237990e-04
9.087000e+03 3.184950e-04
9.088000e+03 3.132290e-04
9.089000e+03 3.079400e-04
9.090000e+03 3.026870e-04
9.091000e+03 2.974130e-04
9.092000e+03 2.921470e-04
9.092495e+03 2.895560e-04
9.093000e+03 2.883260e-04
9.094000e+03 2.858660e-04
9.095000e+03 2.834090e-04
9.096000e+03 2.809820e-04
9.097000e+03 2.785310e-04
9.098000e+03 2.761100e-04
9.099000e+03 2.736660e-04
9.100000e+03 2.712250e-04
9.101000e+03 2.688130e-04
9.102000e+03 2.663790e-04
9.102498e+03 2.651680e-04
9.103000e+03 2.641820e-04
9.104000e+03 2.622450e-04
9.105000e+03 2.602840e-04
9.106000e+03 2.583510e-04
9.107000e+03 2.563960e-04
9.108000e+03 2.544440e-04
9.109000e+03 2.525180e-04
9.110000e+03 2.505710e-04
9.111000e+03 2.486270e-04
9.112000e+03 2.467090e-04
9.112500e+03 2.457390e-04
9.113000e+03 2.430760e-04
9.114000e+03 2.377790e-04
9.115000e+03 2.324680e-04
9.116000e+03 2.271640e-04
9.117000e+03 2.218890e-04
9.118000e+03 2.166020e-04
9.119000e+03 2.113220e-04
9.120000e+03 2.060700e-04
9.121000e+03 2.008060e-04
9.122000e+03 1.955690e-04
9.122503e+03 1.929280e-04
9.123000e+03 1.928600e-04
9.124000e+03 1.927230e-04
9.125000e+03 1.926030e-04
9.126000e+03 1.924660e-04
9.127000e+03 1.923280e-04
9.128000e+03 1.922080e-04
9.129000e+03 1.920700e-04
9.130000e+03 1.919320e-04
9.131000e+03 1.918120e-04
9.132000e+03 1.916740e-04
9.132506e+03 1.916130e-04
9.133000e+03 1.878590e-04
9.134000e+03 1.802540e-04
9.135000e+03 1.726620e-04
9.136000e+03 1.650960e-04
9.137000e+03 1.575270e-04
9.138000e+03 1.499700e-04
9.139000e+03 1.424390e-04
9.140000e+03 1.349060e-04
9.141000e+03 1.273970e-04
9.142000e+03 1.198870e-04
9.142509e+03 1.160710e-04
9.143000e+03 1.170720e-04
9.144000e+03 1.191180e-04
9.145000e+03 1.211490e-04
9.146000e+03 1.231770e-04
9.147000e+03 1.252120e-04
9.148000e+03 1.272330e-04
9.149000e+03 1.292620e-04
9.150000e+03 1.312750e-04
9.151000e+03 1.332850e-04
9.152000e+03 1.353040e-04
9.152511e+03 1.363280e-04
9.153000e+03 1.367690e-04
9.154000e+03 1.376690e-04
9.155000e+03 1.385800e-04
9.156000e+03 1.394760e-04
9.157000e+03 1.403710e-04
9.158000e+03 1.412770e-04
9.159000e+03 1.421690e-04
9.160000e+03 1.430710e-04
9.161000e+03 1.439590e-04
9.162000e+03 1.448450e-04
9.162514e+03 1.453070e-04
9.163000e+03 1.445470e-04
9.164000e+03 1.429720e-04
9.165000e+03 1.414000e-04
9.166000e+03 1.398430e-04
9.167000e+03 1.382760e-04
9.168000e+03 1.367110e-04
9.169000e+03 1.351610e-04
9.170000e+03 1.336000e-04
9.171000e+03 1.320550e-04
9.172000e+03 1.304990e-04
9.172517e+03 1.296970e-04
9.173000e+03 1.288530e-04
9.174000e+03 1.271220e-04
9.175000e+03 1.253810e-04
9.176000e+03 1.236440e-04
9.177000e+03 1.219200e-04
9.178000e+03 1.201880e-04
9.179000e+03 1.184580e-04
9.180000e+03 1.167420e-04
9.181000e+03 1.150180e-04
9.182000e+03 1.133070e-04
9.182520e+03 1.124140e-04
9.183000e+03 1.149800e-04
9.184000e+03 1.203130e-04
9.185000e+03 1.256490e-04
9.186000e+03 1.309630e-04
9.187000e+03 1.362680e-04
9.188000e+03 1.415760e-04
9.189000e+03 1.468620e-04
9.190000e+03 1.521390e-04
9.191000e+03 1.574200e-04
9.192000e+03 1.626770e-04
9.192522e+03 1.654290e-04
9.193000e+03 1.636680e-04
9.194000e+03 1.599720e-04
9.195000e+03 1.562810e-04
9.196000e+03 1.526110e-04
9.197000e+03 1.489330e-04
9.198000e+03 1.452600e-04
9.199000e+03 1.416080e-04
9.200000e+03 1.379480e-04
9.201000e+03 1.342860e-04
9.202000e+03 1.306430e-04
9.202524e+03 1.287280e-04
9.203000e+03 1.284860e-04
9.204000e+03 1.279770e-04
9.205000e+03 1.274810e-04
9.206000e+03 1.269740e-04
9.207000e+03 1.264790e-04
9.208000e+03 1.259730e-04
9.209000e+03 1.254680e-04
9.210000e+03 1.249750e-04
9.211000e+03 1.244710e-04
9.212000e+03 1.239670e-04
9.212527e+03 1.237080e-04
9.213000e+03 1.237110e-04
9.214000e+03 1.237040e-04
9.215000e+03 1.236970e-04
9.216000e+03 1.237010e-04
9.217000e+03 1.236940e-04
9.218000e+03 1.236860e-04
9.219000e+03 1.236890e-04
9.220000e+03 1.236810e-04
9.221000e+03 1.236840e-04
9.222000e+03 1.236750e-04
9.222530e+03 1.236700e-04
9.223000e+03 1.218860e-04
9.224000e+03 1.181040e-04
9.225000e+03 1.143180e-04
9.226000e+03 1.105400e-04
9.227000e+03 1.067780e-04
9.228000e+03 1.030140e-04
9.229000e+03 9.925690e-05
9.230000e+03 9.551620e-05
9.231000e+03 9.177740e-05
9.232000e+03 8.804560e-05
9.232533e+03 8.606300e-05
9.233000e+03 8.707020e-05
9.234000e+03 8.921650e-05
9.235000e+03 9.136700e-05
9.236000e+03 9.350470e-05
9.237000e+03 9.563800e-05
9.238000e+03 9.777620e-05
9.239000e+03 9.990090e-05
9.240000e+03 1.020210e-04
9.241000e+03 1.041470e-04
9.242000e+03 1.062590e-04
9.242535e+03 1.073870e-04
9.243000e+03 1.075940e-04
9.244000e+03 1.080490e-04
9.245000e+03 1.084920e-04
9.246000e+03 1.089340e-04
9.247000e+03 1.093850e-04
9.248000e+03 1.098250e-04
9.249000e+03 1.102640e-04
9.250000e+03 1.107120e-04
9.251000e+03 1.111480e-04
9.252000e+03 1.115940e-04
9.252538e+03 1.118280e-04
9.253000e+03 1.119690e-04
9.254000e+03 1.122750e-04
9.255000e+03 1.125900e-04
9.256000e+03 1.128930e-04
9.257000e+03 1.131960e-04
9.258000e+03 1.135090e-04
9.259000e+03 1.138100e-04
9.260000e+03 1.141100e-04
9.261000e+03 1.144200e-04
9.262000e+03 1.147180e-04
9.262541e+03 1.148790e-04
9.263000e+03 1.141010e-04
9.264000e+03 1.124190e-04
9.265000e+03 1.107300e-04
9.266000e+03 1.090430e-04
9.267000e+03 1.073700e-04
9.268000e+03 1.056900e-04
9.269000e+03 1.040130e-04
9.270000e+03 1.023480e-04
9.271000e+03 1.006770e-04
9.272000e+03 9.900970e-05
9.272544e+03 9.810890e-05
9.273000e+03 9.761350e-05
9.274000e+03 9.651930e-05
9.275000e+03 9.543630e-05
9.276000e+03 9.434600e-05
9.277000e+03 9.325770e-05
9.278000e+03 9.218020e-05
9.279000e+03 9.109580e-05
9.280000e+03 9.001340e-05
9.281000e+03 8.894150e-05
9.282000e+03 8.786310e-05
9.282547e+03 8.727420e-05
9.283000e+03 8.821890e-05
9.284000e+03 9.030910e-05
9.285000e+03 9.238630e-05
9.286000e+03 9.445890e-05
9.287000e+03 9.653610e-05
9.288000e+03 9.859960e-05
9.289000e+03 1.006580e-04
9.290000e+03 1.027230e-04
9.291000e+03 1.047720e-04
9.292000e+03 1.068180e-04
9.292549e+03 1.079440e-04
9.293000e+03 1.065630e-04
9.294000e+03 1.034960e-04
9.295000e+03 1.004350e-04
9.296000e+03 9.739000e-05
9.297000e+03 9.434150e-05
9.298000e+03 9.129930e-05
9.299000e+03 8.827180e-05
9.300000e+03 8.524170e-05
9.301000e+03 8.221800e-05
9.302000e+03 7.920810e-05
9.302552e+03 7.754580e-05
9.303000e+03 7.673440e-05
9.304000e+03 7.492690e-05
9.305000e+03 7.313000e-05
9.306000e+03 7.132970e-05
9.307000e+03 6.953970e-05
9.308000e+03 6.774670e-05
9.309000e+03 6.595730e-05
9.310000e+03 6.417770e-05
9.311000e+03 6.239560e-05
9.312000e+03 6.061720e-05
9.312555e+03 5.963550e-05
9.313000e+03 6.087680e-05
9.314000e+03 6.365400e-05
9.315000e+03 6.642490e-05
9.316000e+03 6.919610e-05
9.317000e+03 7.195460e-05
9.318000e+03 7.470690e-05
9.319000e+03 7.746020e-05
9.320000e+03 8.020000e-05
9.321000e+03 8.293350e-05
9.322000e+03 8.566890e-05
9.322558e+03 8.718700e-05
9.323000e+03 8.615400e-05
9.324000e+03 8.382250e-05
9.325000e+03 8.150380e-05
9.326000e+03 7.918200e-05
9.327000e+03 7.686520e-05
9.328000e+03 7.456040e-05
9.329000e+03 7.225330e-05
9.330000e+03 6.995110e-05
9.331000e+03 6.766050e-05
9.332000e+03 6.536810e-05
9.332560e+03 6.408750e-05
9.333000e+03 6.501280e-05
9.334000e+03 6.711670e-05
9.335000e+03 6.920930e-05
9.336000e+03 7.129700e-05
9.337000e+03 7.338670e-05
9.338000e+03 7.546450e-05
9.339000e+03 7.753740e-05
9.340000e+03 7.961280e-05
9.341000e+03 8.167590e-05
9.342000e+03 8.373390e-05
9.342562e+03 8.489390e-05
9.343000e+03 8.396490e-05
9.344000e+03 8.183680e-05
9.345000e+03 7.971330e-05
9.346000e+03 7.760180e-05
9.347000e+03 7.548740e-05
9.348000e+03 7.337770e-05
9.349000e+03 7.127940e-05
9.350000e+03 6.917880e-05
9.351000e+03 6.708290e-05
9.352000e+03 6.499790e-05
9.352565e+03 6.381740e-05
9.353000e+03 6.440510e-05
9.354000e+03 6.575490e-05
9.355000e+03 6.710770e-05
9.356000e+03 6.845090e-05
9.357000e+03 6.979060e-05
9.358000e+03 7.113370e-05
9.359000e+03 7.246670e-05
9.360000e+03 7.379630e-05
9.361000e+03 7.512970e-05
9.362000e+03 7.645270e-05
9.362568e+03 7.720300e-05
9.363000e+03 7.650830e-05
9.364000e+03 7.490860e-05
9.365000e+03 7.330510e-05
9.366000e+03 7.170510e-05
9.367000e+03 7.011550e-05
9.368000e+03 6.852260e-05
9.369000e+03 6.693330e-05
9.370000e+03 6.535390e-05
9.371000e+03 6.377170e-05
9.372000e+03 6.219300e-05
9.372570e+03 6.129760e-05
9.373000e+03 6.096210e-05
9.374000e+03 6.017640e-05
9.375000e+03 5.939250e-05
9.376000e+03 5.861590e-05
9.377000e+03 5.783530e-05
9.378000e+03 5.705640e-05
9.379000e+03 5.628450e-05
9.380000e+03 5.550890e-05
9.381000e+03 5.473510e-05
9.382000e+03 5.396810e-05
9.382573e+03 5.352620e-05
9.383000e+03 5.422180e-05
9.384000e+03 5.584870e-05
9.385000e+03 5.747690e-05
9.386000e+03 5.909550e-05
9.387000e+03 6.070990e-05
9.388000e+03 6.232590e-05
9.389000e+03 6.393190e-05
9.390000e+03 6.553360e-05
9.391000e+03 6.713750e-05
9.392000e+03 6.873080e-05
9.392576e+03 6.964690e-05
9.393000e+03 6.913820e-05
9.394000e+03 6.794660e-05
9.395000e+03 6.675100e-05
9.396000e+03 6.555830e-05
9.397000e+03 6.437440e-05
9.398000e+03 6.318710e-05
9.399000e+03 6.200250e-05
9.400000e+03 6.082650e-05
9.401000e+03 5.964110e-05
9.402000e+03 5.845880e-05
9.402579e+03 5.777870e-05
9.403000e+03 5.791440e-05
9.404000e+03 5.823070e-05
9.405000e+03 5.854580e-05
9.406000e+03 5.885980e-05
9.407000e+03 5.917840e-05
9.408000e+03 5.949010e-05
9.409000e+03 5.980080e-05
9.410000e+03 6.011600e-05
9.411000e+03 6.042440e-05
9.412000e+03 6.073170e-05
9.412582e+03 6.091340e-05
9.413000e+03 6.098410e-05
9.414000e+03 6.114690e-05
9.415000e+03 6.130890e-05
9.416000e+03 6.147610e-05
9.417000e+03 6.163670e-05
9.418000e+03 6.179660e-05
9.419000e+03 6.196160e-05
9.420000e+03 6.212000e-05
9.421000e+03 6.227770e-05
9.422000e+03 6.244060e-05
9.422584e+03 6.253190e-05
9.423000e+03 6.245650e-05
9.424000e+03 6.227530e-05
9.425000e+03 6.210030e-05
9.426000e+03 6.191960e-05
9.427000e+03 6.173910e-05
9.428000e+03 6.156470e-05
9.429000e+03 6.138470e-05
9.430000e+03 6.120480e-05
9.431000e+03 6.103520e-05
9.432000e+03 6.085980e-05
9.432587e+03 6.075700e-05
9.433000e+03 6.108820e-05
9.434000e+03 6.188850e-05
9.435000e+03 6.269220e-05
9.436000e+03 6.348740e-05
9.437000e+03 6.428010e-05
9.438000e+03 6.507650e-05
9.439000e+03 6.586420e-05
9.440000e+03 6.664940e-05
9.441000e+03 6.743860e-05
9.442000e+03 6.821870e-05
9.442590e+03 6.867770e-05
9.443000e+03 6.828440e-05
9.444000e+03 6.733350e-05
9.445000e+03 6.637850e-05
9.446000e+03 6.542580e-05
9.447000e+03 6.448190e-05
9.448000e+03 6.353400e-05
9.449000e+03 6.258850e-05
9.450000e+03 6.165140e-05
9.451000e+03 6.071070e-05
9.452000e+03 5.977250e-05
9.452593e+03 5.922080e-05
9.453000e+03 5.868310e-05
9.454000e+03 5.735930e-05
9.455000e+03 5.603920e-05
9.456000e+03 5.472260e-05
9.457000e+03 5.341480e-05
9.458000e+03 5.210520e-05
9.459000e+03 5.079930e-05
9.460000e+03 4.950170e-05
9.461000e+03 4.820270e-05
9.462000e+03 4.690740e-05
9.462595e+03 4.614140e-05
9.463000e+03 4.594320e-05
9.464000e+03 4.545050e-05
9.465000e+03 4.495910e-05
9.466000e+03 4.447320e-05
9.467000e+03 4.398410e-05
9.468000e+03 4.349630e-05
9.469000e+03 4.301390e-05
9.470000e+03 4.252860e-05
9.471000e+03 4.204440e-05
9.472000e+03 4.156560e-05
9.472598e+03 4.127750e-05
9.473000e+03 4.132090e-05
9.474000e+03 4.142830e-05
9.475000e+03 4.153520e-05
9.476000e+03 4.164560e-05
9.477000e+03 4.175140e-05
9.478000e+03 4.185660e-05
9.479000e+03 4.196540e-05
9.480000e+03 4.206960e-05
9.481000e+03 4.217320e-05
9.482000e+03 4.228040e-05
9.482601e+03 4.234200e-05
9.483000e+03 4.262760e-05
9.484000e+03 4.334090e-05
9.485000e+03 4.405600e-05
9.486000e+03 4.476450e-05
9.487000e+03 4.547050e-05
9.488000e+03 4.617860e-05
9.489000e+03 4.687980e-05
9.490000e+03 4.757850e-05
9.491000e+03 4.827480e-05
9.492000e+03 4.897340e-05
9.492604e+03 4.939100e-05
9.493000e+03 4.922420e-05
9.494000e+03 4.880430e-05
9.495000e+03 4.839010e-05
9.496000e+03 4.797220e-05
9.497000e+03 4.755530e-05
9.498000e+03 4.714410e-05
9.499000e+03 4.672930e-05
9.500000e+03 4.631560e-05
9.501000e+03 4.593600e-05
9.502000e+03 4.555250e-05
9.502606e+03 4.532030e-05
9.503000e+03 4.353030e-05
9.504000e+03 3.898810e-05
9.505000e+03 3.445800e-05
9.506000e+03 2.993300e-05
