# # Wavelength(Angstrom)  Transmission
1.304557e+04 2.399650e-04
1.304757e+04 2.871200e-04
1.304957e+04 1.200000e-04
1.305000e+04 1.417260e-04
1.305157e+04 2.207200e-04
1.305357e+04 1.071560e-04
1.305557e+04 3.193400e-04
1.305757e+04 2.636280e-04
1.305957e+04 3.150860e-04
1.306000e+04 3.261170e-04
1.306157e+04 3.665500e-04
1.306357e+04 3.108310e-04
1.306557e+04 4.694930e-04
1.306757e+04 6.281750e-04
1.306957e+04 6.796460e-04
1.307000e+04 7.248450e-04
1.307157e+04 8.920830e-04
1.307358e+04 1.319090e-03
1.307558e+04 1.692680e-03
1.307758e+04 2.173740e-03
1.307958e+04 2.708650e-03
1.308000e+04 2.867450e-03
1.308158e+04 3.458060e-03
1.308358e+04 4.529380e-03
1.308558e+04 5.923210e-03
1.308758e+04 7.907410e-03
1.308958e+04 1.048270e-02
1.309000e+04 1.126140e-02
1.309158e+04 1.418510e-02
1.309358e+04 1.896230e-02
1.309558e+04 2.535110e-02
1.309758e+04 3.464050e-02
1.309958e+04 4.645510e-02
1.310000e+04 4.976580e-02
1.310158e+04 6.229760e-02
1.310358e+04 8.309030e-02
1.310558e+04 1.097370e-01
1.310758e+04 1.429440e-01
1.310958e+04 1.790560e-01
1.311000e+04 1.873250e-01
1.311158e+04 2.188280e-01
1.311359e+04 2.619320e-01
1.311559e+04 3.032780e-01
1.311759e+04 3.435490e-01
1.311959e+04 3.771650e-01
1.312000e+04 3.825970e-01
1.312159e+04 4.035310e-01
1.312359e+04 4.244900e-01
1.312559e+04 4.405640e-01
1.312759e+04 4.504630e-01
1.312959e+04 4.562220e-01
1.313000e+04 4.567630e-01
1.313159e+04 4.588010e-01
1.313359e+04 4.599660e-01
1.313559e+04 4.604200e-01
1.313759e+04 4.606590e-01
1.313959e+04 4.614370e-01
1.314000e+04 4.617040e-01
1.314159e+04 4.627520e-01
1.314359e+04 4.643380e-01
1.314559e+04 4.664020e-01
1.314759e+04 4.686340e-01
1.314959e+04 4.707050e-01
1.315000e+04 4.712770e-01
1.315160e+04 4.735300e-01
1.315360e+04 4.764090e-01
1.315560e+04 4.786420e-01
1.315760e+04 4.808160e-01
1.315960e+04 4.829960e-01
1.316000e+04 4.834450e-01
1.316160e+04 4.852940e-01
1.316360e+04 4.868550e-01
1.316560e+04 4.882000e-01
1.316760e+04 4.896000e-01
1.316960e+04 4.904620e-01
1.317000e+04 4.906230e-01
1.317160e+04 4.912040e-01
1.317360e+04 4.916620e-01
1.317560e+04 4.921730e-01
1.317760e+04 4.923550e-01
1.317960e+04 4.923810e-01
1.318000e+04 4.923860e-01
1.318160e+04 4.924060e-01
1.318361e+04 4.922160e-01
1.318561e+04 4.919340e-01
1.318761e+04 4.918630e-01
1.318961e+04 4.920070e-01
1.319000e+04 4.920250e-01
1.319161e+04 4.920980e-01
1.319361e+04 4.922960e-01
1.319561e+04 4.920630e-01
1.319761e+04 4.916730e-01
1.319961e+04 4.918710e-01
1.320000e+04 4.918680e-01
1.320161e+04 4.918370e-01
1.320361e+04 4.918530e-01
1.320561e+04 4.917610e-01
1.320761e+04 4.921550e-01
1.320961e+04 4.923330e-01
1.321000e+04 4.923670e-01
1.321161e+04 4.925760e-01
1.321361e+04 4.927270e-01
1.321561e+04 4.928780e-01
1.321761e+04 4.928140e-01
1.321961e+04 4.925330e-01
1.322000e+04 4.924580e-01
1.322162e+04 4.920780e-01
1.322362e+04 4.917150e-01
1.322562e+04 4.911910e-01
1.322762e+04 4.906120e-01
1.322962e+04 4.896550e-01
1.323000e+04 4.893790e-01
1.323162e+04 4.882120e-01
1.323362e+04 4.867150e-01
1.323562e+04 4.848820e-01
1.323762e+04 4.825680e-01
1.323962e+04 4.800870e-01
1.324000e+04 4.795950e-01
1.324162e+04 4.774970e-01
1.324362e+04 4.743670e-01
1.324562e+04 4.712420e-01
1.324762e+04 4.677870e-01
1.324962e+04 4.644940e-01
1.325000e+04 4.638530e-01
1.325162e+04 4.610980e-01
1.325362e+04 4.574810e-01
1.325562e+04 4.533220e-01
1.325762e+04 4.473850e-01
1.325962e+04 4.398260e-01
1.326000e+04 4.378010e-01
1.326163e+04 4.290230e-01
1.326363e+04 4.144340e-01
1.326563e+04 3.942820e-01
1.326763e+04 3.682350e-01
1.326963e+04 3.360770e-01
1.327000e+04 3.294920e-01
1.327163e+04 3.007190e-01
1.327363e+04 2.609290e-01
1.327563e+04 2.209560e-01
1.327763e+04 1.818400e-01
1.327963e+04 1.455230e-01
1.328000e+04 1.394070e-01
1.328163e+04 1.123700e-01
1.328363e+04 7.412510e-02
1.328563e+04 5.573570e-02
1.328763e+04 4.124300e-02
1.328963e+04 3.021110e-02
1.329000e+04 2.872270e-02
1.329163e+04 2.210030e-02
1.329363e+04 1.647860e-02
1.329563e+04 1.220930e-02
1.329764e+04 9.508440e-03
1.329964e+04 7.132300e-03
1.330000e+04 6.798270e-03
1.330164e+04 5.297370e-03
1.330364e+04 4.219690e-03
1.330564e+04 3.241630e-03
1.330764e+04 2.588170e-03
1.330964e+04 2.042850e-03
1.331000e+04 1.963880e-03
1.331164e+04 1.605730e-03
1.331364e+04 1.330960e-03
1.331564e+04 1.056110e-03
1.331764e+04 7.271730e-04
1.331964e+04 6.146270e-04
1.332000e+04 6.138530e-04
1.332164e+04 6.103910e-04
1.332364e+04 2.273200e-04
1.332564e+04 2.771620e-04
1.332764e+04 2.187350e-04
1.332964e+04 1.602930e-04
1.333000e+04 1.402320e-04
1.333364e+04 1.516380e-04
1.333565e+04 2.014700e-04
