# # Wavelength(Angstrom)  Transmission
4.908000e+03 5.359930e-05
4.909000e+03 5.643090e-05
4.910000e+03 5.926270e-05
4.911000e+03 6.209470e-05
4.912000e+03 6.492680e-05
4.913000e+03 6.775900e-05
4.914000e+03 7.059140e-05
4.915000e+03 7.342400e-05
4.916000e+03 7.625670e-05
4.917000e+03 7.909630e-05
4.918000e+03 8.192960e-05
4.919000e+03 8.476300e-05
4.920000e+03 8.759660e-05
4.921000e+03 9.043040e-05
4.922000e+03 9.326440e-05
4.923000e+03 9.609850e-05
4.924000e+03 9.893280e-05
4.925000e+03 1.017670e-04
4.926000e+03 1.046020e-04
4.927000e+03 1.074370e-04
4.928000e+03 1.102710e-04
4.929000e+03 1.131070e-04
4.930000e+03 1.159520e-04
4.931000e+03 1.187870e-04
4.932000e+03 1.216230e-04
4.933000e+03 1.244590e-04
4.934000e+03 1.272950e-04
4.935000e+03 1.301320e-04
4.936000e+03 1.329680e-04
4.937000e+03 1.358050e-04
4.938000e+03 1.386420e-04
4.939000e+03 1.414790e-04
4.940000e+03 1.443160e-04
4.941000e+03 1.471530e-04
4.942000e+03 1.499910e-04
4.943000e+03 1.528410e-04
4.944000e+03 1.556800e-04
4.945000e+03 1.585180e-04
4.946000e+03 1.613560e-04
4.947000e+03 1.641950e-04
4.948000e+03 1.670330e-04
4.949000e+03 1.698720e-04
4.950000e+03 1.727110e-04
4.950782e+03 1.749310e-04
4.951000e+03 1.850040e-04
4.951782e+03 2.210830e-04
4.952000e+03 2.293750e-04
4.952782e+03 2.590940e-04
4.953000e+03 2.703930e-04
4.953782e+03 3.109820e-04
4.954000e+03 3.258880e-04
4.954783e+03 3.794630e-04
4.955000e+03 3.971620e-04
4.955783e+03 4.609500e-04
4.956000e+03 4.846130e-04
4.956783e+03 5.698800e-04
4.957000e+03 6.009500e-04
4.957783e+03 7.132000e-04
4.958000e+03 7.487680e-04
4.958784e+03 8.773460e-04
4.959000e+03 9.260360e-04
4.959784e+03 1.102450e-03
4.960000e+03 1.163510e-03
4.960784e+03 1.384890e-03
4.961000e+03 1.473020e-03
4.961785e+03 1.793460e-03
4.962000e+03 1.903210e-03
4.962785e+03 2.303150e-03
4.963000e+03 2.449540e-03
4.963785e+03 2.983340e-03
4.964000e+03 3.180960e-03
4.964785e+03 3.903170e-03
4.965000e+03 4.181180e-03
4.965786e+03 5.197840e-03
4.966000e+03 5.564700e-03
4.966786e+03 6.909320e-03
4.967000e+03 7.407400e-03
4.967786e+03 9.234120e-03
4.968000e+03 9.897080e-03
4.968786e+03 1.233490e-02
4.969000e+03 1.328000e-02
4.969787e+03 1.675530e-02
4.970000e+03 1.809110e-02
4.970787e+03 2.301580e-02
4.971000e+03 2.489900e-02
4.971787e+03 3.184610e-02
4.972000e+03 3.437480e-02
4.972788e+03 4.372990e-02
4.973000e+03 4.739770e-02
4.973788e+03 6.099850e-02
4.974000e+03 6.580440e-02
4.974788e+03 8.363650e-02
4.975000e+03 8.951870e-02
4.975788e+03 1.113950e-01
4.976000e+03 1.182420e-01
4.976789e+03 1.437210e-01
4.977000e+03 1.507680e-01
4.977789e+03 1.770520e-01
4.978000e+03 1.832970e-01
4.978789e+03 2.066040e-01
4.979000e+03 2.117030e-01
4.979789e+03 2.307770e-01
4.980000e+03 2.341110e-01
4.980790e+03 2.465900e-01
4.981000e+03 2.484990e-01
4.981790e+03 2.556680e-01
4.982000e+03 2.566420e-01
4.982790e+03 2.603040e-01
4.983000e+03 2.604850e-01
4.983791e+03 2.611830e-01
4.984000e+03 2.611910e-01
4.984791e+03 2.612010e-01
4.985000e+03 2.611280e-01
4.985791e+03 2.608520e-01
4.986000e+03 2.606850e-01
4.986791e+03 2.600550e-01
4.987000e+03 2.600750e-01
4.987792e+03 2.601520e-01
4.988000e+03 2.601840e-01
4.988792e+03 2.603040e-01
4.989000e+03 2.604860e-01
4.989792e+03 2.611740e-01
4.990000e+03 2.612940e-01
4.990792e+03 2.617490e-01
4.991000e+03 2.619150e-01
4.991792e+03 2.625460e-01
4.992000e+03 2.624110e-01
4.992792e+03 2.618970e-01
4.993000e+03 2.619320e-01
4.993793e+03 2.620690e-01
4.994000e+03 2.618610e-01
4.994793e+03 2.610630e-01
4.995000e+03 2.607710e-01
4.995793e+03 2.596520e-01
4.996000e+03 2.592000e-01
4.996794e+03 2.574650e-01
4.997000e+03 2.570370e-01
4.997794e+03 2.554050e-01
4.998000e+03 2.549830e-01
4.998794e+03 2.533400e-01
4.999000e+03 2.527460e-01
4.999794e+03 2.504490e-01
5.000000e+03 2.500310e-01
5.000795e+03 2.484110e-01
5.001000e+03 2.478890e-01
5.001795e+03 2.458660e-01
5.002000e+03 2.454040e-01
5.002795e+03 2.436120e-01
5.003000e+03 2.432610e-01
5.003795e+03 2.418980e-01
5.004000e+03 2.415060e-01
5.004796e+03 2.399820e-01
5.005000e+03 2.398680e-01
5.005796e+03 2.394250e-01
5.006000e+03 2.392110e-01
5.006796e+03 2.383760e-01
5.007000e+03 2.382020e-01
5.007797e+03 2.375220e-01
5.008000e+03 2.374570e-01
5.008797e+03 2.372030e-01
5.009000e+03 2.371840e-01
5.009797e+03 2.371120e-01
5.010000e+03 2.370950e-01
5.010797e+03 2.370310e-01
5.011000e+03 2.370890e-01
5.011798e+03 2.373180e-01
5.012000e+03 2.374140e-01
5.012798e+03 2.378110e-01
5.013000e+03 2.378490e-01
5.013798e+03 2.379850e-01
5.014000e+03 2.380790e-01
5.014798e+03 2.384510e-01
5.015000e+03 2.385520e-01
5.015799e+03 2.389530e-01
5.016000e+03 2.390620e-01
5.016799e+03 2.394970e-01
5.017000e+03 2.397200e-01
5.017799e+03 2.406080e-01
5.018000e+03 2.407380e-01
5.018800e+03 2.412550e-01
5.019000e+03 2.415730e-01
5.019800e+03 2.428440e-01
5.020000e+03 2.430650e-01
5.020800e+03 2.439480e-01
5.021000e+03 2.441980e-01
5.021800e+03 2.452020e-01
5.022000e+03 2.455850e-01
5.022801e+03 2.471230e-01
5.023000e+03 2.474370e-01
5.023801e+03 2.486970e-01
5.024000e+03 2.491510e-01
5.024801e+03 2.509780e-01
5.025000e+03 2.513780e-01
5.025801e+03 2.529890e-01
5.026000e+03 2.534510e-01
5.026802e+03 2.553150e-01
5.027000e+03 2.557960e-01
5.027802e+03 2.577390e-01
5.028000e+03 2.580250e-01
5.028802e+03 2.592020e-01
5.029000e+03 2.596080e-01
5.029803e+03 2.612380e-01
5.030000e+03 2.615580e-01
5.030803e+03 2.628550e-01
5.031000e+03 2.630430e-01
5.031803e+03 2.638100e-01
5.032000e+03 2.638840e-01
5.032803e+03 2.641840e-01
5.033000e+03 2.640420e-01
5.033804e+03 2.634640e-01
5.034000e+03 2.631370e-01
5.034804e+03 2.618000e-01
5.035000e+03 2.609970e-01
5.035804e+03 2.577090e-01
5.036000e+03 2.563790e-01
5.036804e+03 2.509170e-01
5.037000e+03 2.491850e-01
5.037805e+03 2.420690e-01
5.038000e+03 2.394620e-01
5.038805e+03 2.287210e-01
5.039000e+03 2.253710e-01
5.039805e+03 2.115630e-01
5.040000e+03 2.076450e-01
5.040806e+03 1.914410e-01
5.041000e+03 1.869410e-01
5.041806e+03 1.682880e-01
5.042000e+03 1.634130e-01
5.042806e+03 1.431880e-01
5.043000e+03 1.384170e-01
5.043806e+03 1.185730e-01
5.044000e+03 1.140860e-01
5.044807e+03 9.541300e-02
5.045000e+03 9.166260e-02
5.045807e+03 7.602260e-02
5.046000e+03 7.293840e-02
5.046807e+03 6.005930e-02
5.047000e+03 5.731590e-02
5.047807e+03 4.583560e-02
5.048000e+03 4.374390e-02
5.048808e+03 3.498540e-02
5.049000e+03 3.332050e-02
5.049808e+03 2.633170e-02
5.050000e+03 2.514980e-02
5.050808e+03 2.018530e-02
5.051000e+03 1.923010e-02
5.051809e+03 1.520520e-02
5.052000e+03 1.449920e-02
5.052809e+03 1.151660e-02
5.053000e+03 1.100050e-02
5.053809e+03 8.818790e-03
5.054000e+03 8.422280e-03
5.054809e+03 6.741920e-03
5.055000e+03 6.444820e-03
5.055810e+03 5.185040e-03
5.056000e+03 4.965090e-03
5.056810e+03 4.030020e-03
5.057000e+03 3.854800e-03
5.057810e+03 3.109460e-03
5.058000e+03 2.983610e-03
5.058810e+03 2.446920e-03
5.059000e+03 2.356130e-03
5.059811e+03 1.968680e-03
5.060000e+03 1.891790e-03
5.060811e+03 1.562650e-03
5.061000e+03 1.504130e-03
5.061811e+03 1.253000e-03
5.062000e+03 1.206260e-03
5.062812e+03 1.005650e-03
5.063000e+03 9.697920e-04
5.063812e+03 8.153320e-04
5.064000e+03 7.872740e-04
5.064812e+03 6.663910e-04
5.065000e+03 6.420270e-04
5.065812e+03 5.367890e-04
5.066000e+03 5.174320e-04
5.066812e+03 4.337730e-04
5.067000e+03 4.199520e-04
5.067812e+03 3.600610e-04
5.068000e+03 3.487380e-04
5.068813e+03 2.996430e-04
5.069000e+03 2.890220e-04
5.069813e+03 2.428510e-04
5.070000e+03 2.350020e-04
5.070813e+03 2.008620e-04
5.071000e+03 1.951710e-04
5.071813e+03 1.703520e-04
5.072000e+03 1.650580e-04
5.072814e+03 1.419570e-04
5.073000e+03 1.377990e-04
5.073814e+03 1.196040e-04
5.074000e+03 1.162910e-04
5.074814e+03 1.017830e-04
5.075000e+03 9.926180e-05
5.075815e+03 8.819000e-05
5.076000e+03 8.567460e-05
5.076815e+03 7.459770e-05
5.077000e+03 7.342430e-05
5.077815e+03 6.825410e-05
5.078000e+03 6.591270e-05
5.078815e+03 5.556870e-05
5.079000e+03 5.395280e-05
