# # Wavelength(Angstrom)  Transmission
6.505000e+03 5.126260e-05
6.505797e+03 5.422850e-05
6.506000e+03 5.515880e-05
6.506797e+03 5.881000e-05
6.507000e+03 5.956380e-05
6.507797e+03 6.252950e-05
6.508000e+03 6.334070e-05
6.508798e+03 6.653000e-05
6.509000e+03 6.710610e-05
6.509798e+03 6.938550e-05
6.510000e+03 7.094430e-05
6.510798e+03 7.711450e-05
6.511000e+03 7.803650e-05
6.511799e+03 8.168820e-05
6.512000e+03 8.255040e-05
6.512799e+03 8.597380e-05
6.513000e+03 8.741160e-05
6.513799e+03 9.312340e-05
6.514000e+03 9.432790e-05
6.514799e+03 9.911790e-05
6.515000e+03 1.009520e-04
6.515800e+03 1.082660e-04
6.516000e+03 1.095810e-04
6.516800e+03 1.148350e-04
6.517000e+03 1.165500e-04
6.517800e+03 1.234060e-04
6.518000e+03 1.258600e-04
6.518801e+03 1.356970e-04
6.519000e+03 1.372890e-04
6.519801e+03 1.436800e-04
6.520000e+03 1.464080e-04
6.520801e+03 1.573900e-04
6.521000e+03 1.599440e-04
6.521801e+03 1.702400e-04
6.522000e+03 1.726780e-04
6.522802e+03 1.825130e-04
6.523000e+03 1.850600e-04
6.523802e+03 1.953550e-04
6.524000e+03 1.985790e-04
6.524802e+03 2.116100e-04
6.525000e+03 2.147650e-04
6.525803e+03 2.275830e-04
6.526000e+03 2.322010e-04
6.526803e+03 2.509870e-04
6.527000e+03 2.543610e-04
6.527803e+03 2.680960e-04
6.528000e+03 2.726990e-04
6.528803e+03 2.914860e-04
6.529000e+03 2.963100e-04
6.529804e+03 3.160110e-04
6.530000e+03 3.212730e-04
6.530804e+03 3.427900e-04
6.531000e+03 3.483210e-04
6.531804e+03 3.710040e-04
6.532000e+03 3.773110e-04
6.532804e+03 4.032120e-04
6.533000e+03 4.100730e-04
6.533805e+03 4.382650e-04
6.534000e+03 4.465600e-04
6.534805e+03 4.807290e-04
6.535000e+03 4.904100e-04
6.535805e+03 5.302780e-04
6.536000e+03 5.402610e-04
6.536805e+03 5.815470e-04
6.537000e+03 5.896410e-04
6.537806e+03 6.231070e-04
6.538000e+03 6.350580e-04
6.538806e+03 6.846220e-04
6.539000e+03 6.966550e-04
6.539806e+03 7.466880e-04
6.540000e+03 7.616400e-04
6.540807e+03 8.237900e-04
6.541000e+03 8.383060e-04
6.541807e+03 8.989080e-04
6.542000e+03 9.138110e-04
6.542807e+03 9.760100e-04
6.543000e+03 9.950560e-04
6.543807e+03 1.074750e-03
6.544000e+03 1.092570e-03
6.544808e+03 1.167180e-03
6.545000e+03 1.187920e-03
6.545808e+03 1.274890e-03
6.546000e+03 1.300570e-03
6.546808e+03 1.408530e-03
6.547000e+03 1.438370e-03
6.547809e+03 1.564090e-03
6.548000e+03 1.595430e-03
6.548809e+03 1.727850e-03
6.549000e+03 1.763580e-03
6.549809e+03 1.914610e-03
6.550000e+03 1.951730e-03
6.550809e+03 2.108860e-03
6.551000e+03 2.151830e-03
6.551810e+03 2.334150e-03
6.552000e+03 2.380040e-03
6.552810e+03 2.575060e-03
6.553000e+03 2.627620e-03
6.553810e+03 2.851170e-03
6.554000e+03 2.908630e-03
6.554810e+03 3.153630e-03
6.555000e+03 3.212560e-03
6.555811e+03 3.463730e-03
6.556000e+03 3.535770e-03
6.556811e+03 3.844390e-03
6.557000e+03 3.913840e-03
6.557811e+03 4.211900e-03
6.558000e+03 4.302140e-03
6.558812e+03 4.689580e-03
6.559000e+03 4.786670e-03
6.559812e+03 5.204620e-03
6.560000e+03 5.320950e-03
6.560812e+03 5.821650e-03
6.561000e+03 5.950250e-03
6.561812e+03 6.506060e-03
6.562000e+03 6.647790e-03
6.562812e+03 7.260220e-03
6.563000e+03 7.418420e-03
6.563812e+03 8.103860e-03
6.564000e+03 8.283380e-03
6.564813e+03 9.061650e-03
6.565000e+03 9.259580e-03
6.565813e+03 1.011990e-02
6.566000e+03 1.034080e-02
6.566813e+03 1.130080e-02
6.567000e+03 1.154780e-02
6.567814e+03 1.262620e-02
6.568000e+03 1.288600e-02
6.568814e+03 1.402260e-02
6.569000e+03 1.432200e-02
6.569814e+03 1.563270e-02
6.570000e+03 1.595190e-02
6.570814e+03 1.735280e-02
6.571000e+03 1.773830e-02
6.571815e+03 1.942950e-02
6.572000e+03 1.985050e-02
6.572815e+03 2.170540e-02
6.573000e+03 2.219270e-02
6.573815e+03 2.433920e-02
6.574000e+03 2.491070e-02
6.574815e+03 2.743540e-02
6.575000e+03 2.805840e-02
6.575816e+03 3.081210e-02
6.576000e+03 3.149590e-02
6.576816e+03 3.452600e-02
6.577000e+03 3.524200e-02
6.577816e+03 3.842770e-02
6.578000e+03 3.924040e-02
6.578817e+03 4.285580e-02
6.579000e+03 4.375070e-02
6.579817e+03 4.774280e-02
6.580000e+03 4.873510e-02
6.580817e+03 5.316410e-02
6.581000e+03 5.419490e-02
6.581817e+03 5.880390e-02
6.582000e+03 5.991110e-02
6.582818e+03 6.487330e-02
6.583000e+03 6.595220e-02
6.583818e+03 7.079670e-02
6.584000e+03 7.212890e-02
6.584818e+03 7.811390e-02
6.585000e+03 7.950690e-02
6.585818e+03 8.578150e-02
6.586000e+03 8.727550e-02
6.586819e+03 9.400270e-02
6.587000e+03 9.557970e-02
6.587819e+03 1.027180e-01
6.588000e+03 1.043980e-01
6.588819e+03 1.120170e-01
6.589000e+03 1.137300e-01
6.589820e+03 1.215030e-01
6.590000e+03 1.231630e-01
6.590820e+03 1.307120e-01
6.591000e+03 1.323670e-01
6.591820e+03 1.398910e-01
6.592000e+03 1.415060e-01
6.592820e+03 1.488900e-01
6.593000e+03 1.505840e-01
6.593821e+03 1.583220e-01
6.594000e+03 1.599260e-01
6.594821e+03 1.672750e-01
6.595000e+03 1.687530e-01
6.595821e+03 1.755250e-01
6.596000e+03 1.768930e-01
6.596822e+03 1.831650e-01
6.597000e+03 1.844820e-01
6.597822e+03 1.905650e-01
6.598000e+03 1.917980e-01
6.598822e+03 1.974840e-01
6.599000e+03 1.988100e-01
6.599822e+03 2.049470e-01
6.600000e+03 2.061210e-01
6.600823e+03 2.115530e-01
6.601000e+03 2.125580e-01
6.601823e+03 2.172100e-01
6.602000e+03 2.181730e-01
6.602823e+03 2.226590e-01
6.603000e+03 2.234950e-01
6.603823e+03 2.273850e-01
6.604000e+03 2.281400e-01
6.604824e+03 2.316590e-01
6.605000e+03 2.322430e-01
6.605824e+03 2.349580e-01
6.606000e+03 2.355320e-01
6.606824e+03 2.382400e-01
6.607000e+03 2.387190e-01
6.607825e+03 2.409670e-01
6.608000e+03 2.414340e-01
6.608825e+03 2.436290e-01
6.609000e+03 2.439740e-01
6.609825e+03 2.456000e-01
6.610000e+03 2.458670e-01
6.610825e+03 2.471100e-01
6.611000e+03 2.473590e-01
6.611826e+03 2.485510e-01
6.612000e+03 2.488340e-01
6.612826e+03 2.501760e-01
6.613000e+03 2.503330e-01
6.613826e+03 2.510770e-01
6.614000e+03 2.512150e-01
6.614826e+03 2.518730e-01
6.615000e+03 2.520100e-01
6.615827e+03 2.526450e-01
6.616000e+03 2.527660e-01
6.616827e+03 2.533590e-01
6.617000e+03 2.534280e-01
6.617827e+03 2.537560e-01
6.618000e+03 2.537920e-01
6.618828e+03 2.539600e-01
6.619000e+03 2.539480e-01
6.619828e+03 2.538900e-01
6.620000e+03 2.539110e-01
6.620828e+03 2.539940e-01
6.621000e+03 2.540210e-01
6.621828e+03 2.541730e-01
6.622000e+03 2.540990e-01
6.622829e+03 2.537430e-01
6.623000e+03 2.537710e-01
6.623829e+03 2.539060e-01
6.624000e+03 2.538490e-01
6.624829e+03 2.535750e-01
6.625000e+03 2.535360e-01
6.625829e+03 2.533300e-01
6.626000e+03 2.532910e-01
6.626830e+03 2.531190e-01
6.627000e+03 2.530690e-01
6.627830e+03 2.528240e-01
6.628000e+03 2.527380e-01
6.628830e+03 2.523130e-01
6.629000e+03 2.522700e-01
6.629831e+03 2.520560e-01
6.630000e+03 2.520170e-01
6.630831e+03 2.517970e-01
6.631000e+03 2.517060e-01
6.631831e+03 2.512800e-01
6.632000e+03 2.511960e-01
6.632831e+03 2.507830e-01
6.633000e+03 2.506950e-01
6.633832e+03 2.502600e-01
6.634000e+03 2.502750e-01
6.634832e+03 2.503480e-01
6.635000e+03 2.502110e-01
6.635832e+03 2.495180e-01
6.636000e+03 2.494320e-01
6.636833e+03 2.490230e-01
6.637000e+03 2.489390e-01
6.637833e+03 2.485190e-01
6.638000e+03 2.484530e-01
6.638833e+03 2.481280e-01
6.639000e+03 2.480570e-01
6.639833e+03 2.476890e-01
6.640000e+03 2.476190e-01
6.640833e+03 2.472900e-01
6.641000e+03 2.472420e-01
6.641833e+03 2.469980e-01
6.642000e+03 2.468940e-01
6.642834e+03 2.463760e-01
6.643000e+03 2.463770e-01
6.643834e+03 2.463820e-01
6.644000e+03 2.462860e-01
6.644834e+03 2.457860e-01
6.645000e+03 2.457500e-01
6.645834e+03 2.455820e-01
6.646000e+03 2.455170e-01
6.646835e+03 2.451840e-01
6.647000e+03 2.452430e-01
6.647835e+03 2.455410e-01
6.648000e+03 2.454340e-01
6.648835e+03 2.448880e-01
6.649000e+03 2.448170e-01
6.649836e+03 2.444340e-01
6.650000e+03 2.444920e-01
6.650836e+03 2.448030e-01
6.651000e+03 2.447840e-01
6.651836e+03 2.446900e-01
6.652000e+03 2.446730e-01
6.652836e+03 2.445850e-01
6.653000e+03 2.445950e-01
6.653837e+03 2.446450e-01
6.654000e+03 2.446220e-01
6.654837e+03 2.444840e-01
6.655000e+03 2.444510e-01
6.655837e+03 2.443020e-01
6.656000e+03 2.443280e-01
6.656838e+03 2.444640e-01
6.657000e+03 2.445290e-01
6.657838e+03 2.448680e-01
6.658000e+03 2.449040e-01
6.658838e+03 2.450750e-01
6.659000e+03 2.450720e-01
6.659838e+03 2.450730e-01
6.660000e+03 2.450800e-01
6.660839e+03 2.451200e-01
6.661000e+03 2.451890e-01
6.661839e+03 2.455500e-01
6.662000e+03 2.455840e-01
6.662839e+03 2.457590e-01
6.663000e+03 2.458240e-01
6.663840e+03 2.461480e-01
6.664000e+03 2.461570e-01
6.664840e+03 2.462240e-01
6.665000e+03 2.462380e-01
6.665840e+03 2.463070e-01
6.666000e+03 2.462940e-01
6.666840e+03 2.462260e-01
6.667000e+03 2.463290e-01
6.667841e+03 2.468700e-01
6.668000e+03 2.468730e-01
6.668841e+03 2.468700e-01
6.669000e+03 2.468730e-01
6.669841e+03 2.469080e-01
6.670000e+03 2.469420e-01
6.670841e+03 2.471210e-01
6.671000e+03 2.471090e-01
6.671842e+03 2.470470e-01
6.672000e+03 2.470310e-01
6.672842e+03 2.469260e-01
6.673000e+03 2.469790e-01
6.673842e+03 2.472800e-01
6.674000e+03 2.472740e-01
6.674842e+03 2.472410e-01
6.675000e+03 2.471600e-01
6.675843e+03 2.467270e-01
6.676000e+03 2.467360e-01
6.676843e+03 2.467830e-01
6.677000e+03 2.467010e-01
6.677843e+03 2.462380e-01
6.678000e+03 2.461930e-01
6.678844e+03 2.459660e-01
6.679000e+03 2.459090e-01
6.679844e+03 2.456040e-01
6.680000e+03 2.455210e-01
6.680844e+03 2.450680e-01
6.681000e+03 2.450060e-01
6.681844e+03 2.446690e-01
6.682000e+03 2.446260e-01
6.682845e+03 2.443760e-01
6.683000e+03 2.442590e-01
6.683845e+03 2.436430e-01
6.684000e+03 2.435220e-01
6.684845e+03 2.428610e-01
6.685000e+03 2.427830e-01
6.685846e+03 2.423570e-01
6.686000e+03 2.422160e-01
6.686846e+03 2.414270e-01
6.687000e+03 2.413760e-01
6.687846e+03 2.411150e-01
6.688000e+03 2.409900e-01
6.688846e+03 2.403050e-01
6.689000e+03 2.402090e-01
6.689847e+03 2.396770e-01
6.690000e+03 2.395780e-01
6.690847e+03 2.390260e-01
6.691000e+03 2.389480e-01
6.691847e+03 2.384940e-01
6.692000e+03 2.384710e-01
6.692847e+03 2.383570e-01
6.693000e+03 2.382410e-01
6.693848e+03 2.375960e-01
6.694000e+03 2.375650e-01
6.694848e+03 2.373880e-01
6.695000e+03 2.373180e-01
6.695848e+03 2.369110e-01
6.696000e+03 2.368920e-01
6.696849e+03 2.368040e-01
6.697000e+03 2.368080e-01
6.697849e+03 2.368340e-01
6.698000e+03 2.368720e-01
6.698849e+03 2.370830e-01
6.699000e+03 2.371070e-01
6.699849e+03 2.372440e-01
6.700000e+03 2.372970e-01
6.700850e+03 2.375780e-01
6.701000e+03 2.375830e-01
6.701850e+03 2.376270e-01
6.702000e+03 2.376980e-01
6.702850e+03 2.380980e-01
6.703000e+03 2.381630e-01
6.703850e+03 2.385290e-01
6.704000e+03 2.385690e-01
6.704851e+03 2.387770e-01
6.705000e+03 2.388000e-01
6.705851e+03 2.389490e-01
6.706000e+03 2.389430e-01
6.706851e+03 2.389030e-01
6.707000e+03 2.388450e-01
6.707852e+03 2.385100e-01
6.708000e+03 2.383490e-01
6.708852e+03 2.374210e-01
6.709000e+03 2.372390e-01
6.709852e+03 2.361790e-01
6.710000e+03 2.358610e-01
6.710852e+03 2.340480e-01
6.711000e+03 2.335830e-01
6.711853e+03 2.309080e-01
6.712000e+03 2.303190e-01
6.712853e+03 2.269150e-01
6.713000e+03 2.261190e-01
6.713853e+03 2.214970e-01
6.714000e+03 2.205850e-01
6.714854e+03 2.153080e-01
6.715000e+03 2.140760e-01
6.715854e+03 2.068990e-01
6.716000e+03 2.056490e-01
6.716854e+03 1.983670e-01
6.717000e+03 1.970170e-01
6.717854e+03 1.891210e-01
6.718000e+03 1.875270e-01
6.718854e+03 1.781880e-01
6.719000e+03 1.764410e-01
6.719854e+03 1.661990e-01
6.720000e+03 1.641800e-01
6.720855e+03 1.523150e-01
6.721000e+03 1.503290e-01
6.721855e+03 1.386230e-01
6.722000e+03 1.367920e-01
6.722855e+03 1.259850e-01
6.723000e+03 1.241560e-01
6.723855e+03 1.133390e-01
6.724000e+03 1.115550e-01
6.724856e+03 1.009910e-01
6.725000e+03 9.938040e-02
6.725856e+03 8.980960e-02
6.726000e+03 8.837040e-02
6.726856e+03 7.981560e-02
6.727000e+03 7.844640e-02
6.727857e+03 7.026950e-02
6.728000e+03 6.913700e-02
6.728857e+03 6.236030e-02
6.729000e+03 6.129160e-02
6.729857e+03 5.488810e-02
6.730000e+03 5.399770e-02
6.730857e+03 4.864400e-02
6.731000e+03 4.781610e-02
6.731858e+03 4.283240e-02
6.732000e+03 4.209400e-02
6.732858e+03 3.764010e-02
6.733000e+03 3.695770e-02
6.733858e+03 3.283590e-02
6.734000e+03 3.223920e-02
6.734859e+03 2.862070e-02
6.735000e+03 2.810110e-02
6.735859e+03 2.493920e-02
6.736000e+03 2.451070e-02
6.736859e+03 2.189980e-02
6.737000e+03 2.152050e-02
6.737859e+03 1.920440e-02
6.738000e+03 1.887880e-02
6.738860e+03 1.688870e-02
6.739000e+03 1.661100e-02
6.739860e+03 1.490770e-02
6.740000e+03 1.466660e-02
6.740860e+03 1.318590e-02
6.741000e+03 1.297810e-02
6.741860e+03 1.169920e-02
6.742000e+03 1.151720e-02
6.742861e+03 1.039530e-02
6.743000e+03 1.024170e-02
6.743861e+03 9.291280e-03
6.744000e+03 9.149620e-03
6.744861e+03 8.269920e-03
6.745000e+03 8.156340e-03
6.745862e+03 7.450040e-03
6.746000e+03 7.331750e-03
6.746862e+03 6.594720e-03
6.747000e+03 6.493980e-03
6.747862e+03 5.865450e-03
6.748000e+03 5.777880e-03
6.748862e+03 5.229570e-03
6.749000e+03 5.151430e-03
6.749863e+03 4.661560e-03
6.750000e+03 4.595590e-03
6.750863e+03 4.181170e-03
6.751000e+03 4.123950e-03
6.751863e+03 3.764040e-03
6.752000e+03 3.712510e-03
6.752863e+03 3.387180e-03
6.753000e+03 3.343450e-03
6.753864e+03 3.066970e-03
6.754000e+03 3.027140e-03
6.754864e+03 2.774910e-03
6.755000e+03 2.738570e-03
6.755864e+03 2.508080e-03
6.756000e+03 2.477840e-03
6.756865e+03 2.285230e-03
6.757000e+03 2.258080e-03
6.757865e+03 2.084540e-03
6.758000e+03 2.057960e-03
6.758865e+03 1.887870e-03
6.759000e+03 1.864460e-03
6.759865e+03 1.714300e-03
6.760000e+03 1.695070e-03
6.760866e+03 1.571580e-03
6.761000e+03 1.552420e-03
6.761866e+03 1.428920e-03
6.762000e+03 1.410770e-03
6.762866e+03 1.293570e-03
6.763000e+03 1.278280e-03
6.763867e+03 1.179320e-03
6.764000e+03 1.165510e-03
6.764867e+03 1.075730e-03
6.765000e+03 1.065490e-03
6.765867e+03 9.988350e-04
6.766000e+03 9.866750e-04
6.766867e+03 9.072250e-04
6.767000e+03 8.967620e-04
6.767868e+03 8.284910e-04
6.768000e+03 8.198740e-04
6.768868e+03 7.633840e-04
6.769000e+03 7.567150e-04
6.769868e+03 7.129720e-04
6.770000e+03 7.050740e-04
6.770868e+03 6.530770e-04
6.771000e+03 6.473340e-04
6.771869e+03 6.094520e-04
6.772000e+03 6.029060e-04
6.772869e+03 5.596460e-04
6.773000e+03 5.544090e-04
6.773869e+03 5.196370e-04
6.774000e+03 5.138370e-04
6.774870e+03 4.753040e-04
6.775000e+03 4.706930e-04
6.775870e+03 4.399080e-04
6.776000e+03 4.350140e-04
6.776870e+03 4.023890e-04
6.777000e+03 3.985040e-04
6.777870e+03 3.724820e-04
6.778000e+03 3.694450e-04
6.778871e+03 3.490930e-04
6.779000e+03 3.461720e-04
6.779871e+03 3.265020e-04
6.780000e+03 3.231600e-04
6.780871e+03 3.006930e-04
6.781000e+03 2.978560e-04
6.781871e+03 2.786900e-04
6.782000e+03 2.763090e-04
6.782872e+03 2.602170e-04
6.783000e+03 2.580190e-04
6.783872e+03 2.431050e-04
6.784000e+03 2.412220e-04
6.784872e+03 2.284200e-04
6.785000e+03 2.264390e-04
6.785873e+03 2.129450e-04
6.786000e+03 2.111460e-04
6.786873e+03 1.988320e-04
6.787000e+03 1.973100e-04
6.787873e+03 1.868890e-04
6.788000e+03 1.850640e-04
6.788873e+03 1.725040e-04
6.789000e+03 1.708850e-04
6.789874e+03 1.597600e-04
6.790000e+03 1.585930e-04
6.790874e+03 1.505360e-04
6.791000e+03 1.492680e-04
6.791874e+03 1.405060e-04
6.792000e+03 1.392090e-04
6.792875e+03 1.302000e-04
6.793000e+03 1.293820e-04
6.793875e+03 1.236890e-04
6.794000e+03 1.227710e-04
6.794875e+03 1.163720e-04
6.795000e+03 1.158630e-04
6.795875e+03 1.122980e-04
6.796000e+03 1.110470e-04
6.796875e+03 1.022800e-04
6.797000e+03 1.016040e-04
6.797875e+03 9.686040e-05
6.798000e+03 9.638770e-05
6.798876e+03 9.306300e-05
6.799000e+03 9.222410e-05
6.799876e+03 8.630060e-05
6.800000e+03 8.552930e-05
6.800876e+03 8.008030e-05
6.801000e+03 7.981170e-05
6.801876e+03 7.790050e-05
6.802000e+03 7.693250e-05
6.802877e+03 7.006760e-05
6.803000e+03 6.963490e-05
6.803877e+03 6.654980e-05
6.804000e+03 6.628390e-05
6.804877e+03 6.438040e-05
6.805000e+03 6.401570e-05
6.805878e+03 6.139930e-05
6.806000e+03 6.073960e-05
6.806878e+03 5.600070e-05
6.807000e+03 5.557220e-05
6.807878e+03 5.248930e-05
6.808000e+03 5.219340e-05
