# # Wavelength(Angstrom)  Transmission
6.435000e+03 8.885640e-05
6.436000e+03 9.130460e-05
6.437000e+03 9.375330e-05
6.438000e+03 9.620190e-05
6.439000e+03 9.865100e-05
6.440000e+03 1.011000e-04
6.441000e+03 1.035510e-04
6.442000e+03 1.060020e-04
6.443000e+03 1.084540e-04
6.444000e+03 1.109060e-04
6.445000e+03 1.133580e-04
6.446000e+03 1.158110e-04
6.447000e+03 1.182640e-04
6.448000e+03 1.207160e-04
6.449000e+03 1.231700e-04
6.450000e+03 1.256240e-04
6.451000e+03 1.528350e-04
6.452000e+03 1.800510e-04
6.453000e+03 2.072720e-04
6.454000e+03 2.344960e-04
6.455000e+03 2.617260e-04
6.456000e+03 2.889590e-04
6.457000e+03 3.161980e-04
6.458000e+03 3.434410e-04
6.459000e+03 3.706890e-04
6.460000e+03 3.979400e-04
6.461000e+03 4.251430e-04
6.462000e+03 4.523440e-04
6.463000e+03 4.795420e-04
6.464000e+03 5.067380e-04
6.465000e+03 5.339310e-04
6.466000e+03 5.611220e-04
6.467000e+03 5.883110e-04
6.468000e+03 6.154970e-04
6.469000e+03 6.426810e-04
6.470000e+03 6.698630e-04
6.471000e+03 6.971390e-04
6.472000e+03 7.244230e-04
6.473000e+03 7.517080e-04
6.474000e+03 7.790000e-04
6.475000e+03 8.062980e-04
6.476000e+03 8.336010e-04
6.477000e+03 8.609080e-04
6.478000e+03 8.882210e-04
6.479000e+03 9.155390e-04
6.480000e+03 9.428630e-04
6.481000e+03 9.700820e-04
6.482000e+03 9.973020e-04
6.483000e+03 1.024520e-03
6.484000e+03 1.051730e-03
6.485000e+03 1.078950e-03
6.486000e+03 1.106170e-03
6.487000e+03 1.133380e-03
6.488000e+03 1.160590e-03
6.489000e+03 1.187810e-03
6.490000e+03 1.215020e-03
6.491000e+03 1.350480e-03
6.492000e+03 1.485960e-03
6.493000e+03 1.621440e-03
6.494000e+03 1.756940e-03
6.495000e+03 1.892450e-03
6.496000e+03 2.027980e-03
6.497000e+03 2.163510e-03
6.498000e+03 2.299050e-03
6.499000e+03 2.434610e-03
6.500000e+03 2.570180e-03
6.501000e+03 2.705910e-03
6.502000e+03 2.841650e-03
6.503000e+03 2.977420e-03
6.504000e+03 3.113220e-03
6.505000e+03 3.249040e-03
6.506000e+03 3.384890e-03
6.507000e+03 3.520770e-03
6.508000e+03 3.847080e-03
6.509000e+03 4.173450e-03
6.510000e+03 4.499890e-03
6.511000e+03 4.826050e-03
6.512000e+03 5.152230e-03
6.513000e+03 5.697080e-03
6.514000e+03 6.241940e-03
6.515000e+03 6.786850e-03
6.516000e+03 7.331760e-03
6.517000e+03 7.876730e-03
6.518000e+03 8.832430e-03
6.519000e+03 9.788200e-03
6.520000e+03 1.074400e-02
6.521000e+03 1.169910e-02
6.522000e+03 1.265410e-02
6.523000e+03 1.415180e-02
6.524000e+03 1.564940e-02
6.525000e+03 1.714700e-02
6.526000e+03 1.864430e-02
6.527000e+03 2.014160e-02
6.528000e+03 2.305400e-02
6.529000e+03 2.596620e-02
6.530000e+03 2.887810e-02
6.531000e+03 3.179140e-02
6.532000e+03 3.470480e-02
6.533000e+03 4.022620e-02
6.534000e+03 4.574770e-02
6.535000e+03 5.126930e-02
6.536000e+03 5.679100e-02
6.537000e+03 6.231300e-02
6.538000e+03 7.300940e-02
6.539000e+03 8.370600e-02
6.540000e+03 9.440270e-02
6.541000e+03 1.051180e-01
6.542000e+03 1.158360e-01
6.543000e+03 1.329030e-01
6.544000e+03 1.499760e-01
6.545000e+03 1.670550e-01
6.546000e+03 1.841400e-01
6.547000e+03 2.012320e-01
6.548000e+03 2.233820e-01
6.549000e+03 2.455400e-01
6.550000e+03 2.677050e-01
6.551000e+03 2.898220e-01
6.552000e+03 3.119360e-01
6.553000e+03 3.298450e-01
6.554000e+03 3.477540e-01
6.555000e+03 3.656610e-01
6.556000e+03 3.835670e-01
6.557000e+03 4.014740e-01
6.558000e+03 4.075240e-01
6.559000e+03 4.135750e-01
6.560000e+03 4.196240e-01
6.561000e+03 4.257270e-01
6.562000e+03 4.318290e-01
6.563000e+03 4.339270e-01
6.564000e+03 4.360240e-01
6.565000e+03 4.381220e-01
6.566000e+03 4.402210e-01
6.567000e+03 4.423190e-01
6.568000e+03 4.409640e-01
6.569000e+03 4.396090e-01
6.570000e+03 4.382550e-01
6.571000e+03 4.368480e-01
6.572000e+03 4.354390e-01
6.573000e+03 4.351680e-01
6.574000e+03 4.348940e-01
6.575000e+03 4.346220e-01
6.576000e+03 4.343490e-01
6.577000e+03 4.340760e-01
6.578000e+03 4.344100e-01
6.579000e+03 4.347440e-01
6.580000e+03 4.350780e-01
6.581000e+03 4.354420e-01
6.582000e+03 4.358030e-01
6.583000e+03 4.369270e-01
6.584000e+03 4.380510e-01
6.585000e+03 4.391740e-01
6.586000e+03 4.402970e-01
6.587000e+03 4.414210e-01
6.588000e+03 4.418830e-01
6.589000e+03 4.423450e-01
6.590000e+03 4.428080e-01
6.591000e+03 4.432610e-01
6.592000e+03 4.437130e-01
6.593000e+03 4.428590e-01
6.594000e+03 4.420040e-01
6.595000e+03 4.411500e-01
6.596000e+03 4.402960e-01
6.597000e+03 4.394400e-01
6.598000e+03 4.389320e-01
6.599000e+03 4.384230e-01
6.600000e+03 4.379140e-01
6.601000e+03 4.374270e-01
6.602000e+03 4.369400e-01
6.603000e+03 4.341500e-01
6.604000e+03 4.313590e-01
6.605000e+03 4.285680e-01
6.606000e+03 4.257770e-01
6.607000e+03 4.229860e-01
6.608000e+03 4.121130e-01
6.609000e+03 4.012390e-01
6.610000e+03 3.903630e-01
6.611000e+03 3.794540e-01
6.612000e+03 3.685460e-01
6.613000e+03 3.508020e-01
6.614000e+03 3.330580e-01
6.615000e+03 3.153150e-01
6.616000e+03 2.975730e-01
6.617000e+03 2.798300e-01
6.618000e+03 2.604590e-01
6.619000e+03 2.410890e-01
6.620000e+03 2.217180e-01
6.621000e+03 2.023520e-01
6.622000e+03 1.829850e-01
6.623000e+03 1.678540e-01
6.624000e+03 1.527220e-01
6.625000e+03 1.375900e-01
6.626000e+03 1.224570e-01
6.627000e+03 1.073240e-01
6.628000e+03 9.821750e-02
6.629000e+03 8.911050e-02
6.630000e+03 8.000320e-02
6.631000e+03 7.089750e-02
6.632000e+03 6.179100e-02
6.633000e+03 5.640900e-02
6.634000e+03 5.102680e-02
6.635000e+03 4.564410e-02
6.636000e+03 4.026100e-02
6.637000e+03 3.487750e-02
6.638000e+03 3.194990e-02
6.639000e+03 2.902210e-02
6.640000e+03 2.609410e-02
6.641000e+03 2.316550e-02
6.642000e+03 2.023670e-02
6.643000e+03 1.876490e-02
6.644000e+03 1.729300e-02
6.645000e+03 1.582100e-02
6.646000e+03 1.434900e-02
6.647000e+03 1.287680e-02
6.648000e+03 1.193750e-02
6.649000e+03 1.099810e-02
6.650000e+03 1.005870e-02
6.651000e+03 9.118750e-03
6.652000e+03 8.178850e-03
6.653000e+03 7.588510e-03
6.654000e+03 6.998200e-03
6.655000e+03 6.407920e-03
6.656000e+03 5.817670e-03
6.657000e+03 5.227440e-03
6.658000e+03 4.884550e-03
6.659000e+03 4.541660e-03
6.660000e+03 4.198800e-03
6.661000e+03 3.856460e-03
6.662000e+03 3.514060e-03
6.663000e+03 3.273290e-03
6.664000e+03 3.032470e-03
6.665000e+03 2.791600e-03
6.666000e+03 2.550680e-03
6.667000e+03 2.309710e-03
6.668000e+03 2.068680e-03
6.669000e+03 1.827610e-03
6.670000e+03 1.586480e-03
6.671000e+03 1.551000e-03
6.672000e+03 1.515520e-03
6.673000e+03 1.480040e-03
6.674000e+03 1.444570e-03
6.675000e+03 1.409100e-03
6.676000e+03 1.373630e-03
6.677000e+03 1.338170e-03
6.678000e+03 1.302710e-03
6.679000e+03 1.267260e-03
6.680000e+03 1.231810e-03
6.681000e+03 1.196540e-03
6.682000e+03 1.161260e-03
6.683000e+03 1.125980e-03
6.684000e+03 1.090690e-03
6.685000e+03 1.055400e-03
6.686000e+03 1.020100e-03
6.687000e+03 9.847910e-04
6.688000e+03 9.494760e-04
6.689000e+03 9.141560e-04
6.690000e+03 8.788300e-04
6.691000e+03 8.434420e-04
6.692000e+03 8.080520e-04
6.693000e+03 7.726600e-04
6.694000e+03 7.372670e-04
6.695000e+03 7.018720e-04
6.696000e+03 6.664760e-04
6.697000e+03 6.310780e-04
6.698000e+03 5.956790e-04
6.699000e+03 5.602750e-04
6.700000e+03 5.248720e-04
6.701000e+03 4.894380e-04
6.702000e+03 4.540050e-04
6.703000e+03 4.185760e-04
6.704000e+03 3.831480e-04
6.705000e+03 3.477240e-04
6.706000e+03 3.123020e-04
6.707000e+03 2.768820e-04
6.708000e+03 2.414650e-04
6.709000e+03 2.060490e-04
6.710000e+03 1.706370e-04
6.711000e+03 1.673690e-04
6.712000e+03 1.641000e-04
6.713000e+03 1.608310e-04
6.714000e+03 1.575610e-04
6.715000e+03 1.542900e-04
6.716000e+03 1.510180e-04
6.717000e+03 1.477460e-04
6.718000e+03 1.444730e-04
6.719000e+03 1.411990e-04
6.720000e+03 1.379240e-04
6.721000e+03 1.346370e-04
6.722000e+03 1.313490e-04
6.723000e+03 1.280620e-04
6.724000e+03 1.247740e-04
6.725000e+03 1.214860e-04
6.726000e+03 1.181980e-04
6.727000e+03 1.149090e-04
6.728000e+03 1.116200e-04
6.729000e+03 1.083320e-04
6.730000e+03 1.050430e-04
6.731000e+03 1.017450e-04
6.732000e+03 9.844850e-05
6.733000e+03 9.515190e-05
6.734000e+03 9.185560e-05
