# # Wavelength(Angstrom)  Transmission
3.676447e+03 3.607980e-05
3.677000e+03 3.938970e-05
3.677447e+03 4.206480e-05
3.678000e+03 4.561940e-05
3.678447e+03 4.849700e-05
3.679000e+03 5.180930e-05
3.679448e+03 5.448980e-05
3.680000e+03 6.856760e-05
3.680448e+03 7.997890e-05
3.681000e+03 8.647160e-05
3.681448e+03 9.173970e-05
3.682000e+03 1.009230e-04
3.682448e+03 1.083860e-04
3.683000e+03 1.265010e-04
3.683448e+03 1.412250e-04
3.684000e+03 1.587230e-04
3.684449e+03 1.729640e-04
3.685000e+03 2.075650e-04
3.685449e+03 2.357760e-04
3.686000e+03 2.663520e-04
3.686449e+03 2.913000e-04
3.687000e+03 3.328550e-04
3.687450e+03 3.668060e-04
3.688000e+03 4.211800e-04
3.688450e+03 4.656660e-04
3.689000e+03 5.419160e-04
3.689450e+03 6.043190e-04
3.690000e+03 6.984860e-04
3.690450e+03 7.756490e-04
3.691000e+03 9.165450e-04
3.691451e+03 1.032110e-03
3.692000e+03 1.192400e-03
3.692451e+03 1.324060e-03
3.693000e+03 1.578450e-03
3.693451e+03 1.787480e-03
3.694000e+03 2.132410e-03
3.694451e+03 2.416170e-03
3.695000e+03 2.897870e-03
3.695452e+03 3.294670e-03
3.696000e+03 3.998020e-03
3.696452e+03 4.577670e-03
3.697000e+03 5.567580e-03
3.697452e+03 6.384370e-03
3.698000e+03 7.868890e-03
3.698452e+03 9.094990e-03
3.699000e+03 1.126900e-02
3.699453e+03 1.306680e-02
3.700000e+03 1.631010e-02
3.700453e+03 1.899350e-02
3.701000e+03 2.355890e-02
3.701453e+03 2.734070e-02
3.702000e+03 3.375130e-02
3.702454e+03 3.907120e-02
3.703000e+03 4.771620e-02
3.703454e+03 5.489700e-02
3.704000e+03 6.522430e-02
3.704454e+03 7.381280e-02
3.705000e+03 8.623120e-02
3.705454e+03 9.656910e-02
3.706000e+03 1.084360e-01
3.706455e+03 1.183280e-01
3.707000e+03 1.295450e-01
3.707455e+03 1.388950e-01
3.708000e+03 1.464530e-01
3.708455e+03 1.527640e-01
3.709000e+03 1.575910e-01
3.709455e+03 1.616320e-01
3.710000e+03 1.636330e-01
3.710456e+03 1.653000e-01
3.711000e+03 1.657650e-01
3.711456e+03 1.661540e-01
3.712000e+03 1.662250e-01
3.712456e+03 1.662840e-01
3.713000e+03 1.659370e-01
3.713456e+03 1.656530e-01
3.714000e+03 1.654750e-01
3.714457e+03 1.653180e-01
3.715000e+03 1.656410e-01
3.715457e+03 1.659130e-01
3.716000e+03 1.666040e-01
3.716457e+03 1.671850e-01
3.717000e+03 1.677580e-01
3.717458e+03 1.682490e-01
3.718000e+03 1.692990e-01
3.718458e+03 1.701780e-01
3.719000e+03 1.706510e-01
3.719458e+03 1.710510e-01
3.720000e+03 1.719810e-01
3.720458e+03 1.727730e-01
3.721000e+03 1.731750e-01
3.721458e+03 1.735090e-01
3.722000e+03 1.740870e-01
3.722459e+03 1.745770e-01
3.723000e+03 1.748750e-01
3.723459e+03 1.751270e-01
3.724000e+03 1.753530e-01
3.724459e+03 1.755530e-01
3.725000e+03 1.753840e-01
3.725459e+03 1.752340e-01
3.726000e+03 1.751470e-01
3.726460e+03 1.750730e-01
3.727000e+03 1.750720e-01
3.727460e+03 1.750780e-01
3.728000e+03 1.747950e-01
3.728460e+03 1.745470e-01
3.729000e+03 1.743380e-01
3.729460e+03 1.741590e-01
3.730000e+03 1.741190e-01
3.730461e+03 1.740850e-01
3.731000e+03 1.741520e-01
3.731461e+03 1.742160e-01
3.732000e+03 1.740930e-01
3.732461e+03 1.739810e-01
3.733000e+03 1.740680e-01
3.733461e+03 1.741420e-01
3.734000e+03 1.741420e-01
3.734462e+03 1.741490e-01
3.735000e+03 1.742140e-01
3.735462e+03 1.742630e-01
3.736000e+03 1.744920e-01
3.736462e+03 1.746890e-01
3.737000e+03 1.750220e-01
3.737463e+03 1.753090e-01
3.738000e+03 1.754060e-01
3.738463e+03 1.754960e-01
3.739000e+03 1.756610e-01
3.739463e+03 1.757950e-01
3.740000e+03 1.758450e-01
3.740463e+03 1.758870e-01
3.741000e+03 1.757380e-01
3.741464e+03 1.756150e-01
3.742000e+03 1.756910e-01
3.742464e+03 1.757480e-01
3.743000e+03 1.752820e-01
3.743464e+03 1.748780e-01
3.744000e+03 1.743020e-01
3.744464e+03 1.738020e-01
3.745000e+03 1.725090e-01
3.745465e+03 1.713950e-01
3.746000e+03 1.696400e-01
3.746465e+03 1.681090e-01
3.747000e+03 1.655910e-01
3.747465e+03 1.634030e-01
3.748000e+03 1.607020e-01
3.748465e+03 1.583530e-01
3.749000e+03 1.542310e-01
3.749466e+03 1.506460e-01
3.750000e+03 1.456000e-01
3.750466e+03 1.411920e-01
3.751000e+03 1.351790e-01
3.751466e+03 1.299290e-01
3.752000e+03 1.230660e-01
3.752467e+03 1.170700e-01
3.753000e+03 1.098830e-01
3.753467e+03 1.035880e-01
3.754000e+03 9.555180e-02
3.754467e+03 8.851170e-02
3.755000e+03 8.106060e-02
3.755467e+03 7.452640e-02
3.756000e+03 6.758210e-02
3.756468e+03 6.148870e-02
3.757000e+03 5.540120e-02
3.757468e+03 5.004980e-02
3.758000e+03 4.482360e-02
3.758468e+03 4.022690e-02
3.759000e+03 3.550660e-02
3.759468e+03 3.135080e-02
3.760000e+03 2.758150e-02
3.760469e+03 2.426080e-02
3.761000e+03 2.137710e-02
3.761469e+03 1.883240e-02
3.762000e+03 1.650470e-02
3.762469e+03 1.444930e-02
3.763000e+03 1.264250e-02
3.763469e+03 1.104610e-02
3.764000e+03 9.634650e-03
3.764469e+03 8.385490e-03
3.765000e+03 7.327260e-03
3.765470e+03 6.390100e-03
3.766000e+03 5.602760e-03
3.766470e+03 4.904460e-03
3.767000e+03 4.289180e-03
3.767470e+03 3.742840e-03
3.768000e+03 3.292350e-03
3.768471e+03 2.891670e-03
3.769000e+03 2.550120e-03
3.769471e+03 2.246160e-03
3.770000e+03 1.992650e-03
3.770471e+03 1.766880e-03
3.771000e+03 1.577050e-03
3.771471e+03 1.407700e-03
3.772000e+03 1.237280e-03
3.772472e+03 1.085170e-03
3.773000e+03 9.723590e-04
3.773472e+03 8.715690e-04
3.774000e+03 7.744140e-04
3.774472e+03 6.875550e-04
3.775000e+03 6.194550e-04
3.775472e+03 5.584650e-04
3.776000e+03 5.057420e-04
3.776473e+03 4.584990e-04
3.777000e+03 4.056600e-04
3.777473e+03 3.582670e-04
3.778000e+03 3.239310e-04
3.778473e+03 2.931160e-04
3.779000e+03 2.584340e-04
3.779473e+03 2.272540e-04
3.780000e+03 2.066390e-04
3.780474e+03 1.880950e-04
3.781000e+03 1.722550e-04
3.781474e+03 1.579920e-04
3.782000e+03 1.463320e-04
3.782474e+03 1.358110e-04
3.783000e+03 1.206890e-04
3.783475e+03 1.070380e-04
3.784000e+03 9.871010e-05
3.784475e+03 9.118190e-05
3.785000e+03 8.952410e-05
3.785475e+03 8.802760e-05
3.786000e+03 7.565690e-05
3.786475e+03 6.444830e-05
3.787000e+03 5.981230e-05
3.787476e+03 5.560910e-05
3.788000e+03 5.347270e-05
3.788476e+03 5.153380e-05
3.789000e+03 4.666100e-05
3.789476e+03 4.223610e-05
3.790000e+03 4.176660e-05
3.790476e+03 4.133790e-05
