# # Wavelength(Angstrom)  Transmission
4.492000e+03 6.075410e-05
4.493000e+03 7.433860e-05
4.493760e+03 8.466940e-05
4.494000e+03 8.750990e-05
4.495000e+03 9.936910e-05
4.496000e+03 1.112250e-04
4.496261e+03 1.143220e-04
4.497000e+03 1.332900e-04
4.498000e+03 1.589730e-04
4.498762e+03 1.785410e-04
4.499000e+03 1.787570e-04
4.500000e+03 1.796620e-04
4.501000e+03 1.805490e-04
4.501262e+03 1.807850e-04
4.502000e+03 1.859550e-04
4.503000e+03 1.929480e-04
4.503763e+03 1.982850e-04
4.504000e+03 1.950160e-04
4.505000e+03 1.812070e-04
4.506000e+03 1.673970e-04
4.506264e+03 1.637560e-04
4.507000e+03 1.589800e-04
4.508000e+03 1.524920e-04
4.508764e+03 1.475440e-04
4.509000e+03 1.498880e-04
4.510000e+03 1.598140e-04
4.511000e+03 1.697410e-04
4.511265e+03 1.723730e-04
4.512000e+03 1.715780e-04
4.513000e+03 1.704970e-04
4.513766e+03 1.696680e-04
4.514000e+03 1.767300e-04
4.515000e+03 2.068820e-04
4.516000e+03 2.370220e-04
4.516266e+03 2.450440e-04
4.517000e+03 2.832350e-04
4.518000e+03 3.352810e-04
4.518767e+03 3.752090e-04
4.519000e+03 3.945900e-04
4.520000e+03 4.778080e-04
4.521000e+03 5.610370e-04
4.521268e+03 5.833230e-04
4.522000e+03 6.949730e-04
4.523000e+03 8.473810e-04
4.523768e+03 9.644520e-04
4.524000e+03 9.943400e-04
4.525000e+03 1.123210e-03
4.526000e+03 1.252100e-03
4.526269e+03 1.286780e-03
4.527000e+03 1.331920e-03
4.528000e+03 1.393680e-03
4.528770e+03 1.441300e-03
4.529000e+03 1.431830e-03
4.530000e+03 1.390580e-03
4.531000e+03 1.349320e-03
4.531271e+03 1.338160e-03
4.532000e+03 1.307500e-03
4.533000e+03 1.265460e-03
4.533771e+03 1.233040e-03
4.534000e+03 1.227100e-03
4.535000e+03 1.201180e-03
4.536000e+03 1.175350e-03
4.536271e+03 1.168310e-03
4.537000e+03 1.196730e-03
4.538000e+03 1.235750e-03
4.538772e+03 1.265900e-03
4.539000e+03 1.289070e-03
4.540000e+03 1.390920e-03
4.541000e+03 1.492780e-03
4.541273e+03 1.520590e-03
4.542000e+03 1.642690e-03
4.543000e+03 1.810810e-03
4.543773e+03 1.940740e-03
4.544000e+03 2.008990e-03
4.545000e+03 2.310230e-03
4.546000e+03 2.611510e-03
4.546274e+03 2.694190e-03
4.547000e+03 3.049680e-03
4.548000e+03 3.539680e-03
4.548775e+03 3.919410e-03
4.549000e+03 4.098850e-03
4.550000e+03 4.896480e-03
4.551000e+03 5.693860e-03
4.551275e+03 5.913470e-03
4.552000e+03 6.868980e-03
4.553000e+03 8.187780e-03
4.553776e+03 9.211770e-03
4.554000e+03 9.692240e-03
4.555000e+03 1.184090e-02
4.556000e+03 1.398980e-02
4.556277e+03 1.458510e-02
4.557000e+03 1.690280e-02
4.558000e+03 2.010680e-02
4.558777e+03 2.259780e-02
4.559000e+03 2.348500e-02
4.560000e+03 2.746990e-02
4.561000e+03 3.145530e-02
4.561278e+03 3.256460e-02
4.562000e+03 3.553260e-02
4.563000e+03 3.964560e-02
4.563779e+03 4.285210e-02
4.564000e+03 4.368500e-02
4.565000e+03 4.744720e-02
4.566000e+03 5.120990e-02
4.566279e+03 5.226090e-02
4.567000e+03 5.509190e-02
4.568000e+03 5.902040e-02
4.568780e+03 6.208610e-02
4.569000e+03 6.338670e-02
4.570000e+03 6.930650e-02
4.571000e+03 7.523340e-02
4.571281e+03 7.689590e-02
4.572000e+03 8.448250e-02
4.573000e+03 9.503180e-02
4.573782e+03 1.032800e-01
4.574000e+03 1.070300e-01
4.575000e+03 1.242130e-01
4.576000e+03 1.413980e-01
4.576282e+03 1.462490e-01
4.577000e+03 1.611470e-01
4.578000e+03 1.819200e-01
4.578783e+03 1.981710e-01
4.579000e+03 2.014410e-01
4.580000e+03 2.164920e-01
4.581000e+03 2.315460e-01
4.581284e+03 2.358160e-01
4.582000e+03 2.372160e-01
4.583000e+03 2.391710e-01
4.583784e+03 2.407040e-01
4.584000e+03 2.392060e-01
4.585000e+03 2.322670e-01
4.586000e+03 2.253460e-01
4.586285e+03 2.233700e-01
4.587000e+03 2.190210e-01
4.588000e+03 2.129400e-01
4.588786e+03 2.081620e-01
4.589000e+03 2.082000e-01
4.590000e+03 2.083770e-01
4.591000e+03 2.085540e-01
4.591286e+03 2.086040e-01
4.592000e+03 2.131250e-01
4.593000e+03 2.194780e-01
4.593787e+03 2.244610e-01
4.594000e+03 2.264390e-01
4.595000e+03 2.357090e-01
4.596000e+03 2.449800e-01
4.596288e+03 2.476460e-01
4.597000e+03 2.529140e-01
4.598000e+03 2.603100e-01
4.598788e+03 2.661390e-01
4.599000e+03 2.665590e-01
4.600000e+03 2.685660e-01
4.601000e+03 2.705500e-01
4.601289e+03 2.711220e-01
4.602000e+03 2.691080e-01
4.603000e+03 2.662760e-01
4.603790e+03 2.640400e-01
4.604000e+03 2.631620e-01
4.605000e+03 2.589910e-01
4.606000e+03 2.548190e-01
4.606290e+03 2.536090e-01
4.607000e+03 2.521620e-01
4.608000e+03 2.501440e-01
4.608791e+03 2.485310e-01
4.609000e+03 2.488260e-01
4.610000e+03 2.502350e-01
4.611000e+03 2.516440e-01
4.611292e+03 2.520550e-01
4.612000e+03 2.548150e-01
4.613000e+03 2.587100e-01
4.613792e+03 2.617950e-01
4.614000e+03 2.627140e-01
4.615000e+03 2.671540e-01
4.616000e+03 2.715730e-01
4.616292e+03 2.728660e-01
4.617000e+03 2.750000e-01
4.618000e+03 2.780160e-01
4.618793e+03 2.804100e-01
4.619000e+03 2.805680e-01
4.620000e+03 2.813300e-01
4.621000e+03 2.820920e-01
4.621294e+03 2.823160e-01
4.622000e+03 2.817370e-01
4.623000e+03 2.809400e-01
4.623795e+03 2.802870e-01
4.624000e+03 2.800700e-01
4.625000e+03 2.790100e-01
4.626000e+03 2.779500e-01
4.626295e+03 2.776370e-01
4.627000e+03 2.774190e-01
4.628000e+03 2.771100e-01
4.628796e+03 2.768630e-01
4.629000e+03 2.769800e-01
4.630000e+03 2.775530e-01
4.631000e+03 2.781430e-01
4.631297e+03 2.783110e-01
4.632000e+03 2.790660e-01
4.633000e+03 2.801390e-01
4.633797e+03 2.809950e-01
4.634000e+03 2.811470e-01
4.635000e+03 2.818970e-01
4.636000e+03 2.826480e-01
4.636298e+03 2.828710e-01
4.637000e+03 2.828180e-01
4.638000e+03 2.827430e-01
4.638799e+03 2.827020e-01
4.639000e+03 2.825430e-01
4.640000e+03 2.817310e-01
4.641000e+03 2.809180e-01
4.641299e+03 2.806750e-01
4.642000e+03 2.798340e-01
4.643000e+03 2.786340e-01
4.643800e+03 2.776740e-01
4.644000e+03 2.774410e-01
4.645000e+03 2.762790e-01
4.646000e+03 2.751180e-01
4.646301e+03 2.747750e-01
4.647000e+03 2.742650e-01
4.648000e+03 2.735110e-01
4.648801e+03 2.729070e-01
4.649000e+03 2.728520e-01
4.650000e+03 2.725760e-01
4.651000e+03 2.723000e-01
4.651302e+03 2.722170e-01
4.652000e+03 2.723080e-01
4.653000e+03 2.724400e-01
4.653803e+03 2.725640e-01
4.654000e+03 2.726470e-01
4.655000e+03 2.730410e-01
4.656000e+03 2.734360e-01
4.656303e+03 2.735550e-01
4.657000e+03 2.739550e-01
4.658000e+03 2.745290e-01
4.658804e+03 2.749910e-01
4.659000e+03 2.751060e-01
4.660000e+03 2.756960e-01
4.661000e+03 2.762860e-01
4.661305e+03 2.764650e-01
4.662000e+03 2.768080e-01
4.663000e+03 2.773250e-01
4.663805e+03 2.777230e-01
4.664000e+03 2.777750e-01
4.665000e+03 2.780460e-01
4.666000e+03 2.783160e-01
4.666306e+03 2.783990e-01
4.667000e+03 2.782670e-01
4.668000e+03 2.780760e-01
4.668807e+03 2.779210e-01
4.669000e+03 2.777920e-01
4.670000e+03 2.771200e-01
4.671000e+03 2.764730e-01
4.671307e+03 2.762660e-01
4.672000e+03 2.755270e-01
4.673000e+03 2.744590e-01
4.673808e+03 2.735960e-01
4.674000e+03 2.733050e-01
4.675000e+03 2.717900e-01
4.676000e+03 2.702740e-01
4.676309e+03 2.698060e-01
4.677000e+03 2.685540e-01
4.678000e+03 2.667430e-01
4.678809e+03 2.652950e-01
4.679000e+03 2.649350e-01
4.680000e+03 2.630240e-01
4.681000e+03 2.611120e-01
4.681310e+03 2.605200e-01
4.682000e+03 2.591230e-01
4.683000e+03 2.570990e-01
4.683811e+03 2.554580e-01
4.684000e+03 2.550900e-01
4.685000e+03 2.531440e-01
4.686000e+03 2.511970e-01
4.686312e+03 2.505980e-01
4.687000e+03 2.494900e-01
4.688000e+03 2.478590e-01
4.688812e+03 2.465340e-01
4.689000e+03 2.463000e-01
4.690000e+03 2.450520e-01
4.691000e+03 2.438030e-01
4.691312e+03 2.434130e-01
4.692000e+03 2.429400e-01
4.693000e+03 2.422520e-01
4.693813e+03 2.416930e-01
4.694000e+03 2.416640e-01
4.695000e+03 2.415110e-01
4.696000e+03 2.413790e-01
4.696314e+03 2.413310e-01
4.697000e+03 2.414710e-01
4.698000e+03 2.416760e-01
4.698814e+03 2.418430e-01
4.699000e+03 2.418760e-01
4.700000e+03 2.420530e-01
4.701000e+03 2.422300e-01
4.701315e+03 2.422860e-01
4.702000e+03 2.420010e-01
4.703000e+03 2.415840e-01
4.703816e+03 2.412610e-01
4.704000e+03 2.410110e-01
4.705000e+03 2.396340e-01
4.706000e+03 2.382570e-01
4.706316e+03 2.378210e-01
4.707000e+03 2.363060e-01
4.708000e+03 2.340890e-01
4.708817e+03 2.322770e-01
4.709000e+03 2.317930e-01
4.710000e+03 2.291420e-01
4.711000e+03 2.264910e-01
4.711318e+03 2.256490e-01
4.712000e+03 2.239940e-01
4.713000e+03 2.215870e-01
4.713818e+03 2.196010e-01
4.714000e+03 2.193260e-01
4.715000e+03 2.178130e-01
4.716000e+03 2.163000e-01
4.716319e+03 2.158170e-01
4.717000e+03 2.158240e-01
4.718000e+03 2.158330e-01
4.718820e+03 2.158400e-01
4.719000e+03 2.161540e-01
4.720000e+03 2.178980e-01
4.721000e+03 2.196410e-01
4.721320e+03 2.202060e-01
4.722000e+03 2.224960e-01
4.723000e+03 2.258460e-01
4.723821e+03 2.285970e-01
4.724000e+03 2.294300e-01
4.725000e+03 2.340880e-01
4.726000e+03 2.387470e-01
4.726322e+03 2.402460e-01
4.727000e+03 2.437470e-01
4.728000e+03 2.489100e-01
4.728822e+03 2.531560e-01
4.729000e+03 2.539350e-01
4.730000e+03 2.583400e-01
4.731000e+03 2.627240e-01
4.731323e+03 2.641410e-01
4.732000e+03 2.657850e-01
4.733000e+03 2.682140e-01
4.733824e+03 2.702150e-01
4.734000e+03 2.702260e-01
4.735000e+03 2.702870e-01
4.736000e+03 2.703490e-01
4.736325e+03 2.703690e-01
4.737000e+03 2.688640e-01
4.738000e+03 2.666360e-01
4.738825e+03 2.648160e-01
4.739000e+03 2.642140e-01
4.740000e+03 2.607470e-01
4.741000e+03 2.572810e-01
4.741326e+03 2.561520e-01
4.742000e+03 2.540300e-01
4.743000e+03 2.508830e-01
4.743827e+03 2.482820e-01
4.744000e+03 2.480060e-01
4.745000e+03 2.464140e-01
4.746000e+03 2.448220e-01
4.746327e+03 2.443020e-01
4.747000e+03 2.448050e-01
4.748000e+03 2.455730e-01
4.748828e+03 2.461920e-01
4.749000e+03 2.467180e-01
4.750000e+03 2.497690e-01
4.751000e+03 2.528200e-01
4.751329e+03 2.538230e-01
4.752000e+03 2.567830e-01
4.753000e+03 2.611920e-01
4.753829e+03 2.648480e-01
4.754000e+03 2.655350e-01
4.755000e+03 2.695580e-01
4.756000e+03 2.735800e-01
4.756330e+03 2.749060e-01
4.757000e+03 2.759970e-01
4.758000e+03 2.776480e-01
4.758831e+03 2.790000e-01
4.759000e+03 2.787360e-01
4.760000e+03 2.771780e-01
4.761000e+03 2.756200e-01
4.761331e+03 2.751050e-01
4.762000e+03 2.726140e-01
4.763000e+03 2.688910e-01
4.763832e+03 2.657920e-01
4.764000e+03 2.651660e-01
4.765000e+03 2.614380e-01
4.766000e+03 2.577100e-01
4.766333e+03 2.564770e-01
4.767000e+03 2.553920e-01
4.768000e+03 2.537430e-01
4.768833e+03 2.523690e-01
4.769000e+03 2.525300e-01
4.770000e+03 2.534900e-01
4.771000e+03 2.544510e-01
4.771334e+03 2.547720e-01
4.772000e+03 2.563320e-01
4.773000e+03 2.586760e-01
4.773834e+03 2.606310e-01
4.774000e+03 2.607500e-01
4.775000e+03 2.614640e-01
4.776000e+03 2.621790e-01
4.776335e+03 2.624260e-01
4.777000e+03 2.600050e-01
4.778000e+03 2.563430e-01
4.778836e+03 2.532810e-01
4.779000e+03 2.519490e-01
4.780000e+03 2.438300e-01
4.781000e+03 2.357100e-01
4.781336e+03 2.329780e-01
4.782000e+03 2.262500e-01
4.783000e+03 2.161100e-01
4.783837e+03 2.076240e-01
4.784000e+03 2.060870e-01
4.785000e+03 1.966630e-01
4.786000e+03 1.872550e-01
4.786338e+03 1.840700e-01
4.787000e+03 1.791130e-01
4.788000e+03 1.716250e-01
4.788838e+03 1.653460e-01
4.789000e+03 1.641890e-01
4.790000e+03 1.570280e-01
4.791000e+03 1.498660e-01
4.791339e+03 1.474390e-01
4.792000e+03 1.413160e-01
4.793000e+03 1.320530e-01
4.793840e+03 1.242730e-01
4.794000e+03 1.223930e-01
4.795000e+03 1.106550e-01
4.796000e+03 9.892460e-02
4.796340e+03 9.492900e-02
4.797000e+03 8.702640e-02
4.798000e+03 7.504610e-02
4.798841e+03 6.496620e-02
4.799000e+03 6.346160e-02
4.800000e+03 5.397990e-02
4.801000e+03 4.449740e-02
4.801342e+03 4.125610e-02
4.802000e+03 3.713470e-02
4.803000e+03 3.087280e-02
4.803842e+03 2.559800e-02
4.804000e+03 2.501090e-02
4.805000e+03 2.128810e-02
4.806000e+03 1.756660e-02
4.806343e+03 1.628840e-02
4.807000e+03 1.490440e-02
4.808000e+03 1.279680e-02
4.808844e+03 1.101850e-02
4.809000e+03 1.082630e-02
4.810000e+03 9.596150e-03
4.811000e+03 8.365940e-03
4.811344e+03 7.942430e-03
4.812000e+03 7.459540e-03
4.813000e+03 6.723110e-03
4.813845e+03 6.100620e-03
4.814000e+03 6.030870e-03
4.815000e+03 5.580200e-03
4.816000e+03 5.129930e-03
4.816346e+03 4.974100e-03
4.817000e+03 4.800860e-03
4.818000e+03 4.536080e-03
4.818846e+03 4.312000e-03
4.819000e+03 4.290930e-03
4.820000e+03 4.153900e-03
4.821000e+03 4.016860e-03
4.821347e+03 3.969280e-03
4.822000e+03 3.917430e-03
4.823000e+03 3.838010e-03
4.823848e+03 3.770680e-03
4.824000e+03 3.759270e-03
4.825000e+03 3.684370e-03
4.826000e+03 3.609460e-03
4.826349e+03 3.583450e-03
4.827000e+03 3.486190e-03
4.828000e+03 3.336560e-03
4.828849e+03 3.209500e-03
4.829000e+03 3.173830e-03
4.830000e+03 2.937370e-03
4.831000e+03 2.700860e-03
4.831350e+03 2.618180e-03
4.832000e+03 2.439830e-03
4.833000e+03 2.165590e-03
4.833850e+03 1.932450e-03
4.834000e+03 1.893910e-03
4.835000e+03 1.636800e-03
4.836000e+03 1.379680e-03
4.836351e+03 1.289440e-03
4.837000e+03 1.179070e-03
4.838000e+03 1.008880e-03
4.838852e+03 8.639400e-04
4.839000e+03 8.480200e-04
4.840000e+03 7.407710e-04
4.841000e+03 6.335160e-04
4.841353e+03 5.957030e-04
4.842000e+03 5.539600e-04
4.843000e+03 4.894840e-04
4.843853e+03 4.344810e-04
4.844000e+03 4.281050e-04
4.845000e+03 3.847230e-04
4.846000e+03 3.413380e-04
4.846354e+03 3.260000e-04
4.847000e+03 3.136810e-04
4.848000e+03 2.946490e-04
4.848854e+03 2.783630e-04
4.849000e+03 2.774700e-04
4.850000e+03 2.713300e-04
4.851000e+03 2.651910e-04
4.851355e+03 2.630110e-04
4.852000e+03 2.546140e-04
4.853000e+03 2.415940e-04
4.853855e+03 2.304550e-04
4.854000e+03 2.331940e-04
4.855000e+03 2.521450e-04
4.856000e+03 2.710970e-04
4.856356e+03 2.778520e-04
4.857000e+03 2.880000e-04
4.858000e+03 3.037700e-04
4.858857e+03 3.173070e-04
4.859000e+03 3.214950e-04
4.860000e+03 3.507430e-04
4.861000e+03 3.799930e-04
4.861357e+03 3.904480e-04
4.862000e+03 4.103070e-04
4.863000e+03 4.412140e-04
4.863858e+03 4.677460e-04
4.864000e+03 4.674330e-04
4.865000e+03 4.652170e-04
4.866000e+03 4.630010e-04
4.866359e+03 4.622060e-04
4.867000e+03 4.459150e-04
4.868000e+03 4.205030e-04
4.868859e+03 3.986630e-04
4.869000e+03 3.920510e-04
4.870000e+03 3.450610e-04
4.871000e+03 2.980340e-04
4.871360e+03 2.810870e-04
4.872000e+03 2.552550e-04
4.873000e+03 2.148690e-04
4.873861e+03 1.801010e-04
4.874000e+03 1.761020e-04
4.875000e+03 1.473630e-04
4.876000e+03 1.186230e-04
4.876362e+03 1.082230e-04
4.877000e+03 9.441550e-05
4.878000e+03 7.277800e-05
