# # Wavelength(Angstrom)  Transmission
8.600000e+03 1.018380e-04
8.602362e+03 1.051510e-04
8.610000e+03 1.131960e-04
8.620000e+03 1.237310e-04
8.630000e+03 1.342680e-04
8.640000e+03 1.450310e-04
8.650000e+03 1.558290e-04
8.660000e+03 1.666610e-04
8.670000e+03 1.775280e-04
8.680000e+03 1.884290e-04
8.690000e+03 1.993640e-04
8.700000e+03 2.103340e-04
8.710000e+03 2.213370e-04
8.720000e+03 2.323750e-04
8.730000e+03 2.445940e-04
8.740000e+03 2.569550e-04
8.750000e+03 2.694590e-04
8.760000e+03 2.821070e-04
8.770000e+03 2.948980e-04
8.780000e+03 3.078360e-04
8.790000e+03 3.209190e-04
8.800000e+03 3.341500e-04
8.802416e+03 3.372550e-04
8.810000e+03 4.068550e-04
8.812419e+03 4.291600e-04
8.820000e+03 5.281690e-04
8.822422e+03 5.599490e-04
8.830000e+03 7.174340e-04
8.832425e+03 7.683780e-04
8.840000e+03 1.015140e-03
8.842428e+03 1.094730e-03
8.850000e+03 1.374020e-03
8.852430e+03 1.464200e-03
8.860000e+03 1.899110e-03
8.862433e+03 2.039760e-03
8.870000e+03 2.480040e-03
8.872436e+03 2.622640e-03
8.880000e+03 3.424420e-03
8.882438e+03 3.684520e-03
8.890000e+03 4.733890e-03
8.892440e+03 5.074710e-03
8.900000e+03 6.558990e-03
8.902443e+03 7.034990e-03
8.910000e+03 9.275140e-03
8.912446e+03 1.000210e-02
8.920000e+03 1.321730e-02
8.922449e+03 1.426520e-02
8.930000e+03 1.907590e-02
8.932452e+03 2.063910e-02
8.940000e+03 2.758430e-02
8.942454e+03 2.984790e-02
8.950000e+03 3.987320e-02
8.952457e+03 4.315420e-02
8.960000e+03 5.760540e-02
8.962460e+03 6.232090e-02
8.970000e+03 8.141730e-02
8.972463e+03 8.768800e-02
8.980000e+03 1.127270e-01
8.982465e+03 1.209170e-01
8.990000e+03 1.510130e-01
8.992468e+03 1.608930e-01
9.000000e+03 1.946260e-01
9.002471e+03 2.056410e-01
9.010000e+03 2.409630e-01
9.012474e+03 2.525280e-01
9.020000e+03 2.851980e-01
9.022477e+03 2.960110e-01
9.030000e+03 3.234790e-01
9.032479e+03 3.325390e-01
9.040000e+03 3.538710e-01
9.042481e+03 3.609170e-01
9.050000e+03 3.749550e-01
9.052484e+03 3.796780e-01
9.060000e+03 3.881000e-01
9.062487e+03 3.908120e-01
9.070000e+03 3.942300e-01
9.072489e+03 3.954460e-01
9.080000e+03 3.966500e-01
9.082492e+03 3.969690e-01
9.090000e+03 3.969710e-01
9.092495e+03 3.969730e-01
9.100000e+03 3.964830e-01
9.102498e+03 3.964030e-01
9.110000e+03 3.961000e-01
9.112500e+03 3.959170e-01
9.120000e+03 3.955860e-01
9.122503e+03 3.955590e-01
9.130000e+03 3.948240e-01
9.132506e+03 3.944960e-01
9.140000e+03 3.940430e-01
9.142509e+03 3.939740e-01
9.150000e+03 3.938310e-01
9.152511e+03 3.937010e-01
9.160000e+03 3.932810e-01
9.162514e+03 3.932240e-01
9.170000e+03 3.936130e-01
9.172517e+03 3.936620e-01
9.180000e+03 3.937460e-01
9.182520e+03 3.938570e-01
9.190000e+03 3.947830e-01
9.192522e+03 3.950140e-01
9.200000e+03 3.954150e-01
9.202524e+03 3.955670e-01
9.210000e+03 3.973020e-01
9.212527e+03 3.978060e-01
9.220000e+03 3.991720e-01
9.222530e+03 3.997200e-01
9.230000e+03 4.014340e-01
9.232533e+03 4.020200e-01
9.240000e+03 4.039390e-01
9.242535e+03 4.046780e-01
9.250000e+03 4.057880e-01
9.252538e+03 4.060800e-01
9.260000e+03 4.071280e-01
9.262541e+03 4.075720e-01
9.270000e+03 4.086580e-01
9.272544e+03 4.089420e-01
9.280000e+03 4.096170e-01
9.282547e+03 4.099360e-01
9.290000e+03 4.107110e-01
9.292549e+03 4.108900e-01
9.300000e+03 4.111880e-01
9.302552e+03 4.113790e-01
9.310000e+03 4.119680e-01
9.312555e+03 4.120830e-01
9.320000e+03 4.127650e-01
9.322558e+03 4.130880e-01
9.330000e+03 4.136160e-01
9.332560e+03 4.137090e-01
9.340000e+03 4.143940e-01
9.342562e+03 4.147190e-01
9.350000e+03 4.154420e-01
9.352565e+03 4.156010e-01
9.360000e+03 4.162560e-01
9.362568e+03 4.165730e-01
9.370000e+03 4.176830e-01
9.372570e+03 4.179760e-01
9.380000e+03 4.188260e-01
9.382573e+03 4.192110e-01
9.390000e+03 4.192330e-01
9.392576e+03 4.192400e-01
9.400000e+03 4.197760e-01
9.402579e+03 4.197690e-01
9.410000e+03 4.183650e-01
9.412582e+03 4.179670e-01
9.420000e+03 4.167570e-01
9.422584e+03 4.162450e-01
9.430000e+03 4.145790e-01
9.432587e+03 4.141480e-01
9.440000e+03 4.129090e-01
9.442590e+03 4.123840e-01
9.450000e+03 4.113990e-01
9.452593e+03 4.111430e-01
9.460000e+03 4.111550e-01
9.462595e+03 4.111580e-01
9.470000e+03 4.115240e-01
9.472598e+03 4.115620e-01
9.480000e+03 4.126410e-01
9.482601e+03 4.131110e-01
9.490000e+03 4.151630e-01
9.492604e+03 4.158860e-01
9.500000e+03 4.178130e-01
9.502606e+03 4.183840e-01
9.510000e+03 4.193200e-01
9.512608e+03 4.197430e-01
9.520000e+03 4.205510e-01
9.522611e+03 4.207430e-01
9.530000e+03 4.206370e-01
9.532614e+03 4.206920e-01
9.540000e+03 4.200310e-01
9.542617e+03 4.197960e-01
9.550000e+03 4.189340e-01
9.552619e+03 4.185350e-01
9.560000e+03 4.171780e-01
9.562622e+03 4.167880e-01
9.570000e+03 4.165050e-01
9.572625e+03 4.164040e-01
9.580000e+03 4.162480e-01
9.582628e+03 4.160980e-01
9.590000e+03 4.161050e-01
9.592631e+03 4.161990e-01
9.600000e+03 4.165950e-01
9.602633e+03 4.166950e-01
9.610000e+03 4.173370e-01
9.612636e+03 4.174730e-01
9.620000e+03 4.175230e-01
9.622639e+03 4.176340e-01
9.630000e+03 4.175810e-01
9.632642e+03 4.176050e-01
9.640000e+03 4.175410e-01
9.642644e+03 4.174230e-01
9.650000e+03 4.169610e-01
9.652646e+03 4.168880e-01
9.660000e+03 4.170140e-01
9.662649e+03 4.170580e-01
9.670000e+03 4.174430e-01
9.672652e+03 4.174870e-01
9.680000e+03 4.178060e-01
9.682655e+03 4.180140e-01
9.690000e+03 4.189550e-01
9.692657e+03 4.192950e-01
9.700000e+03 4.202670e-01
9.702660e+03 4.205230e-01
9.710000e+03 4.216610e-01
9.712663e+03 4.221680e-01
9.720000e+03 4.231370e-01
9.722666e+03 4.234880e-01
9.730000e+03 4.239570e-01
9.732668e+03 4.240300e-01
9.740000e+03 4.243310e-01
9.742671e+03 4.245350e-01
9.750000e+03 4.246980e-01
9.752674e+03 4.247560e-01
9.760000e+03 4.253470e-01
9.762677e+03 4.255620e-01
9.770000e+03 4.260170e-01
9.772680e+03 4.260840e-01
9.780000e+03 4.271670e-01
9.782682e+03 4.276610e-01
9.790000e+03 4.294080e-01
9.792685e+03 4.300480e-01
9.800000e+03 4.320950e-01
9.802688e+03 4.327850e-01
9.810000e+03 4.351000e-01
9.812690e+03 4.358500e-01
9.820000e+03 4.375220e-01
9.822692e+03 4.382360e-01
9.830000e+03 4.396430e-01
9.832695e+03 4.402220e-01
9.840000e+03 4.415240e-01
9.842698e+03 4.420040e-01
9.850000e+03 4.428020e-01
9.852701e+03 4.429930e-01
9.860000e+03 4.430410e-01
9.862703e+03 4.431600e-01
9.870000e+03 4.432450e-01
9.872706e+03 4.432740e-01
9.880000e+03 4.431190e-01
9.882709e+03 4.430590e-01
9.890000e+03 4.430980e-01
9.892712e+03 4.430080e-01
9.900000e+03 4.424300e-01
9.902715e+03 4.423150e-01
9.910000e+03 4.424420e-01
9.912717e+03 4.424880e-01
9.920000e+03 4.418360e-01
9.922720e+03 4.415900e-01
9.930000e+03 4.412330e-01
9.932723e+03 4.410970e-01
9.940000e+03 4.403960e-01
9.942726e+03 4.400290e-01
9.950000e+03 4.386440e-01
9.952728e+03 4.382240e-01
9.960000e+03 4.371360e-01
9.962730e+03 4.367250e-01
9.970000e+03 4.356970e-01
9.972733e+03 4.353080e-01
9.980000e+03 4.346760e-01
9.982736e+03 4.344350e-01
9.990000e+03 4.340650e-01
9.992739e+03 4.338210e-01
1.000000e+04 4.340170e-01
1.000274e+04 4.342570e-01
1.001000e+04 4.347940e-01
1.001274e+04 4.349950e-01
1.002000e+04 4.357290e-01
1.002275e+04 4.360060e-01
1.003000e+04 4.369050e-01
1.003275e+04 4.372450e-01
1.004000e+04 4.370560e-01
1.004275e+04 4.368790e-01
1.005000e+04 4.359030e-01
1.005275e+04 4.356330e-01
1.006000e+04 4.343100e-01
1.006276e+04 4.338040e-01
1.007000e+04 4.317240e-01
1.007276e+04 4.309280e-01
1.008000e+04 4.282580e-01
1.008276e+04 4.272360e-01
1.009000e+04 4.249280e-01
1.009277e+04 4.240430e-01
1.010000e+04 4.228840e-01
1.010277e+04 4.224380e-01
1.011000e+04 4.212700e-01
1.011277e+04 4.207200e-01
1.012000e+04 4.204800e-01
1.012277e+04 4.204860e-01
1.013000e+04 4.217310e-01
1.013278e+04 4.222090e-01
1.014000e+04 4.238630e-01
1.014278e+04 4.244990e-01
1.015000e+04 4.265970e-01
1.015278e+04 4.274050e-01
1.016000e+04 4.292640e-01
1.016279e+04 4.299800e-01
1.017000e+04 4.313580e-01
1.017279e+04 4.318890e-01
1.018000e+04 4.320630e-01
1.018279e+04 4.320250e-01
1.019000e+04 4.312410e-01
1.019279e+04 4.310390e-01
1.020000e+04 4.293130e-01
1.020280e+04 4.286490e-01
1.021000e+04 4.264530e-01
1.021280e+04 4.255980e-01
1.022000e+04 4.237380e-01
1.022280e+04 4.230120e-01
1.023000e+04 4.220050e-01
1.023280e+04 4.216110e-01
1.024000e+04 4.215990e-01
1.024281e+04 4.215930e-01
1.025000e+04 4.229580e-01
1.025281e+04 4.234910e-01
1.026000e+04 4.268270e-01
1.026281e+04 4.281310e-01
1.027000e+04 4.320580e-01
1.027282e+04 4.335970e-01
1.028000e+04 4.386030e-01
1.028282e+04 4.404600e-01
1.029000e+04 4.449200e-01
1.029282e+04 4.467790e-01
1.030000e+04 4.512040e-01
1.030282e+04 4.529460e-01
1.031000e+04 4.564750e-01
1.031283e+04 4.578650e-01
1.032000e+04 4.603910e-01
1.032283e+04 4.613870e-01
1.033000e+04 4.623850e-01
1.033283e+04 4.627780e-01
1.034000e+04 4.633920e-01
1.034283e+04 4.636340e-01
1.035000e+04 4.632360e-01
1.035284e+04 4.630770e-01
1.036000e+04 4.628500e-01
1.036284e+04 4.627580e-01
1.037000e+04 4.624220e-01
1.037284e+04 4.622870e-01
1.038000e+04 4.627850e-01
1.038284e+04 4.629820e-01
1.039000e+04 4.637220e-01
1.039285e+04 4.640160e-01
1.040000e+04 4.646500e-01
1.040285e+04 4.649060e-01
1.041000e+04 4.662850e-01
1.041285e+04 4.668350e-01
1.042000e+04 4.674790e-01
1.042286e+04 4.677360e-01
1.043000e+04 4.677470e-01
1.043286e+04 4.677510e-01
1.044000e+04 4.674440e-01
1.044286e+04 4.673210e-01
1.045000e+04 4.663790e-01
1.045286e+04 4.658850e-01
1.046000e+04 4.639870e-01
1.046287e+04 4.633380e-01
1.047000e+04 4.609820e-01
1.047287e+04 4.600330e-01
1.048000e+04 4.579880e-01
1.048287e+04 4.571620e-01
1.049000e+04 4.544420e-01
1.049287e+04 4.533430e-01
1.050000e+04 4.506510e-01
1.050288e+04 4.494570e-01
1.051000e+04 4.465720e-01
1.051288e+04 4.454040e-01
1.052000e+04 4.430800e-01
1.052288e+04 4.421380e-01
1.053000e+04 4.408330e-01
1.053288e+04 4.403040e-01
1.054000e+04 4.400880e-01
1.054289e+04 4.400000e-01
1.055000e+04 4.411570e-01
1.055289e+04 4.416260e-01
1.056000e+04 4.433100e-01
1.056289e+04 4.439950e-01
1.057000e+04 4.464170e-01
1.057290e+04 4.474040e-01
1.058000e+04 4.499320e-01
1.058290e+04 4.509630e-01
1.059000e+04 4.533500e-01
1.059290e+04 4.543250e-01
1.060000e+04 4.563950e-01
1.060290e+04 4.572320e-01
1.061000e+04 4.573790e-01
1.061291e+04 4.574380e-01
1.062000e+04 4.561420e-01
1.062291e+04 4.556100e-01
1.063000e+04 4.520620e-01
1.063291e+04 4.506050e-01
1.064000e+04 4.437860e-01
1.064292e+04 4.409810e-01
1.065000e+04 4.294500e-01
1.065292e+04 4.247000e-01
1.066000e+04 4.069090e-01
1.066292e+04 3.995730e-01
1.067000e+04 3.750320e-01
1.067292e+04 3.648980e-01
1.068000e+04 3.349790e-01
1.068293e+04 3.226880e-01
1.069000e+04 2.902300e-01
1.069293e+04 2.767080e-01
1.070000e+04 2.436980e-01
1.070293e+04 2.300140e-01
1.071000e+04 1.991100e-01
1.071293e+04 1.862820e-01
1.072000e+04 1.601930e-01
1.072294e+04 1.493490e-01
1.073000e+04 1.269500e-01
1.073294e+04 1.176260e-01
1.074000e+04 9.951230e-02
1.074294e+04 9.196190e-02
1.075000e+04 7.655290e-02
1.075295e+04 7.012080e-02
1.076000e+04 5.797790e-02
1.076295e+04 5.290210e-02
1.077000e+04 4.312140e-02
1.077295e+04 3.902850e-02
1.078000e+04 3.162100e-02
1.078295e+04 2.851730e-02
1.079000e+04 2.289660e-02
1.079296e+04 2.053830e-02
1.080000e+04 1.667590e-02
1.080296e+04 1.505380e-02
1.081000e+04 1.238850e-02
1.081296e+04 1.126750e-02
1.082000e+04 9.198650e-03
1.082296e+04 8.327260e-03
1.083000e+04 6.960040e-03
1.083297e+04 6.383370e-03
1.084000e+04 5.436990e-03
1.084297e+04 5.037400e-03
1.085000e+04 4.373710e-03
1.085297e+04 4.093130e-03
1.086000e+04 3.497390e-03
1.086297e+04 3.246010e-03
1.087000e+04 2.897790e-03
1.087298e+04 2.749380e-03
1.088000e+04 2.539280e-03
1.088298e+04 2.450090e-03
1.089000e+04 2.099840e-03
1.089298e+04 1.950930e-03
1.090000e+04 1.881160e-03
1.090299e+04 1.851460e-03
1.091000e+04 1.549910e-03
1.091299e+04 1.421380e-03
1.092000e+04 1.295320e-03
1.092299e+04 1.241520e-03
1.093000e+04 1.080660e-03
1.093299e+04 1.011920e-03
1.094000e+04 8.155340e-04
1.094300e+04 7.315190e-04
1.095000e+04 6.404100e-04
1.095300e+04 6.013840e-04
1.096000e+04 5.173050e-04
1.096300e+04 4.812410e-04
1.097000e+04 3.971700e-04
1.097300e+04 3.611520e-04
1.098000e+04 2.771890e-04
1.098301e+04 2.409910e-04
1.099000e+04 1.919240e-04
1.099301e+04 1.707880e-04
1.100000e+04 1.918960e-04
1.100301e+04 2.010020e-04
1.101000e+04 1.308050e-04
1.101301e+04 1.005090e-04
1.102000e+04 9.802500e-05
1.103000e+04 9.446680e-05
