# # Wavelength(Angstrom)  Transmission
4.807744e+03 5.292190e-05
4.808000e+03 5.421810e-05
4.808744e+03 5.797850e-05
4.809000e+03 6.026450e-05
4.809744e+03 6.690090e-05
4.810000e+03 6.963900e-05
4.810745e+03 7.760800e-05
4.811000e+03 8.186110e-05
4.811745e+03 9.426320e-05
4.812000e+03 9.798330e-05
4.812745e+03 1.088380e-04
4.813000e+03 1.155850e-04
4.813745e+03 1.353090e-04
4.814000e+03 1.418260e-04
4.814746e+03 1.608910e-04
4.815000e+03 1.692140e-04
4.815746e+03 1.936240e-04
4.816000e+03 2.029320e-04
4.816746e+03 2.302210e-04
4.817000e+03 2.423070e-04
4.817746e+03 2.778230e-04
4.818000e+03 2.920180e-04
4.818747e+03 3.337570e-04
4.819000e+03 3.545660e-04
4.819747e+03 4.158740e-04
4.820000e+03 4.390110e-04
4.820747e+03 5.072190e-04
4.821000e+03 5.366450e-04
4.821747e+03 6.235620e-04
4.822000e+03 6.644830e-04
4.822748e+03 7.854340e-04
4.823000e+03 8.363630e-04
4.823748e+03 9.871860e-04
4.824000e+03 1.049280e-03
4.824748e+03 1.233290e-03
4.825000e+03 1.321040e-03
4.825749e+03 1.581760e-03
4.826000e+03 1.694690e-03
4.826749e+03 2.030970e-03
4.827000e+03 2.182420e-03
4.827749e+03 2.633430e-03
4.828000e+03 2.840200e-03
4.828749e+03 3.457310e-03
4.829000e+03 3.721260e-03
4.829750e+03 4.509530e-03
4.830000e+03 4.862130e-03
4.830750e+03 5.917160e-03
4.831000e+03 6.431740e-03
4.831750e+03 7.972510e-03
4.832000e+03 8.665320e-03
4.832750e+03 1.074380e-02
4.833000e+03 1.166640e-02
4.833750e+03 1.443590e-02
4.834000e+03 1.567590e-02
4.834750e+03 1.940550e-02
4.835000e+03 2.123050e-02
4.835751e+03 2.672340e-02
4.836000e+03 2.924360e-02
4.836751e+03 3.685110e-02
4.837000e+03 4.016990e-02
4.837751e+03 5.020240e-02
4.838000e+03 5.462570e-02
4.838752e+03 6.800900e-02
4.839000e+03 7.366840e-02
4.839752e+03 9.082530e-02
4.840000e+03 9.744900e-02
4.840752e+03 1.175420e-01
4.841000e+03 1.246060e-01
4.841752e+03 1.460770e-01
4.842000e+03 1.530720e-01
4.842753e+03 1.743500e-01
4.843000e+03 1.803920e-01
4.843753e+03 1.988030e-01
4.844000e+03 2.035780e-01
4.844753e+03 2.181370e-01
4.845000e+03 2.214740e-01
4.845754e+03 2.316780e-01
4.846000e+03 2.337820e-01
4.846754e+03 2.402310e-01
4.847000e+03 2.414060e-01
4.847754e+03 2.450230e-01
4.848000e+03 2.455870e-01
4.848754e+03 2.473050e-01
4.849000e+03 2.476010e-01
4.849755e+03 2.485120e-01
4.850000e+03 2.486640e-01
4.850755e+03 2.491300e-01
4.851000e+03 2.491710e-01
4.851755e+03 2.492950e-01
4.852000e+03 2.493400e-01
4.852755e+03 2.494770e-01
4.853000e+03 2.495810e-01
4.853756e+03 2.499030e-01
4.854000e+03 2.499630e-01
4.854756e+03 2.501480e-01
4.855000e+03 2.502090e-01
4.855756e+03 2.503980e-01
4.856000e+03 2.502990e-01
4.856757e+03 2.499920e-01
4.857000e+03 2.500470e-01
4.857757e+03 2.502190e-01
4.858000e+03 2.500600e-01
4.858757e+03 2.495830e-01
4.859000e+03 2.494240e-01
4.859757e+03 2.489110e-01
4.860000e+03 2.486250e-01
4.860758e+03 2.477330e-01
4.861000e+03 2.475120e-01
4.861758e+03 2.468190e-01
4.862000e+03 2.466330e-01
4.862758e+03 2.460500e-01
4.863000e+03 2.458010e-01
4.863758e+03 2.450190e-01
4.864000e+03 2.449570e-01
4.864759e+03 2.447620e-01
4.865000e+03 2.445330e-01
4.865759e+03 2.438120e-01
4.866000e+03 2.437120e-01
4.866759e+03 2.433970e-01
4.867000e+03 2.434120e-01
4.867759e+03 2.434600e-01
4.868000e+03 2.434640e-01
4.868760e+03 2.434790e-01
4.869000e+03 2.435980e-01
4.869760e+03 2.439930e-01
4.870000e+03 2.441240e-01
4.870760e+03 2.445220e-01
4.871000e+03 2.447050e-01
4.871761e+03 2.452840e-01
4.872000e+03 2.455360e-01
4.872761e+03 2.463380e-01
4.873000e+03 2.467000e-01
4.873761e+03 2.478510e-01
4.874000e+03 2.479920e-01
4.874761e+03 2.484440e-01
4.875000e+03 2.487740e-01
4.875762e+03 2.498270e-01
4.876000e+03 2.500860e-01
4.876762e+03 2.509150e-01
4.877000e+03 2.511460e-01
4.877762e+03 2.518870e-01
4.878000e+03 2.520660e-01
4.878762e+03 2.526420e-01
4.879000e+03 2.528260e-01
4.879763e+03 2.534170e-01
4.880000e+03 2.534250e-01
4.880763e+03 2.534690e-01
4.881000e+03 2.534930e-01
4.881763e+03 2.535570e-01
4.882000e+03 2.535480e-01
4.882764e+03 2.535200e-01
4.883000e+03 2.534530e-01
4.883764e+03 2.532360e-01
4.884000e+03 2.529610e-01
4.884764e+03 2.520720e-01
4.885000e+03 2.517900e-01
4.885764e+03 2.508740e-01
4.886000e+03 2.505820e-01
4.886765e+03 2.496360e-01
4.887000e+03 2.492590e-01
4.887765e+03 2.480320e-01
4.888000e+03 2.475500e-01
4.888765e+03 2.459850e-01
4.889000e+03 2.453990e-01
4.889765e+03 2.434890e-01
4.890000e+03 2.429490e-01
4.890766e+03 2.411890e-01
4.891000e+03 2.403620e-01
4.891766e+03 2.376610e-01
4.892000e+03 2.368690e-01
4.892766e+03 2.342880e-01
4.893000e+03 2.332390e-01
4.893767e+03 2.297850e-01
4.894000e+03 2.285600e-01
4.894767e+03 2.245360e-01
4.895000e+03 2.229750e-01
4.895767e+03 2.178420e-01
4.896000e+03 2.158500e-01
4.896767e+03 2.092910e-01
4.897000e+03 2.067550e-01
4.897768e+03 1.983980e-01
4.898000e+03 1.952650e-01
4.898768e+03 1.849210e-01
4.899000e+03 1.812920e-01
4.899768e+03 1.692970e-01
4.900000e+03 1.650200e-01
4.900768e+03 1.508560e-01
4.901000e+03 1.462360e-01
4.901769e+03 1.309270e-01
4.902000e+03 1.261020e-01
4.902769e+03 1.100700e-01
4.903000e+03 1.055480e-01
4.903769e+03 9.048850e-02
4.904000e+03 8.631430e-02
4.904770e+03 7.241070e-02
4.905000e+03 6.883620e-02
4.905770e+03 5.689600e-02
4.906000e+03 5.387330e-02
4.906770e+03 4.377390e-02
4.907000e+03 4.139340e-02
4.907770e+03 3.342280e-02
4.908000e+03 3.157150e-02
4.908771e+03 2.536900e-02
4.909000e+03 2.395810e-02
4.909771e+03 1.922100e-02
4.910000e+03 1.819850e-02
4.910771e+03 1.476320e-02
4.911000e+03 1.397860e-02
4.911771e+03 1.133700e-02
4.912000e+03 1.073980e-02
4.912771e+03 8.727910e-03
4.913000e+03 8.274770e-03
4.913771e+03 6.744920e-03
4.914000e+03 6.402020e-03
4.914772e+03 5.243610e-03
4.915000e+03 4.977420e-03
4.915772e+03 4.076250e-03
4.916000e+03 3.872240e-03
4.916772e+03 3.181300e-03
4.917000e+03 3.029490e-03
4.917773e+03 2.513570e-03
4.918000e+03 2.391430e-03
4.918773e+03 1.975620e-03
4.919000e+03 1.883350e-03
4.919773e+03 1.569020e-03
4.920000e+03 1.492990e-03
4.920773e+03 1.233450e-03
4.921000e+03 1.179440e-03
4.921774e+03 9.949120e-04
4.922000e+03 9.496900e-04
4.922774e+03 7.948770e-04
4.923000e+03 7.595940e-04
4.923774e+03 6.387270e-04
4.924000e+03 6.138070e-04
4.924774e+03 5.282560e-04
4.925000e+03 5.063770e-04
4.925775e+03 4.312170e-04
4.926000e+03 4.142890e-04
4.926775e+03 3.559730e-04
4.927000e+03 3.415540e-04
4.927775e+03 2.917750e-04
4.928000e+03 2.811840e-04
4.928776e+03 2.445960e-04
4.929000e+03 2.367000e-04
4.929776e+03 2.093750e-04
4.930000e+03 2.005480e-04
4.930776e+03 1.699570e-04
4.931000e+03 1.625440e-04
4.931776e+03 1.368060e-04
4.932000e+03 1.324000e-04
4.932777e+03 1.170950e-04
4.933000e+03 1.146300e-04
4.933777e+03 1.060460e-04
4.934000e+03 1.005830e-04
4.934777e+03 8.155310e-05
4.935000e+03 7.889430e-05
4.935778e+03 6.960590e-05
4.936000e+03 6.774800e-05
4.936778e+03 6.124300e-05
4.937000e+03 5.951860e-05
4.937778e+03 5.347720e-05
4.938000e+03 5.109330e-05
