# # Wavelength(Angstrom)  Transmission
3.526000e+03 7.597300e-05
3.527000e+03 8.650200e-05
3.528000e+03 9.709970e-05
3.529000e+03 1.077670e-04
3.530000e+03 1.185040e-04
3.531000e+03 1.293070e-04
3.532000e+03 1.401780e-04
3.533000e+03 1.511180e-04
3.534000e+03 1.621280e-04
3.535000e+03 1.732070e-04
3.536000e+03 1.843540e-04
3.537000e+03 1.955720e-04
3.538000e+03 2.068590e-04
3.539000e+03 2.182140e-04
3.540000e+03 2.296400e-04
3.541000e+03 2.410830e-04
3.542000e+03 2.525900e-04
3.543000e+03 2.641630e-04
3.544000e+03 2.758000e-04
3.545000e+03 2.875010e-04
3.546000e+03 2.992690e-04
3.547000e+03 3.111000e-04
3.548000e+03 3.229980e-04
3.549000e+03 3.349600e-04
3.550000e+03 3.469840e-04
3.551000e+03 3.590890e-04
3.552000e+03 3.712580e-04
3.553000e+03 3.834940e-04
3.554000e+03 3.957950e-04
3.555000e+03 4.081620e-04
3.556000e+03 4.205960e-04
3.557000e+03 4.330950e-04
3.558000e+03 4.456610e-04
3.559000e+03 4.582930e-04
3.560000e+03 4.709910e-04
3.561000e+03 4.889630e-04
3.562000e+03 5.070220e-04
3.563000e+03 5.251750e-04
3.564000e+03 5.434170e-04
3.565000e+03 5.617500e-04
3.566000e+03 5.801740e-04
3.567000e+03 5.986880e-04
3.568000e+03 6.172940e-04
3.569000e+03 6.359900e-04
3.570000e+03 6.547770e-04
3.571000e+03 6.736770e-04
3.572000e+03 6.926710e-04
3.573000e+03 7.117550e-04
3.574000e+03 7.309310e-04
3.575000e+03 7.501980e-04
3.576000e+03 7.695610e-04
3.577000e+03 7.890140e-04
3.578000e+03 8.085620e-04
3.579000e+03 8.282000e-04
3.580000e+03 8.479330e-04
3.581000e+03 9.033870e-04
3.582000e+03 9.591150e-04
3.583000e+03 1.015110e-03
3.584000e+03 1.071370e-03
3.585000e+03 1.127900e-03
3.586000e+03 1.184700e-03
3.587000e+03 1.241760e-03
3.588000e+03 1.299100e-03
3.589000e+03 1.356700e-03
3.590000e+03 1.414570e-03
3.591000e+03 1.537610e-03
3.592000e+03 1.661250e-03
3.593000e+03 1.785490e-03
3.594000e+03 1.910330e-03
3.595000e+03 2.035770e-03
3.596000e+03 2.161800e-03
3.597000e+03 2.288450e-03
3.598000e+03 2.415690e-03
3.599000e+03 2.543530e-03
3.600000e+03 2.671970e-03
3.601000e+03 2.858610e-03
3.602000e+03 3.046250e-03
3.603000e+03 3.234920e-03
3.604000e+03 3.424560e-03
3.605000e+03 3.615220e-03
3.606000e+03 3.806870e-03
3.607000e+03 3.999540e-03
3.608000e+03 4.193210e-03
3.609000e+03 4.387880e-03
3.610000e+03 4.583550e-03
3.611000e+03 4.773410e-03
3.612000e+03 4.964210e-03
3.613000e+03 5.155970e-03
3.614000e+03 5.348660e-03
3.615000e+03 5.542320e-03
3.616000e+03 5.736930e-03
3.617000e+03 5.932480e-03
3.618000e+03 6.128980e-03
3.619000e+03 6.326450e-03
3.620000e+03 6.524860e-03
3.621000e+03 6.738360e-03
3.622000e+03 6.952860e-03
3.623000e+03 7.168390e-03
3.624000e+03 7.384890e-03
3.625000e+03 7.602420e-03
3.626000e+03 7.820930e-03
3.627000e+03 8.040460e-03
3.628000e+03 8.261000e-03
3.629000e+03 8.482540e-03
3.630000e+03 8.705090e-03
3.631000e+03 9.086150e-03
3.632000e+03 9.469000e-03
3.633000e+03 9.853630e-03
3.634000e+03 1.024010e-02
3.635000e+03 1.062830e-02
3.636000e+03 1.101840e-02
3.637000e+03 1.141020e-02
3.638000e+03 1.180380e-02
3.639000e+03 1.219920e-02
3.640000e+03 1.259650e-02
3.641000e+03 1.318100e-02
3.642000e+03 1.376840e-02
3.643000e+03 1.435870e-02
3.644000e+03 1.495180e-02
3.645000e+03 1.554780e-02
3.646000e+03 1.614670e-02
3.647000e+03 1.674850e-02
3.648000e+03 1.735310e-02
3.649000e+03 1.796060e-02
3.650000e+03 1.857090e-02
3.651000e+03 1.905970e-02
3.652000e+03 1.955070e-02
3.653000e+03 2.004390e-02
3.654000e+03 2.053930e-02
3.655000e+03 2.103690e-02
3.656000e+03 2.153660e-02
3.657000e+03 2.203850e-02
3.658000e+03 2.254270e-02
3.659000e+03 2.304910e-02
3.660000e+03 2.355760e-02
3.661000e+03 2.380320e-02
3.662000e+03 2.404970e-02
3.663000e+03 2.429710e-02
3.664000e+03 2.454540e-02
3.665000e+03 2.479460e-02
3.666000e+03 2.504460e-02
3.667000e+03 2.529570e-02
3.668000e+03 2.554760e-02
3.669000e+03 2.580040e-02
3.670000e+03 2.605400e-02
3.671000e+03 2.649030e-02
3.672000e+03 2.692840e-02
3.673000e+03 2.736820e-02
3.674000e+03 2.780980e-02
3.675000e+03 2.825310e-02
3.676000e+03 2.869820e-02
3.677000e+03 2.914490e-02
3.678000e+03 2.959350e-02
3.679000e+03 3.004390e-02
3.680000e+03 3.049590e-02
3.681000e+03 3.121440e-02
3.682000e+03 3.193590e-02
3.683000e+03 3.266060e-02
3.684000e+03 3.338840e-02
3.685000e+03 3.411930e-02
3.686000e+03 3.485330e-02
3.687000e+03 3.559040e-02
3.688000e+03 3.633060e-02
3.689000e+03 3.707410e-02
3.690000e+03 3.782050e-02
3.691000e+03 3.860410e-02
3.692000e+03 3.939100e-02
3.693000e+03 4.018070e-02
3.694000e+03 4.097380e-02
3.695000e+03 4.176980e-02
3.696000e+03 4.256880e-02
3.697000e+03 4.337100e-02
3.698000e+03 4.417620e-02
3.699000e+03 4.498450e-02
3.700000e+03 4.579610e-02
3.701000e+03 4.628810e-02
3.702000e+03 4.678210e-02
3.703000e+03 4.727810e-02
3.704000e+03 4.777580e-02
3.705000e+03 4.827510e-02
3.706000e+03 4.877660e-02
3.707000e+03 4.927970e-02
3.708000e+03 4.978470e-02
3.709000e+03 5.029140e-02
3.710000e+03 5.079990e-02
3.711000e+03 5.137450e-02
3.712000e+03 5.195110e-02
3.713000e+03 5.252980e-02
3.714000e+03 5.311090e-02
3.715000e+03 5.369420e-02
3.716000e+03 5.427970e-02
3.717000e+03 5.486710e-02
3.718000e+03 5.545690e-02
3.719000e+03 5.604870e-02
3.720000e+03 5.664320e-02
3.721000e+03 5.721350e-02
3.722000e+03 5.778610e-02
3.723000e+03 5.836080e-02
3.724000e+03 5.893760e-02
3.725000e+03 5.951640e-02
3.726000e+03 6.009730e-02
3.727000e+03 6.068020e-02
3.728000e+03 6.126530e-02
3.729000e+03 6.185230e-02
3.730000e+03 6.244150e-02
3.731000e+03 6.369880e-02
3.732000e+03 6.496140e-02
3.733000e+03 6.622950e-02
3.734000e+03 6.750300e-02
3.735000e+03 6.878210e-02
3.736000e+03 7.006630e-02
3.737000e+03 7.135630e-02
3.738000e+03 7.265170e-02
3.739000e+03 7.395260e-02
3.740000e+03 7.525910e-02
3.741000e+03 7.627860e-02
3.742000e+03 7.730220e-02
3.743000e+03 7.832960e-02
3.744000e+03 7.936130e-02
3.745000e+03 8.039660e-02
3.746000e+03 8.143620e-02
3.747000e+03 8.247950e-02
3.748000e+03 8.352710e-02
3.749000e+03 8.457860e-02
3.750000e+03 8.563390e-02
3.751000e+03 8.651390e-02
3.752000e+03 8.739720e-02
3.753000e+03 8.828360e-02
3.754000e+03 8.917370e-02
3.755000e+03 9.006710e-02
3.756000e+03 9.096380e-02
3.757000e+03 9.186360e-02
3.758000e+03 9.276710e-02
3.759000e+03 9.367360e-02
3.760000e+03 9.458390e-02
3.761000e+03 9.510060e-02
3.762000e+03 9.561890e-02
3.763000e+03 9.613890e-02
3.764000e+03 9.666030e-02
3.765000e+03 9.718340e-02
3.766000e+03 9.770810e-02
3.767000e+03 9.823420e-02
3.768000e+03 9.876180e-02
3.769000e+03 9.929120e-02
3.770000e+03 9.982210e-02
3.771000e+03 1.005950e-01
3.772000e+03 1.013700e-01
3.773000e+03 1.021480e-01
3.774000e+03 1.029280e-01
3.775000e+03 1.037110e-01
3.776000e+03 1.044960e-01
3.777000e+03 1.052840e-01
3.778000e+03 1.060750e-01
3.779000e+03 1.068680e-01
3.780000e+03 1.076640e-01
3.781000e+03 1.084550e-01
3.782000e+03 1.092480e-01
3.783000e+03 1.100440e-01
3.784000e+03 1.108440e-01
3.785000e+03 1.116470e-01
3.786000e+03 1.124520e-01
3.787000e+03 1.132610e-01
3.788000e+03 1.140720e-01
3.789000e+03 1.148870e-01
3.790000e+03 1.157050e-01
3.791000e+03 1.165000e-01
3.792000e+03 1.172980e-01
3.793000e+03 1.181000e-01
3.794000e+03 1.189040e-01
3.795000e+03 1.197110e-01
3.796000e+03 1.205210e-01
3.797000e+03 1.213340e-01
3.798000e+03 1.221500e-01
3.799000e+03 1.229700e-01
3.800000e+03 1.237920e-01
3.801000e+03 1.238990e-01
3.802000e+03 1.240060e-01
3.803000e+03 1.241130e-01
3.804000e+03 1.242190e-01
3.805000e+03 1.243260e-01
3.806000e+03 1.244320e-01
3.807000e+03 1.245390e-01
3.808000e+03 1.246450e-01
3.809000e+03 1.247510e-01
3.810000e+03 1.248570e-01
3.811000e+03 1.260990e-01
3.812000e+03 1.273440e-01
3.813000e+03 1.285940e-01
3.814000e+03 1.298470e-01
3.815000e+03 1.311050e-01
3.816000e+03 1.323660e-01
3.817000e+03 1.336320e-01
3.818000e+03 1.349010e-01
3.819000e+03 1.361750e-01
3.820000e+03 1.374520e-01
3.821000e+03 1.379710e-01
3.822000e+03 1.384920e-01
3.823000e+03 1.390130e-01
3.824000e+03 1.395360e-01
3.825000e+03 1.400600e-01
3.826000e+03 1.405850e-01
3.827000e+03 1.411120e-01
3.828000e+03 1.416400e-01
3.829000e+03 1.421700e-01
3.830000e+03 1.427000e-01
3.831000e+03 1.439260e-01
3.832000e+03 1.451560e-01
3.833000e+03 1.463900e-01
3.834000e+03 1.476280e-01
3.835000e+03 1.488710e-01
3.836000e+03 1.501180e-01
3.837000e+03 1.513700e-01
3.838000e+03 1.526260e-01
3.839000e+03 1.538860e-01
3.840000e+03 1.551500e-01
3.841000e+03 1.557510e-01
3.842000e+03 1.563540e-01
3.843000e+03 1.569580e-01
3.844000e+03 1.575640e-01
3.845000e+03 1.581710e-01
3.846000e+03 1.587800e-01
3.847000e+03 1.593910e-01
3.848000e+03 1.600030e-01
3.849000e+03 1.606170e-01
3.850000e+03 1.612320e-01
3.851000e+03 1.621060e-01
3.852000e+03 1.629820e-01
3.853000e+03 1.638600e-01
3.854000e+03 1.647420e-01
3.855000e+03 1.656260e-01
3.856000e+03 1.665130e-01
3.857000e+03 1.674030e-01
3.858000e+03 1.682960e-01
3.859000e+03 1.691920e-01
3.860000e+03 1.700900e-01
3.861000e+03 1.705810e-01
3.862000e+03 1.710730e-01
3.863000e+03 1.715650e-01
3.864000e+03 1.720590e-01
3.865000e+03 1.725540e-01
3.866000e+03 1.730500e-01
3.867000e+03 1.735460e-01
3.868000e+03 1.740440e-01
3.869000e+03 1.745430e-01
3.870000e+03 1.750430e-01
3.871000e+03 1.757670e-01
3.872000e+03 1.764920e-01
3.873000e+03 1.772200e-01
3.874000e+03 1.779490e-01
3.875000e+03 1.786810e-01
3.876000e+03 1.794140e-01
3.877000e+03 1.801500e-01
3.878000e+03 1.808880e-01
3.879000e+03 1.816280e-01
3.880000e+03 1.823700e-01
3.881000e+03 1.827630e-01
3.882000e+03 1.831560e-01
3.883000e+03 1.835500e-01
3.884000e+03 1.839450e-01
3.885000e+03 1.843400e-01
3.886000e+03 1.847350e-01
3.887000e+03 1.851320e-01
3.888000e+03 1.855280e-01
3.889000e+03 1.859250e-01
3.890000e+03 1.863230e-01
3.891000e+03 1.873780e-01
3.892000e+03 1.884360e-01
3.893000e+03 1.894980e-01
3.894000e+03 1.905630e-01
3.895000e+03 1.916310e-01
3.896000e+03 1.927030e-01
3.897000e+03 1.937780e-01
3.898000e+03 1.948570e-01
3.899000e+03 1.959390e-01
3.900000e+03 1.970240e-01
3.901000e+03 1.974990e-01
3.902000e+03 1.979740e-01
3.903000e+03 1.984510e-01
3.904000e+03 1.989280e-01
3.905000e+03 1.994060e-01
3.906000e+03 1.998840e-01
3.907000e+03 2.003640e-01
3.908000e+03 2.008440e-01
3.909000e+03 2.013250e-01
3.910000e+03 2.018070e-01
3.911000e+03 2.029690e-01
3.912000e+03 2.041350e-01
3.913000e+03 2.053040e-01
3.914000e+03 2.064780e-01
3.915000e+03 2.076540e-01
3.916000e+03 2.088350e-01
3.917000e+03 2.100190e-01
3.918000e+03 2.112080e-01
3.919000e+03 2.123990e-01
3.920000e+03 2.135950e-01
3.921000e+03 2.144560e-01
3.922000e+03 2.153200e-01
3.923000e+03 2.161860e-01
3.924000e+03 2.170540e-01
3.925000e+03 2.179250e-01
3.926000e+03 2.187980e-01
3.927000e+03 2.196730e-01
3.928000e+03 2.205510e-01
3.929000e+03 2.214310e-01
3.930000e+03 2.223150e-01
3.931000e+03 2.230300e-01
3.932000e+03 2.237470e-01
3.933000e+03 2.244660e-01
3.934000e+03 2.251870e-01
3.935000e+03 2.259090e-01
3.936000e+03 2.266330e-01
3.937000e+03 2.273580e-01
3.938000e+03 2.280860e-01
3.939000e+03 2.288150e-01
3.940000e+03 2.295450e-01
3.941000e+03 2.301630e-01
3.942000e+03 2.307820e-01
3.943000e+03 2.314020e-01
3.944000e+03 2.320230e-01
3.945000e+03 2.326460e-01
3.946000e+03 2.332700e-01
3.947000e+03 2.338950e-01
3.948000e+03 2.345220e-01
3.949000e+03 2.351500e-01
3.950000e+03 2.357780e-01
3.951000e+03 2.363330e-01
3.952000e+03 2.368900e-01
3.953000e+03 2.374470e-01
3.954000e+03 2.380050e-01
3.955000e+03 2.385640e-01
3.956000e+03 2.391250e-01
3.957000e+03 2.396860e-01
3.958000e+03 2.402480e-01
3.959000e+03 2.408110e-01
3.960000e+03 2.413750e-01
3.961000e+03 2.416620e-01
3.962000e+03 2.419490e-01
3.963000e+03 2.422370e-01
3.964000e+03 2.425230e-01
3.965000e+03 2.428100e-01
3.966000e+03 2.430970e-01
3.967000e+03 2.433830e-01
3.968000e+03 2.436690e-01
3.969000e+03 2.439560e-01
3.970000e+03 2.442420e-01
3.971000e+03 2.446390e-01
3.972000e+03 2.450360e-01
3.973000e+03 2.454340e-01
3.974000e+03 2.458320e-01
3.975000e+03 2.462300e-01
3.976000e+03 2.466290e-01
3.977000e+03 2.470290e-01
3.978000e+03 2.474290e-01
3.979000e+03 2.478280e-01
3.980000e+03 2.482290e-01
3.981000e+03 2.485540e-01
3.982000e+03 2.488790e-01
3.983000e+03 2.492040e-01
3.984000e+03 2.495290e-01
3.985000e+03 2.498530e-01
3.986000e+03 2.501790e-01
3.987000e+03 2.505030e-01
3.988000e+03 2.508280e-01
3.989000e+03 2.511530e-01
3.990000e+03 2.514780e-01
3.991000e+03 2.519130e-01
3.992000e+03 2.523500e-01
3.993000e+03 2.527860e-01
3.994000e+03 2.532230e-01
3.995000e+03 2.536610e-01
3.996000e+03 2.541000e-01
3.997000e+03 2.545380e-01
3.998000e+03 2.549780e-01
3.999000e+03 2.554170e-01
4.000000e+03 2.558570e-01
4.001000e+03 2.558470e-01
4.002000e+03 2.558360e-01
4.003000e+03 2.558260e-01
4.004000e+03 2.558150e-01
4.005000e+03 2.558030e-01
4.006000e+03 2.557900e-01
4.007000e+03 2.557780e-01
4.008000e+03 2.557650e-01
4.009000e+03 2.557520e-01
4.010000e+03 2.557390e-01
4.011000e+03 2.567210e-01
4.012000e+03 2.577060e-01
4.013000e+03 2.586930e-01
4.014000e+03 2.596810e-01
4.015000e+03 2.606710e-01
4.016000e+03 2.616620e-01
4.017000e+03 2.626550e-01
4.018000e+03 2.636490e-01
4.019000e+03 2.646450e-01
4.020000e+03 2.656430e-01
4.021000e+03 2.656650e-01
4.022000e+03 2.656870e-01
4.023000e+03 2.657080e-01
4.024000e+03 2.657300e-01
4.025000e+03 2.657510e-01
4.026000e+03 2.657710e-01
4.027000e+03 2.657910e-01
4.028000e+03 2.658100e-01
4.029000e+03 2.658300e-01
4.030000e+03 2.658490e-01
4.031000e+03 2.668780e-01
4.032000e+03 2.679100e-01
4.033000e+03 2.689430e-01
4.034000e+03 2.699780e-01
4.035000e+03 2.710140e-01
4.036000e+03 2.720530e-01
4.037000e+03 2.730920e-01
4.038000e+03 2.741340e-01
4.039000e+03 2.751770e-01
4.040000e+03 2.762220e-01
4.041000e+03 2.759560e-01
4.042000e+03 2.756900e-01
4.043000e+03 2.754230e-01
4.044000e+03 2.751560e-01
4.045000e+03 2.748880e-01
4.046000e+03 2.746180e-01
4.047000e+03 2.743480e-01
4.048000e+03 2.740780e-01
4.049000e+03 2.738070e-01
4.050000e+03 2.735350e-01
4.051000e+03 2.746350e-01
4.052000e+03 2.757350e-01
4.053000e+03 2.768370e-01
4.054000e+03 2.779400e-01
4.055000e+03 2.790450e-01
4.056000e+03 2.801520e-01
4.057000e+03 2.812590e-01
4.058000e+03 2.823690e-01
4.059000e+03 2.834790e-01
4.060000e+03 2.845910e-01
4.061000e+03 2.845560e-01
4.062000e+03 2.845190e-01
4.063000e+03 2.844830e-01
4.064000e+03 2.844460e-01
4.065000e+03 2.844090e-01
4.066000e+03 2.843720e-01
4.067000e+03 2.843340e-01
4.068000e+03 2.842960e-01
4.069000e+03 2.842580e-01
4.070000e+03 2.842190e-01
4.071000e+03 2.847540e-01
4.072000e+03 2.852890e-01
4.073000e+03 2.858240e-01
4.074000e+03 2.863600e-01
4.075000e+03 2.868970e-01
4.076000e+03 2.874360e-01
4.077000e+03 2.879740e-01
4.078000e+03 2.885130e-01
4.079000e+03 2.890520e-01
4.080000e+03 2.895930e-01
4.081000e+03 2.888460e-01
4.082000e+03 2.880980e-01
4.083000e+03 2.873480e-01
4.084000e+03 2.865970e-01
4.085000e+03 2.858450e-01
4.086000e+03 2.850910e-01
4.087000e+03 2.843360e-01
4.088000e+03 2.835800e-01
4.089000e+03 2.828220e-01
4.090000e+03 2.820630e-01
4.091000e+03 2.830210e-01
4.092000e+03 2.839800e-01
4.093000e+03 2.849410e-01
4.094000e+03 2.859030e-01
4.095000e+03 2.868660e-01
4.096000e+03 2.878300e-01
4.097000e+03 2.887960e-01
4.098000e+03 2.897630e-01
4.099000e+03 2.907310e-01
4.100000e+03 2.917000e-01
4.101000e+03 2.909650e-01
4.102000e+03 2.902290e-01
4.103000e+03 2.894920e-01
4.104000e+03 2.887530e-01
4.105000e+03 2.880140e-01
4.106000e+03 2.872730e-01
4.107000e+03 2.865320e-01
4.108000e+03 2.857900e-01
4.109000e+03 2.850470e-01
4.110000e+03 2.843020e-01
4.111000e+03 2.848910e-01
4.112000e+03 2.854820e-01
4.113000e+03 2.860740e-01
4.114000e+03 2.866660e-01
4.115000e+03 2.872580e-01
4.116000e+03 2.878510e-01
4.117000e+03 2.884450e-01
4.118000e+03 2.890390e-01
4.119000e+03 2.896350e-01
4.120000e+03 2.902310e-01
4.121000e+03 2.900320e-01
4.122000e+03 2.898330e-01
4.123000e+03 2.896330e-01
4.124000e+03 2.894330e-01
4.125000e+03 2.892320e-01
4.126000e+03 2.890310e-01
4.127000e+03 2.888310e-01
4.128000e+03 2.886290e-01
4.129000e+03 2.884280e-01
4.130000e+03 2.882260e-01
4.131000e+03 2.893740e-01
4.132000e+03 2.905250e-01
4.133000e+03 2.916760e-01
4.134000e+03 2.928290e-01
4.135000e+03 2.939810e-01
4.136000e+03 2.951360e-01
4.137000e+03 2.962920e-01
4.138000e+03 2.974490e-01
4.139000e+03 2.986070e-01
4.140000e+03 2.997670e-01
4.141000e+03 2.994280e-01
4.142000e+03 2.990900e-01
4.143000e+03 2.987500e-01
4.144000e+03 2.984080e-01
4.145000e+03 2.980670e-01
4.146000e+03 2.977240e-01
4.147000e+03 2.973810e-01
4.148000e+03 2.970370e-01
4.149000e+03 2.966910e-01
4.150000e+03 2.963450e-01
4.151000e+03 2.969410e-01
4.152000e+03 2.975370e-01
4.153000e+03 2.981340e-01
4.154000e+03 2.987300e-01
4.155000e+03 2.993280e-01
4.156000e+03 2.999260e-01
4.157000e+03 3.005240e-01
4.158000e+03 3.011240e-01
4.159000e+03 3.017220e-01
4.160000e+03 3.023210e-01
4.161000e+03 3.019440e-01
4.162000e+03 3.015660e-01
4.163000e+03 3.011860e-01
4.164000e+03 3.008070e-01
4.165000e+03 3.004270e-01
4.166000e+03 3.000460e-01
4.167000e+03 2.996660e-01
4.168000e+03 2.992840e-01
4.169000e+03 2.989010e-01
4.170000e+03 2.985190e-01
4.171000e+03 2.994110e-01
4.172000e+03 3.003060e-01
4.173000e+03 3.012000e-01
4.174000e+03 3.020950e-01
4.175000e+03 3.029910e-01
4.176000e+03 3.038890e-01
4.177000e+03 3.047870e-01
4.178000e+03 3.056860e-01
4.179000e+03 3.065860e-01
4.180000e+03 3.074860e-01
4.181000e+03 3.071210e-01
4.182000e+03 3.067550e-01
4.183000e+03 3.063880e-01
4.184000e+03 3.060210e-01
4.185000e+03 3.056530e-01
4.186000e+03 3.052850e-01
4.187000e+03 3.049160e-01
4.188000e+03 3.045460e-01
4.189000e+03 3.041770e-01
4.190000e+03 3.038050e-01
4.191000e+03 3.044710e-01
4.192000e+03 3.051370e-01
4.193000e+03 3.058030e-01
4.194000e+03 3.064700e-01
4.195000e+03 3.071360e-01
4.196000e+03 3.078040e-01
4.197000e+03 3.084710e-01
4.198000e+03 3.091390e-01
4.199000e+03 3.098070e-01
4.200000e+03 3.104760e-01
4.201000e+03 3.102800e-01
4.202000e+03 3.100830e-01
4.203000e+03 3.098870e-01
4.204000e+03 3.096900e-01
4.205000e+03 3.094940e-01
4.206000e+03 3.092960e-01
4.207000e+03 3.091000e-01
4.208000e+03 3.089020e-01
4.209000e+03 3.087050e-01
4.210000e+03 3.085070e-01
4.211000e+03 3.099350e-01
4.212000e+03 3.113640e-01
4.213000e+03 3.127950e-01
4.214000e+03 3.142270e-01
4.215000e+03 3.156590e-01
4.216000e+03 3.170910e-01
4.217000e+03 3.185260e-01
4.218000e+03 3.199600e-01
4.219000e+03 3.213970e-01
4.220000e+03 3.228340e-01
4.221000e+03 3.221550e-01
4.222000e+03 3.214760e-01
4.223000e+03 3.207970e-01
4.224000e+03 3.201170e-01
4.225000e+03 3.194370e-01
4.226000e+03 3.187560e-01
4.227000e+03 3.180750e-01
4.228000e+03 3.173940e-01
4.229000e+03 3.167120e-01
4.230000e+03 3.160290e-01
4.231000e+03 3.177300e-01
4.232000e+03 3.194320e-01
4.233000e+03 3.211340e-01
4.234000e+03 3.228360e-01
4.235000e+03 3.245390e-01
4.236000e+03 3.262430e-01
4.237000e+03 3.279480e-01
4.238000e+03 3.296530e-01
4.239000e+03 3.313600e-01
4.240000e+03 3.330670e-01
4.241000e+03 3.318020e-01
4.242000e+03 3.305370e-01
4.243000e+03 3.292720e-01
4.244000e+03 3.280070e-01
4.245000e+03 3.267410e-01
4.246000e+03 3.254750e-01
4.247000e+03 3.242080e-01
4.248000e+03 3.229410e-01
4.249000e+03 3.216730e-01
4.250000e+03 3.204060e-01
4.251000e+03 3.217980e-01
4.252000e+03 3.231890e-01
4.253000e+03 3.245810e-01
4.254000e+03 3.259740e-01
4.255000e+03 3.273670e-01
4.256000e+03 3.287610e-01
4.257000e+03 3.301560e-01
4.258000e+03 3.315510e-01
4.259000e+03 3.329470e-01
4.260000e+03 3.343420e-01
4.261000e+03 3.329300e-01
4.262000e+03 3.315170e-01
4.263000e+03 3.301020e-01
4.264000e+03 3.286860e-01
4.265000e+03 3.272710e-01
4.266000e+03 3.258540e-01
4.267000e+03 3.244370e-01
4.268000e+03 3.230180e-01
4.269000e+03 3.215990e-01
4.270000e+03 3.201790e-01
4.271000e+03 3.213760e-01
4.272000e+03 3.225730e-01
4.273000e+03 3.237710e-01
4.274000e+03 3.249680e-01
4.275000e+03 3.261660e-01
4.276000e+03 3.273640e-01
4.277000e+03 3.285630e-01
4.278000e+03 3.297620e-01
4.279000e+03 3.309630e-01
4.280000e+03 3.321620e-01
4.281000e+03 3.311730e-01
4.282000e+03 3.301840e-01
4.283000e+03 3.291940e-01
4.284000e+03 3.282050e-01
4.285000e+03 3.272150e-01
4.286000e+03 3.262260e-01
4.287000e+03 3.252360e-01
4.288000e+03 3.242450e-01
4.289000e+03 3.232550e-01
4.290000e+03 3.222640e-01
4.291000e+03 3.223450e-01
4.292000e+03 3.224260e-01
4.293000e+03 3.225060e-01
4.294000e+03 3.225860e-01
4.295000e+03 3.226670e-01
4.296000e+03 3.227480e-01
4.297000e+03 3.228280e-01
4.298000e+03 3.229090e-01
4.299000e+03 3.229910e-01
4.300000e+03 3.230710e-01
4.301000e+03 3.219410e-01
4.302000e+03 3.208120e-01
4.303000e+03 3.196810e-01
4.304000e+03 3.185510e-01
4.305000e+03 3.174200e-01
4.306000e+03 3.162890e-01
4.307000e+03 3.151580e-01
4.308000e+03 3.140280e-01
4.309000e+03 3.128960e-01
4.310000e+03 3.117650e-01
4.311000e+03 3.131090e-01
4.312000e+03 3.144550e-01
4.313000e+03 3.158030e-01
4.314000e+03 3.171500e-01
4.315000e+03 3.184990e-01
4.316000e+03 3.198480e-01
4.317000e+03 3.211970e-01
4.318000e+03 3.225480e-01
4.319000e+03 3.238990e-01
4.320000e+03 3.252500e-01
4.321000e+03 3.251240e-01
4.322000e+03 3.249960e-01
4.323000e+03 3.248690e-01
4.324000e+03 3.247420e-01
4.325000e+03 3.246150e-01
4.326000e+03 3.244870e-01
4.327000e+03 3.243600e-01
4.328000e+03 3.242320e-01
4.329000e+03 3.241060e-01
4.330000e+03 3.239780e-01
4.331000e+03 3.247680e-01
4.332000e+03 3.255600e-01
4.333000e+03 3.263510e-01
4.334000e+03 3.271420e-01
4.335000e+03 3.279340e-01
4.336000e+03 3.287250e-01
4.337000e+03 3.295160e-01
4.338000e+03 3.303070e-01
4.339000e+03 3.310990e-01
4.340000e+03 3.318910e-01
4.341000e+03 3.310760e-01
4.342000e+03 3.302600e-01
4.343000e+03 3.294440e-01
4.344000e+03 3.286280e-01
4.345000e+03 3.278120e-01
4.346000e+03 3.269950e-01
4.347000e+03 3.261780e-01
4.348000e+03 3.253610e-01
4.349000e+03 3.245440e-01
4.350000e+03 3.237260e-01
4.351000e+03 3.250860e-01
4.352000e+03 3.264450e-01
4.353000e+03 3.278040e-01
4.354000e+03 3.291650e-01
4.355000e+03 3.305240e-01
4.356000e+03 3.318840e-01
4.357000e+03 3.332440e-01
4.358000e+03 3.346040e-01
4.359000e+03 3.359650e-01
4.360000e+03 3.373240e-01
4.361000e+03 3.371180e-01
4.362000e+03 3.369090e-01
4.363000e+03 3.367020e-01
4.364000e+03 3.364940e-01
4.365000e+03 3.362870e-01
4.366000e+03 3.360790e-01
4.367000e+03 3.358720e-01
4.368000e+03 3.356640e-01
4.369000e+03 3.354560e-01
4.370000e+03 3.352490e-01
4.371000e+03 3.359510e-01
4.372000e+03 3.366530e-01
4.373000e+03 3.373560e-01
4.374000e+03 3.380580e-01
4.375000e+03 3.387610e-01
4.376000e+03 3.394650e-01
4.377000e+03 3.401670e-01
4.378000e+03 3.408710e-01
4.379000e+03 3.415750e-01
4.380000e+03 3.422780e-01
4.381000e+03 3.417010e-01
4.382000e+03 3.411240e-01
4.383000e+03 3.405470e-01
4.384000e+03 3.399700e-01
4.385000e+03 3.393930e-01
4.386000e+03 3.388160e-01
4.387000e+03 3.382390e-01
4.388000e+03 3.376620e-01
4.389000e+03 3.370850e-01
4.390000e+03 3.365080e-01
4.391000e+03 3.374820e-01
4.392000e+03 3.384570e-01
4.393000e+03 3.394310e-01
4.394000e+03 3.404050e-01
4.395000e+03 3.413800e-01
4.396000e+03 3.423550e-01
4.397000e+03 3.433290e-01
4.398000e+03 3.443040e-01
4.399000e+03 3.452780e-01
4.400000e+03 3.462520e-01
4.401000e+03 3.462060e-01
4.402000e+03 3.461590e-01
4.403000e+03 3.461130e-01
4.404000e+03 3.460670e-01
4.405000e+03 3.460210e-01
4.406000e+03 3.459740e-01
4.407000e+03 3.459270e-01
4.408000e+03 3.458820e-01
4.409000e+03 3.458360e-01
4.410000e+03 3.457900e-01
4.411000e+03 3.460780e-01
4.412000e+03 3.463670e-01
4.413000e+03 3.466570e-01
4.414000e+03 3.469460e-01
4.415000e+03 3.472350e-01
4.416000e+03 3.475240e-01
4.417000e+03 3.478130e-01
4.418000e+03 3.481020e-01
4.419000e+03 3.483920e-01
4.420000e+03 3.486810e-01
4.421000e+03 3.475040e-01
4.422000e+03 3.463270e-01
4.423000e+03 3.451510e-01
4.424000e+03 3.439750e-01
4.425000e+03 3.427990e-01
4.426000e+03 3.416230e-01
4.427000e+03 3.404480e-01
4.428000e+03 3.392730e-01
4.429000e+03 3.380980e-01
4.430000e+03 3.369230e-01
4.431000e+03 3.373600e-01
4.432000e+03 3.377980e-01
4.433000e+03 3.382350e-01
4.434000e+03 3.386720e-01
4.435000e+03 3.391090e-01
4.436000e+03 3.395450e-01
4.437000e+03 3.399820e-01
4.438000e+03 3.404200e-01
4.439000e+03 3.408560e-01
4.440000e+03 3.412920e-01
4.441000e+03 3.404210e-01
4.442000e+03 3.395500e-01
4.443000e+03 3.386770e-01
4.444000e+03 3.378040e-01
4.445000e+03 3.369310e-01
4.446000e+03 3.360590e-01
4.447000e+03 3.351860e-01
4.448000e+03 3.343120e-01
4.449000e+03 3.334380e-01
4.450000e+03 3.325650e-01
4.451000e+03 3.333050e-01
4.452000e+03 3.340440e-01
4.453000e+03 3.347840e-01
4.454000e+03 3.355240e-01
4.455000e+03 3.362630e-01
4.456000e+03 3.370020e-01
4.457000e+03 3.377410e-01
4.458000e+03 3.384790e-01
4.459000e+03 3.392180e-01
4.460000e+03 3.399560e-01
4.461000e+03 3.395120e-01
4.462000e+03 3.390660e-01
4.463000e+03 3.386220e-01
4.464000e+03 3.381770e-01
4.465000e+03 3.377320e-01
4.466000e+03 3.372860e-01
4.467000e+03 3.368410e-01
4.468000e+03 3.363950e-01
4.469000e+03 3.359500e-01
4.470000e+03 3.355040e-01
4.471000e+03 3.361860e-01
4.472000e+03 3.368680e-01
4.473000e+03 3.375490e-01
4.474000e+03 3.382310e-01
4.475000e+03 3.389130e-01
4.476000e+03 3.395940e-01
4.477000e+03 3.402750e-01
4.478000e+03 3.409570e-01
4.479000e+03 3.416370e-01
4.480000e+03 3.423190e-01
4.481000e+03 3.420480e-01
4.482000e+03 3.417780e-01
4.483000e+03 3.415080e-01
4.484000e+03 3.412370e-01
4.485000e+03 3.409660e-01
4.486000e+03 3.406960e-01
4.487000e+03 3.404250e-01
4.488000e+03 3.401550e-01
4.489000e+03 3.398840e-01
4.490000e+03 3.396140e-01
4.491000e+03 3.402220e-01
4.492000e+03 3.408310e-01
4.493000e+03 3.414380e-01
4.494000e+03 3.420470e-01
4.495000e+03 3.426540e-01
4.496000e+03 3.432630e-01
4.497000e+03 3.438700e-01
4.498000e+03 3.444780e-01
4.499000e+03 3.450860e-01
4.500000e+03 3.456920e-01
4.501000e+03 3.447280e-01
4.502000e+03 3.437640e-01
4.503000e+03 3.428000e-01
4.504000e+03 3.418350e-01
4.505000e+03 3.408720e-01
4.506000e+03 3.399080e-01
4.507000e+03 3.389440e-01
4.508000e+03 3.379810e-01
4.509000e+03 3.370180e-01
4.510000e+03 3.360540e-01
4.511000e+03 3.366000e-01
4.512000e+03 3.371460e-01
4.513000e+03 3.376910e-01
4.514000e+03 3.382370e-01
4.515000e+03 3.387820e-01
4.516000e+03 3.393270e-01
4.517000e+03 3.398730e-01
4.518000e+03 3.404170e-01
4.519000e+03 3.409610e-01
4.520000e+03 3.415060e-01
4.521000e+03 3.407790e-01
4.522000e+03 3.400520e-01
4.523000e+03 3.393260e-01
4.524000e+03 3.385990e-01
4.525000e+03 3.378730e-01
4.526000e+03 3.371460e-01
4.527000e+03 3.364190e-01
4.528000e+03 3.356920e-01
4.529000e+03 3.349650e-01
4.530000e+03 3.342380e-01
4.531000e+03 3.357850e-01
4.532000e+03 3.373320e-01
4.533000e+03 3.388780e-01
4.534000e+03 3.404230e-01
4.535000e+03 3.419690e-01
4.536000e+03 3.435140e-01
4.537000e+03 3.450590e-01
4.538000e+03 3.466030e-01
4.539000e+03 3.481470e-01
4.540000e+03 3.496910e-01
4.541000e+03 3.503300e-01
4.542000e+03 3.509700e-01
4.543000e+03 3.516100e-01
4.544000e+03 3.522490e-01
4.545000e+03 3.528880e-01
4.546000e+03 3.535270e-01
4.547000e+03 3.541660e-01
4.548000e+03 3.548050e-01
4.549000e+03 3.554440e-01
4.550000e+03 3.560820e-01
4.551000e+03 3.563530e-01
4.552000e+03 3.566230e-01
4.553000e+03 3.568930e-01
4.554000e+03 3.571630e-01
4.555000e+03 3.574320e-01
4.556000e+03 3.577020e-01
4.557000e+03 3.579720e-01
4.558000e+03 3.582410e-01
4.559000e+03 3.585100e-01
4.560000e+03 3.587790e-01
4.561000e+03 3.594580e-01
4.562000e+03 3.601360e-01
4.563000e+03 3.608150e-01
4.564000e+03 3.614940e-01
4.565000e+03 3.621720e-01
4.566000e+03 3.628500e-01
4.567000e+03 3.635290e-01
4.568000e+03 3.642070e-01
4.569000e+03 3.648850e-01
4.570000e+03 3.655630e-01
4.571000e+03 3.651420e-01
4.572000e+03 3.647210e-01
4.573000e+03 3.642990e-01
4.574000e+03 3.638790e-01
4.575000e+03 3.634570e-01
4.576000e+03 3.630360e-01
4.577000e+03 3.626140e-01
4.578000e+03 3.621930e-01
4.579000e+03 3.617730e-01
4.580000e+03 3.613510e-01
4.581000e+03 3.609470e-01
4.582000e+03 3.605430e-01
4.583000e+03 3.601400e-01
4.584000e+03 3.597360e-01
4.585000e+03 3.593320e-01
4.586000e+03 3.589290e-01
4.587000e+03 3.585250e-01
4.588000e+03 3.581210e-01
4.589000e+03 3.577180e-01
4.590000e+03 3.573140e-01
4.591000e+03 3.554920e-01
4.592000e+03 3.536710e-01
4.593000e+03 3.518500e-01
4.594000e+03 3.500280e-01
4.595000e+03 3.482080e-01
4.596000e+03 3.463860e-01
4.597000e+03 3.445640e-01
4.598000e+03 3.427430e-01
4.599000e+03 3.409210e-01
4.600000e+03 3.391000e-01
4.601000e+03 3.402330e-01
4.602000e+03 3.413660e-01
4.603000e+03 3.424990e-01
4.604000e+03 3.436310e-01
4.605000e+03 3.447630e-01
4.606000e+03 3.458950e-01
4.607000e+03 3.470260e-01
4.608000e+03 3.481580e-01
4.609000e+03 3.492890e-01
4.610000e+03 3.504210e-01
4.611000e+03 3.500540e-01
4.612000e+03 3.496870e-01
4.613000e+03 3.493200e-01
4.614000e+03 3.489530e-01
4.615000e+03 3.485870e-01
4.616000e+03 3.482200e-01
4.617000e+03 3.478530e-01
4.618000e+03 3.474870e-01
4.619000e+03 3.471200e-01
4.620000e+03 3.467540e-01
4.621000e+03 3.468160e-01
4.622000e+03 3.468780e-01
4.623000e+03 3.469410e-01
4.624000e+03 3.470040e-01
4.625000e+03 3.470650e-01
4.626000e+03 3.471280e-01
4.627000e+03 3.471890e-01
4.628000e+03 3.472510e-01
4.629000e+03 3.473140e-01
4.630000e+03 3.473750e-01
4.631000e+03 3.472720e-01
4.632000e+03 3.471700e-01
4.633000e+03 3.470660e-01
4.634000e+03 3.469640e-01
4.635000e+03 3.468610e-01
4.636000e+03 3.467570e-01
4.637000e+03 3.466540e-01
4.638000e+03 3.465510e-01
4.639000e+03 3.464470e-01
4.640000e+03 3.463440e-01
4.641000e+03 3.464000e-01
4.642000e+03 3.464550e-01
4.643000e+03 3.465110e-01
4.644000e+03 3.465660e-01
4.645000e+03 3.466230e-01
4.646000e+03 3.466780e-01
4.647000e+03 3.467330e-01
4.648000e+03 3.467880e-01
4.649000e+03 3.468440e-01
4.650000e+03 3.468990e-01
4.651000e+03 3.464600e-01
4.652000e+03 3.460220e-01
4.653000e+03 3.455840e-01
4.654000e+03 3.451450e-01
4.655000e+03 3.447070e-01
4.656000e+03 3.442680e-01
4.657000e+03 3.438300e-01
4.658000e+03 3.433920e-01
4.659000e+03 3.429540e-01
4.660000e+03 3.425160e-01
4.661000e+03 3.426870e-01
4.662000e+03 3.428570e-01
4.663000e+03 3.430270e-01
4.664000e+03 3.431980e-01
4.665000e+03 3.433690e-01
4.666000e+03 3.435400e-01
4.667000e+03 3.437100e-01
4.668000e+03 3.438800e-01
4.669000e+03 3.440500e-01
4.670000e+03 3.442210e-01
4.671000e+03 3.434940e-01
4.672000e+03 3.427660e-01
4.673000e+03 3.420390e-01
4.674000e+03 3.413110e-01
4.675000e+03 3.405840e-01
4.676000e+03 3.398580e-01
4.677000e+03 3.391300e-01
4.678000e+03 3.384040e-01
4.679000e+03 3.376760e-01
4.680000e+03 3.369490e-01
4.681000e+03 3.370690e-01
4.682000e+03 3.371900e-01
4.683000e+03 3.373110e-01
4.684000e+03 3.374310e-01
4.685000e+03 3.375510e-01
4.686000e+03 3.376710e-01
4.687000e+03 3.377910e-01
4.688000e+03 3.379120e-01
4.689000e+03 3.380310e-01
4.690000e+03 3.381520e-01
4.691000e+03 3.377590e-01
4.692000e+03 3.373660e-01
4.693000e+03 3.369740e-01
4.694000e+03 3.365810e-01
4.695000e+03 3.361890e-01
4.696000e+03 3.357960e-01
4.697000e+03 3.354030e-01
4.698000e+03 3.350110e-01
4.699000e+03 3.346180e-01
4.700000e+03 3.342250e-01
4.701000e+03 3.344840e-01
4.702000e+03 3.347410e-01
4.703000e+03 3.349990e-01
4.704000e+03 3.352580e-01
4.705000e+03 3.355160e-01
4.706000e+03 3.357740e-01
4.707000e+03 3.360320e-01
4.708000e+03 3.362890e-01
4.709000e+03 3.365470e-01
4.710000e+03 3.368040e-01
4.711000e+03 3.366480e-01
4.712000e+03 3.364920e-01
4.713000e+03 3.363350e-01
4.714000e+03 3.361800e-01
4.715000e+03 3.360230e-01
4.716000e+03 3.358670e-01
4.717000e+03 3.357100e-01
4.718000e+03 3.355530e-01
4.719000e+03 3.353960e-01
4.720000e+03 3.352400e-01
4.721000e+03 3.345820e-01
4.722000e+03 3.339240e-01
4.723000e+03 3.332660e-01
4.724000e+03 3.326080e-01
4.725000e+03 3.319500e-01
4.726000e+03 3.312920e-01
4.727000e+03 3.306330e-01
4.728000e+03 3.299740e-01
4.729000e+03 3.293170e-01
4.730000e+03 3.286580e-01
4.731000e+03 3.290560e-01
4.732000e+03 3.294540e-01
4.733000e+03 3.298530e-01
4.734000e+03 3.302510e-01
4.735000e+03 3.306480e-01
4.736000e+03 3.310460e-01
4.737000e+03 3.314440e-01
4.738000e+03 3.318420e-01
4.739000e+03 3.322400e-01
4.740000e+03 3.326370e-01
4.741000e+03 3.324390e-01
4.742000e+03 3.322410e-01
4.743000e+03 3.320420e-01
4.744000e+03 3.318450e-01
4.745000e+03 3.316460e-01
4.746000e+03 3.314480e-01
4.747000e+03 3.312500e-01
4.748000e+03 3.310510e-01
4.749000e+03 3.308530e-01
4.750000e+03 3.306550e-01
4.751000e+03 3.310030e-01
4.752000e+03 3.313520e-01
4.753000e+03 3.317000e-01
4.754000e+03 3.320490e-01
4.755000e+03 3.323970e-01
4.756000e+03 3.327460e-01
4.757000e+03 3.330950e-01
4.758000e+03 3.334430e-01
4.759000e+03 3.337910e-01
4.760000e+03 3.341400e-01
4.761000e+03 3.343250e-01
4.762000e+03 3.345110e-01
4.763000e+03 3.346970e-01
4.764000e+03 3.348820e-01
4.765000e+03 3.350670e-01
4.766000e+03 3.352530e-01
4.767000e+03 3.354380e-01
4.768000e+03 3.356230e-01
4.769000e+03 3.358090e-01
4.770000e+03 3.359940e-01
4.771000e+03 3.362680e-01
4.772000e+03 3.365430e-01
4.773000e+03 3.368170e-01
4.774000e+03 3.370920e-01
4.775000e+03 3.373660e-01
4.776000e+03 3.376420e-01
4.777000e+03 3.379160e-01
4.778000e+03 3.381910e-01
4.779000e+03 3.384660e-01
4.780000e+03 3.387400e-01
4.781000e+03 3.373220e-01
4.782000e+03 3.359030e-01
4.783000e+03 3.344860e-01
4.784000e+03 3.330670e-01
4.785000e+03 3.316490e-01
4.786000e+03 3.302320e-01
4.787000e+03 3.288140e-01
4.788000e+03 3.273970e-01
4.789000e+03 3.259800e-01
4.790000e+03 3.245630e-01
4.791000e+03 3.219730e-01
4.792000e+03 3.193840e-01
4.793000e+03 3.167950e-01
4.794000e+03 3.142060e-01
4.795000e+03 3.116170e-01
4.796000e+03 3.090280e-01
4.797000e+03 3.064390e-01
4.798000e+03 3.038510e-01
4.799000e+03 3.012630e-01
4.800000e+03 2.986750e-01
4.801000e+03 2.924050e-01
4.802000e+03 2.861340e-01
4.803000e+03 2.798640e-01
4.804000e+03 2.735940e-01
4.805000e+03 2.673230e-01
4.806000e+03 2.610520e-01
4.807000e+03 2.547810e-01
4.808000e+03 2.485100e-01
4.809000e+03 2.422380e-01
4.810000e+03 2.359670e-01
4.811000e+03 2.294680e-01
4.812000e+03 2.229700e-01
4.813000e+03 2.164710e-01
4.814000e+03 2.099710e-01
4.815000e+03 2.034720e-01
4.816000e+03 1.969720e-01
4.817000e+03 1.904720e-01
4.818000e+03 1.839720e-01
4.819000e+03 1.774710e-01
4.820000e+03 1.709690e-01
4.821000e+03 1.642580e-01
4.822000e+03 1.575470e-01
4.823000e+03 1.508340e-01
4.824000e+03 1.441210e-01
4.825000e+03 1.374070e-01
4.826000e+03 1.306920e-01
4.827000e+03 1.239770e-01
4.828000e+03 1.172610e-01
4.829000e+03 1.105440e-01
4.830000e+03 1.038260e-01
4.831000e+03 9.884530e-02
4.832000e+03 9.386370e-02
4.833000e+03 8.888150e-02
4.834000e+03 8.389810e-02
4.835000e+03 7.891420e-02
4.836000e+03 7.392940e-02
4.837000e+03 6.894380e-02
4.838000e+03 6.395730e-02
4.839000e+03 5.897020e-02
4.840000e+03 5.398230e-02
4.841000e+03 5.123060e-02
4.842000e+03 4.847910e-02
4.843000e+03 4.572810e-02
4.844000e+03 4.297720e-02
4.845000e+03 4.022650e-02
4.846000e+03 3.747600e-02
4.847000e+03 3.472590e-02
4.848000e+03 3.197590e-02
4.849000e+03 2.922630e-02
4.850000e+03 2.647680e-02
4.851000e+03 2.515040e-02
4.852000e+03 2.382420e-02
4.853000e+03 2.249820e-02
4.854000e+03 2.117230e-02
4.855000e+03 1.984650e-02
4.856000e+03 1.852090e-02
4.857000e+03 1.719550e-02
4.858000e+03 1.587020e-02
4.859000e+03 1.454500e-02
4.860000e+03 1.322000e-02
4.861000e+03 1.258210e-02
4.862000e+03 1.194410e-02
4.863000e+03 1.130590e-02
4.864000e+03 1.066750e-02
4.865000e+03 1.002900e-02
4.866000e+03 9.390320e-03
4.867000e+03 8.751510e-03
4.868000e+03 8.112530e-03
4.869000e+03 7.473390e-03
4.870000e+03 6.834090e-03
4.871000e+03 6.534120e-03
4.872000e+03 6.234150e-03
4.873000e+03 5.934220e-03
4.874000e+03 5.634300e-03
4.875000e+03 5.334400e-03
4.876000e+03 5.034510e-03
4.877000e+03 4.734640e-03
4.878000e+03 4.434780e-03
4.879000e+03 4.134950e-03
4.880000e+03 3.835140e-03
4.881000e+03 3.725210e-03
4.882000e+03 3.615270e-03
4.883000e+03 3.505340e-03
4.884000e+03 3.395410e-03
4.885000e+03 3.285460e-03
4.886000e+03 3.175520e-03
4.887000e+03 3.065580e-03
4.888000e+03 2.955640e-03
4.889000e+03 2.845680e-03
4.890000e+03 2.735740e-03
4.891000e+03 2.626060e-03
4.892000e+03 2.516350e-03
4.893000e+03 2.406630e-03
4.894000e+03 2.296870e-03
4.895000e+03 2.187100e-03
4.896000e+03 2.077290e-03
4.897000e+03 1.967460e-03
4.898000e+03 1.857610e-03
4.899000e+03 1.747730e-03
4.900000e+03 1.637820e-03
4.901000e+03 1.606640e-03
4.902000e+03 1.575460e-03
4.903000e+03 1.544280e-03
4.904000e+03 1.513100e-03
4.905000e+03 1.481920e-03
4.906000e+03 1.450740e-03
4.907000e+03 1.419550e-03
4.908000e+03 1.388370e-03
4.909000e+03 1.357200e-03
4.910000e+03 1.326020e-03
4.911000e+03 1.294950e-03
4.912000e+03 1.263890e-03
4.913000e+03 1.232820e-03
4.914000e+03 1.201740e-03
4.915000e+03 1.170650e-03
4.916000e+03 1.139560e-03
4.917000e+03 1.108470e-03
4.918000e+03 1.077370e-03
4.919000e+03 1.046270e-03
4.920000e+03 1.015160e-03
4.921000e+03 9.839820e-04
4.922000e+03 9.528050e-04
4.923000e+03 9.216270e-04
4.924000e+03 8.904460e-04
4.925000e+03 8.592660e-04
4.926000e+03 8.280830e-04
4.927000e+03 7.968970e-04
4.928000e+03 7.657110e-04
4.929000e+03 7.345250e-04
4.930000e+03 7.033350e-04
4.931000e+03 6.721960e-04
4.932000e+03 6.410500e-04
4.933000e+03 6.098990e-04
4.934000e+03 5.787400e-04
4.935000e+03 5.475750e-04
4.936000e+03 5.164040e-04
4.937000e+03 4.852260e-04
4.938000e+03 4.540420e-04
4.939000e+03 4.228520e-04
4.940000e+03 3.916540e-04
4.941000e+03 3.836450e-04
4.942000e+03 3.756330e-04
4.943000e+03 3.676190e-04
4.944000e+03 3.596020e-04
4.945000e+03 3.515830e-04
4.946000e+03 3.435630e-04
4.947000e+03 3.355390e-04
4.948000e+03 3.275120e-04
4.949000e+03 3.194830e-04
4.950000e+03 3.114520e-04
4.951000e+03 3.033590e-04
4.952000e+03 2.952660e-04
4.953000e+03 2.871730e-04
4.954000e+03 2.790820e-04
4.955000e+03 2.709920e-04
4.956000e+03 2.629020e-04
4.957000e+03 2.548130e-04
4.958000e+03 2.467250e-04
4.959000e+03 2.386380e-04
4.960000e+03 2.305520e-04
4.961000e+03 2.225070e-04
4.962000e+03 2.144600e-04
4.963000e+03 2.064110e-04
4.964000e+03 1.983600e-04
4.965000e+03 1.903070e-04
4.966000e+03 1.822510e-04
4.967000e+03 1.741940e-04
4.968000e+03 1.661340e-04
4.969000e+03 1.580720e-04
4.970000e+03 1.500080e-04
4.971000e+03 1.419390e-04
4.972000e+03 1.338670e-04
4.973000e+03 1.257940e-04
4.974000e+03 1.177190e-04
4.975000e+03 1.096420e-04
4.976000e+03 1.015630e-04
4.977000e+03 9.348360e-05
4.978000e+03 8.540170e-05
4.979000e+03 7.731800e-05
