# # Wavelength(Angstrom)  Transmission
6.359000e+03 5.151560e-05
6.360000e+03 5.579420e-05
6.361000e+03 6.006800e-05
6.361758e+03 6.331260e-05
6.362000e+03 6.804730e-05
6.363000e+03 8.763720e-05
6.364000e+03 1.072280e-04
6.365000e+03 1.268210e-04
6.366000e+03 1.464140e-04
6.367000e+03 1.659950e-04
6.368000e+03 1.855900e-04
6.369000e+03 2.051850e-04
6.370000e+03 2.247830e-04
6.371000e+03 2.443810e-04
6.371761e+03 2.593000e-04
6.372000e+03 2.852940e-04
6.373000e+03 3.941300e-04
6.374000e+03 5.029980e-04
6.375000e+03 6.118720e-04
6.376000e+03 7.207530e-04
6.377000e+03 8.296410e-04
6.378000e+03 9.385360e-04
6.379000e+03 1.047350e-03
6.380000e+03 1.156250e-03
6.381000e+03 1.265150e-03
6.381764e+03 1.348320e-03
6.382000e+03 1.533210e-03
6.383000e+03 2.315580e-03
6.384000e+03 3.097990e-03
6.385000e+03 3.880130e-03
6.386000e+03 4.662570e-03
6.387000e+03 5.445060e-03
6.388000e+03 6.227600e-03
6.389000e+03 7.010190e-03
6.390000e+03 7.792830e-03
6.391000e+03 8.574770e-03
6.391767e+03 9.174750e-03
6.392000e+03 1.004950e-02
6.393000e+03 1.379730e-02
6.394000e+03 1.754530e-02
6.395000e+03 2.129360e-02
6.396000e+03 2.504200e-02
6.397000e+03 2.878830e-02
6.398000e+03 3.253690e-02
6.399000e+03 3.628580e-02
6.400000e+03 4.003480e-02
6.401000e+03 4.378410e-02
6.401769e+03 4.666760e-02
6.402000e+03 4.851900e-02
6.403000e+03 5.653090e-02
6.404000e+03 6.454740e-02
6.405000e+03 7.256440e-02
6.406000e+03 8.058190e-02
6.407000e+03 8.859980e-02
6.408000e+03 9.661820e-02
6.409000e+03 1.046280e-01
6.410000e+03 1.126470e-01
6.411000e+03 1.206660e-01
6.411772e+03 1.268570e-01
6.412000e+03 1.286240e-01
6.413000e+03 1.363760e-01
6.414000e+03 1.441280e-01
6.415000e+03 1.518680e-01
6.416000e+03 1.596200e-01
6.417000e+03 1.673730e-01
6.418000e+03 1.751260e-01
6.419000e+03 1.828800e-01
6.420000e+03 1.906180e-01
6.421000e+03 1.983710e-01
6.421774e+03 2.043760e-01
6.422000e+03 2.051490e-01
6.423000e+03 2.085730e-01
6.424000e+03 2.119960e-01
6.425000e+03 2.154210e-01
6.426000e+03 2.188260e-01
6.427000e+03 2.222500e-01
6.428000e+03 2.256750e-01
6.429000e+03 2.290990e-01
6.430000e+03 2.325240e-01
6.431000e+03 2.359450e-01
6.431777e+03 2.385880e-01
6.432000e+03 2.387130e-01
6.433000e+03 2.392950e-01
6.434000e+03 2.398770e-01
6.435000e+03 2.404580e-01
6.436000e+03 2.410400e-01
6.437000e+03 2.416220e-01
6.438000e+03 2.421830e-01
6.439000e+03 2.427650e-01
6.440000e+03 2.433470e-01
6.441000e+03 2.439280e-01
6.441780e+03 2.443820e-01
6.442000e+03 2.443260e-01
6.443000e+03 2.440520e-01
6.444000e+03 2.437980e-01
6.445000e+03 2.435440e-01
6.446000e+03 2.432910e-01
6.447000e+03 2.430370e-01
6.448000e+03 2.427840e-01
6.449000e+03 2.425100e-01
6.450000e+03 2.422560e-01
6.451000e+03 2.420020e-01
6.451783e+03 2.418040e-01
6.452000e+03 2.416900e-01
6.453000e+03 2.411650e-01
6.454000e+03 2.406400e-01
6.455000e+03 2.400940e-01
6.456000e+03 2.395690e-01
6.457000e+03 2.390450e-01
6.458000e+03 2.385200e-01
6.459000e+03 2.379950e-01
6.460000e+03 2.374500e-01
6.461000e+03 2.369250e-01
6.461785e+03 2.365120e-01
6.462000e+03 2.364390e-01
6.463000e+03 2.361010e-01
6.464000e+03 2.357620e-01
6.465000e+03 2.354230e-01
6.466000e+03 2.350640e-01
6.467000e+03 2.347250e-01
6.468000e+03 2.343870e-01
6.469000e+03 2.340480e-01
6.470000e+03 2.337090e-01
6.471000e+03 2.333500e-01
6.471788e+03 2.330830e-01
6.472000e+03 2.328220e-01
6.473000e+03 2.315920e-01
6.474000e+03 2.303620e-01
6.475000e+03 2.291320e-01
6.476000e+03 2.279020e-01
6.477000e+03 2.266520e-01
6.478000e+03 2.254220e-01
6.479000e+03 2.241920e-01
6.480000e+03 2.229620e-01
6.481000e+03 2.217310e-01
6.481791e+03 2.207440e-01
6.482000e+03 2.195410e-01
6.483000e+03 2.138170e-01
6.484000e+03 2.080930e-01
6.485000e+03 2.023680e-01
6.486000e+03 1.966440e-01
6.487000e+03 1.909200e-01
6.488000e+03 1.851800e-01
6.489000e+03 1.794560e-01
6.490000e+03 1.737320e-01
6.491000e+03 1.680070e-01
6.491793e+03 1.634660e-01
6.492000e+03 1.615790e-01
6.493000e+03 1.524340e-01
6.494000e+03 1.433030e-01
6.495000e+03 1.341710e-01
6.496000e+03 1.250400e-01
6.497000e+03 1.159080e-01
6.498000e+03 1.067760e-01
6.499000e+03 9.763620e-02
6.500000e+03 8.850520e-02
6.501000e+03 7.936110e-02
6.501796e+03 7.208550e-02
6.502000e+03 7.091950e-02
6.503000e+03 6.520770e-02
6.504000e+03 5.949260e-02
6.505000e+03 5.378490e-02
6.506000e+03 4.807900e-02
6.507000e+03 4.237490e-02
6.508000e+03 3.667260e-02
6.509000e+03 3.096950e-02
6.510000e+03 2.527130e-02
6.511000e+03 1.957490e-02
6.511799e+03 1.502580e-02
6.512000e+03 1.476500e-02
6.513000e+03 1.346890e-02
6.514000e+03 1.217320e-02
6.515000e+03 1.087700e-02
6.516000e+03 9.582200e-03
6.517000e+03 8.287850e-03
6.518000e+03 6.993920e-03
6.519000e+03 5.700410e-03
6.520000e+03 4.406930e-03
6.521000e+03 3.114350e-03
6.521801e+03 2.078940e-03
6.522000e+03 2.045730e-03
6.523000e+03 1.878660e-03
6.524000e+03 1.711650e-03
6.525000e+03 1.544550e-03
6.526000e+03 1.377660e-03
6.527000e+03 1.210820e-03
6.528000e+03 1.044030e-03
6.529000e+03 8.772990e-04
6.530000e+03 7.106190e-04
6.531000e+03 5.439470e-04
6.531804e+03 4.099970e-04
6.532000e+03 4.041740e-04
6.533000e+03 3.744430e-04
6.534000e+03 3.447220e-04
6.535000e+03 3.150100e-04
6.536000e+03 2.852830e-04
6.537000e+03 2.555930e-04
6.538000e+03 2.259120e-04
6.539000e+03 1.962420e-04
6.540000e+03 1.665800e-04
6.541000e+03 1.369170e-04
6.541807e+03 1.130070e-04
6.542000e+03 1.115590e-04
6.543000e+03 1.040670e-04
6.544000e+03 9.657770e-05
6.545000e+03 8.909090e-05
6.546000e+03 8.159950e-05
6.547000e+03 7.411820e-05
6.548000e+03 6.663930e-05
6.549000e+03 5.916280e-05
6.550000e+03 5.168880e-05
