# # Wavelength(Angstrom)  Transmission
6.369000e+03 5.020000e-05
6.370000e+03 5.369970e-05
6.371000e+03 5.719960e-05
6.371761e+03 5.986390e-05
6.372000e+03 6.090680e-05
6.373000e+03 6.526910e-05
6.374000e+03 6.963690e-05
6.375000e+03 7.400500e-05
6.376000e+03 7.837340e-05
6.377000e+03 8.274200e-05
6.378000e+03 8.711090e-05
6.379000e+03 9.147230e-05
6.380000e+03 9.584130e-05
6.381000e+03 1.002110e-04
6.381764e+03 1.035480e-04
6.382000e+03 1.045320e-04
6.383000e+03 1.086990e-04
6.384000e+03 1.128670e-04
6.385000e+03 1.170250e-04
6.386000e+03 1.211920e-04
6.387000e+03 1.253600e-04
6.388000e+03 1.295280e-04
6.389000e+03 1.336970e-04
6.390000e+03 1.378650e-04
6.391000e+03 1.420220e-04
6.391767e+03 1.452180e-04
6.392000e+03 1.471560e-04
6.393000e+03 1.554610e-04
6.394000e+03 1.637660e-04
6.395000e+03 1.720720e-04
6.396000e+03 1.803790e-04
6.397000e+03 1.886700e-04
6.398000e+03 1.969760e-04
6.399000e+03 2.052840e-04
6.400000e+03 2.135910e-04
6.401000e+03 2.219000e-04
6.401769e+03 2.282890e-04
6.402000e+03 2.312440e-04
6.403000e+03 2.440150e-04
6.404000e+03 2.568070e-04
6.405000e+03 2.696000e-04
6.406000e+03 2.823930e-04
6.407000e+03 2.951880e-04
6.408000e+03 3.079830e-04
6.409000e+03 3.207510e-04
6.410000e+03 3.335470e-04
6.411000e+03 3.463430e-04
6.411772e+03 3.562210e-04
6.412000e+03 3.609210e-04
6.413000e+03 3.815300e-04
6.414000e+03 4.021410e-04
6.415000e+03 4.227170e-04
6.416000e+03 4.433280e-04
6.417000e+03 4.639410e-04
6.418000e+03 4.845540e-04
6.419000e+03 5.051690e-04
6.420000e+03 5.257400e-04
6.421000e+03 5.463550e-04
6.421774e+03 5.623210e-04
6.422000e+03 5.702810e-04
6.423000e+03 6.055660e-04
6.424000e+03 6.408540e-04
6.425000e+03 6.761440e-04
6.426000e+03 7.113750e-04
6.427000e+03 7.466650e-04
6.428000e+03 7.819580e-04
6.429000e+03 8.172520e-04
6.430000e+03 8.525490e-04
6.431000e+03 8.878310e-04
6.431777e+03 9.151970e-04
6.432000e+03 9.295430e-04
6.433000e+03 9.940510e-04
6.434000e+03 1.058560e-03
6.435000e+03 1.123070e-03
6.436000e+03 1.187580e-03
6.437000e+03 1.252100e-03
6.438000e+03 1.316500e-03
6.439000e+03 1.381010e-03
6.440000e+03 1.445520e-03
6.441000e+03 1.510030e-03
6.441780e+03 1.560330e-03
6.442000e+03 1.585180e-03
6.443000e+03 1.697830e-03
6.444000e+03 1.810630e-03
6.445000e+03 1.923430e-03
6.446000e+03 2.036230e-03
6.447000e+03 2.149030e-03
6.448000e+03 2.261830e-03
6.449000e+03 2.374440e-03
6.450000e+03 2.487230e-03
6.451000e+03 2.600030e-03
6.451783e+03 2.688320e-03
6.452000e+03 2.727440e-03
6.453000e+03 2.907460e-03
6.454000e+03 3.087480e-03
6.455000e+03 3.267230e-03
6.456000e+03 3.447240e-03
6.457000e+03 3.627260e-03
6.458000e+03 3.807280e-03
6.459000e+03 3.987300e-03
6.460000e+03 4.166970e-03
6.461000e+03 4.346980e-03
6.461785e+03 4.488320e-03
6.462000e+03 4.550900e-03
6.463000e+03 4.842170e-03
6.464000e+03 5.133440e-03
6.465000e+03 5.424720e-03
6.466000e+03 5.715510e-03
6.467000e+03 6.006780e-03
6.468000e+03 6.298040e-03
6.469000e+03 6.589310e-03
6.470000e+03 6.880590e-03
6.471000e+03 7.171240e-03
6.471788e+03 7.400770e-03
6.472000e+03 7.506460e-03
6.473000e+03 8.005170e-03
6.474000e+03 8.503890e-03
6.475000e+03 9.002610e-03
6.476000e+03 9.501350e-03
6.477000e+03 9.999230e-03
6.478000e+03 1.049790e-02
6.479000e+03 1.099660e-02
6.480000e+03 1.149530e-02
6.481000e+03 1.199410e-02
6.481791e+03 1.238750e-02
6.482000e+03 1.258120e-02
6.483000e+03 1.350720e-02
6.484000e+03 1.443310e-02
6.485000e+03 1.535910e-02
6.486000e+03 1.628510e-02
6.487000e+03 1.721110e-02
6.488000e+03 1.813560e-02
6.489000e+03 1.906150e-02
6.490000e+03 1.998750e-02
6.491000e+03 2.091340e-02
6.491793e+03 2.164810e-02
6.492000e+03 2.198960e-02
6.493000e+03 2.364070e-02
6.494000e+03 2.529380e-02
6.495000e+03 2.694690e-02
6.496000e+03 2.860000e-02
6.497000e+03 3.025310e-02
6.498000e+03 3.190630e-02
6.499000e+03 3.355650e-02
6.500000e+03 3.520960e-02
6.501000e+03 3.685660e-02
6.501796e+03 3.816710e-02
6.502000e+03 3.868350e-02
6.503000e+03 4.121340e-02
6.504000e+03 4.373870e-02
6.505000e+03 4.626670e-02
6.506000e+03 4.879390e-02
6.507000e+03 5.132030e-02
6.508000e+03 5.384600e-02
6.509000e+03 5.636590e-02
6.510000e+03 5.888970e-02
6.511000e+03 6.141260e-02
6.511799e+03 6.342740e-02
6.512000e+03 6.410050e-02
6.513000e+03 6.744560e-02
6.514000e+03 7.078960e-02
6.515000e+03 7.412620e-02
6.516000e+03 7.746780e-02
6.517000e+03 8.080830e-02
6.518000e+03 8.414780e-02
6.519000e+03 8.748610e-02
6.520000e+03 9.081570e-02
6.521000e+03 9.415150e-02
6.521801e+03 9.682360e-02
6.522000e+03 9.756850e-02
6.523000e+03 1.013160e-01
6.524000e+03 1.050620e-01
6.525000e+03 1.087970e-01
6.526000e+03 1.125400e-01
6.527000e+03 1.162820e-01
6.528000e+03 1.200230e-01
6.529000e+03 1.237630e-01
6.530000e+03 1.275010e-01
6.531000e+03 1.312270e-01
6.531804e+03 1.342310e-01
6.532000e+03 1.349730e-01
6.533000e+03 1.387610e-01
6.534000e+03 1.425480e-01
6.535000e+03 1.463340e-01
6.536000e+03 1.501050e-01
6.537000e+03 1.538880e-01
6.538000e+03 1.576690e-01
6.539000e+03 1.614500e-01
6.540000e+03 1.652290e-01
6.541000e+03 1.689920e-01
6.541807e+03 1.720380e-01
6.542000e+03 1.726790e-01
6.543000e+03 1.759910e-01
6.544000e+03 1.793020e-01
6.545000e+03 1.826120e-01
6.546000e+03 1.859050e-01
6.547000e+03 1.892120e-01
6.548000e+03 1.925180e-01
6.549000e+03 1.958240e-01
6.550000e+03 1.991280e-01
6.551000e+03 2.024140e-01
6.551810e+03 2.050870e-01
6.552000e+03 2.055000e-01
6.553000e+03 2.076720e-01
6.554000e+03 2.098430e-01
6.555000e+03 2.120130e-01
6.556000e+03 2.141640e-01
6.557000e+03 2.163320e-01
6.558000e+03 2.185000e-01
6.559000e+03 2.206670e-01
6.560000e+03 2.228330e-01
6.561000e+03 2.249790e-01
6.561812e+03 2.267370e-01
6.562000e+03 2.269190e-01
6.563000e+03 2.278900e-01
6.564000e+03 2.288600e-01
6.565000e+03 2.298310e-01
6.566000e+03 2.308000e-01
6.567000e+03 2.317500e-01
6.568000e+03 2.327190e-01
6.569000e+03 2.336880e-01
6.570000e+03 2.346560e-01
6.571000e+03 2.356240e-01
6.571815e+03 2.363960e-01
6.572000e+03 2.364690e-01
6.573000e+03 2.368820e-01
6.574000e+03 2.372960e-01
6.575000e+03 2.377090e-01
6.576000e+03 2.381220e-01
6.577000e+03 2.385140e-01
6.578000e+03 2.389270e-01
6.579000e+03 2.393400e-01
6.580000e+03 2.397520e-01
6.581000e+03 2.401640e-01
6.581817e+03 2.404840e-01
6.582000e+03 2.405290e-01
6.583000e+03 2.407970e-01
6.584000e+03 2.410650e-01
6.585000e+03 2.413320e-01
6.586000e+03 2.416000e-01
6.587000e+03 2.418460e-01
6.588000e+03 2.421130e-01
6.589000e+03 2.423800e-01
6.590000e+03 2.426470e-01
6.591000e+03 2.429140e-01
6.591820e+03 2.431160e-01
6.592000e+03 2.431350e-01
6.593000e+03 2.432630e-01
6.594000e+03 2.433910e-01
6.595000e+03 2.435190e-01
6.596000e+03 2.436470e-01
6.597000e+03 2.437540e-01
6.598000e+03 2.438820e-01
6.599000e+03 2.440090e-01
6.600000e+03 2.441370e-01
6.601000e+03 2.442640e-01
6.601823e+03 2.443520e-01
6.602000e+03 2.443530e-01
6.603000e+03 2.443780e-01
6.604000e+03 2.444030e-01
6.605000e+03 2.444280e-01
6.606000e+03 2.444320e-01
6.607000e+03 2.444570e-01
6.608000e+03 2.444820e-01
6.609000e+03 2.445070e-01
6.610000e+03 2.445320e-01
6.611000e+03 2.445350e-01
6.611826e+03 2.445560e-01
6.612000e+03 2.445550e-01
6.613000e+03 2.445480e-01
6.614000e+03 2.445410e-01
6.615000e+03 2.445340e-01
6.616000e+03 2.445060e-01
6.617000e+03 2.444990e-01
6.618000e+03 2.444920e-01
6.619000e+03 2.444860e-01
6.620000e+03 2.444790e-01
6.621000e+03 2.444510e-01
6.621828e+03 2.444450e-01
6.622000e+03 2.444550e-01
6.623000e+03 2.445120e-01
6.624000e+03 2.445690e-01
6.625000e+03 2.446260e-01
6.626000e+03 2.446610e-01
6.627000e+03 2.447180e-01
6.628000e+03 2.447750e-01
6.629000e+03 2.448320e-01
6.630000e+03 2.448890e-01
6.631000e+03 2.449150e-01
6.631831e+03 2.449540e-01
6.632000e+03 2.449790e-01
6.633000e+03 2.451250e-01
6.634000e+03 2.452710e-01
6.635000e+03 2.454170e-01
6.636000e+03 2.455410e-01
6.637000e+03 2.456870e-01
6.638000e+03 2.458330e-01
6.639000e+03 2.459790e-01
6.640000e+03 2.461030e-01
6.641000e+03 2.462480e-01
6.641833e+03 2.463690e-01
6.642000e+03 2.463910e-01
6.643000e+03 2.465190e-01
6.644000e+03 2.466470e-01
6.645000e+03 2.467540e-01
6.646000e+03 2.468810e-01
6.647000e+03 2.470090e-01
6.648000e+03 2.471370e-01
6.649000e+03 2.472640e-01
6.650000e+03 2.473710e-01
6.651000e+03 2.474980e-01
6.651836e+03 2.476040e-01
6.652000e+03 2.476130e-01
6.653000e+03 2.476660e-01
6.654000e+03 2.477190e-01
6.655000e+03 2.477500e-01
6.656000e+03 2.478030e-01
6.657000e+03 2.478550e-01
6.658000e+03 2.479080e-01
6.659000e+03 2.479390e-01
6.660000e+03 2.479920e-01
6.661000e+03 2.480440e-01
6.661839e+03 2.480880e-01
6.662000e+03 2.480830e-01
6.663000e+03 2.480510e-01
6.664000e+03 2.479990e-01
6.665000e+03 2.479670e-01
6.666000e+03 2.479360e-01
6.667000e+03 2.479050e-01
6.668000e+03 2.478730e-01
6.669000e+03 2.478210e-01
6.670000e+03 2.477890e-01
6.671000e+03 2.477580e-01
6.671842e+03 2.477320e-01
6.672000e+03 2.477280e-01
6.673000e+03 2.476870e-01
6.674000e+03 2.476680e-01
6.675000e+03 2.476480e-01
6.676000e+03 2.476280e-01
6.677000e+03 2.476090e-01
6.678000e+03 2.475680e-01
6.679000e+03 2.475480e-01
6.680000e+03 2.475280e-01
6.681000e+03 2.475080e-01
6.681844e+03 2.474920e-01
6.682000e+03 2.475070e-01
6.683000e+03 2.475840e-01
6.684000e+03 2.476820e-01
6.685000e+03 2.477800e-01
6.686000e+03 2.478780e-01
6.687000e+03 2.479540e-01
6.688000e+03 2.480520e-01
6.689000e+03 2.481500e-01
6.690000e+03 2.482470e-01
6.691000e+03 2.483450e-01
6.691847e+03 2.484090e-01
6.692000e+03 2.484280e-01
6.693000e+03 2.485740e-01
6.694000e+03 2.487190e-01
6.695000e+03 2.488640e-01
6.696000e+03 2.489880e-01
6.697000e+03 2.491330e-01
6.698000e+03 2.492780e-01
6.699000e+03 2.494230e-01
6.700000e+03 2.495680e-01
6.701000e+03 2.496910e-01
6.701850e+03 2.498140e-01
6.702000e+03 2.498290e-01
6.703000e+03 2.499230e-01
6.704000e+03 2.500170e-01
6.705000e+03 2.500900e-01
6.706000e+03 2.501840e-01
6.707000e+03 2.502780e-01
6.708000e+03 2.503720e-01
6.709000e+03 2.504660e-01
6.710000e+03 2.505380e-01
6.711000e+03 2.506320e-01
6.711853e+03 2.507110e-01
6.712000e+03 2.507070e-01
6.713000e+03 2.506730e-01
6.714000e+03 2.506180e-01
6.715000e+03 2.505850e-01
6.716000e+03 2.505520e-01
6.717000e+03 2.505180e-01
6.718000e+03 2.504850e-01
6.719000e+03 2.504300e-01
6.720000e+03 2.503970e-01
6.721000e+03 2.503630e-01
6.721855e+03 2.503350e-01
6.722000e+03 2.503100e-01
6.723000e+03 2.501210e-01
6.724000e+03 2.499540e-01
6.725000e+03 2.497870e-01
6.726000e+03 2.496200e-01
6.727000e+03 2.494520e-01
6.728000e+03 2.492640e-01
6.729000e+03 2.490970e-01
6.730000e+03 2.489300e-01
6.731000e+03 2.487630e-01
6.731858e+03 2.486010e-01
6.732000e+03 2.485740e-01
6.733000e+03 2.484040e-01
6.734000e+03 2.482330e-01
6.735000e+03 2.480630e-01
6.736000e+03 2.478930e-01
6.737000e+03 2.477020e-01
6.738000e+03 2.475320e-01
6.739000e+03 2.473620e-01
6.740000e+03 2.471920e-01
6.741000e+03 2.470010e-01
6.741860e+03 2.468550e-01
6.742000e+03 2.468350e-01
6.743000e+03 2.466930e-01
6.744000e+03 2.465520e-01
6.745000e+03 2.464110e-01
6.746000e+03 2.462490e-01
6.747000e+03 2.461070e-01
6.748000e+03 2.459660e-01
6.749000e+03 2.458250e-01
6.750000e+03 2.456630e-01
6.751000e+03 2.455220e-01
6.751863e+03 2.454000e-01
6.752000e+03 2.453850e-01
6.753000e+03 2.452760e-01
6.754000e+03 2.451450e-01
6.755000e+03 2.450350e-01
6.756000e+03 2.449250e-01
6.757000e+03 2.448160e-01
6.758000e+03 2.447060e-01
6.759000e+03 2.445760e-01
6.760000e+03 2.444660e-01
6.761000e+03 2.443560e-01
6.761866e+03 2.442620e-01
6.762000e+03 2.442460e-01
6.763000e+03 2.441090e-01
6.764000e+03 2.439940e-01
6.765000e+03 2.438780e-01
6.766000e+03 2.437620e-01
6.767000e+03 2.436260e-01
6.768000e+03 2.435100e-01
6.769000e+03 2.433940e-01
6.770000e+03 2.432790e-01
6.771000e+03 2.431630e-01
6.771869e+03 2.430450e-01
6.772000e+03 2.430220e-01
6.773000e+03 2.428650e-01
6.774000e+03 2.427090e-01
6.775000e+03 2.425530e-01
6.776000e+03 2.423760e-01
6.777000e+03 2.422200e-01
6.778000e+03 2.420640e-01
6.779000e+03 2.419080e-01
6.780000e+03 2.417320e-01
6.781000e+03 2.415760e-01
6.781871e+03 2.414400e-01
6.782000e+03 2.414160e-01
6.783000e+03 2.412280e-01
6.784000e+03 2.410400e-01
6.785000e+03 2.408310e-01
6.786000e+03 2.406440e-01
6.787000e+03 2.404560e-01
6.788000e+03 2.402680e-01
6.789000e+03 2.400600e-01
6.790000e+03 2.398730e-01
6.791000e+03 2.396850e-01
6.791874e+03 2.395210e-01
6.792000e+03 2.395020e-01
6.793000e+03 2.393240e-01
6.794000e+03 2.391670e-01
6.795000e+03 2.390100e-01
6.796000e+03 2.388530e-01
6.797000e+03 2.386750e-01
6.798000e+03 2.385180e-01
6.799000e+03 2.383610e-01
6.800000e+03 2.382050e-01
6.801000e+03 2.380480e-01
6.801876e+03 2.378930e-01
6.802000e+03 2.378750e-01
6.803000e+03 2.377530e-01
6.804000e+03 2.376300e-01
6.805000e+03 2.375080e-01
6.806000e+03 2.373650e-01
6.807000e+03 2.372430e-01
6.808000e+03 2.371210e-01
6.809000e+03 2.369980e-01
6.810000e+03 2.368560e-01
6.811000e+03 2.367340e-01
6.811879e+03 2.366260e-01
6.812000e+03 2.366180e-01
6.813000e+03 2.365470e-01
6.814000e+03 2.364550e-01
6.815000e+03 2.363840e-01
6.816000e+03 2.363130e-01
6.817000e+03 2.362420e-01
6.818000e+03 2.361500e-01
6.819000e+03 2.360790e-01
6.820000e+03 2.360080e-01
6.821000e+03 2.359370e-01
6.821882e+03 2.358750e-01
6.822000e+03 2.358730e-01
6.823000e+03 2.358400e-01
6.824000e+03 2.358270e-01
6.825000e+03 2.358130e-01
6.826000e+03 2.358000e-01
6.827000e+03 2.357670e-01
6.828000e+03 2.357530e-01
6.829000e+03 2.357400e-01
6.830000e+03 2.357270e-01
6.831000e+03 2.356990e-01
6.831885e+03 2.356920e-01
6.832000e+03 2.356950e-01
6.833000e+03 2.357200e-01
6.834000e+03 2.357460e-01
6.835000e+03 2.357510e-01
6.836000e+03 2.357760e-01
6.837000e+03 2.358010e-01
6.838000e+03 2.358270e-01
6.839000e+03 2.358320e-01
6.840000e+03 2.358570e-01
6.841000e+03 2.358820e-01
6.841888e+03 2.359050e-01
6.842000e+03 2.359110e-01
6.843000e+03 2.359480e-01
6.844000e+03 2.360050e-01
6.845000e+03 2.360620e-01
6.846000e+03 2.361190e-01
6.847000e+03 2.361560e-01
6.848000e+03 2.362130e-01
6.849000e+03 2.362700e-01
6.850000e+03 2.363270e-01
6.851000e+03 2.363630e-01
6.851890e+03 2.364140e-01
6.852000e+03 2.364230e-01
6.853000e+03 2.365070e-01
6.854000e+03 2.365910e-01
6.855000e+03 2.366750e-01
6.856000e+03 2.367380e-01
6.857000e+03 2.368220e-01
6.858000e+03 2.369050e-01
6.859000e+03 2.369890e-01
6.860000e+03 2.370520e-01
6.861000e+03 2.371350e-01
6.861893e+03 2.372090e-01
6.862000e+03 2.372220e-01
6.863000e+03 2.373410e-01
6.864000e+03 2.374390e-01
6.865000e+03 2.375580e-01
6.866000e+03 2.376770e-01
6.867000e+03 2.377950e-01
6.868000e+03 2.378930e-01
6.869000e+03 2.380120e-01
6.870000e+03 2.381300e-01
6.871000e+03 2.382490e-01
6.871896e+03 2.383360e-01
6.872000e+03 2.383500e-01
6.873000e+03 2.384980e-01
6.874000e+03 2.386460e-01
6.875000e+03 2.387940e-01
6.876000e+03 2.389210e-01
6.877000e+03 2.390690e-01
6.878000e+03 2.392170e-01
6.879000e+03 2.393640e-01
6.880000e+03 2.394910e-01
6.881000e+03 2.396390e-01
6.881898e+03 2.397710e-01
6.882000e+03 2.397860e-01
6.883000e+03 2.399330e-01
6.884000e+03 2.400600e-01
6.885000e+03 2.402070e-01
6.886000e+03 2.403540e-01
6.887000e+03 2.405010e-01
6.888000e+03 2.406270e-01
6.889000e+03 2.407740e-01
6.890000e+03 2.409200e-01
6.891000e+03 2.410670e-01
6.891901e+03 2.411810e-01
6.892000e+03 2.411930e-01
6.893000e+03 2.413410e-01
6.894000e+03 2.414890e-01
6.895000e+03 2.416380e-01
6.896000e+03 2.417650e-01
6.897000e+03 2.419130e-01
6.898000e+03 2.420600e-01
6.899000e+03 2.422080e-01
6.900000e+03 2.423350e-01
6.901000e+03 2.424830e-01
6.901904e+03 2.426160e-01
6.902000e+03 2.426280e-01
6.903000e+03 2.427490e-01
6.904000e+03 2.428490e-01
6.905000e+03 2.429700e-01
6.906000e+03 2.430910e-01
6.907000e+03 2.432120e-01
6.908000e+03 2.433120e-01
6.909000e+03 2.434330e-01
6.910000e+03 2.435530e-01
6.911000e+03 2.436530e-01
6.911906e+03 2.437620e-01
6.912000e+03 2.437730e-01
6.913000e+03 2.438850e-01
6.914000e+03 2.439980e-01
6.915000e+03 2.440890e-01
6.916000e+03 2.442010e-01
6.917000e+03 2.443130e-01
6.918000e+03 2.444250e-01
6.919000e+03 2.445160e-01
6.920000e+03 2.446280e-01
6.921000e+03 2.447400e-01
6.921909e+03 2.448420e-01
6.922000e+03 2.448490e-01
6.923000e+03 2.448990e-01
6.924000e+03 2.449710e-01
6.925000e+03 2.450430e-01
6.926000e+03 2.451150e-01
6.927000e+03 2.451650e-01
6.928000e+03 2.452370e-01
6.929000e+03 2.453090e-01
6.930000e+03 2.453800e-01
6.931000e+03 2.454300e-01
6.931912e+03 2.454960e-01
6.932000e+03 2.454990e-01
6.933000e+03 2.455350e-01
6.934000e+03 2.455720e-01
6.935000e+03 2.455870e-01
6.936000e+03 2.456230e-01
6.937000e+03 2.456600e-01
6.938000e+03 2.456960e-01
6.939000e+03 2.457110e-01
6.940000e+03 2.457480e-01
6.941000e+03 2.457840e-01
6.941915e+03 2.457970e-01
6.942000e+03 2.457940e-01
6.943000e+03 2.457740e-01
6.944000e+03 2.457530e-01
6.945000e+03 2.457330e-01
6.946000e+03 2.456920e-01
6.947000e+03 2.456710e-01
6.948000e+03 2.456510e-01
6.949000e+03 2.456310e-01
6.950000e+03 2.455890e-01
6.951000e+03 2.455690e-01
6.951917e+03 2.455510e-01
6.952000e+03 2.455450e-01
6.953000e+03 2.454730e-01
6.954000e+03 2.453800e-01
6.955000e+03 2.453080e-01
6.956000e+03 2.452370e-01
6.957000e+03 2.451650e-01
6.958000e+03 2.450720e-01
6.959000e+03 2.450010e-01
6.960000e+03 2.449290e-01
6.961000e+03 2.448580e-01
6.961920e+03 2.447730e-01
6.962000e+03 2.447650e-01
6.963000e+03 2.446950e-01
6.964000e+03 2.446240e-01
6.965000e+03 2.445320e-01
6.966000e+03 2.444620e-01
6.967000e+03 2.443910e-01
6.968000e+03 2.443200e-01
6.969000e+03 2.442290e-01
6.970000e+03 2.441580e-01
6.971000e+03 2.440880e-01
6.971922e+03 2.440230e-01
6.972000e+03 2.440150e-01
6.973000e+03 2.438890e-01
6.974000e+03 2.437850e-01
6.975000e+03 2.436800e-01
6.976000e+03 2.435760e-01
6.977000e+03 2.434510e-01
6.978000e+03 2.433460e-01
6.979000e+03 2.432420e-01
6.980000e+03 2.431170e-01
6.981000e+03 2.430130e-01
6.981925e+03 2.429160e-01
6.982000e+03 2.429100e-01
6.983000e+03 2.428200e-01
6.984000e+03 2.427100e-01
6.985000e+03 2.426200e-01
6.986000e+03 2.425310e-01
6.987000e+03 2.424410e-01
6.988000e+03 2.423310e-01
6.989000e+03 2.422410e-01
6.990000e+03 2.421520e-01
6.991000e+03 2.420630e-01
6.991928e+03 2.419600e-01
6.992000e+03 2.419500e-01
6.993000e+03 2.418230e-01
6.994000e+03 2.416960e-01
6.995000e+03 2.415480e-01
6.996000e+03 2.414210e-01
6.997000e+03 2.412940e-01
6.998000e+03 2.411680e-01
6.999000e+03 2.410200e-01
7.000000e+03 2.408930e-01
7.001000e+03 2.407400e-01
7.001931e+03 2.405980e-01
7.002000e+03 2.405870e-01
7.003000e+03 2.404050e-01
7.004000e+03 2.402430e-01
7.005000e+03 2.400820e-01
7.006000e+03 2.399000e-01
7.007000e+03 2.397390e-01
7.008000e+03 2.395780e-01
7.009000e+03 2.394170e-01
7.010000e+03 2.392360e-01
7.011000e+03 2.390750e-01
7.011933e+03 2.389250e-01
7.012000e+03 2.389150e-01
7.013000e+03 2.387600e-01
7.014000e+03 2.385850e-01
7.015000e+03 2.384300e-01
7.016000e+03 2.382760e-01
7.017000e+03 2.381010e-01
7.018000e+03 2.379460e-01
7.019000e+03 2.377920e-01
7.020000e+03 2.376380e-01
7.021000e+03 2.374630e-01
7.021936e+03 2.373190e-01
7.022000e+03 2.373120e-01
7.023000e+03 2.371970e-01
7.024000e+03 2.370820e-01
7.025000e+03 2.369460e-01
7.026000e+03 2.368310e-01
7.027000e+03 2.367160e-01
7.028000e+03 2.365800e-01
7.029000e+03 2.364650e-01
7.030000e+03 2.363500e-01
7.031000e+03 2.362270e-01
7.031938e+03 2.360920e-01
7.032000e+03 2.360860e-01
7.033000e+03 2.360020e-01
7.034000e+03 2.359180e-01
7.035000e+03 2.358350e-01
7.036000e+03 2.357310e-01
7.037000e+03 2.356470e-01
7.038000e+03 2.355630e-01
7.039000e+03 2.354590e-01
7.040000e+03 2.353760e-01
7.041000e+03 2.352920e-01
7.041941e+03 2.352140e-01
7.042000e+03 2.352100e-01
7.043000e+03 2.351310e-01
7.044000e+03 2.350710e-01
7.045000e+03 2.350120e-01
7.046000e+03 2.349530e-01
7.047000e+03 2.348730e-01
7.048000e+03 2.348140e-01
7.049000e+03 2.347540e-01
7.050000e+03 2.346750e-01
7.051000e+03 2.346150e-01
7.051944e+03 2.345590e-01
7.052000e+03 2.345580e-01
7.053000e+03 2.345390e-01
7.054000e+03 2.345000e-01
7.055000e+03 2.344810e-01
7.056000e+03 2.344620e-01
7.057000e+03 2.344230e-01
7.058000e+03 2.344040e-01
7.059000e+03 2.343850e-01
7.060000e+03 2.343660e-01
7.061000e+03 2.343260e-01
7.061947e+03 2.343080e-01
7.062000e+03 2.343090e-01
7.063000e+03 2.343140e-01
7.064000e+03 2.342990e-01
7.065000e+03 2.343050e-01
7.066000e+03 2.343100e-01
7.067000e+03 2.343160e-01
7.068000e+03 2.343010e-01
7.069000e+03 2.343060e-01
7.070000e+03 2.343110e-01
7.071000e+03 2.342960e-01
7.071949e+03 2.343010e-01
7.072000e+03 2.343020e-01
7.073000e+03 2.343190e-01
7.074000e+03 2.343360e-01
7.075000e+03 2.343320e-01
7.076000e+03 2.343490e-01
7.077000e+03 2.343650e-01
7.078000e+03 2.343820e-01
7.079000e+03 2.343780e-01
7.080000e+03 2.343950e-01
7.081000e+03 2.344110e-01
7.081952e+03 2.344070e-01
7.082000e+03 2.344080e-01
7.083000e+03 2.344350e-01
7.084000e+03 2.344630e-01
7.085000e+03 2.344900e-01
7.086000e+03 2.344970e-01
7.087000e+03 2.345240e-01
7.088000e+03 2.345520e-01
7.089000e+03 2.345590e-01
7.090000e+03 2.345860e-01
7.091000e+03 2.346130e-01
7.091955e+03 2.346390e-01
7.092000e+03 2.346390e-01
7.093000e+03 2.346150e-01
7.094000e+03 2.346110e-01
7.095000e+03 2.346070e-01
7.096000e+03 2.345830e-01
7.097000e+03 2.345790e-01
7.098000e+03 2.345750e-01
7.099000e+03 2.345720e-01
7.100000e+03 2.345470e-01
7.101000e+03 2.345430e-01
7.101958e+03 2.345400e-01
7.102000e+03 2.345420e-01
7.103000e+03 2.345770e-01
7.104000e+03 2.346330e-01
7.105000e+03 2.346880e-01
7.106000e+03 2.347430e-01
7.107000e+03 2.347780e-01
7.108000e+03 2.348330e-01
7.109000e+03 2.348880e-01
7.110000e+03 2.349230e-01
7.111000e+03 2.349780e-01
7.111960e+03 2.350310e-01
7.112000e+03 2.350300e-01
7.113000e+03 2.350050e-01
7.114000e+03 2.349600e-01
7.115000e+03 2.349360e-01
7.116000e+03 2.349110e-01
7.117000e+03 2.348660e-01
7.118000e+03 2.348410e-01
7.119000e+03 2.348170e-01
7.120000e+03 2.347720e-01
7.121000e+03 2.347470e-01
7.121963e+03 2.347230e-01
7.122000e+03 2.347210e-01
7.123000e+03 2.346700e-01
7.124000e+03 2.345980e-01
7.125000e+03 2.345460e-01
7.126000e+03 2.344940e-01
7.127000e+03 2.344220e-01
7.128000e+03 2.343700e-01
7.129000e+03 2.343180e-01
7.130000e+03 2.342670e-01
7.131000e+03 2.341950e-01
7.131965e+03 2.341450e-01
7.132000e+03 2.341420e-01
7.133000e+03 2.340520e-01
7.134000e+03 2.339420e-01
7.135000e+03 2.338530e-01
7.136000e+03 2.337630e-01
7.137000e+03 2.336740e-01
7.138000e+03 2.335640e-01
7.139000e+03 2.334750e-01
7.140000e+03 2.333850e-01
7.141000e+03 2.332760e-01
7.141968e+03 2.331890e-01
7.142000e+03 2.331850e-01
7.143000e+03 2.330470e-01
7.144000e+03 2.328880e-01
7.145000e+03 2.327500e-01
7.146000e+03 2.326120e-01
7.147000e+03 2.324740e-01
7.148000e+03 2.323160e-01
7.149000e+03 2.321790e-01
7.150000e+03 2.320410e-01
7.151000e+03 2.318830e-01
7.151971e+03 2.317500e-01
7.152000e+03 2.317440e-01
7.153000e+03 2.315500e-01
7.154000e+03 2.313550e-01
7.155000e+03 2.311410e-01
7.156000e+03 2.309470e-01
7.157000e+03 2.307530e-01
7.158000e+03 2.305390e-01
7.159000e+03 2.303450e-01
7.160000e+03 2.301510e-01
7.161000e+03 2.299380e-01
7.161974e+03 2.297500e-01
7.162000e+03 2.297410e-01
7.163000e+03 2.294100e-01
7.164000e+03 2.290790e-01
7.165000e+03 2.287280e-01
7.166000e+03 2.283970e-01
7.167000e+03 2.280670e-01
7.168000e+03 2.277160e-01
7.169000e+03 2.273860e-01
7.170000e+03 2.270560e-01
7.171000e+03 2.267070e-01
7.171976e+03 2.263850e-01
7.172000e+03 2.263740e-01
7.173000e+03 2.259060e-01
7.174000e+03 2.254380e-01
7.175000e+03 2.249510e-01
7.176000e+03 2.244840e-01
7.177000e+03 2.240170e-01
7.178000e+03 2.235300e-01
7.179000e+03 2.230640e-01
7.180000e+03 2.225980e-01
7.181000e+03 2.221130e-01
7.181979e+03 2.216570e-01
7.182000e+03 2.216450e-01
7.183000e+03 2.210680e-01
7.184000e+03 2.204910e-01
7.185000e+03 2.198950e-01
7.186000e+03 2.193190e-01
7.187000e+03 2.187440e-01
7.188000e+03 2.181490e-01
7.189000e+03 2.175750e-01
7.190000e+03 2.170000e-01
7.191000e+03 2.164070e-01
7.191982e+03 2.158440e-01
7.192000e+03 2.158310e-01
7.193000e+03 2.151140e-01
7.194000e+03 2.143990e-01
7.195000e+03 2.136650e-01
7.196000e+03 2.129500e-01
7.197000e+03 2.122360e-01
7.198000e+03 2.115030e-01
7.199000e+03 2.107900e-01
7.200000e+03 2.100770e-01
7.201000e+03 2.093470e-01
7.201984e+03 2.086460e-01
7.202000e+03 2.086290e-01
7.203000e+03 2.075170e-01
7.204000e+03 2.063880e-01
7.205000e+03 2.052780e-01
7.206000e+03 2.041690e-01
7.207000e+03 2.030600e-01
7.208000e+03 2.019350e-01
7.209000e+03 2.008280e-01
7.210000e+03 1.997210e-01
7.211000e+03 1.985980e-01
7.211987e+03 1.975080e-01
7.212000e+03 1.974810e-01
7.213000e+03 1.953540e-01
7.214000e+03 1.932120e-01
7.215000e+03 1.910890e-01
7.216000e+03 1.889660e-01
7.217000e+03 1.868460e-01
7.218000e+03 1.847100e-01
7.219000e+03 1.825920e-01
7.220000e+03 1.804760e-01
7.221000e+03 1.783460e-01
7.221990e+03 1.762540e-01
7.222000e+03 1.762210e-01
7.223000e+03 1.729550e-01
7.224000e+03 1.696760e-01
7.225000e+03 1.664140e-01
7.226000e+03 1.631550e-01
7.227000e+03 1.598840e-01
7.228000e+03 1.566290e-01
7.229000e+03 1.533770e-01
7.230000e+03 1.501270e-01
7.231000e+03 1.468600e-01
7.231993e+03 1.436330e-01
7.232000e+03 1.436060e-01
7.233000e+03 1.399710e-01
7.234000e+03 1.363260e-01
7.235000e+03 1.326960e-01
7.236000e+03 1.290690e-01
7.237000e+03 1.254340e-01
7.238000e+03 1.218130e-01
7.239000e+03 1.181950e-01
7.240000e+03 1.145690e-01
7.241000e+03 1.109570e-01
7.241995e+03 1.073650e-01
7.242000e+03 1.073490e-01
7.243000e+03 1.041610e-01
7.244000e+03 1.009850e-01
7.245000e+03 9.781150e-02
7.246000e+03 9.464020e-02
7.247000e+03 9.146340e-02
7.248000e+03 8.829720e-02
7.249000e+03 8.513340e-02
7.250000e+03 8.196490e-02
7.251000e+03 7.880620e-02
7.251998e+03 7.565610e-02
7.252000e+03 7.565120e-02
7.253000e+03 7.313780e-02
7.254000e+03 7.063300e-02
7.255000e+03 6.813000e-02
7.256000e+03 6.562320e-02
7.257000e+03 6.312430e-02
7.258000e+03 6.062730e-02
7.259000e+03 5.812710e-02
7.260000e+03 5.563410e-02
7.261000e+03 5.314300e-02
7.262000e+03 5.065380e-02
7.262000e+03 5.065260e-02
7.263000e+03 4.875180e-02
7.264000e+03 4.685580e-02
7.265000e+03 4.496130e-02
7.266000e+03 4.306450e-02
7.267000e+03 4.117310e-02
7.268000e+03 3.928310e-02
7.269000e+03 3.739130e-02
7.270000e+03 3.550440e-02
7.271000e+03 3.361890e-02
7.272000e+03 3.173210e-02
7.272003e+03 3.172560e-02
7.273000e+03 3.046060e-02
7.274000e+03 2.919210e-02
7.275000e+03 2.792220e-02
7.276000e+03 2.665590e-02
7.277000e+03 2.539050e-02
7.278000e+03 2.412390e-02
7.279000e+03 2.286050e-02
7.280000e+03 2.159810e-02
7.281000e+03 2.033670e-02
7.282000e+03 1.907450e-02
7.282006e+03 1.906720e-02
7.283000e+03 1.830110e-02
7.284000e+03 1.753110e-02
7.285000e+03 1.676020e-02
7.286000e+03 1.599140e-02
7.287000e+03 1.522330e-02
7.288000e+03 1.445440e-02
7.289000e+03 1.368750e-02
7.290000e+03 1.292120e-02
7.291000e+03 1.215430e-02
7.292000e+03 1.138920e-02
7.292009e+03 1.138250e-02
7.293000e+03 1.093530e-02
7.294000e+03 1.048350e-02
7.295000e+03 1.003300e-02
7.296000e+03 9.582860e-03
7.297000e+03 9.132270e-03
7.298000e+03 8.682860e-03
7.299000e+03 8.233800e-03
7.300000e+03 7.784390e-03
7.301000e+03 7.336060e-03
7.302000e+03 6.888060e-03
7.302011e+03 6.883030e-03
7.303000e+03 6.626440e-03
7.304000e+03 6.366580e-03
7.305000e+03 6.107490e-03
7.306000e+03 5.848610e-03
7.307000e+03 5.589430e-03
7.308000e+03 5.330960e-03
7.309000e+03 5.072690e-03
7.310000e+03 4.814200e-03
7.311000e+03 4.556350e-03
7.312000e+03 4.298690e-03
7.312014e+03 4.295040e-03
7.313000e+03 4.142550e-03
7.314000e+03 3.988360e-03
7.315000e+03 3.834280e-03
7.316000e+03 3.680000e-03
7.317000e+03 3.526180e-03
7.318000e+03 3.372470e-03
7.319000e+03 3.218600e-03
7.320000e+03 3.065140e-03
7.321000e+03 2.911800e-03
7.322000e+03 2.758340e-03
7.322017e+03 2.755790e-03
7.323000e+03 2.663780e-03
7.324000e+03 2.570270e-03
7.325000e+03 2.476630e-03
7.326000e+03 2.383280e-03
7.327000e+03 2.290000e-03
7.328000e+03 2.196600e-03
7.329000e+03 2.103470e-03
7.330000e+03 2.010410e-03
7.331000e+03 1.917260e-03
7.332000e+03 1.824360e-03
7.332020e+03 1.822540e-03
7.333000e+03 1.763990e-03
7.334000e+03 1.704160e-03
7.335000e+03 1.644540e-03
7.336000e+03 1.584960e-03
7.337000e+03 1.525300e-03
7.338000e+03 1.465820e-03
7.339000e+03 1.406380e-03
7.340000e+03 1.346990e-03
7.341000e+03 1.287530e-03
7.342000e+03 1.228240e-03
7.342022e+03 1.226940e-03
7.343000e+03 1.186760e-03
7.344000e+03 1.145620e-03
7.345000e+03 1.104600e-03
7.346000e+03 1.063620e-03
7.347000e+03 1.022590e-03
7.348000e+03 9.816740e-04
7.349000e+03 9.407920e-04
7.350000e+03 8.998630e-04
7.351000e+03 8.590470e-04
7.352000e+03 8.182630e-04
7.352025e+03 8.172460e-04
7.353000e+03 7.908040e-04
7.354000e+03 7.637800e-04
7.355000e+03 7.367760e-04
7.356000e+03 7.097300e-04
7.357000e+03 6.827700e-04
7.358000e+03 6.558300e-04
7.359000e+03 6.288560e-04
7.360000e+03 6.019600e-04
7.361000e+03 5.750850e-04
7.362000e+03 5.481830e-04
7.362027e+03 5.474490e-04
7.363000e+03 5.306210e-04
7.364000e+03 5.133340e-04
7.365000e+03 4.960160e-04
7.366000e+03 4.787560e-04
7.367000e+03 4.615100e-04
7.368000e+03 4.442380e-04
7.369000e+03 4.270190e-04
7.370000e+03 4.098140e-04
7.371000e+03 3.925880e-04
7.372000e+03 3.754110e-04
7.372030e+03 3.748910e-04
7.373000e+03 3.634710e-04
7.374000e+03 3.516720e-04
7.375000e+03 3.399140e-04
7.376000e+03 3.281650e-04
7.377000e+03 3.163970e-04
7.378000e+03 3.046670e-04
7.379000e+03 2.929470e-04
7.380000e+03 2.812100e-04
7.381000e+03 2.695080e-04
7.382000e+03 2.578160e-04
7.382033e+03 2.574320e-04
7.383000e+03 2.509530e-04
7.384000e+03 2.442810e-04
7.385000e+03 2.376150e-04
7.386000e+03 2.309340e-04
7.387000e+03 2.242780e-04
7.388000e+03 2.176280e-04
7.389000e+03 2.109640e-04
7.390000e+03 2.043250e-04
7.391000e+03 1.976900e-04
7.392000e+03 1.910440e-04
7.392036e+03 1.908080e-04
7.393000e+03 1.848300e-04
7.394000e+03 1.786350e-04
7.395000e+03 1.724300e-04
7.396000e+03 1.662460e-04
7.397000e+03 1.600660e-04
7.398000e+03 1.538780e-04
7.399000e+03 1.477080e-04
7.400000e+03 1.415430e-04
7.401000e+03 1.353720e-04
7.402000e+03 1.292170e-04
7.402038e+03 1.289820e-04
7.403000e+03 1.254010e-04
7.404000e+03 1.216700e-04
7.405000e+03 1.179530e-04
7.406000e+03 1.142390e-04
7.407000e+03 1.105180e-04
7.408000e+03 1.068090e-04
7.409000e+03 1.031040e-04
7.410000e+03 9.939260e-05
7.411000e+03 9.569320e-05
7.412000e+03 9.198870e-05
7.412041e+03 9.183710e-05
7.413000e+03 9.022980e-05
7.414000e+03 8.855500e-05
7.415000e+03 8.687380e-05
7.416000e+03 8.520170e-05
7.417000e+03 8.353090e-05
7.418000e+03 8.185410e-05
7.419000e+03 8.018600e-05
7.420000e+03 7.851910e-05
7.421000e+03 7.684680e-05
7.422000e+03 7.518270e-05
7.422043e+03 7.511040e-05
7.423000e+03 7.316090e-05
7.424000e+03 7.111810e-05
7.425000e+03 6.908330e-05
7.426000e+03 6.705010e-05
7.427000e+03 6.501270e-05
7.428000e+03 6.298280e-05
7.429000e+03 6.095440e-05
7.430000e+03 5.892240e-05
7.431000e+03 5.690030e-05
7.432000e+03 5.487960e-05
7.432046e+03 5.478570e-05
7.433000e+03 5.369420e-05
7.434000e+03 5.255530e-05
7.435000e+03 5.141700e-05
7.436000e+03 5.027520e-05
