# # Wavelength(Angstrom)  Transmission
1.639000e+04 9.745220e-05
1.640000e+04 9.848900e-05
1.641000e+04 9.958180e-05
1.642000e+04 1.006730e-04
1.643000e+04 1.017630e-04
1.644000e+04 1.028520e-04
1.645000e+04 1.039390e-04
1.646000e+04 1.049300e-04
1.647000e+04 1.060140e-04
1.648000e+04 1.070950e-04
1.649000e+04 1.081760e-04
1.650000e+04 1.092550e-04
1.650251e+04 1.095250e-04
1.650451e+04 2.632550e-04
1.650651e+04 3.706070e-04
1.650851e+04 2.673930e-04
1.651000e+04 4.650800e-04
1.651051e+04 5.326070e-04
1.651251e+04 4.820260e-04
1.651451e+04 5.893080e-04
1.651651e+04 9.069530e-04
1.651851e+04 9.089500e-04
1.652000e+04 1.067000e-03
1.652051e+04 1.121290e-03
1.652251e+04 1.543640e-03
1.652451e+04 1.755490e-03
1.652651e+04 2.229950e-03
1.652851e+04 2.809130e-03
1.653000e+04 3.317370e-03
1.653051e+04 3.493120e-03
1.653252e+04 4.334860e-03
1.653452e+04 5.438670e-03
1.653652e+04 7.015150e-03
1.653852e+04 8.905700e-03
1.654000e+04 1.081310e-02
1.654052e+04 1.147810e-02
1.654252e+04 1.478470e-02
1.654452e+04 1.903460e-02
1.654652e+04 2.454270e-02
1.654852e+04 3.199060e-02
1.655000e+04 3.901630e-02
1.655052e+04 4.148160e-02
1.655252e+04 5.385660e-02
1.655452e+04 6.863440e-02
1.655652e+04 8.724190e-02
1.655852e+04 1.092010e-01
1.656000e+04 1.286860e-01
1.656052e+04 1.355580e-01
1.656252e+04 1.651540e-01
1.656452e+04 1.978350e-01
1.656652e+04 2.317660e-01
1.656853e+04 2.663700e-01
1.657000e+04 2.908320e-01
1.657053e+04 2.995320e-01
1.657253e+04 3.307050e-01
1.657453e+04 3.599220e-01
1.657653e+04 3.866610e-01
1.657853e+04 4.086170e-01
1.658000e+04 4.210840e-01
1.658053e+04 4.255680e-01
1.658253e+04 4.386940e-01
1.658453e+04 4.476370e-01
1.658653e+04 4.532790e-01
1.658853e+04 4.564620e-01
1.659000e+04 4.573820e-01
1.659053e+04 4.577140e-01
1.659253e+04 4.582290e-01
1.659453e+04 4.579130e-01
1.659653e+04 4.576440e-01
1.659853e+04 4.576930e-01
1.660000e+04 4.584160e-01
1.660053e+04 4.586160e-01
1.660253e+04 4.594780e-01
1.660453e+04 4.606460e-01
1.660654e+04 4.619220e-01
1.660854e+04 4.640770e-01
1.661000e+04 4.656530e-01
1.661054e+04 4.662060e-01
1.661254e+04 4.681650e-01
1.661454e+04 4.705410e-01
1.661654e+04 4.730640e-01
1.661854e+04 4.751160e-01
1.662000e+04 4.761950e-01
1.662054e+04 4.766160e-01
1.662254e+04 4.780280e-01
1.662454e+04 4.794840e-01
1.662654e+04 4.809380e-01
1.662854e+04 4.816650e-01
1.663000e+04 4.821240e-01
1.663054e+04 4.822940e-01
1.663254e+04 4.826050e-01
1.663454e+04 4.832830e-01
1.663654e+04 4.831290e-01
1.663854e+04 4.831860e-01
1.664000e+04 4.828900e-01
1.664054e+04 4.827790e-01
1.664254e+04 4.824750e-01
1.664454e+04 4.820170e-01
1.664655e+04 4.814000e-01
1.664855e+04 4.806340e-01
1.665000e+04 4.800780e-01
1.665055e+04 4.798450e-01
1.665255e+04 4.789920e-01
1.665455e+04 4.782430e-01
1.665655e+04 4.777000e-01
1.665855e+04 4.770040e-01
1.666000e+04 4.757200e-01
1.666055e+04 4.752570e-01
1.666255e+04 4.757190e-01
1.666455e+04 4.753170e-01
1.666655e+04 4.748130e-01
1.666855e+04 4.745130e-01
1.667000e+04 4.746280e-01
1.667055e+04 4.746720e-01
1.667255e+04 4.743210e-01
1.667455e+04 4.741190e-01
1.667655e+04 4.739210e-01
1.667855e+04 4.736210e-01
1.668000e+04 4.737720e-01
1.668055e+04 4.738060e-01
1.668256e+04 4.739270e-01
1.668456e+04 4.738900e-01
1.668656e+04 4.736550e-01
1.668856e+04 4.735210e-01
1.669000e+04 4.725510e-01
1.669056e+04 4.722000e-01
1.669256e+04 4.718510e-01
1.669456e+04 4.718550e-01
1.669656e+04 4.718600e-01
1.669856e+04 4.719640e-01
1.670000e+04 4.716040e-01
1.670056e+04 4.714630e-01
1.670256e+04 4.710130e-01
1.670456e+04 4.706130e-01
1.670656e+04 4.702140e-01
1.670856e+04 4.697140e-01
1.671000e+04 4.693910e-01
1.671056e+04 4.692400e-01
1.671256e+04 4.680000e-01
1.671456e+04 4.667620e-01
1.671656e+04 4.656770e-01
1.671856e+04 4.647430e-01
1.672000e+04 4.643970e-01
1.672057e+04 4.642850e-01
1.672257e+04 4.635390e-01
1.672457e+04 4.626430e-01
1.672657e+04 4.617490e-01
1.672857e+04 4.611050e-01
1.673000e+04 4.607160e-01
1.673057e+04 4.605620e-01
1.673257e+04 4.601680e-01
1.673457e+04 4.597250e-01
1.673657e+04 4.588840e-01
1.673857e+04 4.583920e-01
1.674000e+04 4.581160e-01
1.674057e+04 4.579810e-01
1.674257e+04 4.571060e-01
1.674457e+04 4.556360e-01
1.674657e+04 4.539250e-01
1.674857e+04 4.516140e-01
1.675000e+04 4.495140e-01
1.675057e+04 4.486920e-01
1.675257e+04 4.448370e-01
1.675457e+04 4.397040e-01
1.675658e+04 4.331410e-01
1.675858e+04 4.253000e-01
1.676000e+04 4.182100e-01
1.676058e+04 4.153430e-01
1.676258e+04 4.036750e-01
1.676458e+04 3.892510e-01
1.676658e+04 3.731230e-01
1.676858e+04 3.536130e-01
1.677000e+04 3.389660e-01
1.677058e+04 3.329760e-01
1.677258e+04 3.096680e-01
1.677458e+04 2.842870e-01
1.677658e+04 2.593360e-01
1.677858e+04 2.333950e-01
1.678000e+04 2.154500e-01
1.678058e+04 2.081020e-01
1.678258e+04 1.834060e-01
1.678458e+04 1.600660e-01
1.678658e+04 1.388120e-01
1.678858e+04 1.186140e-01
1.679000e+04 1.060350e-01
1.679059e+04 1.008280e-01
1.679259e+04 8.452740e-02
1.679459e+04 7.073920e-02
1.679659e+04 5.848640e-02
1.679859e+04 4.815300e-02
1.680000e+04 4.217500e-02
1.680059e+04 3.969060e-02
1.680259e+04 3.260880e-02
1.680459e+04 2.650810e-02
1.680659e+04 2.163080e-02
1.680859e+04 1.758520e-02
1.681000e+04 1.528380e-02
1.681059e+04 1.432170e-02
1.681259e+04 1.174090e-02
1.681459e+04 9.600370e-03
1.681659e+04 7.801340e-03
1.681859e+04 6.488990e-03
1.682000e+04 5.601280e-03
1.682059e+04 5.226420e-03
1.682259e+04 4.206660e-03
1.682459e+04 3.671800e-03
1.682660e+04 2.848140e-03
1.682860e+04 2.411710e-03
1.683000e+04 2.071850e-03
1.683060e+04 1.927910e-03
1.683260e+04 1.734010e-03
1.683460e+04 1.347810e-03
1.683660e+04 1.106410e-03
1.683860e+04 9.614960e-04
1.684000e+04 8.264230e-04
1.684060e+04 7.686620e-04
1.684260e+04 5.760200e-04
1.684460e+04 5.275700e-04
1.684660e+04 3.833780e-04
1.684860e+04 1.915300e-04
1.685000e+04 2.583420e-04
1.685060e+04 2.870740e-04
1.685260e+04 2.390780e-04
1.685460e+04 2.389250e-04
1.686000e+04 2.491580e-04
1.687000e+04 2.677630e-04
1.688000e+04 2.864790e-04
1.689000e+04 3.050710e-04
1.690000e+04 3.232320e-04
1.691000e+04 3.415580e-04
1.692000e+04 3.594190e-04
1.693000e+04 3.774820e-04
1.694000e+04 3.950440e-04
1.695000e+04 4.128440e-04
1.696000e+04 4.301100e-04
1.697000e+04 4.472210e-04
1.698000e+04 4.646210e-04
1.699000e+04 4.814380e-04
1.700000e+04 4.985810e-04
1.701000e+04 5.147140e-04
1.702000e+04 5.311800e-04
1.703000e+04 5.469700e-04
1.704000e+04 5.625820e-04
1.705000e+04 5.785770e-04
1.706000e+04 5.938500e-04
1.707000e+04 6.095400e-04
1.708000e+04 6.244760e-04
1.709000e+04 6.392370e-04
1.710000e+04 6.544650e-04
1.711000e+04 6.688940e-04
1.712000e+04 6.831490e-04
1.713000e+04 6.979190e-04
1.714000e+04 7.118470e-04
1.715000e+04 7.256030e-04
1.716000e+04 7.399210e-04
1.717000e+04 7.533520e-04
1.718000e+04 7.666160e-04
1.719000e+04 7.804860e-04
1.720000e+04 7.934280e-04
1.721000e+04 7.996810e-04
1.722000e+04 8.055260e-04
1.723000e+04 8.117780e-04
1.724000e+04 8.168210e-04
1.725000e+04 8.214640e-04
1.726000e+04 8.257090e-04
1.727000e+04 8.295590e-04
1.728000e+04 8.338580e-04
1.729000e+04 8.369290e-04
1.730000e+04 8.396140e-04
1.731000e+04 8.419130e-04
1.732000e+04 8.438290e-04
1.733000e+04 8.453660e-04
1.734000e+04 8.465250e-04
1.735000e+04 8.481770e-04
1.736000e+04 8.485910e-04
1.737000e+04 8.486360e-04
1.738000e+04 8.483140e-04
1.739000e+04 8.476270e-04
1.740000e+04 8.465780e-04
1.741000e+04 8.331390e-04
1.742000e+04 8.190470e-04
1.743000e+04 8.043080e-04
1.744000e+04 7.889270e-04
1.745000e+04 7.729080e-04
1.746000e+04 7.562580e-04
1.747000e+04 7.389800e-04
1.748000e+04 7.210800e-04
1.749000e+04 7.025640e-04
1.750000e+04 6.834350e-04
1.751000e+04 6.637010e-04
1.752000e+04 6.433640e-04
1.753000e+04 6.224310e-04
1.754000e+04 6.009070e-04
1.755000e+04 5.787970e-04
1.756000e+04 5.561050e-04
1.757000e+04 5.328370e-04
1.758000e+04 5.089980e-04
1.759000e+04 4.845920e-04
1.760000e+04 4.591300e-04
1.761000e+04 4.461260e-04
1.762000e+04 4.327920e-04
1.763000e+04 4.191290e-04
1.764000e+04 4.051420e-04
1.765000e+04 3.908320e-04
1.766000e+04 3.757920e-04
1.767000e+04 3.608630e-04
1.768000e+04 3.456200e-04
1.769000e+04 3.300670e-04
1.770000e+04 3.138590e-04
1.771000e+04 2.977120e-04
1.772000e+04 2.812620e-04
1.773000e+04 2.645140e-04
1.774000e+04 2.471950e-04
1.775000e+04 2.298780e-04
1.776000e+04 2.122700e-04
1.777000e+04 1.943760e-04
1.778000e+04 1.760000e-04
1.779000e+04 1.575610e-04
1.780000e+04 1.388450e-04
1.781000e+04 1.344250e-04
1.782000e+04 1.300880e-04
1.783000e+04 1.255320e-04
1.784000e+04 1.210490e-04
1.785000e+04 1.164940e-04
1.786000e+04 1.117360e-04
1.787000e+04 1.070410e-04
1.788000e+04 1.021560e-04
1.789000e+04 9.732440e-05
