# # Wavelength(Angstrom)  Transmission
1.241000e+04 9.950130e-05
1.242000e+04 1.081880e-04
1.243000e+04 1.167990e-04
1.243940e+04 1.249020e-04
1.244000e+04 1.261280e-04
1.244140e+04 1.290090e-04
1.244340e+04 2.866710e-04
1.244540e+04 2.907920e-04
1.244741e+04 1.925110e-04
1.244941e+04 2.478060e-04
1.245000e+04 2.490300e-04
1.245141e+04 2.519550e-04
1.245341e+04 4.097790e-04
1.245541e+04 2.582330e-04
1.245741e+04 2.603490e-04
1.245941e+04 5.698630e-04
1.246000e+04 5.553340e-04
1.246141e+04 5.206910e-04
1.246341e+04 6.253930e-04
1.246541e+04 7.814220e-04
1.246741e+04 7.835380e-04
1.246941e+04 1.041730e-03
1.247000e+04 1.163230e-03
1.247141e+04 1.454430e-03
1.247341e+04 1.866690e-03
1.247541e+04 2.228200e-03
1.247741e+04 2.794590e-03
1.247941e+04 3.515090e-03
1.248000e+04 3.801590e-03
1.248141e+04 4.491900e-03
1.248341e+04 6.341250e-03
1.248542e+04 8.447140e-03
1.248742e+04 1.147780e-02
1.248942e+04 1.548470e-02
1.249000e+04 1.710240e-02
1.249142e+04 2.103050e-02
1.249342e+04 2.848620e-02
1.249542e+04 3.917320e-02
1.249742e+04 5.269290e-02
1.249942e+04 7.101170e-02
1.250000e+04 7.745610e-02
1.250142e+04 9.318320e-02
1.250342e+04 1.202890e-01
1.250542e+04 1.506370e-01
1.250742e+04 1.856160e-01
1.250942e+04 2.232720e-01
1.251000e+04 2.339770e-01
1.251142e+04 2.602620e-01
1.251342e+04 2.950430e-01
1.251542e+04 3.295700e-01
1.251742e+04 3.582350e-01
1.251942e+04 3.823240e-01
1.252000e+04 3.878230e-01
1.252142e+04 4.014240e-01
1.252342e+04 4.156900e-01
1.252543e+04 4.257380e-01
1.252743e+04 4.326480e-01
1.252943e+04 4.373460e-01
1.253000e+04 4.382650e-01
1.253143e+04 4.406050e-01
1.253343e+04 4.428060e-01
1.253543e+04 4.451620e-01
1.253743e+04 4.470030e-01
1.253943e+04 4.488970e-01
1.254000e+04 4.493490e-01
1.254143e+04 4.504290e-01
1.254343e+04 4.521970e-01
1.254543e+04 4.536050e-01
1.254743e+04 4.547040e-01
1.254943e+04 4.557510e-01
1.255000e+04 4.561650e-01
1.255143e+04 4.572100e-01
1.255343e+04 4.586180e-01
1.255543e+04 4.594080e-01
1.255743e+04 4.600950e-01
1.255943e+04 4.608850e-01
1.256000e+04 4.610360e-01
1.256144e+04 4.614730e-01
1.256344e+04 4.618760e-01
1.256544e+04 4.621770e-01
1.256744e+04 4.626320e-01
1.256944e+04 4.630360e-01
1.257000e+04 4.630920e-01
1.257144e+04 4.631780e-01
1.257344e+04 4.631950e-01
1.257544e+04 4.629030e-01
1.257744e+04 4.626630e-01
1.257944e+04 4.625770e-01
1.258000e+04 4.625960e-01
1.258144e+04 4.626450e-01
1.258344e+04 4.625600e-01
1.258544e+04 4.627830e-01
1.258744e+04 4.628000e-01
1.258944e+04 4.626110e-01
1.259000e+04 4.626020e-01
1.259144e+04 4.625770e-01
1.259344e+04 4.624390e-01
1.259545e+04 4.623020e-01
1.259745e+04 4.620090e-01
1.259945e+04 4.618720e-01
1.260000e+04 4.618190e-01
1.260145e+04 4.617350e-01
1.260345e+04 4.612060e-01
1.260545e+04 4.608830e-01
1.260745e+04 4.605080e-01
1.260945e+04 4.601850e-01
1.261000e+04 4.600960e-01
1.261145e+04 4.598060e-01
1.261345e+04 4.592510e-01
1.261545e+04 4.585930e-01
1.261745e+04 4.580380e-01
1.261945e+04 4.572240e-01
1.262000e+04 4.569870e-01
1.262145e+04 4.563590e-01
1.262345e+04 4.555460e-01
1.262545e+04 4.545250e-01
1.262745e+04 4.530400e-01
1.262945e+04 4.510380e-01
1.263000e+04 4.503650e-01
1.263146e+04 4.485700e-01
1.263346e+04 4.453280e-01
1.263546e+04 4.417230e-01
1.263746e+04 4.373950e-01
1.263946e+04 4.318260e-01
1.264000e+04 4.298930e-01
1.264146e+04 4.247580e-01
1.264346e+04 4.163110e-01
1.264546e+04 4.060000e-01
1.264746e+04 3.935120e-01
1.264946e+04 3.779160e-01
1.265000e+04 3.728440e-01
1.265146e+04 3.591130e-01
1.265346e+04 3.365170e-01
1.265546e+04 3.141780e-01
1.265746e+04 2.865080e-01
1.265946e+04 2.575960e-01
1.266000e+04 2.488610e-01
1.266146e+04 2.251120e-01
1.266346e+04 1.938160e-01
1.266546e+04 1.618970e-01
1.266746e+04 1.338060e-01
1.266946e+04 1.079380e-01
1.267000e+04 1.021100e-01
1.267146e+04 8.615600e-02
1.267347e+04 6.654640e-02
1.267547e+04 5.153100e-02
1.267747e+04 3.922640e-02
1.267947e+04 2.945680e-02
1.268000e+04 2.740640e-02
1.268147e+04 2.175430e-02
1.268347e+04 1.632800e-02
1.268547e+04 1.214220e-02
1.268747e+04 9.146010e-03
1.268947e+04 6.661420e-03
1.269000e+04 6.306210e-03
1.269147e+04 5.320200e-03
1.269347e+04 3.976010e-03
1.269547e+04 2.942590e-03
1.269747e+04 2.375380e-03
1.269947e+04 1.808140e-03
1.270000e+04 1.740430e-03
1.270147e+04 1.551210e-03
1.270347e+04 1.449700e-03
1.270547e+04 1.033680e-03
1.270747e+04 9.280090e-04
1.270948e+04 8.223290e-04
1.271000e+04 7.538580e-04
1.271148e+04 5.611900e-04
1.271348e+04 4.039850e-04
1.271548e+04 2.465130e-04
1.271748e+04 2.444470e-04
1.271948e+04 3.460290e-04
1.272000e+04 3.184790e-04
1.272148e+04 2.403960e-04
1.273000e+04 2.317710e-04
1.274000e+04 2.214470e-04
1.275000e+04 2.111200e-04
1.275349e+04 2.075170e-04
1.276000e+04 2.007790e-04
1.277000e+04 1.904300e-04
1.278000e+04 1.802270e-04
1.279000e+04 1.698620e-04
1.280000e+04 1.594950e-04
1.280350e+04 1.558560e-04
1.281000e+04 1.491020e-04
1.282000e+04 1.388260e-04
1.283000e+04 1.284260e-04
1.284000e+04 1.180270e-04
1.285000e+04 1.076280e-04
1.286000e+04 9.731090e-05
