# # Wavelength(Angstrom)  Transmission
5.145000e+03 7.533140e-05
5.146000e+03 7.817870e-05
5.147000e+03 8.102640e-05
5.148000e+03 8.387480e-05
5.149000e+03 8.672400e-05
5.150000e+03 8.957390e-05
5.151000e+03 9.242590e-05
5.152000e+03 9.527860e-05
5.153000e+03 9.813220e-05
5.154000e+03 1.009860e-04
5.155000e+03 1.038420e-04
5.156000e+03 1.066970e-04
5.157000e+03 1.095540e-04
5.158000e+03 1.124110e-04
5.159000e+03 1.152690e-04
5.160000e+03 1.181280e-04
5.161000e+03 1.209890e-04
5.162000e+03 1.238510e-04
5.163000e+03 1.267140e-04
5.164000e+03 1.295780e-04
5.165000e+03 1.324420e-04
5.166000e+03 1.353070e-04
5.167000e+03 1.381730e-04
5.168000e+03 1.410410e-04
5.169000e+03 1.439080e-04
5.170000e+03 1.467770e-04
5.171000e+03 1.496540e-04
5.172000e+03 1.525330e-04
5.173000e+03 1.554120e-04
5.174000e+03 1.582930e-04
5.175000e+03 1.611750e-04
5.176000e+03 1.640580e-04
5.177000e+03 1.669420e-04
5.178000e+03 1.698270e-04
5.179000e+03 1.727130e-04
5.180000e+03 1.756010e-04
5.181000e+03 1.946770e-04
5.182000e+03 2.137590e-04
5.183000e+03 2.328470e-04
5.184000e+03 2.519390e-04
5.185000e+03 2.710370e-04
5.186000e+03 2.901400e-04
5.187000e+03 3.092480e-04
5.188000e+03 3.283620e-04
5.189000e+03 3.474810e-04
5.190000e+03 3.666060e-04
5.191000e+03 3.857090e-04
5.192000e+03 4.048150e-04
5.193000e+03 4.239230e-04
5.194000e+03 4.430350e-04
5.195000e+03 4.621490e-04
5.196000e+03 4.812670e-04
5.197000e+03 5.003860e-04
5.198000e+03 5.195080e-04
5.199000e+03 5.386340e-04
5.200000e+03 5.577620e-04
5.201000e+03 5.769880e-04
5.202000e+03 5.962220e-04
5.203000e+03 6.154650e-04
5.204000e+03 6.347170e-04
5.205000e+03 6.539780e-04
5.206000e+03 6.732480e-04
5.207000e+03 6.925270e-04
5.208000e+03 7.118150e-04
5.209000e+03 7.311130e-04
5.210000e+03 7.504200e-04
5.211000e+03 7.697270e-04
5.212000e+03 7.890420e-04
5.213000e+03 8.083660e-04
5.214000e+03 8.276990e-04
5.215000e+03 8.470420e-04
5.216000e+03 8.663920e-04
5.217000e+03 8.857500e-04
5.218000e+03 9.051170e-04
5.219000e+03 9.244940e-04
5.220000e+03 9.438800e-04
5.221000e+03 1.014540e-03
5.222000e+03 1.085210e-03
5.223000e+03 1.155890e-03
5.224000e+03 1.226580e-03
5.225000e+03 1.297280e-03
5.226000e+03 1.367990e-03
5.227000e+03 1.438710e-03
5.228000e+03 1.509430e-03
5.229000e+03 1.580170e-03
5.230000e+03 1.650910e-03
5.231000e+03 1.721800e-03
5.232000e+03 1.792720e-03
5.233000e+03 1.863650e-03
5.234000e+03 1.934610e-03
5.235000e+03 2.005590e-03
5.236000e+03 2.076590e-03
5.237000e+03 2.147610e-03
5.238000e+03 2.218640e-03
5.239000e+03 2.289700e-03
5.240000e+03 2.360780e-03
5.241000e+03 2.548560e-03
5.242000e+03 2.736440e-03
5.243000e+03 2.924380e-03
5.244000e+03 3.112410e-03
5.245000e+03 3.300530e-03
5.246000e+03 3.488720e-03
5.247000e+03 3.676990e-03
5.248000e+03 3.865360e-03
5.249000e+03 4.053790e-03
5.250000e+03 4.242310e-03
5.251000e+03 4.614790e-03
5.252000e+03 4.987390e-03
5.253000e+03 5.360110e-03
5.254000e+03 5.732940e-03
5.255000e+03 6.105890e-03
5.256000e+03 6.478930e-03
5.257000e+03 6.852090e-03
5.258000e+03 7.225380e-03
5.259000e+03 7.598780e-03
5.260000e+03 7.972270e-03
5.261000e+03 8.721440e-03
5.262000e+03 9.470850e-03
5.263000e+03 1.022050e-02
5.264000e+03 1.097030e-02
5.265000e+03 1.172040e-02
5.266000e+03 1.247080e-02
5.267000e+03 1.322130e-02
5.268000e+03 1.397210e-02
5.269000e+03 1.472310e-02
5.270000e+03 1.547430e-02
5.271000e+03 1.709090e-02
5.272000e+03 1.870810e-02
5.273000e+03 2.032600e-02
5.274000e+03 2.194460e-02
5.275000e+03 2.356390e-02
5.276000e+03 2.518380e-02
5.277000e+03 2.680440e-02
5.278000e+03 2.842580e-02
5.279000e+03 3.004780e-02
5.280000e+03 3.167050e-02
5.281000e+03 3.467260e-02
5.282000e+03 3.767500e-02
5.283000e+03 4.067750e-02
5.284000e+03 4.368040e-02
5.285000e+03 4.668350e-02
5.286000e+03 4.968680e-02
5.287000e+03 5.269030e-02
5.288000e+03 5.569420e-02
5.289000e+03 5.869820e-02
5.290000e+03 6.170250e-02
5.291000e+03 6.703860e-02
5.292000e+03 7.237670e-02
5.293000e+03 7.771700e-02
5.294000e+03 8.305930e-02
5.295000e+03 8.840390e-02
5.296000e+03 9.375070e-02
5.297000e+03 9.909940e-02
5.298000e+03 1.044500e-01
5.299000e+03 1.098030e-01
5.300000e+03 1.151590e-01
5.301000e+03 1.226110e-01
5.302000e+03 1.300650e-01
5.303000e+03 1.375200e-01
5.304000e+03 1.449770e-01
5.305000e+03 1.524350e-01
5.306000e+03 1.598940e-01
5.307000e+03 1.673550e-01
5.308000e+03 1.748170e-01
5.309000e+03 1.822800e-01
5.310000e+03 1.897450e-01
5.311000e+03 1.965990e-01
5.312000e+03 2.034550e-01
5.313000e+03 2.103140e-01
5.314000e+03 2.171770e-01
5.315000e+03 2.240420e-01
5.316000e+03 2.309100e-01
5.317000e+03 2.377810e-01
5.318000e+03 2.446550e-01
5.319000e+03 2.515320e-01
5.320000e+03 2.584130e-01
5.321000e+03 2.627240e-01
5.322000e+03 2.670370e-01
5.323000e+03 2.713500e-01
5.324000e+03 2.756640e-01
5.325000e+03 2.799790e-01
5.326000e+03 2.842950e-01
5.327000e+03 2.886120e-01
5.328000e+03 2.929290e-01
5.329000e+03 2.972460e-01
5.330000e+03 3.015660e-01
5.331000e+03 3.031010e-01
5.332000e+03 3.046380e-01
5.333000e+03 3.061740e-01
5.334000e+03 3.077110e-01
5.335000e+03 3.092490e-01
5.336000e+03 3.107850e-01
5.337000e+03 3.123240e-01
5.338000e+03 3.138630e-01
5.339000e+03 3.154020e-01
5.340000e+03 3.169410e-01
5.341000e+03 3.173230e-01
5.342000e+03 3.177060e-01
5.343000e+03 3.180880e-01
5.344000e+03 3.184700e-01
5.345000e+03 3.188530e-01
5.346000e+03 3.192360e-01
5.347000e+03 3.196190e-01
5.348000e+03 3.200010e-01
5.349000e+03 3.203840e-01
5.350000e+03 3.207670e-01
5.351000e+03 3.210620e-01
5.352000e+03 3.213580e-01
5.353000e+03 3.216540e-01
5.354000e+03 3.219490e-01
5.355000e+03 3.222450e-01
5.356000e+03 3.225410e-01
5.357000e+03 3.228360e-01
5.358000e+03 3.231320e-01
5.359000e+03 3.234280e-01
5.360000e+03 3.237230e-01
5.361000e+03 3.245310e-01
5.362000e+03 3.253390e-01
5.363000e+03 3.261470e-01
5.364000e+03 3.269550e-01
5.365000e+03 3.277640e-01
5.366000e+03 3.285720e-01
5.367000e+03 3.293820e-01
5.368000e+03 3.301910e-01
5.369000e+03 3.310010e-01
5.370000e+03 3.318100e-01
5.371000e+03 3.324830e-01
5.372000e+03 3.331570e-01
5.373000e+03 3.338310e-01
5.374000e+03 3.345040e-01
5.375000e+03 3.351780e-01
5.376000e+03 3.358520e-01
5.377000e+03 3.365260e-01
5.378000e+03 3.371990e-01
5.379000e+03 3.378740e-01
5.380000e+03 3.385480e-01
5.381000e+03 3.394620e-01
5.382000e+03 3.403770e-01
5.383000e+03 3.412920e-01
5.384000e+03 3.422070e-01
5.385000e+03 3.431230e-01
5.386000e+03 3.440390e-01
5.387000e+03 3.449550e-01
5.388000e+03 3.458720e-01
5.389000e+03 3.467890e-01
5.390000e+03 3.477050e-01
5.391000e+03 3.482920e-01
5.392000e+03 3.488770e-01
5.393000e+03 3.494630e-01
5.394000e+03 3.500490e-01
5.395000e+03 3.506350e-01
5.396000e+03 3.512210e-01
5.397000e+03 3.518070e-01
5.398000e+03 3.523930e-01
5.399000e+03 3.529790e-01
5.400000e+03 3.535660e-01
5.401000e+03 3.540570e-01
5.402000e+03 3.545480e-01
5.403000e+03 3.550400e-01
5.404000e+03 3.555310e-01
5.405000e+03 3.560220e-01
5.406000e+03 3.565140e-01
5.407000e+03 3.570060e-01
5.408000e+03 3.574970e-01
5.409000e+03 3.579900e-01
5.410000e+03 3.584810e-01
5.411000e+03 3.586450e-01
5.412000e+03 3.588100e-01
5.413000e+03 3.589750e-01
5.414000e+03 3.591390e-01
5.415000e+03 3.593040e-01
5.416000e+03 3.594680e-01
5.417000e+03 3.596320e-01
5.418000e+03 3.597970e-01
5.419000e+03 3.599600e-01
5.420000e+03 3.601250e-01
5.421000e+03 3.600280e-01
5.422000e+03 3.599330e-01
5.423000e+03 3.598370e-01
5.424000e+03 3.597400e-01
5.425000e+03 3.596430e-01
5.426000e+03 3.595460e-01
5.427000e+03 3.594500e-01
5.428000e+03 3.593530e-01
5.429000e+03 3.592560e-01
5.430000e+03 3.591590e-01
5.431000e+03 3.590570e-01
5.432000e+03 3.589550e-01
5.433000e+03 3.588520e-01
5.434000e+03 3.587500e-01
5.435000e+03 3.586470e-01
5.436000e+03 3.585450e-01
5.437000e+03 3.584430e-01
5.438000e+03 3.583390e-01
5.439000e+03 3.582370e-01
5.440000e+03 3.581340e-01
5.441000e+03 3.579820e-01
5.442000e+03 3.578300e-01
5.443000e+03 3.576790e-01
5.444000e+03 3.575270e-01
5.445000e+03 3.573750e-01
5.446000e+03 3.572230e-01
5.447000e+03 3.570710e-01
5.448000e+03 3.569190e-01
5.449000e+03 3.567660e-01
5.450000e+03 3.566140e-01
5.451000e+03 3.565640e-01
5.452000e+03 3.565120e-01
5.453000e+03 3.564620e-01
5.454000e+03 3.564100e-01
5.455000e+03 3.563590e-01
5.456000e+03 3.563080e-01
5.457000e+03 3.562570e-01
5.458000e+03 3.562050e-01
5.459000e+03 3.561540e-01
5.460000e+03 3.561020e-01
5.461000e+03 3.561020e-01
5.462000e+03 3.561020e-01
5.463000e+03 3.561030e-01
5.464000e+03 3.561030e-01
5.465000e+03 3.561020e-01
5.466000e+03 3.561020e-01
5.467000e+03 3.561020e-01
5.468000e+03 3.561020e-01
5.469000e+03 3.561010e-01
5.470000e+03 3.561010e-01
5.471000e+03 3.563130e-01
5.472000e+03 3.565240e-01
5.473000e+03 3.567360e-01
5.474000e+03 3.569470e-01
5.475000e+03 3.571590e-01
5.476000e+03 3.573700e-01
5.477000e+03 3.575820e-01
5.478000e+03 3.577930e-01
5.479000e+03 3.580040e-01
5.480000e+03 3.582160e-01
5.481000e+03 3.582210e-01
5.482000e+03 3.582270e-01
5.483000e+03 3.582330e-01
5.484000e+03 3.582380e-01
5.485000e+03 3.582430e-01
5.486000e+03 3.582480e-01
5.487000e+03 3.582540e-01
5.488000e+03 3.582590e-01
5.489000e+03 3.582630e-01
5.490000e+03 3.582680e-01
5.491000e+03 3.579810e-01
5.492000e+03 3.576940e-01
5.493000e+03 3.574060e-01
5.494000e+03 3.571180e-01
5.495000e+03 3.568300e-01
5.496000e+03 3.565420e-01
5.497000e+03 3.562540e-01
5.498000e+03 3.559660e-01
5.499000e+03 3.556780e-01
5.500000e+03 3.553900e-01
5.501000e+03 3.555580e-01
5.502000e+03 3.557250e-01
5.503000e+03 3.558930e-01
5.504000e+03 3.560610e-01
5.505000e+03 3.562290e-01
5.506000e+03 3.563970e-01
5.507000e+03 3.565650e-01
5.508000e+03 3.567320e-01
5.509000e+03 3.569000e-01
5.510000e+03 3.570680e-01
5.511000e+03 3.572040e-01
5.512000e+03 3.573390e-01
5.513000e+03 3.574740e-01
5.514000e+03 3.576100e-01
5.515000e+03 3.577450e-01
5.516000e+03 3.578800e-01
5.517000e+03 3.580160e-01
5.518000e+03 3.581520e-01
5.519000e+03 3.582860e-01
5.520000e+03 3.584220e-01
5.521000e+03 3.588520e-01
5.522000e+03 3.592820e-01
5.523000e+03 3.597130e-01
5.524000e+03 3.601430e-01
5.525000e+03 3.605740e-01
5.526000e+03 3.610040e-01
5.527000e+03 3.614350e-01
5.528000e+03 3.618650e-01
5.529000e+03 3.622960e-01
5.530000e+03 3.627260e-01
5.531000e+03 3.625360e-01
5.532000e+03 3.623440e-01
5.533000e+03 3.621540e-01
5.534000e+03 3.619620e-01
5.535000e+03 3.617700e-01
5.536000e+03 3.615790e-01
5.537000e+03 3.613870e-01
5.538000e+03 3.611960e-01
5.539000e+03 3.610040e-01
5.540000e+03 3.608120e-01
5.541000e+03 3.612830e-01
5.542000e+03 3.617540e-01
5.543000e+03 3.622250e-01
5.544000e+03 3.626950e-01
5.545000e+03 3.631660e-01
5.546000e+03 3.636360e-01
5.547000e+03 3.641070e-01
5.548000e+03 3.645770e-01
5.549000e+03 3.650470e-01
5.550000e+03 3.655190e-01
5.551000e+03 3.652040e-01
5.552000e+03 3.648890e-01
5.553000e+03 3.645740e-01
5.554000e+03 3.642590e-01
5.555000e+03 3.639430e-01
5.556000e+03 3.636290e-01
5.557000e+03 3.633140e-01
5.558000e+03 3.629980e-01
5.559000e+03 3.626820e-01
5.560000e+03 3.623650e-01
5.561000e+03 3.623900e-01
5.562000e+03 3.624150e-01
5.563000e+03 3.624400e-01
5.564000e+03 3.624640e-01
5.565000e+03 3.624890e-01
5.566000e+03 3.625130e-01
5.567000e+03 3.625380e-01
5.568000e+03 3.625620e-01
5.569000e+03 3.625860e-01
5.570000e+03 3.626110e-01
5.571000e+03 3.624690e-01
5.572000e+03 3.623270e-01
5.573000e+03 3.621850e-01
5.574000e+03 3.620430e-01
5.575000e+03 3.619010e-01
5.576000e+03 3.617600e-01
5.577000e+03 3.616180e-01
5.578000e+03 3.614760e-01
5.579000e+03 3.613330e-01
5.580000e+03 3.611900e-01
5.581000e+03 3.608400e-01
5.582000e+03 3.604880e-01
5.583000e+03 3.601380e-01
5.584000e+03 3.597870e-01
5.585000e+03 3.594350e-01
5.586000e+03 3.590840e-01
5.587000e+03 3.587320e-01
5.588000e+03 3.583800e-01
5.589000e+03 3.580280e-01
5.590000e+03 3.576770e-01
5.591000e+03 3.575530e-01
5.592000e+03 3.574300e-01
5.593000e+03 3.573070e-01
5.594000e+03 3.571840e-01
5.595000e+03 3.570610e-01
5.596000e+03 3.569370e-01
5.597000e+03 3.568140e-01
5.598000e+03 3.566900e-01
5.599000e+03 3.565660e-01
5.600000e+03 3.564420e-01
5.601000e+03 3.564160e-01
5.602000e+03 3.563890e-01
5.603000e+03 3.563620e-01
5.604000e+03 3.563350e-01
5.605000e+03 3.563090e-01
5.606000e+03 3.562810e-01
5.607000e+03 3.562550e-01
5.608000e+03 3.562270e-01
5.609000e+03 3.562000e-01
5.610000e+03 3.561720e-01
5.611000e+03 3.562010e-01
5.612000e+03 3.562310e-01
5.613000e+03 3.562590e-01
5.614000e+03 3.562880e-01
5.615000e+03 3.563170e-01
5.616000e+03 3.563460e-01
5.617000e+03 3.563730e-01
5.618000e+03 3.564030e-01
5.619000e+03 3.564310e-01
5.620000e+03 3.564600e-01
5.621000e+03 3.566860e-01
5.622000e+03 3.569140e-01
5.623000e+03 3.571400e-01
5.624000e+03 3.573680e-01
5.625000e+03 3.575950e-01
5.626000e+03 3.578230e-01
5.627000e+03 3.580500e-01
5.628000e+03 3.582770e-01
5.629000e+03 3.585050e-01
5.630000e+03 3.587320e-01
5.631000e+03 3.589640e-01
5.632000e+03 3.591970e-01
5.633000e+03 3.594290e-01
5.634000e+03 3.596610e-01
5.635000e+03 3.598940e-01
5.636000e+03 3.601270e-01
5.637000e+03 3.603590e-01
5.638000e+03 3.605920e-01
5.639000e+03 3.608240e-01
5.640000e+03 3.610570e-01
5.641000e+03 3.611190e-01
5.642000e+03 3.611820e-01
5.643000e+03 3.612460e-01
5.644000e+03 3.613090e-01
5.645000e+03 3.613720e-01
5.646000e+03 3.614350e-01
5.647000e+03 3.614970e-01
5.648000e+03 3.615600e-01
5.649000e+03 3.616230e-01
5.650000e+03 3.616870e-01
5.651000e+03 3.619970e-01
5.652000e+03 3.623080e-01
5.653000e+03 3.626190e-01
5.654000e+03 3.629300e-01
5.655000e+03 3.632410e-01
5.656000e+03 3.635520e-01
5.657000e+03 3.638630e-01
5.658000e+03 3.641740e-01
5.659000e+03 3.644860e-01
5.660000e+03 3.647980e-01
5.661000e+03 3.648820e-01
5.662000e+03 3.649670e-01
5.663000e+03 3.650530e-01
5.664000e+03 3.651380e-01
5.665000e+03 3.652240e-01
5.666000e+03 3.653090e-01
5.667000e+03 3.653940e-01
5.668000e+03 3.654790e-01
5.669000e+03 3.655650e-01
5.670000e+03 3.656500e-01
5.671000e+03 3.655600e-01
5.672000e+03 3.654700e-01
5.673000e+03 3.653810e-01
5.674000e+03 3.652910e-01
5.675000e+03 3.652020e-01
5.676000e+03 3.651110e-01
5.677000e+03 3.650220e-01
5.678000e+03 3.649320e-01
5.679000e+03 3.648430e-01
5.680000e+03 3.647530e-01
5.681000e+03 3.643650e-01
5.682000e+03 3.639760e-01
5.683000e+03 3.635880e-01
5.684000e+03 3.632000e-01
5.685000e+03 3.628110e-01
5.686000e+03 3.624210e-01
5.687000e+03 3.620330e-01
5.688000e+03 3.616440e-01
5.689000e+03 3.612540e-01
5.690000e+03 3.608650e-01
5.691000e+03 3.605840e-01
5.692000e+03 3.603020e-01
5.693000e+03 3.600210e-01
5.694000e+03 3.597390e-01
5.695000e+03 3.594580e-01
5.696000e+03 3.591760e-01
5.697000e+03 3.588940e-01
5.698000e+03 3.586130e-01
5.699000e+03 3.583300e-01
5.700000e+03 3.580490e-01
5.701000e+03 3.577020e-01
5.702000e+03 3.573540e-01
5.703000e+03 3.570070e-01
5.704000e+03 3.566590e-01
5.705000e+03 3.563110e-01
5.706000e+03 3.559630e-01
5.707000e+03 3.556160e-01
5.708000e+03 3.552670e-01
5.709000e+03 3.549190e-01
5.710000e+03 3.545710e-01
5.711000e+03 3.547330e-01
5.712000e+03 3.548940e-01
5.713000e+03 3.550560e-01
5.714000e+03 3.552170e-01
5.715000e+03 3.553800e-01
5.716000e+03 3.555430e-01
5.717000e+03 3.557050e-01
5.718000e+03 3.558670e-01
5.719000e+03 3.560300e-01
5.720000e+03 3.561930e-01
5.721000e+03 3.561390e-01
5.722000e+03 3.560880e-01
5.723000e+03 3.560340e-01
5.724000e+03 3.559810e-01
5.725000e+03 3.559280e-01
5.726000e+03 3.558760e-01
5.727000e+03 3.558230e-01
5.728000e+03 3.557720e-01
5.729000e+03 3.557190e-01
5.730000e+03 3.556670e-01
5.731000e+03 3.559990e-01
5.732000e+03 3.563310e-01
5.733000e+03 3.566640e-01
5.734000e+03 3.569960e-01
5.735000e+03 3.573290e-01
5.736000e+03 3.576620e-01
5.737000e+03 3.579950e-01
5.738000e+03 3.583290e-01
5.739000e+03 3.586620e-01
5.740000e+03 3.589960e-01
5.741000e+03 3.590910e-01
5.742000e+03 3.591880e-01
5.743000e+03 3.592830e-01
5.744000e+03 3.593790e-01
5.745000e+03 3.594750e-01
5.746000e+03 3.595710e-01
5.747000e+03 3.596670e-01
5.748000e+03 3.597640e-01
5.749000e+03 3.598600e-01
5.750000e+03 3.599560e-01
5.751000e+03 3.595010e-01
5.752000e+03 3.590470e-01
5.753000e+03 3.585900e-01
5.754000e+03 3.581340e-01
5.755000e+03 3.576790e-01
5.756000e+03 3.572230e-01
5.757000e+03 3.567670e-01
5.758000e+03 3.563100e-01
5.759000e+03 3.558540e-01
5.760000e+03 3.553980e-01
5.761000e+03 3.543700e-01
5.762000e+03 3.533430e-01
5.763000e+03 3.523160e-01
5.764000e+03 3.512880e-01
5.765000e+03 3.502610e-01
5.766000e+03 3.492330e-01
5.767000e+03 3.482070e-01
5.768000e+03 3.471800e-01
5.769000e+03 3.461530e-01
5.770000e+03 3.451260e-01
5.771000e+03 3.441580e-01
5.772000e+03 3.431890e-01
5.773000e+03 3.422200e-01
5.774000e+03 3.412510e-01
5.775000e+03 3.402810e-01
5.776000e+03 3.393110e-01
5.777000e+03 3.383400e-01
5.778000e+03 3.373700e-01
5.779000e+03 3.363990e-01
5.780000e+03 3.354270e-01
5.781000e+03 3.348400e-01
5.782000e+03 3.342520e-01
5.783000e+03 3.336650e-01
5.784000e+03 3.330770e-01
5.785000e+03 3.324900e-01
5.786000e+03 3.319030e-01
5.787000e+03 3.313150e-01
5.788000e+03 3.307270e-01
5.789000e+03 3.301400e-01
5.790000e+03 3.295520e-01
5.791000e+03 3.294250e-01
5.792000e+03 3.292990e-01
5.793000e+03 3.291720e-01
5.794000e+03 3.290460e-01
5.795000e+03 3.289190e-01
5.796000e+03 3.287920e-01
5.797000e+03 3.286660e-01
5.798000e+03 3.285400e-01
5.799000e+03 3.284130e-01
5.800000e+03 3.282870e-01
5.801000e+03 3.286770e-01
5.802000e+03 3.290670e-01
5.803000e+03 3.294570e-01
5.804000e+03 3.298470e-01
5.805000e+03 3.302380e-01
5.806000e+03 3.306280e-01
5.807000e+03 3.310190e-01
5.808000e+03 3.314100e-01
5.809000e+03 3.318010e-01
5.810000e+03 3.321920e-01
5.811000e+03 3.326640e-01
5.812000e+03 3.331370e-01
5.813000e+03 3.336100e-01
5.814000e+03 3.340820e-01
5.815000e+03 3.345560e-01
5.816000e+03 3.350300e-01
5.817000e+03 3.355040e-01
5.818000e+03 3.359780e-01
5.819000e+03 3.364520e-01
5.820000e+03 3.369280e-01
5.821000e+03 3.366440e-01
5.822000e+03 3.363610e-01
5.823000e+03 3.360770e-01
5.824000e+03 3.357940e-01
5.825000e+03 3.355110e-01
5.826000e+03 3.352270e-01
5.827000e+03 3.349440e-01
5.828000e+03 3.346600e-01
5.829000e+03 3.343770e-01
5.830000e+03 3.340940e-01
5.831000e+03 3.305950e-01
5.832000e+03 3.270960e-01
5.833000e+03 3.235960e-01
5.834000e+03 3.200970e-01
5.835000e+03 3.165960e-01
5.836000e+03 3.130960e-01
5.837000e+03 3.095940e-01
5.838000e+03 3.060930e-01
5.839000e+03 3.025910e-01
5.840000e+03 2.990890e-01
5.841000e+03 2.921300e-01
5.842000e+03 2.851700e-01
5.843000e+03 2.782090e-01
5.844000e+03 2.712450e-01
5.845000e+03 2.642810e-01
5.846000e+03 2.573140e-01
5.847000e+03 2.503460e-01
5.848000e+03 2.433760e-01
5.849000e+03 2.364050e-01
5.850000e+03 2.294310e-01
5.851000e+03 2.212750e-01
5.852000e+03 2.131180e-01
5.853000e+03 2.049600e-01
5.854000e+03 1.968020e-01
5.855000e+03 1.886410e-01
5.856000e+03 1.804810e-01
5.857000e+03 1.723190e-01
5.858000e+03 1.641570e-01
5.859000e+03 1.559930e-01
5.860000e+03 1.478290e-01
5.861000e+03 1.416740e-01
5.862000e+03 1.355170e-01
5.863000e+03 1.293570e-01
5.864000e+03 1.231950e-01
5.865000e+03 1.170300e-01
5.866000e+03 1.108630e-01
5.867000e+03 1.046930e-01
5.868000e+03 9.852100e-02
5.869000e+03 9.234620e-02
5.870000e+03 8.616900e-02
5.871000e+03 8.239790e-02
5.872000e+03 7.862630e-02
5.873000e+03 7.485440e-02
5.874000e+03 7.108210e-02
5.875000e+03 6.730930e-02
5.876000e+03 6.353630e-02
5.877000e+03 5.976270e-02
5.878000e+03 5.598870e-02
5.879000e+03 5.221430e-02
5.880000e+03 4.843940e-02
5.881000e+03 4.631620e-02
5.882000e+03 4.419230e-02
5.883000e+03 4.206760e-02
5.884000e+03 3.994220e-02
5.885000e+03 3.781610e-02
5.886000e+03 3.568930e-02
5.887000e+03 3.356170e-02
5.888000e+03 3.143340e-02
5.889000e+03 2.930430e-02
5.890000e+03 2.717450e-02
5.891000e+03 2.603940e-02
5.892000e+03 2.490380e-02
5.893000e+03 2.376770e-02
5.894000e+03 2.263110e-02
5.895000e+03 2.149410e-02
5.896000e+03 2.035650e-02
5.897000e+03 1.921850e-02
5.898000e+03 1.807990e-02
5.899000e+03 1.694090e-02
5.900000e+03 1.580140e-02
5.901000e+03 1.517650e-02
5.902000e+03 1.455130e-02
5.903000e+03 1.392620e-02
5.904000e+03 1.330080e-02
5.905000e+03 1.267530e-02
5.906000e+03 1.204970e-02
5.907000e+03 1.142400e-02
5.908000e+03 1.079810e-02
5.909000e+03 1.017210e-02
5.910000e+03 9.545950e-03
5.911000e+03 9.194930e-03
5.912000e+03 8.843880e-03
5.913000e+03 8.492750e-03
5.914000e+03 8.141590e-03
5.915000e+03 7.790400e-03
5.916000e+03 7.439140e-03
5.917000e+03 7.087840e-03
5.918000e+03 6.736490e-03
5.919000e+03 6.385090e-03
5.920000e+03 6.033640e-03
5.921000e+03 5.796970e-03
5.922000e+03 5.560190e-03
5.923000e+03 5.323320e-03
5.924000e+03 5.086320e-03
5.925000e+03 4.849240e-03
5.926000e+03 4.612030e-03
5.927000e+03 4.374730e-03
5.928000e+03 4.137310e-03
5.929000e+03 3.899790e-03
5.930000e+03 3.662170e-03
5.931000e+03 3.540110e-03
5.932000e+03 3.418020e-03
5.933000e+03 3.295890e-03
5.934000e+03 3.173720e-03
5.935000e+03 3.051520e-03
5.936000e+03 2.929270e-03
5.937000e+03 2.806980e-03
5.938000e+03 2.684660e-03
5.939000e+03 2.562280e-03
5.940000e+03 2.439880e-03
5.941000e+03 2.381110e-03
5.942000e+03 2.322340e-03
5.943000e+03 2.263540e-03
5.944000e+03 2.204740e-03
5.945000e+03 2.145910e-03
5.946000e+03 2.087070e-03
5.947000e+03 2.028210e-03
5.948000e+03 1.969330e-03
5.949000e+03 1.910440e-03
5.950000e+03 1.851540e-03
5.951000e+03 1.792690e-03
5.952000e+03 1.733820e-03
5.953000e+03 1.674920e-03
5.954000e+03 1.616010e-03
5.955000e+03 1.557080e-03
5.956000e+03 1.498120e-03
5.957000e+03 1.439140e-03
5.958000e+03 1.380140e-03
5.959000e+03 1.321120e-03
5.960000e+03 1.262080e-03
5.961000e+03 1.239900e-03
5.962000e+03 1.217720e-03
5.963000e+03 1.195520e-03
5.964000e+03 1.173310e-03
5.965000e+03 1.151090e-03
5.966000e+03 1.128860e-03
5.967000e+03 1.106620e-03
5.968000e+03 1.084370e-03
5.969000e+03 1.062100e-03
5.970000e+03 1.039830e-03
5.971000e+03 1.017440e-03
5.972000e+03 9.950480e-04
5.973000e+03 9.726460e-04
5.974000e+03 9.502400e-04
5.975000e+03 9.278250e-04
5.976000e+03 9.054030e-04
5.977000e+03 8.829740e-04
5.978000e+03 8.605380e-04
5.979000e+03 8.380970e-04
5.980000e+03 8.156470e-04
5.981000e+03 7.931550e-04
5.982000e+03 7.706600e-04
5.983000e+03 7.481580e-04
5.984000e+03 7.256520e-04
5.985000e+03 7.031390e-04
5.986000e+03 6.806210e-04
5.987000e+03 6.580990e-04
5.988000e+03 6.355730e-04
5.989000e+03 6.130390e-04
5.990000e+03 5.905020e-04
5.991000e+03 5.679910e-04
5.992000e+03 5.454720e-04
5.993000e+03 5.229460e-04
5.994000e+03 5.004110e-04
5.995000e+03 4.778710e-04
5.996000e+03 4.553210e-04
5.997000e+03 4.327640e-04
5.998000e+03 4.102000e-04
5.999000e+03 3.876270e-04
6.000000e+03 3.650480e-04
6.001000e+03 3.593900e-04
6.002000e+03 3.537300e-04
6.003000e+03 3.480690e-04
6.004000e+03 3.424060e-04
6.005000e+03 3.367400e-04
6.006000e+03 3.310730e-04
6.007000e+03 3.254050e-04
6.008000e+03 3.197340e-04
6.009000e+03 3.140610e-04
6.010000e+03 3.083880e-04
6.011000e+03 3.026920e-04
6.012000e+03 2.969940e-04
6.013000e+03 2.912970e-04
6.014000e+03 2.855980e-04
6.015000e+03 2.798980e-04
6.016000e+03 2.741970e-04
6.017000e+03 2.684950e-04
6.018000e+03 2.627920e-04
6.019000e+03 2.570870e-04
6.020000e+03 2.513820e-04
6.021000e+03 2.457000e-04
6.022000e+03 2.400160e-04
6.023000e+03 2.343290e-04
6.024000e+03 2.286400e-04
6.025000e+03 2.229490e-04
6.026000e+03 2.172560e-04
6.027000e+03 2.115610e-04
6.028000e+03 2.058640e-04
6.029000e+03 2.001640e-04
6.030000e+03 1.944630e-04
6.031000e+03 1.887700e-04
6.032000e+03 1.830760e-04
6.033000e+03 1.773780e-04
6.034000e+03 1.716780e-04
6.035000e+03 1.659740e-04
6.036000e+03 1.602680e-04
6.037000e+03 1.545590e-04
6.038000e+03 1.488460e-04
6.039000e+03 1.431310e-04
6.040000e+03 1.374130e-04
6.041000e+03 1.356220e-04
6.042000e+03 1.338310e-04
6.043000e+03 1.320400e-04
6.044000e+03 1.302480e-04
6.045000e+03 1.284550e-04
6.046000e+03 1.266630e-04
6.047000e+03 1.248700e-04
6.048000e+03 1.230770e-04
6.049000e+03 1.212830e-04
6.050000e+03 1.194890e-04
6.051000e+03 1.177010e-04
6.052000e+03 1.159130e-04
6.053000e+03 1.141240e-04
6.054000e+03 1.123350e-04
6.055000e+03 1.105450e-04
6.056000e+03 1.087540e-04
6.057000e+03 1.069630e-04
6.058000e+03 1.051720e-04
6.059000e+03 1.033800e-04
6.060000e+03 1.015870e-04
6.061000e+03 9.979590e-05
6.062000e+03 9.800390e-05
6.063000e+03 9.621190e-05
6.064000e+03 9.441880e-05
6.065000e+03 9.262530e-05
6.066000e+03 9.083120e-05
6.067000e+03 8.903630e-05
6.068000e+03 8.724120e-05
6.069000e+03 8.544510e-05
6.070000e+03 8.364860e-05
6.071000e+03 8.184660e-05
6.072000e+03 8.004420e-05
6.073000e+03 7.824150e-05
6.074000e+03 7.643820e-05
6.075000e+03 7.463490e-05
