# # Wavelength(Angstrom)  Transmission
3.747406e+06 1.000000e-04
3.747874e+06 1.000000e-04
3.748343e+06 1.000000e-04
3.748812e+06 1.000000e-04
3.749280e+06 1.000000e-04
3.749749e+06 1.000000e-04
3.750218e+06 1.000000e-04
3.750688e+06 1.000000e-04
3.751157e+06 1.000000e-04
3.751626e+06 1.000000e-04
3.752096e+06 1.000000e-04
3.752566e+06 1.000000e-04
3.753035e+06 1.000000e-04
3.753505e+06 1.000000e-04
3.753975e+06 1.000000e-04
3.754445e+06 1.000000e-04
3.754916e+06 1.000000e-04
3.755386e+06 1.000000e-04
3.755856e+06 1.000000e-04
3.756327e+06 1.000000e-04
3.756798e+06 1.000000e-04
3.757269e+06 1.000000e-04
3.757740e+06 1.000000e-04
3.758211e+06 1.000000e-04
3.758682e+06 1.000000e-04
3.759153e+06 1.000000e-04
3.759624e+06 1.000000e-04
3.760096e+06 1.000000e-04
3.760568e+06 1.000000e-04
3.761039e+06 1.000000e-04
3.761511e+06 1.000000e-04
3.761983e+06 1.000000e-04
3.762456e+06 1.000000e-04
3.762928e+06 1.000000e-04
3.763400e+06 1.000000e-04
3.763873e+06 1.000000e-04
3.764345e+06 1.000000e-04
3.764818e+06 1.000000e-04
3.765291e+06 1.000000e-04
3.765764e+06 1.000000e-04
3.766237e+06 1.000000e-04
3.766710e+06 1.000000e-04
3.767183e+06 1.000000e-04
3.767657e+06 1.000000e-04
3.768130e+06 1.000000e-04
3.768604e+06 1.000000e-04
3.769078e+06 1.000000e-04
3.769552e+06 1.000000e-04
3.770026e+06 1.000000e-04
3.770500e+06 1.000000e-04
3.770974e+06 1.000000e-04
3.771449e+06 1.000000e-04
3.771923e+06 1.000000e-04
3.772398e+06 1.000000e-04
3.772873e+06 1.000000e-04
3.773347e+06 1.000000e-04
3.773822e+06 1.000000e-04
3.774298e+06 1.000000e-04
3.774773e+06 1.000000e-04
3.775248e+06 1.000000e-04
3.775724e+06 1.000000e-04
3.776199e+06 1.000000e-04
3.776675e+06 1.000000e-04
3.777151e+06 1.000000e-04
3.777627e+06 1.000000e-04
3.778103e+06 1.000000e-04
3.778579e+06 1.000000e-04
3.779055e+06 1.000000e-04
3.779532e+06 1.000000e-04
3.780008e+06 1.000000e-04
3.780485e+06 1.000000e-04
3.780962e+06 1.000000e-04
3.781439e+06 1.000000e-04
3.781916e+06 1.000000e-04
3.782393e+06 1.000000e-04
3.782870e+06 1.000000e-04
3.783348e+06 2.000000e-04
3.783825e+06 2.000000e-04
3.784303e+06 2.000000e-04
3.784780e+06 2.000000e-04
3.785258e+06 2.000000e-04
3.785736e+06 2.000000e-04
3.786214e+06 2.000000e-04
3.786693e+06 2.000000e-04
3.787171e+06 2.000000e-04
3.787650e+06 2.000000e-04
3.788128e+06 2.000000e-04
3.788607e+06 2.000000e-04
3.789086e+06 2.000000e-04
3.789565e+06 2.000000e-04
3.790044e+06 2.000000e-04
3.790523e+06 2.000000e-04
3.791002e+06 2.000000e-04
3.791482e+06 2.000000e-04
3.791961e+06 2.000000e-04
3.792441e+06 2.000000e-04
3.792921e+06 2.000000e-04
3.793401e+06 2.000000e-04
3.793881e+06 2.000000e-04
3.794361e+06 2.000000e-04
3.794841e+06 2.000000e-04
3.795322e+06 2.000000e-04
3.795802e+06 2.000000e-04
3.796283e+06 2.000000e-04
3.796764e+06 2.000000e-04
3.797245e+06 2.000000e-04
3.797726e+06 2.000000e-04
3.798207e+06 2.000000e-04
3.798688e+06 2.000000e-04
3.799169e+06 2.000000e-04
3.799651e+06 2.000000e-04
3.800133e+06 2.000000e-04
3.800614e+06 2.000000e-04
3.801096e+06 2.000000e-04
3.801578e+06 2.000000e-04
3.802060e+06 2.000000e-04
3.802543e+06 2.000000e-04
3.803025e+06 2.000000e-04
3.803507e+06 2.000000e-04
3.803990e+06 2.000000e-04
3.804473e+06 2.000000e-04
3.804956e+06 2.000000e-04
3.805439e+06 2.000000e-04
3.805922e+06 2.000000e-04
3.806405e+06 2.000000e-04
3.806888e+06 2.000000e-04
3.807372e+06 2.000000e-04
3.807855e+06 2.000000e-04
3.808339e+06 2.000000e-04
3.808823e+06 2.000000e-04
3.809307e+06 2.000000e-04
3.809791e+06 2.000000e-04
3.810275e+06 2.000000e-04
3.810760e+06 2.000000e-04
3.811244e+06 2.000000e-04
3.811729e+06 2.000000e-04
3.812213e+06 2.000000e-04
3.812698e+06 2.000000e-04
3.813183e+06 2.000000e-04
3.813668e+06 2.000000e-04
3.814153e+06 2.000000e-04
3.814639e+06 2.000000e-04
3.815124e+06 2.000000e-04
3.815610e+06 2.000000e-04
3.816095e+06 2.000000e-04
3.816581e+06 2.000000e-04
3.817067e+06 2.000000e-04
3.817553e+06 2.000000e-04
3.818039e+06 2.000000e-04
3.818526e+06 2.000000e-04
3.819012e+06 2.000000e-04
3.819499e+06 2.000000e-04
3.819985e+06 2.000000e-04
3.820472e+06 2.000000e-04
3.820959e+06 2.000000e-04
3.821446e+06 2.000000e-04
3.821933e+06 2.000000e-04
3.822421e+06 2.000000e-04
3.822908e+06 2.000000e-04
3.823396e+06 2.000000e-04
3.823883e+06 2.000000e-04
3.824371e+06 2.000000e-04
3.824859e+06 2.000000e-04
3.825347e+06 3.000000e-04
3.825835e+06 3.000000e-04
3.826324e+06 3.000000e-04
3.826812e+06 3.000000e-04
3.827301e+06 3.000000e-04
3.827789e+06 3.000000e-04
3.828278e+06 3.000000e-04
3.828767e+06 3.000000e-04
3.829256e+06 3.000000e-04
3.829745e+06 3.000000e-04
3.830235e+06 3.000000e-04
3.830724e+06 3.000000e-04
3.831214e+06 3.000000e-04
3.831703e+06 3.000000e-04
3.832193e+06 3.000000e-04
3.832683e+06 3.000000e-04
3.833173e+06 3.000000e-04
3.833663e+06 3.000000e-04
3.834153e+06 3.000000e-04
3.834644e+06 3.000000e-04
3.835134e+06 3.000000e-04
3.835625e+06 3.000000e-04
3.836116e+06 3.000000e-04
3.836607e+06 3.000000e-04
3.837098e+06 3.000000e-04
3.837589e+06 3.000000e-04
3.838080e+06 3.000000e-04
3.838572e+06 3.000000e-04
3.839063e+06 3.000000e-04
3.839555e+06 3.000000e-04
3.840047e+06 3.000000e-04
3.840539e+06 3.000000e-04
3.841031e+06 3.000000e-04
3.841523e+06 3.000000e-04
3.842015e+06 3.000000e-04
3.842508e+06 3.000000e-04
3.843000e+06 3.000000e-04
3.843493e+06 3.000000e-04
3.843986e+06 3.000000e-04
3.844479e+06 3.000000e-04
3.844972e+06 3.000000e-04
3.845465e+06 3.000000e-04
3.845958e+06 3.000000e-04
3.846452e+06 3.000000e-04
3.846945e+06 3.000000e-04
3.847439e+06 3.000000e-04
3.847933e+06 3.000000e-04
3.848427e+06 3.000000e-04
3.848921e+06 3.000000e-04
3.849415e+06 3.000000e-04
3.849910e+06 3.000000e-04
3.850404e+06 3.000000e-04
3.850899e+06 3.000000e-04
3.851393e+06 3.000000e-04
3.851888e+06 3.000000e-04
3.852383e+06 3.000000e-04
3.852878e+06 3.000000e-04
3.853374e+06 3.000000e-04
3.853869e+06 3.000000e-04
3.854364e+06 3.000000e-04
3.854860e+06 3.000000e-04
3.855356e+06 3.000000e-04
3.855852e+06 3.000000e-04
3.856348e+06 3.000000e-04
3.856844e+06 3.000000e-04
3.857340e+06 3.000000e-04
3.857836e+06 3.000000e-04
3.858333e+06 3.000000e-04
3.858829e+06 3.000000e-04
3.859326e+06 3.000000e-04
3.859823e+06 3.000000e-04
3.860320e+06 3.000000e-04
3.860817e+06 3.000000e-04
3.861314e+06 3.000000e-04
3.861812e+06 4.000000e-04
3.862309e+06 4.000000e-04
3.862807e+06 4.000000e-04
3.863305e+06 4.000000e-04
3.863803e+06 4.000000e-04
3.864301e+06 4.000000e-04
3.864799e+06 4.000000e-04
3.865297e+06 4.000000e-04
3.865796e+06 4.000000e-04
3.866294e+06 4.000000e-04
3.866793e+06 4.000000e-04
3.867292e+06 4.000000e-04
3.867791e+06 4.000000e-04
3.868290e+06 4.000000e-04
3.868789e+06 4.000000e-04
3.869288e+06 4.000000e-04
3.869788e+06 4.000000e-04
3.870287e+06 4.000000e-04
3.870787e+06 4.000000e-04
3.871287e+06 4.000000e-04
3.871787e+06 4.000000e-04
3.872287e+06 4.000000e-04
3.872787e+06 4.000000e-04
3.873288e+06 4.000000e-04
3.873788e+06 4.000000e-04
3.874289e+06 4.000000e-04
3.874789e+06 4.000000e-04
3.875290e+06 4.000000e-04
3.875791e+06 4.000000e-04
3.876292e+06 4.000000e-04
3.876794e+06 4.000000e-04
3.877295e+06 4.000000e-04
3.877797e+06 4.000000e-04
3.878298e+06 4.000000e-04
3.878800e+06 4.000000e-04
3.879302e+06 4.000000e-04
3.879804e+06 4.000000e-04
3.880306e+06 4.000000e-04
3.880809e+06 4.000000e-04
3.881311e+06 4.000000e-04
3.881814e+06 4.000000e-04
3.882316e+06 4.000000e-04
3.882819e+06 4.000000e-04
3.883322e+06 4.000000e-04
3.883825e+06 4.000000e-04
3.884328e+06 4.000000e-04
3.884832e+06 4.000000e-04
3.885335e+06 4.000000e-04
3.885839e+06 4.000000e-04
3.886342e+06 4.000000e-04
3.886846e+06 4.000000e-04
3.887350e+06 4.000000e-04
3.887854e+06 4.000000e-04
3.888359e+06 4.000000e-04
3.888863e+06 4.000000e-04
3.889368e+06 4.000000e-04
3.889872e+06 4.000000e-04
3.890377e+06 4.000000e-04
3.890882e+06 4.000000e-04
3.891387e+06 4.000000e-04
3.891892e+06 4.000000e-04
3.892398e+06 4.000000e-04
3.892903e+06 4.000000e-04
3.893409e+06 4.000000e-04
3.893914e+06 4.000000e-04
3.894420e+06 4.000000e-04
3.894926e+06 4.000000e-04
3.895432e+06 4.000000e-04
3.895938e+06 4.000000e-04
3.896445e+06 4.000000e-04
3.896951e+06 4.000000e-04
3.897458e+06 4.000000e-04
3.897965e+06 4.000000e-04
3.898472e+06 5.000000e-04
3.898979e+06 5.000000e-04
3.899486e+06 5.000000e-04
3.899993e+06 5.000000e-04
3.900500e+06 5.000000e-04
3.901008e+06 5.000000e-04
3.901516e+06 5.000000e-04
3.902023e+06 5.000000e-04
3.902531e+06 5.000000e-04
3.903039e+06 5.000000e-04
3.903548e+06 5.000000e-04
3.904056e+06 5.000000e-04
3.904564e+06 5.000000e-04
3.905073e+06 5.000000e-04
3.905582e+06 5.000000e-04
3.906091e+06 5.000000e-04
3.906600e+06 5.000000e-04
3.907109e+06 5.000000e-04
3.907618e+06 5.000000e-04
3.908127e+06 5.000000e-04
3.908637e+06 5.000000e-04
3.909147e+06 5.000000e-04
3.909656e+06 5.000000e-04
3.910166e+06 5.000000e-04
3.910676e+06 5.000000e-04
3.911187e+06 5.000000e-04
3.911697e+06 5.000000e-04
3.912207e+06 5.000000e-04
3.912718e+06 5.000000e-04
3.913229e+06 5.000000e-04
3.913740e+06 5.000000e-04
3.914251e+06 5.000000e-04
3.914762e+06 5.000000e-04
3.915273e+06 5.000000e-04
3.915784e+06 6.000000e-04
3.916296e+06 6.000000e-04
3.916808e+06 6.000000e-04
3.917319e+06 6.000000e-04
3.917831e+06 6.000000e-04
3.918343e+06 6.000000e-04
3.918856e+06 6.000000e-04
3.919368e+06 6.000000e-04
3.919880e+06 6.000000e-04
3.920393e+06 6.000000e-04
3.920906e+06 6.000000e-04
3.921419e+06 6.000000e-04
3.921932e+06 6.000000e-04
3.922445e+06 6.000000e-04
3.922958e+06 6.000000e-04
3.923472e+06 6.000000e-04
3.923985e+06 6.000000e-04
3.924499e+06 6.000000e-04
3.925013e+06 6.000000e-04
3.925526e+06 6.000000e-04
3.926041e+06 6.000000e-04
3.926555e+06 6.000000e-04
3.927069e+06 6.000000e-04
3.927584e+06 6.000000e-04
3.928098e+06 6.000000e-04
3.928613e+06 6.000000e-04
3.929128e+06 6.000000e-04
3.929643e+06 6.000000e-04
3.930158e+06 6.000000e-04
3.930673e+06 6.000000e-04
3.931189e+06 6.000000e-04
3.931704e+06 6.000000e-04
3.932220e+06 6.000000e-04
3.932736e+06 6.000000e-04
3.933252e+06 6.000000e-04
3.933768e+06 6.000000e-04
3.934284e+06 6.000000e-04
3.934801e+06 6.000000e-04
3.935317e+06 6.000000e-04
3.935834e+06 6.000000e-04
3.936351e+06 7.000000e-04
3.936867e+06 7.000000e-04
3.937385e+06 7.000000e-04
3.937902e+06 7.000000e-04
3.938419e+06 7.000000e-04
3.938937e+06 7.000000e-04
3.939454e+06 7.000000e-04
3.939972e+06 7.000000e-04
3.940490e+06 7.000000e-04
3.941008e+06 7.000000e-04
3.941526e+06 7.000000e-04
3.942044e+06 7.000000e-04
3.942563e+06 7.000000e-04
3.943081e+06 7.000000e-04
3.943600e+06 7.000000e-04
3.944119e+06 7.000000e-04
3.944638e+06 7.000000e-04
3.945157e+06 7.000000e-04
3.945676e+06 7.000000e-04
3.946195e+06 7.000000e-04
3.946715e+06 7.000000e-04
3.947234e+06 7.000000e-04
3.947754e+06 7.000000e-04
3.948274e+06 7.000000e-04
3.948794e+06 7.000000e-04
3.949314e+06 7.000000e-04
3.949835e+06 7.000000e-04
3.950355e+06 8.000000e-04
3.950876e+06 8.000000e-04
3.951397e+06 8.000000e-04
3.951917e+06 8.000000e-04
3.952438e+06 8.000000e-04
3.952960e+06 8.000000e-04
3.953481e+06 8.000000e-04
3.954002e+06 8.000000e-04
3.954524e+06 8.000000e-04
3.955046e+06 8.000000e-04
3.955567e+06 8.000000e-04
3.956089e+06 8.000000e-04
3.956612e+06 8.000000e-04
3.957134e+06 8.000000e-04
3.957656e+06 8.000000e-04
3.958179e+06 8.000000e-04
3.958701e+06 8.000000e-04
3.959224e+06 8.000000e-04
3.959747e+06 8.000000e-04
3.960270e+06 8.000000e-04
3.960793e+06 9.000000e-04
3.961317e+06 9.000000e-04
3.961840e+06 9.000000e-04
3.962364e+06 9.000000e-04
3.962888e+06 9.000000e-04
3.963412e+06 9.000000e-04
3.963936e+06 9.000000e-04
3.964460e+06 9.000000e-04
3.964984e+06 9.000000e-04
3.965509e+06 9.000000e-04
3.966033e+06 9.000000e-04
3.966558e+06 9.000000e-04
3.967083e+06 9.000000e-04
3.967608e+06 9.000000e-04
3.968133e+06 9.000000e-04
3.968658e+06 9.000000e-04
3.969184e+06 1.000000e-03
3.969709e+06 1.000000e-03
3.970235e+06 1.000000e-03
3.970761e+06 1.000000e-03
3.971287e+06 1.000000e-03
3.971813e+06 1.000000e-03
3.972339e+06 1.000000e-03
3.972866e+06 1.000000e-03
3.973392e+06 1.000000e-03
3.973919e+06 1.000000e-03
3.974446e+06 1.000000e-03
3.974973e+06 1.000000e-03
3.975500e+06 1.000000e-03
3.976027e+06 1.000000e-03
3.976555e+06 1.000000e-03
3.977082e+06 1.000000e-03
3.977610e+06 1.100000e-03
3.978138e+06 1.100000e-03
3.978666e+06 1.100000e-03
3.979194e+06 1.100000e-03
3.979722e+06 1.100000e-03
3.980250e+06 1.100000e-03
3.980779e+06 1.100000e-03
3.981308e+06 1.100000e-03
3.981836e+06 1.100000e-03
3.982365e+06 1.100000e-03
3.982894e+06 1.100000e-03
3.983424e+06 1.100000e-03
3.983953e+06 1.100000e-03
3.984482e+06 1.100000e-03
3.985012e+06 1.100000e-03
3.985542e+06 1.200000e-03
3.986072e+06 1.200000e-03
3.986602e+06 1.200000e-03
3.987132e+06 1.200000e-03
3.987662e+06 1.200000e-03
3.988193e+06 1.200000e-03
3.988724e+06 1.200000e-03
3.989254e+06 1.200000e-03
3.989785e+06 1.200000e-03
3.990316e+06 1.200000e-03
3.990847e+06 1.200000e-03
3.991379e+06 1.200000e-03
3.991910e+06 1.200000e-03
3.992442e+06 1.200000e-03
3.992974e+06 1.200000e-03
3.993506e+06 1.200000e-03
3.994038e+06 1.200000e-03
3.994570e+06 1.200000e-03
3.995102e+06 1.200000e-03
3.995635e+06 1.200000e-03
3.996167e+06 1.200000e-03
3.996700e+06 1.200000e-03
3.997233e+06 1.200000e-03
3.997766e+06 1.200000e-03
3.998299e+06 1.200000e-03
3.998832e+06 1.200000e-03
3.999366e+06 1.200000e-03
3.999899e+06 1.300000e-03
4.000433e+06 1.300000e-03
4.000967e+06 1.300000e-03
4.001501e+06 1.300000e-03
4.002035e+06 1.300000e-03
4.002570e+06 1.300000e-03
4.003104e+06 1.300000e-03
4.003639e+06 1.300000e-03
4.004173e+06 1.300000e-03
4.004708e+06 1.300000e-03
4.005243e+06 1.300000e-03
4.005778e+06 1.300000e-03
4.006314e+06 1.300000e-03
4.006849e+06 1.300000e-03
4.007385e+06 1.300000e-03
4.007921e+06 1.300000e-03
4.008456e+06 1.300000e-03
4.008992e+06 1.300000e-03
4.009529e+06 1.300000e-03
4.010065e+06 1.300000e-03
4.010601e+06 1.300000e-03
4.011138e+06 1.400000e-03
4.011675e+06 1.400000e-03
4.012212e+06 1.400000e-03
4.012749e+06 1.400000e-03
4.013286e+06 1.400000e-03
4.013823e+06 1.400000e-03
4.014361e+06 1.400000e-03
4.014898e+06 1.400000e-03
4.015436e+06 1.400000e-03
4.015974e+06 1.400000e-03
4.016512e+06 1.400000e-03
4.017050e+06 1.400000e-03
4.017589e+06 1.400000e-03
4.018127e+06 1.500000e-03
4.018666e+06 1.500000e-03
4.019204e+06 1.500000e-03
4.019743e+06 1.500000e-03
4.020282e+06 1.500000e-03
4.020822e+06 1.500000e-03
4.021361e+06 1.500000e-03
4.021900e+06 1.500000e-03
4.022440e+06 1.500000e-03
4.022980e+06 1.500000e-03
4.023520e+06 1.600000e-03
4.024060e+06 1.600000e-03
4.024600e+06 1.600000e-03
4.025140e+06 1.600000e-03
4.025681e+06 1.600000e-03
4.026222e+06 1.600000e-03
4.026762e+06 1.600000e-03
4.027303e+06 1.600000e-03
4.027844e+06 1.700000e-03
4.028386e+06 1.700000e-03
4.028927e+06 1.700000e-03
4.029469e+06 1.700000e-03
4.030010e+06 1.700000e-03
4.030552e+06 1.700000e-03
4.031094e+06 1.800000e-03
4.031636e+06 1.800000e-03
4.032178e+06 1.800000e-03
4.032721e+06 1.800000e-03
4.033263e+06 1.800000e-03
4.033806e+06 1.800000e-03
4.034349e+06 1.900000e-03
4.034892e+06 1.900000e-03
4.035435e+06 1.900000e-03
4.035978e+06 1.900000e-03
4.036522e+06 1.900000e-03
4.037065e+06 2.000000e-03
4.037609e+06 2.000000e-03
4.038153e+06 2.000000e-03
4.038697e+06 2.000000e-03
4.039241e+06 2.000000e-03
4.039785e+06 2.000000e-03
4.040330e+06 2.100000e-03
4.040874e+06 2.100000e-03
4.041419e+06 2.100000e-03
4.041964e+06 2.100000e-03
4.042509e+06 2.100000e-03
4.043054e+06 2.100000e-03
4.043599e+06 2.200000e-03
4.044145e+06 2.200000e-03
4.044690e+06 2.200000e-03
4.045236e+06 2.200000e-03
4.045782e+06 2.200000e-03
4.046328e+06 2.200000e-03
4.046874e+06 2.300000e-03
4.047421e+06 2.300000e-03
4.047967e+06 2.300000e-03
4.048514e+06 2.300000e-03
4.049061e+06 2.300000e-03
4.049608e+06 2.300000e-03
4.050155e+06 2.400000e-03
4.050702e+06 2.400000e-03
4.051249e+06 2.400000e-03
4.051797e+06 2.400000e-03
4.052345e+06 2.400000e-03
4.052892e+06 2.400000e-03
4.053440e+06 2.400000e-03
4.053989e+06 2.500000e-03
4.054537e+06 2.500000e-03
4.055085e+06 2.500000e-03
4.055634e+06 2.500000e-03
4.056183e+06 2.500000e-03
4.056732e+06 2.500000e-03
4.057281e+06 2.600000e-03
4.057830e+06 2.600000e-03
4.058379e+06 2.600000e-03
4.058928e+06 2.600000e-03
4.059478e+06 2.600000e-03
4.060028e+06 2.600000e-03
4.060578e+06 2.700000e-03
4.061128e+06 2.700000e-03
4.061678e+06 2.700000e-03
4.062228e+06 2.700000e-03
4.062779e+06 2.700000e-03
4.063330e+06 2.800000e-03
4.063880e+06 2.800000e-03
4.064431e+06 2.800000e-03
4.064982e+06 2.800000e-03
4.065534e+06 2.800000e-03
4.066085e+06 2.900000e-03
4.066637e+06 2.900000e-03
4.067188e+06 2.900000e-03
4.067740e+06 2.900000e-03
4.068292e+06 3.000000e-03
4.068844e+06 3.000000e-03
4.069397e+06 3.000000e-03
4.069949e+06 3.000000e-03
4.070502e+06 3.000000e-03
4.071055e+06 3.100000e-03
4.071607e+06 3.100000e-03
4.072161e+06 3.100000e-03
4.072714e+06 3.100000e-03
4.073267e+06 3.200000e-03
4.073821e+06 3.200000e-03
4.074374e+06 3.200000e-03
4.074928e+06 3.200000e-03
4.075482e+06 3.300000e-03
4.076036e+06 3.300000e-03
4.076590e+06 3.300000e-03
4.077145e+06 3.300000e-03
4.077699e+06 3.400000e-03
4.078254e+06 3.400000e-03
4.078809e+06 3.400000e-03
4.079364e+06 3.400000e-03
4.079919e+06 3.500000e-03
4.080474e+06 3.500000e-03
4.081030e+06 3.500000e-03
4.081586e+06 3.600000e-03
4.082141e+06 3.600000e-03
4.082697e+06 3.600000e-03
4.083253e+06 3.700000e-03
4.083810e+06 3.700000e-03
4.084366e+06 3.700000e-03
4.084922e+06 3.800000e-03
4.085479e+06 3.800000e-03
4.086036e+06 3.800000e-03
4.086593e+06 3.900000e-03
4.087150e+06 3.900000e-03
4.087707e+06 3.900000e-03
4.088265e+06 4.000000e-03
4.088822e+06 4.000000e-03
4.089380e+06 4.000000e-03
4.089938e+06 4.100000e-03
4.090496e+06 4.100000e-03
4.091054e+06 4.200000e-03
4.091613e+06 4.200000e-03
4.092171e+06 4.200000e-03
4.092730e+06 4.300000e-03
4.093289e+06 4.300000e-03
4.093848e+06 4.300000e-03
4.094407e+06 4.400000e-03
4.094966e+06 4.400000e-03
4.095525e+06 4.500000e-03
4.096085e+06 4.500000e-03
4.096645e+06 4.500000e-03
4.097205e+06 4.600000e-03
4.097765e+06 4.600000e-03
4.098325e+06 4.600000e-03
4.098885e+06 4.700000e-03
4.099446e+06 4.700000e-03
4.100006e+06 4.800000e-03
4.100567e+06 4.800000e-03
4.101128e+06 4.800000e-03
4.101689e+06 4.900000e-03
4.102250e+06 4.900000e-03
4.102812e+06 4.900000e-03
4.103373e+06 5.000000e-03
4.103935e+06 5.000000e-03
4.104497e+06 5.000000e-03
4.105059e+06 5.100000e-03
4.105621e+06 5.100000e-03
4.106184e+06 5.200000e-03
4.106746e+06 5.200000e-03
4.107309e+06 5.200000e-03
4.107871e+06 5.300000e-03
4.108434e+06 5.300000e-03
4.108998e+06 5.300000e-03
4.109561e+06 5.400000e-03
4.110124e+06 5.400000e-03
4.110688e+06 5.400000e-03
4.111251e+06 5.500000e-03
4.111815e+06 5.500000e-03
4.112379e+06 5.500000e-03
4.112944e+06 5.600000e-03
4.113508e+06 5.600000e-03
4.114072e+06 5.700000e-03
4.114637e+06 5.700000e-03
4.115202e+06 5.700000e-03
4.115767e+06 5.800000e-03
4.116332e+06 5.800000e-03
4.116897e+06 5.900000e-03
4.117463e+06 5.900000e-03
4.118028e+06 6.000000e-03
4.118594e+06 6.000000e-03
4.119160e+06 6.000000e-03
4.119726e+06 6.100000e-03
4.120292e+06 6.100000e-03
4.120859e+06 6.200000e-03
4.121425e+06 6.200000e-03
4.121992e+06 6.200000e-03
4.122559e+06 6.300000e-03
4.123126e+06 6.300000e-03
4.123693e+06 6.400000e-03
4.124260e+06 6.400000e-03
4.124827e+06 6.500000e-03
4.125395e+06 6.500000e-03
4.125963e+06 6.500000e-03
4.126531e+06 6.600000e-03
4.127099e+06 6.600000e-03
4.127667e+06 6.700000e-03
4.128235e+06 6.700000e-03
4.128804e+06 6.800000e-03
4.129373e+06 6.800000e-03
4.129942e+06 6.900000e-03
4.130511e+06 6.900000e-03
4.131080e+06 7.000000e-03
4.131649e+06 7.000000e-03
4.132219e+06 7.100000e-03
4.132788e+06 7.100000e-03
4.133358e+06 7.200000e-03
4.133928e+06 7.200000e-03
4.134498e+06 7.300000e-03
4.135068e+06 7.300000e-03
4.135639e+06 7.400000e-03
4.136209e+06 7.400000e-03
4.136780e+06 7.500000e-03
4.137351e+06 7.500000e-03
4.137922e+06 7.600000e-03
4.138493e+06 7.600000e-03
4.139065e+06 7.700000e-03
4.139636e+06 7.700000e-03
4.140208e+06 7.800000e-03
4.140780e+06 7.900000e-03
4.141352e+06 7.900000e-03
4.141924e+06 8.000000e-03
4.142496e+06 8.100000e-03
4.143069e+06 8.100000e-03
4.143641e+06 8.200000e-03
4.144214e+06 8.200000e-03
4.144787e+06 8.300000e-03
4.145360e+06 8.400000e-03
4.145934e+06 8.400000e-03
4.146507e+06 8.500000e-03
4.147081e+06 8.600000e-03
4.147654e+06 8.600000e-03
4.148228e+06 8.700000e-03
4.148802e+06 8.800000e-03
4.149377e+06 8.800000e-03
4.149951e+06 8.900000e-03
4.150526e+06 9.000000e-03
4.151100e+06 9.000000e-03
4.151675e+06 9.100000e-03
4.152250e+06 9.200000e-03
4.152825e+06 9.300000e-03
4.153401e+06 9.300000e-03
4.153976e+06 9.400000e-03
4.154552e+06 9.500000e-03
4.155128e+06 9.500000e-03
4.155704e+06 9.600000e-03
4.156280e+06 9.700000e-03
4.156856e+06 9.800000e-03
4.157433e+06 9.800000e-03
4.158009e+06 9.900000e-03
4.158586e+06 1.000000e-02
4.159163e+06 1.010000e-02
4.159740e+06 1.020000e-02
4.160317e+06 1.020000e-02
4.160895e+06 1.030000e-02
4.161472e+06 1.040000e-02
4.162050e+06 1.050000e-02
4.162628e+06 1.060000e-02
4.163206e+06 1.070000e-02
4.163784e+06 1.070000e-02
4.164363e+06 1.080000e-02
4.164941e+06 1.090000e-02
4.165520e+06 1.100000e-02
4.166099e+06 1.110000e-02
4.166678e+06 1.120000e-02
4.167257e+06 1.130000e-02
4.167836e+06 1.140000e-02
4.168416e+06 1.150000e-02
4.168995e+06 1.160000e-02
4.169575e+06 1.170000e-02
4.170155e+06 1.180000e-02
4.170735e+06 1.190000e-02
4.171316e+06 1.200000e-02
4.171896e+06 1.210000e-02
4.172477e+06 1.220000e-02
4.173058e+06 1.230000e-02
4.173639e+06 1.240000e-02
4.174220e+06 1.250000e-02
4.174801e+06 1.260000e-02
4.175382e+06 1.270000e-02
4.175964e+06 1.280000e-02
4.176546e+06 1.300000e-02
4.177128e+06 1.310000e-02
4.177710e+06 1.320000e-02
4.178292e+06 1.330000e-02
4.178875e+06 1.340000e-02
4.179457e+06 1.350000e-02
4.180040e+06 1.360000e-02
4.180623e+06 1.380000e-02
4.181206e+06 1.390000e-02
4.181789e+06 1.400000e-02
4.182372e+06 1.410000e-02
4.182956e+06 1.420000e-02
4.183540e+06 1.440000e-02
4.184124e+06 1.450000e-02
4.184708e+06 1.460000e-02
4.185292e+06 1.470000e-02
4.185876e+06 1.490000e-02
4.186461e+06 1.500000e-02
4.187046e+06 1.510000e-02
4.187630e+06 1.530000e-02
4.188215e+06 1.540000e-02
4.188801e+06 1.550000e-02
4.189386e+06 1.570000e-02
4.189971e+06 1.580000e-02
4.190557e+06 1.590000e-02
4.191143e+06 1.610000e-02
4.191729e+06 1.620000e-02
4.192315e+06 1.640000e-02
4.192902e+06 1.650000e-02
4.193488e+06 1.670000e-02
4.194075e+06 1.680000e-02
4.194662e+06 1.700000e-02
4.195248e+06 1.710000e-02
4.195836e+06 1.730000e-02
4.196423e+06 1.750000e-02
4.197010e+06 1.760000e-02
4.197598e+06 1.780000e-02
4.198186e+06 1.790000e-02
4.198774e+06 1.810000e-02
4.199362e+06 1.820000e-02
4.199950e+06 1.840000e-02
4.200539e+06 1.860000e-02
4.201127e+06 1.880000e-02
4.201716e+06 1.900000e-02
4.202305e+06 1.920000e-02
4.202894e+06 1.930000e-02
4.203484e+06 1.950000e-02
4.204073e+06 1.970000e-02
4.204663e+06 1.990000e-02
4.205253e+06 2.010000e-02
4.205843e+06 2.030000e-02
4.206433e+06 2.050000e-02
4.207023e+06 2.070000e-02
4.207613e+06 2.090000e-02
4.208204e+06 2.110000e-02
4.208795e+06 2.130000e-02
4.209386e+06 2.150000e-02
4.209977e+06 2.170000e-02
4.210568e+06 2.200000e-02
4.211160e+06 2.220000e-02
4.211751e+06 2.240000e-02
4.212343e+06 2.260000e-02
4.212935e+06 2.290000e-02
4.213527e+06 2.310000e-02
4.214119e+06 2.330000e-02
4.214712e+06 2.360000e-02
4.215305e+06 2.380000e-02
4.215897e+06 2.400000e-02
4.216490e+06 2.420000e-02
4.217083e+06 2.450000e-02
4.217677e+06 2.470000e-02
4.218270e+06 2.490000e-02
4.218864e+06 2.520000e-02
4.219458e+06 2.550000e-02
4.220051e+06 2.580000e-02
4.220646e+06 2.610000e-02
4.221240e+06 2.640000e-02
4.221834e+06 2.660000e-02
4.222429e+06 2.690000e-02
4.223024e+06 2.720000e-02
4.223619e+06 2.750000e-02
4.224214e+06 2.780000e-02
4.224809e+06 2.810000e-02
4.225405e+06 2.840000e-02
4.226000e+06 2.860000e-02
4.226596e+06 2.890000e-02
4.227192e+06 2.920000e-02
4.227788e+06 2.960000e-02
4.228384e+06 2.990000e-02
4.228981e+06 3.030000e-02
4.229578e+06 3.060000e-02
4.230174e+06 3.100000e-02
4.230771e+06 3.140000e-02
4.231368e+06 3.170000e-02
4.231966e+06 3.210000e-02
4.232563e+06 3.240000e-02
4.233161e+06 3.280000e-02
4.233759e+06 3.320000e-02
4.234357e+06 3.350000e-02
4.234955e+06 3.390000e-02
4.235553e+06 3.420000e-02
4.236152e+06 3.460000e-02
4.236750e+06 3.500000e-02
4.237349e+06 3.550000e-02
4.237948e+06 3.590000e-02
4.238547e+06 3.630000e-02
4.239147e+06 3.680000e-02
4.239746e+06 3.720000e-02
4.240346e+06 3.770000e-02
4.240946e+06 3.810000e-02
4.241546e+06 3.860000e-02
4.242146e+06 3.900000e-02
4.242746e+06 3.940000e-02
4.243347e+06 3.990000e-02
4.243948e+06 4.030000e-02
4.244548e+06 4.080000e-02
4.245150e+06 4.120000e-02
4.245751e+06 4.170000e-02
4.246352e+06 4.220000e-02
4.246954e+06 4.270000e-02
4.247555e+06 4.330000e-02
4.248157e+06 4.380000e-02
4.248759e+06 4.430000e-02
4.249362e+06 4.480000e-02
4.249964e+06 4.530000e-02
4.250567e+06 4.590000e-02
4.251169e+06 4.640000e-02
4.251772e+06 4.690000e-02
4.252375e+06 4.740000e-02
4.252979e+06 4.790000e-02
4.253582e+06 4.840000e-02
4.254186e+06 4.900000e-02
4.254789e+06 4.950000e-02
4.255393e+06 5.010000e-02
4.255997e+06 5.070000e-02
4.256602e+06 5.140000e-02
4.257206e+06 5.200000e-02
4.257811e+06 5.260000e-02
4.258416e+06 5.320000e-02
4.259021e+06 5.380000e-02
4.259626e+06 5.440000e-02
4.260231e+06 5.510000e-02
4.260837e+06 5.570000e-02
4.261442e+06 5.630000e-02
4.262048e+06 5.690000e-02
4.262654e+06 5.750000e-02
4.263260e+06 5.810000e-02
4.263867e+06 5.870000e-02
4.264473e+06 5.950000e-02
4.265080e+06 6.020000e-02
4.265687e+06 6.090000e-02
4.266294e+06 6.170000e-02
4.266901e+06 6.240000e-02
4.267508e+06 6.320000e-02
4.268116e+06 6.390000e-02
4.268724e+06 6.460000e-02
4.269332e+06 6.540000e-02
4.269940e+06 6.610000e-02
4.270548e+06 6.690000e-02
4.271156e+06 6.760000e-02
4.271765e+06 6.830000e-02
4.272374e+06 6.910000e-02
4.272983e+06 6.980000e-02
4.273592e+06 7.070000e-02
4.274201e+06 7.160000e-02
4.274810e+06 7.250000e-02
4.275420e+06 7.340000e-02
4.276030e+06 7.430000e-02
4.276640e+06 7.520000e-02
4.277250e+06 7.620000e-02
4.277860e+06 7.710000e-02
4.278471e+06 7.800000e-02
4.279082e+06 7.890000e-02
4.279692e+06 7.990000e-02
4.280304e+06 8.080000e-02
4.280915e+06 8.170000e-02
4.281526e+06 8.260000e-02
4.282138e+06 8.350000e-02
4.282749e+06 8.460000e-02
4.283361e+06 8.570000e-02
4.283973e+06 8.680000e-02
4.284586e+06 8.800000e-02
4.285198e+06 8.910000e-02
4.285811e+06 9.020000e-02
4.286423e+06 9.140000e-02
4.287036e+06 9.250000e-02
4.287650e+06 9.360000e-02
4.288263e+06 9.480000e-02
4.288876e+06 9.590000e-02
4.289490e+06 9.710000e-02
4.290104e+06 9.820000e-02
4.290718e+06 9.940000e-02
4.291332e+06 1.005000e-01
4.291946e+06 1.017000e-01
4.292561e+06 1.030000e-01
4.293176e+06 1.043000e-01
4.293791e+06 1.056000e-01
4.294406e+06 1.069000e-01
4.295021e+06 1.082000e-01
4.295636e+06 1.095000e-01
4.296252e+06 1.108000e-01
4.296868e+06 1.121000e-01
4.297484e+06 1.134000e-01
4.298100e+06 1.147000e-01
4.298716e+06 1.160000e-01
4.299333e+06 1.173000e-01
4.299949e+06 1.186000e-01
4.300566e+06 1.198000e-01
4.301183e+06 1.212000e-01
4.301800e+06 1.227000e-01
4.302418e+06 1.242000e-01
4.303035e+06 1.258000e-01
4.303653e+06 1.273000e-01
4.304271e+06 1.289000e-01
4.304889e+06 1.304000e-01
4.305507e+06 1.320000e-01
4.306126e+06 1.335000e-01
4.306744e+06 1.351000e-01
4.307363e+06 1.366000e-01
4.307982e+06 1.382000e-01
4.308601e+06 1.398000e-01
4.309220e+06 1.413000e-01
4.309840e+06 1.429000e-01
4.310460e+06 1.444000e-01
4.311079e+06 1.461000e-01
4.311699e+06 1.478000e-01
4.312320e+06 1.495000e-01
4.312940e+06 1.513000e-01
4.313561e+06 1.530000e-01
4.314181e+06 1.547000e-01
4.314802e+06 1.564000e-01
4.315423e+06 1.581000e-01
4.316045e+06 1.598000e-01
4.316666e+06 1.615000e-01
4.317288e+06 1.632000e-01
4.317910e+06 1.649000e-01
4.318532e+06 1.666000e-01
4.319154e+06 1.684000e-01
4.319776e+06 1.701000e-01
4.320399e+06 1.718000e-01
4.321021e+06 1.736000e-01
4.321644e+06 1.754000e-01
4.322267e+06 1.772000e-01
4.322891e+06 1.790000e-01
4.323514e+06 1.807000e-01
4.324138e+06 1.825000e-01
4.324761e+06 1.843000e-01
4.325385e+06 1.861000e-01
4.326009e+06 1.878000e-01
4.326634e+06 1.896000e-01
4.327258e+06 1.914000e-01
4.327883e+06 1.931000e-01
4.328508e+06 1.949000e-01
4.329133e+06 1.967000e-01
4.329758e+06 1.984000e-01
4.330384e+06 2.002000e-01
4.331009e+06 2.020000e-01
4.331635e+06 2.038000e-01
4.332261e+06 2.056000e-01
4.332887e+06 2.074000e-01
4.333513e+06 2.092000e-01
4.334140e+06 2.110000e-01
4.334767e+06 2.128000e-01
4.335393e+06 2.145000e-01
4.336021e+06 2.163000e-01
4.336648e+06 2.181000e-01
4.337275e+06 2.199000e-01
4.337903e+06 2.216000e-01
4.338531e+06 2.234000e-01
4.339158e+06 2.252000e-01
4.339787e+06 2.272000e-01
4.340415e+06 2.291000e-01
4.341043e+06 2.311000e-01
4.341672e+06 2.331000e-01
4.342301e+06 2.350000e-01
4.342930e+06 2.370000e-01
4.343559e+06 2.390000e-01
4.344189e+06 2.410000e-01
4.344818e+06 2.429000e-01
4.345448e+06 2.449000e-01
4.346078e+06 2.469000e-01
4.346708e+06 2.489000e-01
4.347338e+06 2.508000e-01
4.347969e+06 2.528000e-01
4.348600e+06 2.548000e-01
4.349230e+06 2.569000e-01
4.349862e+06 2.591000e-01
4.350493e+06 2.612000e-01
4.351124e+06 2.634000e-01
4.351756e+06 2.655000e-01
4.352388e+06 2.677000e-01
4.353020e+06 2.699000e-01
4.353652e+06 2.720000e-01
4.354284e+06 2.742000e-01
4.354917e+06 2.764000e-01
4.355549e+06 2.785000e-01
4.356182e+06 2.807000e-01
4.356815e+06 2.829000e-01
4.357449e+06 2.851000e-01
4.358082e+06 2.873000e-01
4.358716e+06 2.893000e-01
4.359349e+06 2.913000e-01
4.359983e+06 2.933000e-01
4.360618e+06 2.953000e-01
4.361252e+06 2.972000e-01
4.361886e+06 2.992000e-01
4.362521e+06 3.012000e-01
4.363156e+06 3.032000e-01
4.363791e+06 3.052000e-01
4.364427e+06 3.072000e-01
4.365062e+06 3.091000e-01
4.365698e+06 3.111000e-01
4.366334e+06 3.131000e-01
4.366970e+06 3.151000e-01
4.367606e+06 3.171000e-01
4.368242e+06 3.191000e-01
4.368879e+06 3.211000e-01
4.369515e+06 3.231000e-01
4.370152e+06 3.250000e-01
4.370790e+06 3.270000e-01
4.371427e+06 3.290000e-01
4.372064e+06 3.310000e-01
4.372702e+06 3.330000e-01
4.373340e+06 3.350000e-01
4.373978e+06 3.370000e-01
4.374616e+06 3.391000e-01
4.375255e+06 3.411000e-01
4.375893e+06 3.431000e-01
4.376532e+06 3.451000e-01
4.377171e+06 3.471000e-01
4.377810e+06 3.490000e-01
4.378450e+06 3.505000e-01
4.379089e+06 3.521000e-01
4.379729e+06 3.536000e-01
4.380369e+06 3.552000e-01
4.381009e+06 3.567000e-01
4.381649e+06 3.583000e-01
4.382290e+06 3.598000e-01
4.382931e+06 3.614000e-01
4.383572e+06 3.629000e-01
4.384213e+06 3.645000e-01
4.384854e+06 3.660000e-01
4.385495e+06 3.676000e-01
4.386137e+06 3.691000e-01
4.386779e+06 3.707000e-01
4.387421e+06 3.722000e-01
4.388063e+06 3.730000e-01
4.388705e+06 3.738000e-01
4.389348e+06 3.747000e-01
4.389991e+06 3.755000e-01
4.390634e+06 3.763000e-01
4.391277e+06 3.771000e-01
4.391920e+06 3.779000e-01
4.392563e+06 3.787000e-01
4.393207e+06 3.795000e-01
4.393851e+06 3.803000e-01
4.394495e+06 3.811000e-01
4.395139e+06 3.819000e-01
4.395784e+06 3.827000e-01
4.396428e+06 3.835000e-01
4.397073e+06 3.843000e-01
4.397718e+06 3.847000e-01
4.398364e+06 3.851000e-01
4.399009e+06 3.854000e-01
4.399655e+06 3.858000e-01
4.400300e+06 3.861000e-01
4.400946e+06 3.864000e-01
4.401592e+06 3.868000e-01
4.402239e+06 3.871000e-01
4.402885e+06 3.874000e-01
4.403532e+06 3.878000e-01
4.404179e+06 3.881000e-01
4.404826e+06 3.884000e-01
4.405473e+06 3.887000e-01
4.406121e+06 3.891000e-01
4.406768e+06 3.894000e-01
4.407416e+06 3.897000e-01
4.408064e+06 3.899000e-01
4.408713e+06 3.901000e-01
4.409361e+06 3.903000e-01
4.410010e+06 3.905000e-01
4.410658e+06 3.908000e-01
4.411308e+06 3.910000e-01
4.411957e+06 3.912000e-01
4.412606e+06 3.914000e-01
4.413256e+06 3.916000e-01
4.413905e+06 3.918000e-01
4.414555e+06 3.921000e-01
4.415206e+06 3.923000e-01
4.415856e+06 3.925000e-01
4.416506e+06 3.927000e-01
4.417157e+06 3.930000e-01
4.417808e+06 3.934000e-01
4.418459e+06 3.938000e-01
4.419111e+06 3.942000e-01
4.419762e+06 3.946000e-01
4.420414e+06 3.950000e-01
4.421066e+06 3.954000e-01
4.421718e+06 3.958000e-01
4.422370e+06 3.962000e-01
4.423022e+06 3.966000e-01
4.423675e+06 3.970000e-01
4.424328e+06 3.974000e-01
4.424981e+06 3.978000e-01
4.425634e+06 3.982000e-01
4.426288e+06 3.986000e-01
4.426941e+06 3.990000e-01
4.427595e+06 3.991000e-01
4.428249e+06 3.992000e-01
4.428903e+06 3.994000e-01
4.429558e+06 3.995000e-01
4.430212e+06 3.996000e-01
4.430867e+06 3.998000e-01
4.431522e+06 3.999000e-01
4.432177e+06 4.000000e-01
4.432832e+06 4.002000e-01
4.433488e+06 4.003000e-01
4.434144e+06 4.004000e-01
4.434800e+06 4.006000e-01
4.435456e+06 4.007000e-01
4.436112e+06 4.008000e-01
4.436769e+06 4.010000e-01
4.437425e+06 4.012000e-01
4.438082e+06 4.014000e-01
4.438739e+06 4.016000e-01
4.439397e+06 4.018000e-01
4.440054e+06 4.020000e-01
4.440712e+06 4.022000e-01
4.441370e+06 4.024000e-01
4.442028e+06 4.026000e-01
4.442686e+06 4.029000e-01
4.443345e+06 4.031000e-01
4.444003e+06 4.033000e-01
4.444662e+06 4.035000e-01
4.445321e+06 4.037000e-01
4.445980e+06 4.039000e-01
4.446640e+06 4.041000e-01
4.447299e+06 4.042000e-01
4.447959e+06 4.043000e-01
4.448619e+06 4.044000e-01
4.449280e+06 4.044000e-01
4.449940e+06 4.045000e-01
4.450601e+06 4.046000e-01
4.451261e+06 4.047000e-01
4.451922e+06 4.047000e-01
4.452584e+06 4.048000e-01
4.453245e+06 4.049000e-01
4.453907e+06 4.050000e-01
4.454568e+06 4.050000e-01
4.455230e+06 4.051000e-01
4.455893e+06 4.052000e-01
4.456555e+06 4.053000e-01
4.457218e+06 4.052000e-01
4.457880e+06 4.051000e-01
4.458543e+06 4.049000e-01
4.459207e+06 4.048000e-01
4.459870e+06 4.046000e-01
4.460534e+06 4.045000e-01
4.461197e+06 4.043000e-01
4.461861e+06 4.042000e-01
4.462525e+06 4.040000e-01
4.463190e+06 4.039000e-01
4.463854e+06 4.037000e-01
4.464519e+06 4.036000e-01
4.465184e+06 4.034000e-01
4.465849e+06 4.032000e-01
4.466515e+06 4.031000e-01
4.467180e+06 4.031000e-01
4.467846e+06 4.033000e-01
4.468512e+06 4.034000e-01
4.469178e+06 4.036000e-01
4.469844e+06 4.038000e-01
4.470511e+06 4.040000e-01
4.471178e+06 4.042000e-01
4.471845e+06 4.044000e-01
4.472512e+06 4.046000e-01
4.473179e+06 4.048000e-01
4.473847e+06 4.050000e-01
4.474514e+06 4.052000e-01
4.475182e+06 4.054000e-01
4.475850e+06 4.056000e-01
4.476519e+06 4.057000e-01
4.477187e+06 4.059000e-01
4.477856e+06 4.054000e-01
4.478525e+06 4.049000e-01
4.479194e+06 4.045000e-01
4.479863e+06 4.040000e-01
4.480533e+06 4.036000e-01
4.481203e+06 4.031000e-01
4.481873e+06 4.026000e-01
4.482543e+06 4.022000e-01
4.483213e+06 4.017000e-01
4.483884e+06 4.013000e-01
4.484554e+06 4.008000e-01
4.485225e+06 4.003000e-01
4.485896e+06 3.999000e-01
4.486568e+06 3.994000e-01
4.487239e+06 3.990000e-01
4.487911e+06 3.988000e-01
4.488583e+06 3.986000e-01
4.489255e+06 3.984000e-01
4.489927e+06 3.982000e-01
4.490600e+06 3.981000e-01
4.491273e+06 3.979000e-01
4.491946e+06 3.977000e-01
4.492619e+06 3.975000e-01
4.493292e+06 3.974000e-01
4.493966e+06 3.972000e-01
4.494640e+06 3.970000e-01
4.495314e+06 3.968000e-01
4.495988e+06 3.967000e-01
4.496662e+06 3.965000e-01
4.497337e+06 3.963000e-01
4.498011e+06 3.961000e-01
4.498686e+06 3.960000e-01
4.499362e+06 3.958000e-01
4.500037e+06 3.956000e-01
4.500712e+06 3.955000e-01
4.501388e+06 3.953000e-01
4.502064e+06 3.951000e-01
4.502740e+06 3.950000e-01
4.503417e+06 3.948000e-01
4.504093e+06 3.946000e-01
4.504770e+06 3.945000e-01
4.505447e+06 3.943000e-01
4.506124e+06 3.941000e-01
4.506802e+06 3.940000e-01
4.507479e+06 3.938000e-01
4.508157e+06 3.937000e-01
4.508835e+06 3.935000e-01
4.509514e+06 3.934000e-01
4.510192e+06 3.932000e-01
4.510871e+06 3.931000e-01
4.511549e+06 3.929000e-01
4.512228e+06 3.928000e-01
4.512908e+06 3.926000e-01
4.513587e+06 3.925000e-01
4.514267e+06 3.923000e-01
4.514947e+06 3.922000e-01
4.515627e+06 3.921000e-01
4.516307e+06 3.919000e-01
4.516987e+06 3.918000e-01
4.517668e+06 3.916000e-01
4.518349e+06 3.915000e-01
4.519030e+06 3.916000e-01
4.519711e+06 3.917000e-01
4.520393e+06 3.919000e-01
4.521075e+06 3.920000e-01
4.521757e+06 3.921000e-01
4.522439e+06 3.922000e-01
4.523121e+06 3.923000e-01
4.523804e+06 3.924000e-01
4.524486e+06 3.925000e-01
4.525169e+06 3.927000e-01
4.525852e+06 3.928000e-01
4.526536e+06 3.929000e-01
4.527219e+06 3.930000e-01
4.527903e+06 3.931000e-01
4.528587e+06 3.932000e-01
4.529271e+06 3.927000e-01
4.529956e+06 3.921000e-01
4.530640e+06 3.916000e-01
4.531325e+06 3.911000e-01
4.532010e+06 3.905000e-01
4.532695e+06 3.900000e-01
4.533381e+06 3.895000e-01
4.534066e+06 3.889000e-01
4.534752e+06 3.884000e-01
4.535438e+06 3.879000e-01
4.536124e+06 3.873000e-01
4.536811e+06 3.868000e-01
4.537497e+06 3.863000e-01
4.538184e+06 3.857000e-01
4.538871e+06 3.852000e-01
4.539559e+06 3.848000e-01
4.540246e+06 3.844000e-01
4.540934e+06 3.840000e-01
4.541622e+06 3.835000e-01
4.542310e+06 3.831000e-01
4.542998e+06 3.827000e-01
4.543687e+06 3.823000e-01
4.544376e+06 3.819000e-01
4.545065e+06 3.815000e-01
4.545754e+06 3.811000e-01
4.546443e+06 3.807000e-01
4.547133e+06 3.803000e-01
4.547822e+06 3.798000e-01
4.548512e+06 3.794000e-01
4.549203e+06 3.790000e-01
4.549893e+06 3.783000e-01
4.550584e+06 3.774000e-01
4.551275e+06 3.765000e-01
4.551966e+06 3.756000e-01
4.552657e+06 3.747000e-01
4.553348e+06 3.738000e-01
4.554040e+06 3.729000e-01
4.554732e+06 3.720000e-01
4.555424e+06 3.711000e-01
4.556116e+06 3.702000e-01
4.556809e+06 3.693000e-01
4.557502e+06 3.684000e-01
4.558195e+06 3.675000e-01
4.558888e+06 3.666000e-01
4.559581e+06 3.656000e-01
4.560275e+06 3.646000e-01
4.560968e+06 3.634000e-01
4.561662e+06 3.622000e-01
4.562357e+06 3.609000e-01
4.563051e+06 3.597000e-01
4.563746e+06 3.584000e-01
4.564441e+06 3.572000e-01
4.565136e+06 3.560000e-01
4.565831e+06 3.547000e-01
4.566526e+06 3.535000e-01
4.567222e+06 3.523000e-01
4.567918e+06 3.510000e-01
4.568614e+06 3.498000e-01
4.569310e+06 3.486000e-01
4.570007e+06 3.474000e-01
4.570704e+06 3.461000e-01
4.571401e+06 3.448000e-01
4.572098e+06 3.434000e-01
4.572795e+06 3.421000e-01
4.573493e+06 3.408000e-01
4.574191e+06 3.394000e-01
4.574889e+06 3.381000e-01
4.575587e+06 3.368000e-01
4.576285e+06 3.354000e-01
4.576984e+06 3.341000e-01
4.577683e+06 3.328000e-01
4.578382e+06 3.315000e-01
4.579081e+06 3.301000e-01
4.579781e+06 3.288000e-01
4.580481e+06 3.275000e-01
4.581181e+06 3.262000e-01
4.581881e+06 3.249000e-01
4.582581e+06 3.236000e-01
4.583282e+06 3.223000e-01
4.583983e+06 3.210000e-01
4.584684e+06 3.198000e-01
4.585385e+06 3.185000e-01
4.586086e+06 3.172000e-01
4.586788e+06 3.159000e-01
4.587490e+06 3.147000e-01
4.588192e+06 3.134000e-01
4.588894e+06 3.121000e-01
4.589597e+06 3.108000e-01
4.590299e+06 3.095000e-01
4.591002e+06 3.083000e-01
4.591706e+06 3.070000e-01
4.592409e+06 3.060000e-01
4.593113e+06 3.051000e-01
4.593816e+06 3.042000e-01
4.594520e+06 3.033000e-01
4.595225e+06 3.024000e-01
4.595929e+06 3.015000e-01
4.596634e+06 3.005000e-01
4.597339e+06 2.996000e-01
4.598044e+06 2.987000e-01
4.598749e+06 2.978000e-01
4.599455e+06 2.968000e-01
4.600160e+06 2.959000e-01
4.600866e+06 2.950000e-01
4.601573e+06 2.940000e-01
4.602279e+06 2.931000e-01
4.602986e+06 2.920000e-01
4.603693e+06 2.907000e-01
4.604400e+06 2.894000e-01
4.605107e+06 2.881000e-01
4.605814e+06 2.868000e-01
4.606522e+06 2.855000e-01
4.607230e+06 2.842000e-01
4.607938e+06 2.829000e-01
4.608647e+06 2.815000e-01
4.609355e+06 2.802000e-01
4.610064e+06 2.789000e-01
4.610773e+06 2.776000e-01
4.611482e+06 2.763000e-01
4.612192e+06 2.750000e-01
4.612901e+06 2.736000e-01
4.613611e+06 2.722000e-01
4.614321e+06 2.707000e-01
4.615032e+06 2.692000e-01
4.615742e+06 2.677000e-01
4.616453e+06 2.662000e-01
4.617164e+06 2.646000e-01
4.617875e+06 2.631000e-01
4.618587e+06 2.616000e-01
4.619298e+06 2.600000e-01
4.620010e+06 2.585000e-01
4.620722e+06 2.570000e-01
4.621435e+06 2.554000e-01
4.622147e+06 2.539000e-01
4.622860e+06 2.523000e-01
4.623573e+06 2.508000e-01
4.624286e+06 2.492000e-01
4.624999e+06 2.476000e-01
4.625713e+06 2.459000e-01
4.626427e+06 2.442000e-01
4.627141e+06 2.426000e-01
4.627855e+06 2.409000e-01
4.628570e+06 2.392000e-01
4.629284e+06 2.376000e-01
4.629999e+06 2.359000e-01
4.630715e+06 2.342000e-01
4.631430e+06 2.325000e-01
4.632146e+06 2.309000e-01
4.632861e+06 2.292000e-01
4.633577e+06 2.275000e-01
4.634294e+06 2.258000e-01
4.635010e+06 2.242000e-01
4.635727e+06 2.224000e-01
4.636444e+06 2.206000e-01
4.637161e+06 2.188000e-01
4.637878e+06 2.170000e-01
4.638596e+06 2.152000e-01
4.639314e+06 2.134000e-01
4.640032e+06 2.117000e-01
4.640750e+06 2.099000e-01
4.641469e+06 2.081000e-01
4.642187e+06 2.063000e-01
4.642906e+06 2.046000e-01
4.643625e+06 2.028000e-01
4.644345e+06 2.010000e-01
4.645064e+06 1.992000e-01
4.645784e+06 1.975000e-01
4.646504e+06 1.958000e-01
4.647225e+06 1.942000e-01
4.647945e+06 1.926000e-01
4.648666e+06 1.910000e-01
4.649387e+06 1.894000e-01
4.650108e+06 1.878000e-01
4.650829e+06 1.862000e-01
4.651551e+06 1.846000e-01
4.652273e+06 1.830000e-01
4.652995e+06 1.814000e-01
4.653717e+06 1.798000e-01
4.654440e+06 1.782000e-01
4.655162e+06 1.766000e-01
4.655885e+06 1.750000e-01
4.656609e+06 1.734000e-01
4.657332e+06 1.719000e-01
4.658056e+06 1.705000e-01
4.658779e+06 1.692000e-01
4.659504e+06 1.678000e-01
4.660228e+06 1.664000e-01
4.660952e+06 1.650000e-01
4.661677e+06 1.636000e-01
4.662402e+06 1.623000e-01
4.663127e+06 1.609000e-01
4.663853e+06 1.595000e-01
4.664578e+06 1.581000e-01
4.665304e+06 1.567000e-01
4.666030e+06 1.554000e-01
4.666757e+06 1.540000e-01
4.667483e+06 1.526000e-01
4.668210e+06 1.512000e-01
4.668937e+06 1.500000e-01
4.669664e+06 1.488000e-01
4.670392e+06 1.476000e-01
4.671120e+06 1.464000e-01
4.671848e+06 1.452000e-01
4.672576e+06 1.440000e-01
4.673304e+06 1.427000e-01
4.674033e+06 1.415000e-01
4.674762e+06 1.403000e-01
4.675491e+06 1.391000e-01
4.676220e+06 1.378000e-01
4.676949e+06 1.366000e-01
4.677679e+06 1.354000e-01
4.678409e+06 1.341000e-01
4.679139e+06 1.329000e-01
4.679870e+06 1.318000e-01
4.680600e+06 1.307000e-01
4.681331e+06 1.297000e-01
4.682062e+06 1.286000e-01
4.682794e+06 1.275000e-01
4.683525e+06 1.264000e-01
4.684257e+06 1.253000e-01
4.684989e+06 1.243000e-01
4.685721e+06 1.232000e-01
4.686454e+06 1.221000e-01
4.687187e+06 1.210000e-01
4.687920e+06 1.199000e-01
4.688653e+06 1.188000e-01
4.689386e+06 1.177000e-01
4.690120e+06 1.166000e-01
4.690854e+06 1.156000e-01
4.691588e+06 1.147000e-01
4.692322e+06 1.138000e-01
4.693057e+06 1.128000e-01
4.693791e+06 1.119000e-01
4.694526e+06 1.110000e-01
4.695262e+06 1.100000e-01
4.695997e+06 1.091000e-01
4.696733e+06 1.081000e-01
4.697469e+06 1.072000e-01
4.698205e+06 1.062000e-01
4.698941e+06 1.053000e-01
4.699678e+06 1.043000e-01
4.700415e+06 1.033000e-01
4.701152e+06 1.024000e-01
4.701889e+06 1.014000e-01
4.702627e+06 1.004000e-01
4.703365e+06 9.940000e-02
4.704103e+06 9.840000e-02
4.704841e+06 9.740000e-02
4.705579e+06 9.640000e-02
4.706318e+06 9.540000e-02
4.707057e+06 9.440000e-02
4.707796e+06 9.340000e-02
4.708536e+06 9.240000e-02
4.709275e+06 9.130000e-02
4.710015e+06 9.030000e-02
4.710755e+06 8.930000e-02
4.711495e+06 8.830000e-02
4.712236e+06 8.730000e-02
4.712977e+06 8.640000e-02
4.713718e+06 8.540000e-02
4.714459e+06 8.450000e-02
4.715201e+06 8.350000e-02
4.715942e+06 8.260000e-02
4.716684e+06 8.160000e-02
4.717427e+06 8.070000e-02
4.718169e+06 7.980000e-02
4.718912e+06 7.880000e-02
4.719655e+06 7.790000e-02
4.720398e+06 7.700000e-02
4.721141e+06 7.600000e-02
4.721885e+06 7.510000e-02
4.722629e+06 7.420000e-02
4.723373e+06 7.320000e-02
4.724117e+06 7.230000e-02
4.724861e+06 7.150000e-02
4.725606e+06 7.060000e-02
4.726351e+06 6.980000e-02
4.727096e+06 6.900000e-02
4.727842e+06 6.820000e-02
4.728588e+06 6.730000e-02
4.729334e+06 6.650000e-02
4.730080e+06 6.570000e-02
4.730826e+06 6.480000e-02
4.731573e+06 6.400000e-02
4.732320e+06 6.320000e-02
4.733067e+06 6.240000e-02
4.733814e+06 6.150000e-02
4.734562e+06 6.070000e-02
4.735310e+06 5.990000e-02
4.736058e+06 5.910000e-02
4.736806e+06 5.840000e-02
4.737555e+06 5.770000e-02
4.738303e+06 5.690000e-02
4.739052e+06 5.620000e-02
4.739802e+06 5.550000e-02
4.740551e+06 5.470000e-02
4.741301e+06 5.400000e-02
4.742051e+06 5.330000e-02
4.742801e+06 5.250000e-02
4.743552e+06 5.180000e-02
4.744302e+06 5.110000e-02
4.745053e+06 5.030000e-02
4.745804e+06 4.960000e-02
4.746556e+06 4.890000e-02
4.747307e+06 4.820000e-02
4.748059e+06 4.770000e-02
4.748811e+06 4.710000e-02
4.749564e+06 4.650000e-02
4.750316e+06 4.590000e-02
4.751069e+06 4.540000e-02
4.751822e+06 4.480000e-02
4.752575e+06 4.420000e-02
4.753329e+06 4.360000e-02
4.754083e+06 4.310000e-02
4.754837e+06 4.250000e-02
4.755591e+06 4.190000e-02
4.756346e+06 4.130000e-02
4.757100e+06 4.080000e-02
4.757855e+06 4.020000e-02
4.758610e+06 3.970000e-02
4.759366e+06 3.920000e-02
4.760122e+06 3.870000e-02
4.760878e+06 3.830000e-02
4.761634e+06 3.780000e-02
4.762390e+06 3.740000e-02
4.763147e+06 3.690000e-02
4.763904e+06 3.650000e-02
4.764661e+06 3.600000e-02
4.765418e+06 3.550000e-02
4.766176e+06 3.510000e-02
4.766934e+06 3.460000e-02
4.767692e+06 3.420000e-02
4.768450e+06 3.370000e-02
4.769209e+06 3.320000e-02
4.769968e+06 3.280000e-02
4.770727e+06 3.240000e-02
4.771486e+06 3.210000e-02
4.772245e+06 3.170000e-02
4.773005e+06 3.140000e-02
4.773765e+06 3.100000e-02
4.774526e+06 3.060000e-02
4.775286e+06 3.030000e-02
4.776047e+06 2.990000e-02
4.776808e+06 2.950000e-02
4.777569e+06 2.920000e-02
4.778331e+06 2.880000e-02
4.779092e+06 2.840000e-02
4.779854e+06 2.810000e-02
4.780616e+06 2.770000e-02
4.781379e+06 2.740000e-02
4.782142e+06 2.700000e-02
4.782905e+06 2.670000e-02
4.783668e+06 2.640000e-02
4.784431e+06 2.610000e-02
4.785195e+06 2.580000e-02
4.785959e+06 2.540000e-02
4.786723e+06 2.510000e-02
4.787487e+06 2.480000e-02
4.788252e+06 2.450000e-02
4.789017e+06 2.420000e-02
4.789782e+06 2.390000e-02
4.790547e+06 2.350000e-02
4.791313e+06 2.320000e-02
4.792079e+06 2.290000e-02
4.792845e+06 2.260000e-02
4.793611e+06 2.230000e-02
4.794378e+06 2.200000e-02
4.795145e+06 2.180000e-02
4.795912e+06 2.150000e-02
4.796679e+06 2.120000e-02
4.797447e+06 2.090000e-02
4.798215e+06 2.070000e-02
4.798983e+06 2.040000e-02
4.799751e+06 2.010000e-02
4.800520e+06 1.980000e-02
4.801289e+06 1.960000e-02
4.802058e+06 1.930000e-02
4.802827e+06 1.900000e-02
4.803597e+06 1.870000e-02
4.804366e+06 1.850000e-02
4.805136e+06 1.820000e-02
4.805907e+06 1.800000e-02
4.806677e+06 1.780000e-02
4.807448e+06 1.760000e-02
4.808219e+06 1.740000e-02
4.808990e+06 1.720000e-02
4.809762e+06 1.700000e-02
4.810534e+06 1.680000e-02
4.811306e+06 1.660000e-02
4.812078e+06 1.640000e-02
4.812851e+06 1.620000e-02
4.813623e+06 1.600000e-02
4.814396e+06 1.580000e-02
4.815170e+06 1.560000e-02
4.815943e+06 1.540000e-02
4.816717e+06 1.520000e-02
4.817491e+06 1.510000e-02
4.818265e+06 1.490000e-02
4.819040e+06 1.480000e-02
4.819814e+06 1.460000e-02
4.820589e+06 1.450000e-02
4.821365e+06 1.440000e-02
4.822140e+06 1.420000e-02
4.822916e+06 1.410000e-02
4.823692e+06 1.400000e-02
4.824468e+06 1.380000e-02
4.825245e+06 1.370000e-02
4.826022e+06 1.350000e-02
4.826799e+06 1.340000e-02
4.827576e+06 1.330000e-02
4.828353e+06 1.310000e-02
4.829131e+06 1.310000e-02
4.829909e+06 1.300000e-02
4.830687e+06 1.290000e-02
4.831466e+06 1.280000e-02
4.832245e+06 1.280000e-02
4.833024e+06 1.270000e-02
4.833803e+06 1.260000e-02
4.834582e+06 1.250000e-02
4.835362e+06 1.240000e-02
4.836142e+06 1.240000e-02
4.836923e+06 1.230000e-02
4.837703e+06 1.220000e-02
4.838484e+06 1.210000e-02
4.839265e+06 1.210000e-02
4.840046e+06 1.200000e-02
4.840828e+06 1.200000e-02
4.841609e+06 1.190000e-02
4.842392e+06 1.190000e-02
4.843174e+06 1.190000e-02
4.843956e+06 1.180000e-02
4.844739e+06 1.180000e-02
4.845522e+06 1.180000e-02
4.846306e+06 1.170000e-02
4.847089e+06 1.170000e-02
4.847873e+06 1.160000e-02
4.848657e+06 1.160000e-02
4.849441e+06 1.160000e-02
4.850226e+06 1.150000e-02
4.851011e+06 1.150000e-02
4.851796e+06 1.150000e-02
4.852581e+06 1.150000e-02
4.853367e+06 1.140000e-02
4.854152e+06 1.140000e-02
4.854939e+06 1.140000e-02
4.855725e+06 1.140000e-02
4.856512e+06 1.140000e-02
4.857298e+06 1.140000e-02
4.858086e+06 1.140000e-02
4.858873e+06 1.130000e-02
4.859661e+06 1.130000e-02
4.860448e+06 1.130000e-02
4.861237e+06 1.130000e-02
4.862025e+06 1.130000e-02
4.862814e+06 1.130000e-02
4.863602e+06 1.130000e-02
4.864392e+06 1.130000e-02
4.865181e+06 1.120000e-02
4.865971e+06 1.120000e-02
4.866761e+06 1.120000e-02
4.867551e+06 1.120000e-02
4.868341e+06 1.120000e-02
4.869132e+06 1.120000e-02
4.869923e+06 1.110000e-02
4.870714e+06 1.110000e-02
4.871506e+06 1.110000e-02
4.872297e+06 1.110000e-02
4.873089e+06 1.110000e-02
4.873882e+06 1.110000e-02
4.874674e+06 1.100000e-02
4.875467e+06 1.100000e-02
4.876260e+06 1.100000e-02
4.877053e+06 1.100000e-02
4.877847e+06 1.100000e-02
4.878640e+06 1.090000e-02
4.879435e+06 1.090000e-02
4.880229e+06 1.090000e-02
4.881023e+06 1.090000e-02
4.881818e+06 1.080000e-02
4.882613e+06 1.080000e-02
4.883409e+06 1.080000e-02
4.884204e+06 1.080000e-02
4.885000e+06 1.070000e-02
4.885796e+06 1.070000e-02
4.886593e+06 1.070000e-02
4.887389e+06 1.070000e-02
4.888186e+06 1.070000e-02
4.888983e+06 1.060000e-02
4.889781e+06 1.060000e-02
4.890578e+06 1.060000e-02
4.891376e+06 1.060000e-02
4.892175e+06 1.060000e-02
4.892973e+06 1.050000e-02
4.893772e+06 1.050000e-02
4.894571e+06 1.050000e-02
4.895370e+06 1.050000e-02
4.896169e+06 1.050000e-02
4.896969e+06 1.050000e-02
4.897769e+06 1.040000e-02
4.898570e+06 1.040000e-02
4.899370e+06 1.040000e-02
4.900171e+06 1.040000e-02
4.900972e+06 1.040000e-02
4.901773e+06 1.030000e-02
4.902575e+06 1.030000e-02
4.903377e+06 1.030000e-02
4.904179e+06 1.030000e-02
4.904981e+06 1.030000e-02
4.905784e+06 1.030000e-02
4.906587e+06 1.020000e-02
4.907390e+06 1.020000e-02
4.908193e+06 1.020000e-02
4.908997e+06 1.020000e-02
4.909801e+06 1.020000e-02
4.910605e+06 1.010000e-02
4.911410e+06 1.010000e-02
4.912215e+06 1.010000e-02
4.913020e+06 1.010000e-02
4.913825e+06 1.010000e-02
4.914630e+06 1.000000e-02
4.915436e+06 1.000000e-02
4.916242e+06 1.000000e-02
4.917049e+06 1.000000e-02
4.917855e+06 1.000000e-02
4.918662e+06 9.900000e-03
4.919469e+06 9.900000e-03
4.920277e+06 9.900000e-03
4.921084e+06 9.900000e-03
4.921892e+06 9.900000e-03
4.922700e+06 9.800000e-03
4.923509e+06 9.800000e-03
4.924318e+06 9.800000e-03
4.925127e+06 9.800000e-03
4.925936e+06 9.800000e-03
4.926745e+06 9.700000e-03
4.927555e+06 9.700000e-03
4.928365e+06 9.700000e-03
4.929176e+06 9.700000e-03
4.929986e+06 9.600000e-03
4.930797e+06 9.600000e-03
4.931608e+06 9.600000e-03
4.932420e+06 9.600000e-03
4.933231e+06 9.500000e-03
4.934043e+06 9.500000e-03
4.934855e+06 9.500000e-03
4.935668e+06 9.500000e-03
4.936480e+06 9.400000e-03
4.937293e+06 9.400000e-03
4.938107e+06 9.400000e-03
4.938920e+06 9.400000e-03
4.939734e+06 9.300000e-03
4.940548e+06 9.300000e-03
4.941362e+06 9.300000e-03
4.942177e+06 9.300000e-03
4.942992e+06 9.200000e-03
4.943807e+06 9.200000e-03
4.944622e+06 9.200000e-03
4.945438e+06 9.200000e-03
4.946254e+06 9.100000e-03
4.947070e+06 9.100000e-03
4.947887e+06 9.100000e-03
4.948704e+06 9.100000e-03
4.949521e+06 9.000000e-03
4.950338e+06 9.000000e-03
4.951155e+06 9.000000e-03
4.951973e+06 9.000000e-03
4.952791e+06 8.900000e-03
4.953610e+06 8.900000e-03
4.954428e+06 8.900000e-03
4.955247e+06 8.800000e-03
4.956066e+06 8.800000e-03
4.956886e+06 8.800000e-03
4.957706e+06 8.800000e-03
4.958526e+06 8.700000e-03
4.959346e+06 8.700000e-03
4.960166e+06 8.700000e-03
4.960987e+06 8.600000e-03
4.961808e+06 8.600000e-03
4.962630e+06 8.600000e-03
4.963451e+06 8.600000e-03
4.964273e+06 8.500000e-03
4.965095e+06 8.500000e-03
4.965918e+06 8.500000e-03
4.966741e+06 8.400000e-03
4.967564e+06 8.400000e-03
4.968387e+06 8.400000e-03
4.969210e+06 8.300000e-03
4.970034e+06 8.300000e-03
4.970858e+06 8.300000e-03
4.971683e+06 8.200000e-03
4.972507e+06 8.200000e-03
4.973332e+06 8.200000e-03
4.974157e+06 8.100000e-03
4.974983e+06 8.100000e-03
4.975808e+06 8.100000e-03
4.976634e+06 8.100000e-03
4.977461e+06 8.000000e-03
4.978287e+06 8.000000e-03
4.979114e+06 8.000000e-03
4.979941e+06 8.000000e-03
4.980769e+06 7.900000e-03
4.981596e+06 7.900000e-03
4.982424e+06 7.900000e-03
4.983252e+06 7.800000e-03
4.984081e+06 7.800000e-03
4.984910e+06 7.800000e-03
4.985739e+06 7.800000e-03
4.986568e+06 7.700000e-03
4.987397e+06 7.700000e-03
4.988227e+06 7.700000e-03
4.989057e+06 7.700000e-03
4.989888e+06 7.600000e-03
4.990718e+06 7.600000e-03
4.991549e+06 7.600000e-03
4.992381e+06 7.500000e-03
4.993212e+06 7.500000e-03
4.994044e+06 7.500000e-03
4.994876e+06 7.500000e-03
4.995708e+06 7.400000e-03
4.996541e+06 7.400000e-03
4.997374e+06 7.400000e-03
4.998207e+06 7.300000e-03
4.999040e+06 7.300000e-03
4.999874e+06 7.300000e-03
5.000708e+06 7.200000e-03
5.001543e+06 7.200000e-03
5.002377e+06 7.200000e-03
5.003212e+06 7.200000e-03
5.004047e+06 7.100000e-03
5.004882e+06 7.100000e-03
5.005718e+06 7.100000e-03
5.006554e+06 7.000000e-03
5.007390e+06 7.000000e-03
5.008227e+06 7.000000e-03
5.009064e+06 7.000000e-03
5.009901e+06 6.900000e-03
5.010738e+06 6.900000e-03
5.011576e+06 6.900000e-03
5.012414e+06 6.800000e-03
5.013252e+06 6.800000e-03
5.014090e+06 6.800000e-03
5.014929e+06 6.800000e-03
5.015768e+06 6.800000e-03
5.016607e+06 6.700000e-03
5.017447e+06 6.700000e-03
5.018287e+06 6.700000e-03
5.019127e+06 6.700000e-03
5.019967e+06 6.600000e-03
5.020808e+06 6.600000e-03
5.021649e+06 6.600000e-03
5.022490e+06 6.600000e-03
5.023332e+06 6.600000e-03
5.024174e+06 6.500000e-03
5.025016e+06 6.500000e-03
5.025858e+06 6.500000e-03
5.026701e+06 6.500000e-03
5.027544e+06 6.500000e-03
5.028387e+06 6.400000e-03
5.029231e+06 6.400000e-03
5.030075e+06 6.400000e-03
5.030919e+06 6.400000e-03
5.031763e+06 6.400000e-03
5.032608e+06 6.300000e-03
5.033453e+06 6.300000e-03
5.034298e+06 6.300000e-03
5.035144e+06 6.300000e-03
5.035990e+06 6.200000e-03
5.036836e+06 6.200000e-03
5.037682e+06 6.200000e-03
5.038529e+06 6.200000e-03
5.039376e+06 6.200000e-03
5.040223e+06 6.100000e-03
5.041070e+06 6.100000e-03
5.041918e+06 6.100000e-03
5.042766e+06 6.100000e-03
5.043615e+06 6.000000e-03
5.044463e+06 6.000000e-03
5.045312e+06 6.000000e-03
5.046162e+06 6.000000e-03
5.047011e+06 5.900000e-03
5.047861e+06 5.900000e-03
5.048711e+06 5.900000e-03
5.049561e+06 5.900000e-03
5.050412e+06 5.800000e-03
5.051263e+06 5.800000e-03
5.052114e+06 5.800000e-03
5.052966e+06 5.800000e-03
5.053818e+06 5.800000e-03
5.054670e+06 5.700000e-03
5.055522e+06 5.700000e-03
5.056375e+06 5.700000e-03
5.057228e+06 5.700000e-03
5.058081e+06 5.700000e-03
5.058934e+06 5.600000e-03
5.059788e+06 5.600000e-03
5.060642e+06 5.600000e-03
5.061497e+06 5.600000e-03
5.062352e+06 5.600000e-03
5.063207e+06 5.500000e-03
5.064062e+06 5.500000e-03
5.064917e+06 5.500000e-03
5.065773e+06 5.500000e-03
5.066629e+06 5.500000e-03
5.067486e+06 5.400000e-03
5.068342e+06 5.400000e-03
5.069199e+06 5.400000e-03
5.070057e+06 5.400000e-03
5.070914e+06 5.300000e-03
5.071772e+06 5.300000e-03
5.072630e+06 5.300000e-03
5.073489e+06 5.300000e-03
5.074348e+06 5.200000e-03
5.075207e+06 5.200000e-03
5.076066e+06 5.200000e-03
5.076926e+06 5.200000e-03
5.077786e+06 5.200000e-03
5.078646e+06 5.100000e-03
5.079506e+06 5.100000e-03
5.080367e+06 5.100000e-03
5.081228e+06 5.100000e-03
5.082089e+06 5.000000e-03
5.082951e+06 5.000000e-03
5.083813e+06 5.000000e-03
5.084675e+06 5.000000e-03
5.085538e+06 5.000000e-03
5.086401e+06 4.900000e-03
5.087264e+06 4.900000e-03
5.088127e+06 4.900000e-03
5.088991e+06 4.900000e-03
5.089855e+06 4.800000e-03
5.090719e+06 4.800000e-03
5.091584e+06 4.800000e-03
5.092449e+06 4.800000e-03
5.093314e+06 4.800000e-03
5.094179e+06 4.700000e-03
5.095045e+06 4.700000e-03
5.095911e+06 4.700000e-03
5.096778e+06 4.700000e-03
5.097644e+06 4.700000e-03
5.098511e+06 4.600000e-03
5.099378e+06 4.600000e-03
5.100246e+06 4.600000e-03
5.101114e+06 4.600000e-03
5.101982e+06 4.600000e-03
5.102850e+06 4.500000e-03
5.103719e+06 4.500000e-03
5.104588e+06 4.500000e-03
5.105457e+06 4.500000e-03
5.106327e+06 4.500000e-03
5.107197e+06 4.400000e-03
5.108067e+06 4.400000e-03
5.108938e+06 4.400000e-03
5.109808e+06 4.400000e-03
5.110679e+06 4.400000e-03
5.111551e+06 4.300000e-03
5.112423e+06 4.300000e-03
5.113295e+06 4.300000e-03
5.114167e+06 4.300000e-03
5.115039e+06 4.300000e-03
5.115912e+06 4.300000e-03
5.116785e+06 4.200000e-03
5.117659e+06 4.200000e-03
5.118533e+06 4.200000e-03
5.119407e+06 4.200000e-03
5.120281e+06 4.200000e-03
5.121156e+06 4.200000e-03
5.122031e+06 4.100000e-03
5.122906e+06 4.100000e-03
5.123782e+06 4.100000e-03
5.124657e+06 4.100000e-03
5.125534e+06 4.100000e-03
5.126410e+06 4.100000e-03
5.127287e+06 4.100000e-03
5.128164e+06 4.100000e-03
5.129041e+06 4.000000e-03
5.129919e+06 4.000000e-03
5.130797e+06 4.000000e-03
5.131675e+06 4.000000e-03
5.132554e+06 4.000000e-03
5.133432e+06 4.000000e-03
5.134312e+06 4.000000e-03
5.135191e+06 4.000000e-03
5.136071e+06 3.900000e-03
5.136951e+06 3.900000e-03
5.137831e+06 3.900000e-03
5.138712e+06 3.900000e-03
5.139593e+06 3.900000e-03
5.140474e+06 3.900000e-03
5.141356e+06 3.900000e-03
5.142238e+06 3.900000e-03
5.143120e+06 3.800000e-03
5.144002e+06 3.800000e-03
5.144885e+06 3.800000e-03
5.145768e+06 3.800000e-03
5.146652e+06 3.800000e-03
5.147535e+06 3.800000e-03
5.148419e+06 3.800000e-03
5.149304e+06 3.800000e-03
5.150188e+06 3.700000e-03
5.151073e+06 3.700000e-03
5.151958e+06 3.700000e-03
5.152844e+06 3.700000e-03
5.153730e+06 3.700000e-03
5.154616e+06 3.700000e-03
5.155502e+06 3.700000e-03
5.156389e+06 3.700000e-03
5.157276e+06 3.600000e-03
5.158163e+06 3.600000e-03
5.159051e+06 3.600000e-03
5.159939e+06 3.600000e-03
5.160827e+06 3.600000e-03
5.161716e+06 3.600000e-03
5.162605e+06 3.500000e-03
5.163494e+06 3.500000e-03
5.164383e+06 3.500000e-03
5.165273e+06 3.500000e-03
5.166163e+06 3.500000e-03
5.167054e+06 3.500000e-03
5.167944e+06 3.500000e-03
5.168835e+06 3.400000e-03
5.169727e+06 3.400000e-03
5.170618e+06 3.400000e-03
5.171510e+06 3.400000e-03
5.172403e+06 3.400000e-03
5.173295e+06 3.300000e-03
5.174188e+06 3.300000e-03
5.175081e+06 3.300000e-03
5.175975e+06 3.300000e-03
5.176869e+06 3.300000e-03
5.177763e+06 3.300000e-03
5.178657e+06 3.200000e-03
5.179552e+06 3.200000e-03
5.180447e+06 3.200000e-03
5.181342e+06 3.200000e-03
5.182238e+06 3.200000e-03
5.183134e+06 3.100000e-03
5.184030e+06 3.100000e-03
5.184927e+06 3.100000e-03
5.185824e+06 3.100000e-03
5.186721e+06 3.100000e-03
5.187618e+06 3.100000e-03
5.188516e+06 3.000000e-03
5.189414e+06 3.000000e-03
5.190313e+06 3.000000e-03
5.191211e+06 3.000000e-03
5.192110e+06 3.000000e-03
5.193010e+06 3.000000e-03
5.193910e+06 2.900000e-03
5.194810e+06 2.900000e-03
5.195710e+06 2.900000e-03
5.196610e+06 2.900000e-03
5.197511e+06 2.900000e-03
5.198413e+06 2.900000e-03
5.199314e+06 2.800000e-03
5.200216e+06 2.800000e-03
5.201118e+06 2.800000e-03
5.202021e+06 2.800000e-03
5.202924e+06 2.800000e-03
5.203827e+06 2.800000e-03
5.204730e+06 2.800000e-03
5.205634e+06 2.700000e-03
5.206538e+06 2.700000e-03
5.207442e+06 2.700000e-03
5.208347e+06 2.700000e-03
5.209252e+06 2.700000e-03
5.210157e+06 2.700000e-03
5.211063e+06 2.700000e-03
5.211969e+06 2.600000e-03
5.212875e+06 2.600000e-03
5.213782e+06 2.600000e-03
5.214689e+06 2.600000e-03
5.215596e+06 2.600000e-03
5.216504e+06 2.600000e-03
5.217411e+06 2.600000e-03
5.218320e+06 2.600000e-03
5.219228e+06 2.500000e-03
5.220137e+06 2.500000e-03
5.221046e+06 2.500000e-03
5.221955e+06 2.500000e-03
5.222865e+06 2.500000e-03
5.223775e+06 2.500000e-03
5.224686e+06 2.500000e-03
5.225596e+06 2.500000e-03
5.226507e+06 2.500000e-03
5.227419e+06 2.400000e-03
5.228330e+06 2.400000e-03
5.229242e+06 2.400000e-03
5.230155e+06 2.400000e-03
5.231067e+06 2.400000e-03
5.231980e+06 2.400000e-03
5.232893e+06 2.400000e-03
5.233807e+06 2.400000e-03
5.234721e+06 2.300000e-03
5.235635e+06 2.300000e-03
5.236549e+06 2.300000e-03
5.237464e+06 2.300000e-03
5.238379e+06 2.300000e-03
5.239295e+06 2.300000e-03
5.240211e+06 2.300000e-03
5.241127e+06 2.300000e-03
5.242043e+06 2.300000e-03
5.242960e+06 2.200000e-03
5.243877e+06 2.200000e-03
5.244795e+06 2.200000e-03
5.245712e+06 2.200000e-03
5.246630e+06 2.200000e-03
5.247549e+06 2.200000e-03
5.248467e+06 2.200000e-03
5.249386e+06 2.200000e-03
5.250306e+06 2.100000e-03
5.251225e+06 2.100000e-03
5.252145e+06 2.100000e-03
5.253066e+06 2.100000e-03
5.253986e+06 2.100000e-03
5.254907e+06 2.100000e-03
5.255829e+06 2.100000e-03
5.256750e+06 2.100000e-03
5.257672e+06 2.100000e-03
5.258594e+06 2.100000e-03
5.259517e+06 2.000000e-03
5.260440e+06 2.000000e-03
5.261363e+06 2.000000e-03
5.262286e+06 2.000000e-03
5.263210e+06 2.000000e-03
5.264134e+06 2.000000e-03
5.265059e+06 2.000000e-03
5.265984e+06 2.000000e-03
5.266909e+06 2.000000e-03
5.267834e+06 2.000000e-03
5.268760e+06 1.900000e-03
5.269686e+06 1.900000e-03
5.270613e+06 1.900000e-03
5.271540e+06 1.900000e-03
5.272467e+06 1.900000e-03
5.273394e+06 1.900000e-03
5.274322e+06 1.900000e-03
5.275250e+06 1.900000e-03
5.276178e+06 1.900000e-03
5.277107e+06 1.800000e-03
5.278036e+06 1.800000e-03
5.278966e+06 1.800000e-03
5.279895e+06 1.800000e-03
5.280825e+06 1.800000e-03
5.281756e+06 1.800000e-03
5.282686e+06 1.800000e-03
5.283618e+06 1.800000e-03
5.284549e+06 1.800000e-03
5.285481e+06 1.800000e-03
5.286413e+06 1.800000e-03
5.287345e+06 1.700000e-03
5.288278e+06 1.700000e-03
5.289211e+06 1.700000e-03
5.290144e+06 1.700000e-03
5.291078e+06 1.700000e-03
5.292012e+06 1.700000e-03
5.292946e+06 1.700000e-03
5.293881e+06 1.700000e-03
5.294816e+06 1.700000e-03
5.295751e+06 1.700000e-03
5.296687e+06 1.700000e-03
5.297623e+06 1.700000e-03
5.298559e+06 1.600000e-03
5.299495e+06 1.600000e-03
5.300432e+06 1.600000e-03
5.301370e+06 1.600000e-03
5.302307e+06 1.600000e-03
5.303245e+06 1.600000e-03
5.304184e+06 1.600000e-03
5.305122e+06 1.600000e-03
5.306061e+06 1.600000e-03
5.307000e+06 1.600000e-03
5.307940e+06 1.600000e-03
5.308880e+06 1.500000e-03
5.309820e+06 1.500000e-03
5.310761e+06 1.500000e-03
5.311702e+06 1.500000e-03
5.312643e+06 1.500000e-03
5.313585e+06 1.500000e-03
5.314527e+06 1.500000e-03
5.315469e+06 1.500000e-03
5.316412e+06 1.500000e-03
5.317355e+06 1.500000e-03
5.318298e+06 1.500000e-03
5.319242e+06 1.500000e-03
5.320186e+06 1.500000e-03
5.321130e+06 1.400000e-03
5.322075e+06 1.400000e-03
5.323020e+06 1.400000e-03
5.323965e+06 1.400000e-03
5.324910e+06 1.400000e-03
5.325856e+06 1.400000e-03
5.326803e+06 1.400000e-03
5.327749e+06 1.400000e-03
5.328696e+06 1.400000e-03
5.329644e+06 1.400000e-03
5.330591e+06 1.400000e-03
5.331539e+06 1.400000e-03
5.332488e+06 1.400000e-03
5.333436e+06 1.400000e-03
5.334385e+06 1.400000e-03
5.335335e+06 1.400000e-03
5.336284e+06 1.400000e-03
5.337234e+06 1.400000e-03
5.338185e+06 1.400000e-03
5.339135e+06 1.300000e-03
5.340087e+06 1.300000e-03
5.341038e+06 1.300000e-03
5.341990e+06 1.300000e-03
5.342942e+06 1.300000e-03
5.343894e+06 1.300000e-03
5.344847e+06 1.300000e-03
5.345800e+06 1.300000e-03
5.346753e+06 1.300000e-03
5.347707e+06 1.300000e-03
5.348661e+06 1.300000e-03
5.349616e+06 1.300000e-03
5.350570e+06 1.200000e-03
5.351525e+06 1.200000e-03
5.352481e+06 1.200000e-03
5.353437e+06 1.200000e-03
5.354393e+06 1.200000e-03
5.355349e+06 1.200000e-03
5.356306e+06 1.200000e-03
5.357263e+06 1.200000e-03
5.358221e+06 1.200000e-03
5.359179e+06 1.200000e-03
5.360137e+06 1.200000e-03
5.361095e+06 1.100000e-03
5.362054e+06 1.100000e-03
5.363014e+06 1.100000e-03
5.363973e+06 1.100000e-03
5.364933e+06 1.100000e-03
5.365893e+06 1.100000e-03
5.366854e+06 1.100000e-03
5.367815e+06 1.100000e-03
5.368776e+06 1.100000e-03
5.369738e+06 1.100000e-03
5.370700e+06 1.100000e-03
5.371662e+06 1.100000e-03
5.372625e+06 1.100000e-03
5.373588e+06 1.100000e-03
5.374551e+06 1.100000e-03
5.375515e+06 1.100000e-03
5.376479e+06 1.000000e-03
5.377443e+06 1.000000e-03
5.378408e+06 1.000000e-03
5.379373e+06 1.000000e-03
5.380338e+06 1.000000e-03
5.381304e+06 1.000000e-03
5.382270e+06 1.000000e-03
5.383237e+06 1.000000e-03
5.384204e+06 1.000000e-03
5.385171e+06 1.000000e-03
5.386138e+06 1.000000e-03
5.387106e+06 1.000000e-03
5.388074e+06 1.000000e-03
5.389043e+06 1.000000e-03
5.390012e+06 1.000000e-03
5.390981e+06 1.000000e-03
5.391951e+06 1.000000e-03
5.392921e+06 1.000000e-03
5.393891e+06 1.000000e-03
5.394862e+06 1.000000e-03
5.395833e+06 9.000000e-04
5.396804e+06 9.000000e-04
5.397776e+06 9.000000e-04
5.398748e+06 9.000000e-04
5.399720e+06 9.000000e-04
5.400693e+06 9.000000e-04
5.401666e+06 9.000000e-04
5.402639e+06 9.000000e-04
5.403613e+06 9.000000e-04
5.404587e+06 9.000000e-04
5.405562e+06 9.000000e-04
5.406537e+06 9.000000e-04
5.407512e+06 9.000000e-04
5.408487e+06 9.000000e-04
5.409463e+06 9.000000e-04
5.410440e+06 9.000000e-04
5.411416e+06 9.000000e-04
5.412393e+06 9.000000e-04
5.413370e+06 9.000000e-04
5.414348e+06 8.000000e-04
5.415326e+06 8.000000e-04
5.416305e+06 8.000000e-04
5.417283e+06 8.000000e-04
5.418262e+06 8.000000e-04
5.419242e+06 8.000000e-04
5.420222e+06 8.000000e-04
5.421202e+06 8.000000e-04
5.422182e+06 8.000000e-04
5.423163e+06 8.000000e-04
5.424144e+06 8.000000e-04
5.425126e+06 8.000000e-04
5.426108e+06 8.000000e-04
5.427090e+06 8.000000e-04
5.428073e+06 8.000000e-04
5.429056e+06 8.000000e-04
5.430039e+06 8.000000e-04
5.431023e+06 8.000000e-04
5.432007e+06 8.000000e-04
5.432991e+06 8.000000e-04
5.433976e+06 8.000000e-04
5.434961e+06 7.000000e-04
5.435947e+06 7.000000e-04
5.436932e+06 7.000000e-04
5.437919e+06 7.000000e-04
5.438905e+06 7.000000e-04
5.439892e+06 7.000000e-04
5.440879e+06 7.000000e-04
5.441867e+06 7.000000e-04
5.442855e+06 7.000000e-04
5.443843e+06 7.000000e-04
5.444832e+06 7.000000e-04
5.445821e+06 7.000000e-04
5.446811e+06 7.000000e-04
5.447800e+06 7.000000e-04
5.448791e+06 7.000000e-04
5.449781e+06 7.000000e-04
5.450772e+06 7.000000e-04
5.451763e+06 6.000000e-04
5.452755e+06 6.000000e-04
5.453747e+06 6.000000e-04
5.454739e+06 6.000000e-04
5.455732e+06 6.000000e-04
5.456725e+06 6.000000e-04
5.457718e+06 6.000000e-04
5.458712e+06 6.000000e-04
5.459706e+06 6.000000e-04
5.460701e+06 6.000000e-04
5.461695e+06 6.000000e-04
5.462691e+06 6.000000e-04
5.463686e+06 6.000000e-04
5.464682e+06 6.000000e-04
5.465678e+06 6.000000e-04
5.466675e+06 6.000000e-04
5.467672e+06 6.000000e-04
5.468669e+06 6.000000e-04
5.469667e+06 6.000000e-04
5.470665e+06 6.000000e-04
5.471664e+06 6.000000e-04
5.472663e+06 6.000000e-04
5.473662e+06 6.000000e-04
5.474661e+06 6.000000e-04
5.475661e+06 6.000000e-04
5.476662e+06 6.000000e-04
5.477662e+06 6.000000e-04
5.478663e+06 6.000000e-04
5.479665e+06 6.000000e-04
5.480667e+06 6.000000e-04
5.481669e+06 6.000000e-04
5.482671e+06 6.000000e-04
5.483674e+06 6.000000e-04
5.484677e+06 6.000000e-04
5.485681e+06 6.000000e-04
5.486685e+06 6.000000e-04
5.487689e+06 6.000000e-04
5.488694e+06 5.000000e-04
5.489699e+06 5.000000e-04
5.490704e+06 5.000000e-04
5.491710e+06 5.000000e-04
5.492716e+06 5.000000e-04
5.493723e+06 5.000000e-04
5.494730e+06 5.000000e-04
5.495737e+06 5.000000e-04
5.496745e+06 5.000000e-04
5.497753e+06 5.000000e-04
5.498761e+06 5.000000e-04
5.499770e+06 5.000000e-04
5.500779e+06 5.000000e-04
5.501789e+06 5.000000e-04
5.502798e+06 5.000000e-04
5.503809e+06 5.000000e-04
5.504819e+06 5.000000e-04
5.505830e+06 5.000000e-04
5.506842e+06 5.000000e-04
5.507853e+06 5.000000e-04
5.508865e+06 5.000000e-04
5.509878e+06 5.000000e-04
5.510891e+06 5.000000e-04
5.511904e+06 5.000000e-04
5.512918e+06 5.000000e-04
5.513932e+06 4.000000e-04
5.514946e+06 4.000000e-04
5.515961e+06 4.000000e-04
5.516976e+06 4.000000e-04
5.517991e+06 4.000000e-04
5.519007e+06 4.000000e-04
5.520023e+06 4.000000e-04
5.521040e+06 4.000000e-04
5.522057e+06 4.000000e-04
5.523074e+06 4.000000e-04
5.524092e+06 4.000000e-04
5.525110e+06 4.000000e-04
5.526128e+06 4.000000e-04
5.527147e+06 4.000000e-04
5.528166e+06 4.000000e-04
5.529186e+06 4.000000e-04
5.530206e+06 4.000000e-04
5.531226e+06 4.000000e-04
5.532247e+06 4.000000e-04
5.533268e+06 4.000000e-04
5.534289e+06 4.000000e-04
5.535311e+06 4.000000e-04
5.536333e+06 4.000000e-04
5.537356e+06 4.000000e-04
5.538379e+06 4.000000e-04
5.539402e+06 4.000000e-04
5.540426e+06 4.000000e-04
5.541450e+06 3.000000e-04
5.542475e+06 3.000000e-04
5.543500e+06 3.000000e-04
5.544525e+06 3.000000e-04
5.545550e+06 3.000000e-04
5.546576e+06 3.000000e-04
5.547603e+06 3.000000e-04
5.548630e+06 3.000000e-04
5.549657e+06 3.000000e-04
5.550684e+06 3.000000e-04
5.551712e+06 3.000000e-04
5.552740e+06 3.000000e-04
5.553769e+06 3.000000e-04
5.554798e+06 3.000000e-04
5.555828e+06 3.000000e-04
5.556857e+06 3.000000e-04
5.557888e+06 3.000000e-04
5.558918e+06 3.000000e-04
5.559949e+06 3.000000e-04
5.560980e+06 3.000000e-04
5.562012e+06 3.000000e-04
5.563044e+06 3.000000e-04
5.564077e+06 3.000000e-04
5.565110e+06 3.000000e-04
5.566143e+06 3.000000e-04
5.567177e+06 3.000000e-04
5.568211e+06 3.000000e-04
5.569245e+06 3.000000e-04
5.570280e+06 3.000000e-04
5.571315e+06 3.000000e-04
5.572351e+06 3.000000e-04
5.573386e+06 3.000000e-04
5.574423e+06 3.000000e-04
5.575460e+06 3.000000e-04
5.576497e+06 3.000000e-04
5.577534e+06 3.000000e-04
5.578572e+06 3.000000e-04
5.579610e+06 3.000000e-04
5.580649e+06 3.000000e-04
5.581688e+06 3.000000e-04
5.582727e+06 3.000000e-04
5.583767e+06 3.000000e-04
5.584807e+06 3.000000e-04
5.585848e+06 3.000000e-04
5.586889e+06 3.000000e-04
5.587930e+06 3.000000e-04
5.588972e+06 3.000000e-04
5.590014e+06 3.000000e-04
5.591057e+06 3.000000e-04
5.592100e+06 3.000000e-04
5.593143e+06 3.000000e-04
5.594187e+06 3.000000e-04
5.595231e+06 3.000000e-04
5.596275e+06 3.000000e-04
5.597320e+06 3.000000e-04
5.598365e+06 3.000000e-04
5.599411e+06 3.000000e-04
5.600457e+06 3.000000e-04
5.601503e+06 3.000000e-04
5.602550e+06 3.000000e-04
5.603597e+06 3.000000e-04
5.604645e+06 3.000000e-04
5.605693e+06 3.000000e-04
5.606741e+06 3.000000e-04
5.607790e+06 3.000000e-04
5.608839e+06 3.000000e-04
5.609889e+06 3.000000e-04
5.610939e+06 3.000000e-04
5.611989e+06 3.000000e-04
5.613040e+06 3.000000e-04
5.614091e+06 3.000000e-04
5.615142e+06 3.000000e-04
5.616194e+06 3.000000e-04
5.617247e+06 3.000000e-04
5.618299e+06 3.000000e-04
5.619353e+06 3.000000e-04
5.620406e+06 3.000000e-04
5.621460e+06 3.000000e-04
5.622514e+06 3.000000e-04
5.623569e+06 3.000000e-04
5.624624e+06 3.000000e-04
5.625679e+06 3.000000e-04
5.626735e+06 3.000000e-04
5.627792e+06 3.000000e-04
5.628848e+06 3.000000e-04
5.629905e+06 3.000000e-04
5.630963e+06 3.000000e-04
5.632021e+06 3.000000e-04
5.633079e+06 3.000000e-04
5.634138e+06 3.000000e-04
5.635197e+06 3.000000e-04
5.636256e+06 3.000000e-04
5.637316e+06 3.000000e-04
5.638376e+06 3.000000e-04
5.639437e+06 3.000000e-04
5.640498e+06 3.000000e-04
5.641559e+06 3.000000e-04
5.642621e+06 3.000000e-04
5.643683e+06 3.000000e-04
5.644746e+06 3.000000e-04
5.645809e+06 3.000000e-04
5.646872e+06 3.000000e-04
5.647936e+06 3.000000e-04
5.649001e+06 3.000000e-04
5.650065e+06 3.000000e-04
5.651130e+06 3.000000e-04
5.652196e+06 3.000000e-04
5.653262e+06 3.000000e-04
5.654328e+06 3.000000e-04
5.655394e+06 2.000000e-04
5.656461e+06 2.000000e-04
5.657529e+06 2.000000e-04
5.658597e+06 2.000000e-04
5.659665e+06 2.000000e-04
5.660734e+06 2.000000e-04
5.661803e+06 2.000000e-04
5.662872e+06 2.000000e-04
5.663942e+06 2.000000e-04
5.665012e+06 2.000000e-04
5.666083e+06 2.000000e-04
5.667154e+06 2.000000e-04
5.668226e+06 2.000000e-04
5.669298e+06 2.000000e-04
5.670370e+06 2.000000e-04
5.671443e+06 2.000000e-04
5.672516e+06 2.000000e-04
5.673589e+06 2.000000e-04
5.674663e+06 2.000000e-04
5.675738e+06 2.000000e-04
5.676812e+06 2.000000e-04
5.677887e+06 2.000000e-04
5.678963e+06 2.000000e-04
5.680039e+06 2.000000e-04
5.681115e+06 2.000000e-04
5.682192e+06 2.000000e-04
5.683269e+06 2.000000e-04
5.684347e+06 2.000000e-04
5.685425e+06 2.000000e-04
5.686503e+06 2.000000e-04
5.687582e+06 2.000000e-04
5.688661e+06 2.000000e-04
5.689741e+06 2.000000e-04
5.690821e+06 3.000000e-04
5.691902e+06 3.000000e-04
5.692982e+06 3.000000e-04
5.694064e+06 3.000000e-04
5.695145e+06 3.000000e-04
5.696228e+06 3.000000e-04
5.697310e+06 3.000000e-04
5.698393e+06 3.000000e-04
5.699476e+06 3.000000e-04
5.700560e+06 2.000000e-04
5.701644e+06 2.000000e-04
5.702729e+06 2.000000e-04
5.703814e+06 2.000000e-04
5.704899e+06 2.000000e-04
5.705985e+06 2.000000e-04
5.707071e+06 2.000000e-04
5.708158e+06 2.000000e-04
5.709245e+06 2.000000e-04
5.710333e+06 2.000000e-04
5.711420e+06 2.000000e-04
5.712509e+06 2.000000e-04
5.713597e+06 2.000000e-04
5.714687e+06 2.000000e-04
5.715776e+06 2.000000e-04
5.716866e+06 2.000000e-04
5.717956e+06 2.000000e-04
5.719047e+06 2.000000e-04
5.720138e+06 2.000000e-04
5.721230e+06 2.000000e-04
5.722322e+06 2.000000e-04
5.723415e+06 2.000000e-04
5.724508e+06 2.000000e-04
5.725601e+06 2.000000e-04
5.726695e+06 2.000000e-04
5.727789e+06 2.000000e-04
5.728883e+06 2.000000e-04
5.729978e+06 2.000000e-04
5.731074e+06 2.000000e-04
5.732169e+06 2.000000e-04
5.733266e+06 2.000000e-04
5.734362e+06 2.000000e-04
5.735459e+06 2.000000e-04
5.736557e+06 2.000000e-04
5.737655e+06 2.000000e-04
5.738753e+06 2.000000e-04
5.739852e+06 2.000000e-04
5.740951e+06 2.000000e-04
5.742051e+06 2.000000e-04
5.743151e+06 2.000000e-04
5.744251e+06 2.000000e-04
5.745352e+06 2.000000e-04
5.746453e+06 2.000000e-04
5.747555e+06 2.000000e-04
5.748657e+06 2.000000e-04
5.749759e+06 2.000000e-04
5.750862e+06 2.000000e-04
5.751966e+06 2.000000e-04
5.753070e+06 2.000000e-04
5.754174e+06 2.000000e-04
5.755279e+06 2.000000e-04
5.756384e+06 2.000000e-04
5.757489e+06 2.000000e-04
5.758595e+06 2.000000e-04
5.759701e+06 2.000000e-04
5.760808e+06 2.000000e-04
5.761915e+06 2.000000e-04
5.763023e+06 2.000000e-04
5.764131e+06 2.000000e-04
5.765240e+06 2.000000e-04
5.766348e+06 2.000000e-04
5.767458e+06 2.000000e-04
5.768568e+06 2.000000e-04
5.769678e+06 2.000000e-04
5.770788e+06 2.000000e-04
5.771899e+06 2.000000e-04
5.773011e+06 2.000000e-04
5.774123e+06 2.000000e-04
5.775235e+06 2.000000e-04
5.776348e+06 2.000000e-04
5.777461e+06 2.000000e-04
5.778575e+06 2.000000e-04
5.779689e+06 2.000000e-04
5.780803e+06 2.000000e-04
5.781918e+06 2.000000e-04
5.783034e+06 2.000000e-04
5.784149e+06 2.000000e-04
5.785266e+06 2.000000e-04
5.786382e+06 2.000000e-04
5.787499e+06 2.000000e-04
5.788617e+06 2.000000e-04
5.789735e+06 2.000000e-04
5.790853e+06 2.000000e-04
5.791972e+06 3.000000e-04
5.793091e+06 3.000000e-04
5.794211e+06 3.000000e-04
5.795331e+06 3.000000e-04
5.796451e+06 2.000000e-04
5.797572e+06 2.000000e-04
5.798694e+06 2.000000e-04
5.799815e+06 2.000000e-04
5.800938e+06 2.000000e-04
5.802060e+06 2.000000e-04
5.803183e+06 2.000000e-04
5.804307e+06 2.000000e-04
5.805431e+06 2.000000e-04
5.806555e+06 2.000000e-04
5.807680e+06 2.000000e-04
5.808806e+06 2.000000e-04
5.809931e+06 2.000000e-04
5.811058e+06 2.000000e-04
5.812184e+06 2.000000e-04
5.813311e+06 2.000000e-04
5.814439e+06 2.000000e-04
5.815567e+06 2.000000e-04
5.816695e+06 2.000000e-04
5.817824e+06 2.000000e-04
5.818953e+06 2.000000e-04
5.820083e+06 2.000000e-04
5.821213e+06 2.000000e-04
5.822343e+06 2.000000e-04
5.823474e+06 2.000000e-04
5.824606e+06 2.000000e-04
5.825738e+06 2.000000e-04
5.826870e+06 2.000000e-04
5.828003e+06 2.000000e-04
5.829136e+06 2.000000e-04
5.830270e+06 2.000000e-04
5.831404e+06 2.000000e-04
5.832538e+06 2.000000e-04
5.833673e+06 2.000000e-04
5.834808e+06 2.000000e-04
5.835944e+06 2.000000e-04
5.837081e+06 2.000000e-04
5.838217e+06 2.000000e-04
5.839354e+06 2.000000e-04
5.840492e+06 2.000000e-04
5.841630e+06 2.000000e-04
5.842769e+06 2.000000e-04
5.843908e+06 2.000000e-04
5.845047e+06 2.000000e-04
5.846187e+06 2.000000e-04
5.847327e+06 2.000000e-04
5.848468e+06 2.000000e-04
5.849609e+06 2.000000e-04
5.850751e+06 2.000000e-04
5.851893e+06 2.000000e-04
5.853035e+06 2.000000e-04
5.854178e+06 2.000000e-04
5.855321e+06 2.000000e-04
5.856465e+06 2.000000e-04
5.857610e+06 2.000000e-04
5.858754e+06 2.000000e-04
5.859899e+06 2.000000e-04
5.861045e+06 2.000000e-04
5.862191e+06 2.000000e-04
5.863338e+06 2.000000e-04
5.864485e+06 2.000000e-04
5.865632e+06 2.000000e-04
5.866780e+06 2.000000e-04
5.867928e+06 2.000000e-04
5.869077e+06 2.000000e-04
5.870226e+06 2.000000e-04
5.871376e+06 2.000000e-04
5.872526e+06 2.000000e-04
5.873677e+06 2.000000e-04
5.874828e+06 2.000000e-04
5.875979e+06 2.000000e-04
5.877131e+06 2.000000e-04
5.878283e+06 2.000000e-04
5.879436e+06 2.000000e-04
5.880590e+06 2.000000e-04
5.881743e+06 2.000000e-04
5.882898e+06 2.000000e-04
5.884052e+06 2.000000e-04
5.885207e+06 2.000000e-04
5.886363e+06 2.000000e-04
5.887519e+06 2.000000e-04
5.888675e+06 2.000000e-04
5.889832e+06 2.000000e-04
5.890990e+06 2.000000e-04
5.892147e+06 2.000000e-04
5.893306e+06 2.000000e-04
5.894464e+06 2.000000e-04
5.895624e+06 2.000000e-04
5.896783e+06 2.000000e-04
5.897943e+06 2.000000e-04
5.899104e+06 2.000000e-04
5.900265e+06 2.000000e-04
5.901426e+06 2.000000e-04
5.902588e+06 2.000000e-04
5.903751e+06 2.000000e-04
5.904913e+06 1.000000e-04
5.906077e+06 1.000000e-04
5.907241e+06 1.000000e-04
5.908405e+06 1.000000e-04
5.909569e+06 1.000000e-04
5.910735e+06 1.000000e-04
5.911900e+06 1.000000e-04
5.913066e+06 1.000000e-04
5.914233e+06 1.000000e-04
5.915400e+06 1.000000e-04
5.916567e+06 1.000000e-04
5.917735e+06 1.000000e-04
5.918903e+06 1.000000e-04
5.920072e+06 1.000000e-04
5.921242e+06 1.000000e-04
5.922411e+06 1.000000e-04
5.923581e+06 1.000000e-04
5.924752e+06 1.000000e-04
5.925923e+06 1.000000e-04
5.927095e+06 1.000000e-04
5.928267e+06 1.000000e-04
5.929439e+06 1.000000e-04
5.930612e+06 1.000000e-04
5.931786e+06 1.000000e-04
5.932960e+06 1.000000e-04
5.934134e+06 1.000000e-04
5.935309e+06 1.000000e-04
5.936484e+06 1.000000e-04
5.937660e+06 1.000000e-04
5.938836e+06 1.000000e-04
5.940013e+06 1.000000e-04
5.941190e+06 1.000000e-04
5.942368e+06 1.000000e-04
5.943546e+06 1.000000e-04
5.944725e+06 1.000000e-04
5.945904e+06 1.000000e-04
5.947083e+06 1.000000e-04
5.948263e+06 1.000000e-04
5.949444e+06 1.000000e-04
5.950624e+06 1.000000e-04
5.951806e+06 1.000000e-04
5.952988e+06 1.000000e-04
5.954170e+06 1.000000e-04
5.955353e+06 1.000000e-04
5.956536e+06 1.000000e-04
5.957720e+06 1.000000e-04
5.958904e+06 1.000000e-04
5.960089e+06 1.000000e-04
5.961274e+06 1.000000e-04
5.962459e+06 1.000000e-04
5.963645e+06 1.000000e-04
5.964832e+06 1.000000e-04
5.966019e+06 1.000000e-04
5.967207e+06 1.000000e-04
5.968395e+06 1.000000e-04
5.969583e+06 0.000000e+00
5.970772e+06 0.000000e+00
5.971961e+06 0.000000e+00
5.973151e+06 1.000000e-04
5.974342e+06 1.000000e-04
5.975532e+06 1.000000e-04
5.976724e+06 1.000000e-04
5.977915e+06 1.000000e-04
5.979108e+06 1.000000e-04
5.980300e+06 1.000000e-04
5.981494e+06 1.000000e-04
5.982687e+06 1.000000e-04
5.983881e+06 1.000000e-04
5.985076e+06 1.000000e-04
5.986271e+06 1.000000e-04
5.987467e+06 1.000000e-04
5.988663e+06 1.000000e-04
5.989859e+06 1.000000e-04
5.991056e+06 1.000000e-04
5.992254e+06 1.000000e-04
5.993452e+06 1.000000e-04
5.994650e+06 1.000000e-04
5.995849e+06 1.000000e-04
