# # Wavelength(Angstrom)  Transmission
7.312011e+06 0.000000e+00
7.313795e+06 0.000000e+00
7.315580e+06 0.000000e+00
7.317365e+06 0.000000e+00
7.319152e+06 0.000000e+00
7.320939e+06 0.000000e+00
7.322727e+06 0.000000e+00
7.324516e+06 0.000000e+00
7.326306e+06 0.000000e+00
7.328097e+06 0.000000e+00
7.329889e+06 0.000000e+00
7.331682e+06 0.000000e+00
7.333475e+06 0.000000e+00
7.335269e+06 0.000000e+00
7.337065e+06 0.000000e+00
7.338861e+06 0.000000e+00
7.340658e+06 0.000000e+00
7.342456e+06 0.000000e+00
7.344254e+06 0.000000e+00
7.346054e+06 0.000000e+00
7.347854e+06 0.000000e+00
7.349656e+06 0.000000e+00
7.351458e+06 0.000000e+00
7.353261e+06 0.000000e+00
7.355065e+06 0.000000e+00
7.356870e+06 0.000000e+00
7.358676e+06 0.000000e+00
7.360483e+06 0.000000e+00
7.362290e+06 0.000000e+00
7.364099e+06 0.000000e+00
7.365908e+06 0.000000e+00
7.367718e+06 0.000000e+00
7.369529e+06 0.000000e+00
7.371341e+06 0.000000e+00
7.373154e+06 0.000000e+00
7.374968e+06 0.000000e+00
7.376783e+06 0.000000e+00
7.378599e+06 0.000000e+00
7.380415e+06 0.000000e+00
7.382232e+06 0.000000e+00
7.384051e+06 0.000000e+00
7.385870e+06 0.000000e+00
7.387690e+06 0.000000e+00
7.389511e+06 0.000000e+00
7.391333e+06 0.000000e+00
7.393156e+06 0.000000e+00
7.394979e+06 0.000000e+00
7.396804e+06 0.000000e+00
7.398629e+06 0.000000e+00
7.400456e+06 0.000000e+00
7.402283e+06 0.000000e+00
7.404111e+06 0.000000e+00
7.405940e+06 0.000000e+00
7.407770e+06 0.000000e+00
7.409601e+06 0.000000e+00
7.411433e+06 0.000000e+00
7.413266e+06 0.000000e+00
7.415099e+06 0.000000e+00
7.416934e+06 0.000000e+00
7.418769e+06 0.000000e+00
7.420605e+06 0.000000e+00
7.422443e+06 0.000000e+00
7.424281e+06 0.000000e+00
7.426120e+06 1.000000e-03
7.427960e+06 1.000000e-03
7.429801e+06 1.000000e-03
7.431642e+06 1.000000e-03
7.433485e+06 1.000000e-03
7.435329e+06 1.000000e-03
7.437173e+06 1.000000e-03
7.439019e+06 1.000000e-03
7.440865e+06 1.000000e-03
7.442712e+06 1.000000e-03
7.444561e+06 1.000000e-03
7.446410e+06 1.000000e-03
7.448260e+06 1.000000e-03
7.450111e+06 1.000000e-03
7.451963e+06 1.000000e-03
7.453815e+06 1.000000e-03
7.455669e+06 1.000000e-03
7.457524e+06 1.000000e-03
7.459379e+06 1.000000e-03
7.461236e+06 1.000000e-03
7.463093e+06 1.000000e-03
7.464952e+06 1.000000e-03
7.466811e+06 1.000000e-03
7.468671e+06 1.000000e-03
7.470532e+06 1.000000e-03
7.472394e+06 1.000000e-03
7.474257e+06 1.000000e-03
7.476121e+06 1.000000e-03
7.477986e+06 1.000000e-03
7.479852e+06 1.000000e-03
7.481718e+06 1.000000e-03
7.483586e+06 1.000000e-03
7.485455e+06 1.000000e-03
7.487324e+06 1.000000e-03
7.489195e+06 1.000000e-03
7.491066e+06 1.000000e-03
7.492938e+06 1.000000e-03
7.494811e+06 1.000000e-03
7.496686e+06 1.000000e-03
7.498561e+06 1.000000e-03
7.500437e+06 1.000000e-03
7.502314e+06 1.000000e-03
7.504192e+06 1.000000e-03
7.506071e+06 1.000000e-03
7.507950e+06 1.000000e-03
7.509831e+06 1.000000e-03
7.511713e+06 1.000000e-03
7.513595e+06 1.000000e-03
7.515479e+06 2.000000e-03
7.517364e+06 2.000000e-03
7.519249e+06 2.000000e-03
7.521135e+06 2.000000e-03
7.523023e+06 2.000000e-03
7.524911e+06 2.000000e-03
7.526800e+06 2.000000e-03
7.528691e+06 2.000000e-03
7.530582e+06 2.000000e-03
7.532474e+06 2.000000e-03
7.534367e+06 2.000000e-03
7.536261e+06 2.000000e-03
7.538156e+06 2.000000e-03
7.540052e+06 2.000000e-03
7.541949e+06 2.000000e-03
7.543846e+06 2.000000e-03
7.545745e+06 2.000000e-03
7.547645e+06 2.000000e-03
7.549546e+06 2.000000e-03
7.551447e+06 2.000000e-03
7.553350e+06 2.000000e-03
7.555253e+06 2.000000e-03
7.557158e+06 2.000000e-03
7.559063e+06 2.000000e-03
7.560970e+06 3.000000e-03
7.562877e+06 3.000000e-03
7.564786e+06 3.000000e-03
7.566695e+06 3.000000e-03
7.568605e+06 3.000000e-03
7.570517e+06 3.000000e-03
7.572429e+06 3.000000e-03
7.574342e+06 3.000000e-03
7.576256e+06 3.000000e-03
7.578171e+06 3.000000e-03
7.580087e+06 3.000000e-03
7.582004e+06 3.000000e-03
7.583923e+06 3.000000e-03
7.585842e+06 3.000000e-03
7.587762e+06 3.000000e-03
7.589682e+06 3.000000e-03
7.591604e+06 3.000000e-03
7.593527e+06 3.000000e-03
7.595451e+06 4.000000e-03
7.597376e+06 4.000000e-03
7.599302e+06 4.000000e-03
7.601229e+06 4.000000e-03
7.603156e+06 4.000000e-03
7.605085e+06 4.000000e-03
7.607015e+06 4.000000e-03
7.608946e+06 4.000000e-03
7.610877e+06 4.000000e-03
7.612810e+06 4.000000e-03
7.614744e+06 4.000000e-03
7.616678e+06 4.000000e-03
7.618614e+06 4.000000e-03
7.620551e+06 4.000000e-03
7.622488e+06 5.000000e-03
7.624427e+06 5.000000e-03
7.626366e+06 5.000000e-03
7.628307e+06 5.000000e-03
7.630248e+06 5.000000e-03
7.632191e+06 5.000000e-03
7.634134e+06 5.000000e-03
7.636079e+06 5.000000e-03
7.638024e+06 5.000000e-03
7.639971e+06 5.000000e-03
7.641918e+06 5.000000e-03
7.643867e+06 5.000000e-03
7.645816e+06 6.000000e-03
7.647767e+06 6.000000e-03
7.649718e+06 6.000000e-03
7.651671e+06 6.000000e-03
7.653624e+06 6.000000e-03
7.655579e+06 6.000000e-03
7.657534e+06 6.000000e-03
7.659490e+06 6.000000e-03
7.661448e+06 6.000000e-03
7.663406e+06 6.000000e-03
7.665366e+06 7.000000e-03
7.667326e+06 7.000000e-03
7.669288e+06 7.000000e-03
7.671250e+06 7.000000e-03
7.673214e+06 7.000000e-03
7.675178e+06 7.000000e-03
7.677144e+06 7.000000e-03
7.679110e+06 7.000000e-03
7.681078e+06 7.000000e-03
7.683046e+06 8.000000e-03
7.685016e+06 8.000000e-03
7.686986e+06 8.000000e-03
7.688958e+06 8.000000e-03
7.690930e+06 8.000000e-03
7.692904e+06 8.000000e-03
7.694878e+06 8.000000e-03
7.696854e+06 8.000000e-03
7.698830e+06 8.000000e-03
7.700808e+06 9.000000e-03
7.702787e+06 9.000000e-03
7.704766e+06 9.000000e-03
7.706747e+06 9.000000e-03
7.708729e+06 9.000000e-03
7.710711e+06 9.000000e-03
7.712695e+06 9.000000e-03
7.714680e+06 9.000000e-03
7.716666e+06 1.000000e-02
7.718652e+06 1.000000e-02
7.720640e+06 1.000000e-02
7.722629e+06 1.000000e-02
7.724619e+06 1.000000e-02
7.726610e+06 1.000000e-02
7.728602e+06 1.000000e-02
7.730595e+06 1.100000e-02
7.732589e+06 1.100000e-02
7.734584e+06 1.100000e-02
7.736580e+06 1.100000e-02
7.738577e+06 1.100000e-02
7.740575e+06 1.100000e-02
7.742574e+06 1.200000e-02
7.744574e+06 1.200000e-02
7.746575e+06 1.200000e-02
7.748577e+06 1.200000e-02
7.750581e+06 1.200000e-02
7.752585e+06 1.300000e-02
7.754590e+06 1.300000e-02
7.756597e+06 1.300000e-02
7.758604e+06 1.300000e-02
7.760612e+06 1.300000e-02
7.762622e+06 1.300000e-02
7.764632e+06 1.400000e-02
7.766644e+06 1.400000e-02
7.768657e+06 1.400000e-02
7.770670e+06 1.400000e-02
7.772685e+06 1.400000e-02
7.774701e+06 1.400000e-02
7.776717e+06 1.500000e-02
7.778735e+06 1.500000e-02
7.780754e+06 1.500000e-02
7.782774e+06 1.500000e-02
7.784795e+06 1.500000e-02
7.786817e+06 1.500000e-02
7.788840e+06 1.600000e-02
7.790864e+06 1.600000e-02
7.792889e+06 1.600000e-02
7.794916e+06 1.600000e-02
7.796943e+06 1.600000e-02
7.798971e+06 1.600000e-02
7.801001e+06 1.700000e-02
7.803031e+06 1.700000e-02
7.805063e+06 1.700000e-02
7.807095e+06 1.700000e-02
7.809129e+06 1.700000e-02
7.811164e+06 1.800000e-02
7.813199e+06 1.800000e-02
7.815236e+06 1.800000e-02
7.817274e+06 1.800000e-02
7.819313e+06 1.800000e-02
7.821353e+06 1.900000e-02
7.823394e+06 1.900000e-02
7.825436e+06 1.900000e-02
7.827479e+06 2.000000e-02
7.829524e+06 2.000000e-02
7.831569e+06 2.000000e-02
7.833615e+06 2.000000e-02
7.835663e+06 2.100000e-02
7.837711e+06 2.100000e-02
7.839761e+06 2.100000e-02
7.841812e+06 2.100000e-02
7.843863e+06 2.200000e-02
7.845916e+06 2.200000e-02
7.847970e+06 2.200000e-02
7.850025e+06 2.300000e-02
7.852081e+06 2.300000e-02
7.854138e+06 2.300000e-02
7.856196e+06 2.400000e-02
7.858256e+06 2.400000e-02
7.860316e+06 2.400000e-02
7.862378e+06 2.500000e-02
7.864440e+06 2.500000e-02
7.866504e+06 2.500000e-02
7.868568e+06 2.600000e-02
7.870634e+06 2.600000e-02
7.872701e+06 2.600000e-02
7.874769e+06 2.700000e-02
7.876838e+06 2.700000e-02
7.878908e+06 2.700000e-02
7.880979e+06 2.800000e-02
7.883052e+06 2.800000e-02
7.885125e+06 2.900000e-02
7.887200e+06 2.900000e-02
7.889275e+06 2.900000e-02
7.891352e+06 3.000000e-02
7.893430e+06 3.000000e-02
7.895509e+06 3.000000e-02
7.897588e+06 3.100000e-02
7.899670e+06 3.100000e-02
7.901752e+06 3.200000e-02
7.903835e+06 3.200000e-02
7.905919e+06 3.200000e-02
7.908005e+06 3.300000e-02
7.910091e+06 3.300000e-02
7.912179e+06 3.400000e-02
7.914268e+06 3.400000e-02
7.916357e+06 3.500000e-02
7.918448e+06 3.500000e-02
7.920540e+06 3.600000e-02
7.922634e+06 3.600000e-02
7.924728e+06 3.700000e-02
7.926823e+06 3.700000e-02
7.928920e+06 3.800000e-02
7.931017e+06 3.800000e-02
7.933116e+06 3.900000e-02
7.935216e+06 3.900000e-02
7.937317e+06 4.000000e-02
7.939419e+06 4.000000e-02
7.941522e+06 4.100000e-02
7.943626e+06 4.100000e-02
7.945732e+06 4.200000e-02
7.947838e+06 4.300000e-02
7.949946e+06 4.300000e-02
7.952055e+06 4.400000e-02
7.954164e+06 4.500000e-02
7.956275e+06 4.500000e-02
7.958388e+06 4.600000e-02
7.960501e+06 4.700000e-02
7.962615e+06 4.700000e-02
7.964731e+06 4.800000e-02
7.966847e+06 4.900000e-02
7.968965e+06 4.900000e-02
7.971084e+06 5.000000e-02
7.973204e+06 5.100000e-02
7.975325e+06 5.100000e-02
7.977447e+06 5.200000e-02
7.979570e+06 5.300000e-02
7.981695e+06 5.400000e-02
7.983820e+06 5.500000e-02
7.985947e+06 5.600000e-02
7.988075e+06 5.700000e-02
7.990204e+06 5.700000e-02
7.992334e+06 5.800000e-02
7.994466e+06 5.900000e-02
7.996598e+06 6.000000e-02
7.998732e+06 6.100000e-02
8.000866e+06 6.200000e-02
8.003002e+06 6.300000e-02
8.005139e+06 6.400000e-02
8.007277e+06 6.400000e-02
8.009416e+06 6.500000e-02
8.011557e+06 6.700000e-02
8.013698e+06 6.800000e-02
8.015841e+06 6.900000e-02
8.017985e+06 7.000000e-02
8.020130e+06 7.100000e-02
8.022276e+06 7.200000e-02
8.024423e+06 7.300000e-02
8.026572e+06 7.400000e-02
8.028721e+06 7.600000e-02
8.030872e+06 7.700000e-02
8.033024e+06 7.800000e-02
8.035177e+06 7.900000e-02
8.037331e+06 8.000000e-02
8.039487e+06 8.100000e-02
8.041643e+06 8.300000e-02
8.043801e+06 8.400000e-02
8.045960e+06 8.500000e-02
8.048120e+06 8.700000e-02
8.050281e+06 8.800000e-02
8.052443e+06 9.000000e-02
8.054607e+06 9.100000e-02
8.056771e+06 9.300000e-02
8.058937e+06 9.400000e-02
8.061104e+06 9.600000e-02
8.063272e+06 9.700000e-02
8.065441e+06 9.900000e-02
8.067612e+06 1.000000e-01
8.069784e+06 1.020000e-01
8.071956e+06 1.030000e-01
8.074130e+06 1.050000e-01
8.076305e+06 1.070000e-01
8.078482e+06 1.080000e-01
8.080659e+06 1.100000e-01
8.082838e+06 1.120000e-01
8.085018e+06 1.140000e-01
8.087199e+06 1.160000e-01
8.089381e+06 1.180000e-01
8.091564e+06 1.200000e-01
8.093749e+06 1.220000e-01
8.095935e+06 1.240000e-01
8.098122e+06 1.260000e-01
8.100310e+06 1.270000e-01
8.102499e+06 1.290000e-01
8.104689e+06 1.310000e-01
8.106881e+06 1.330000e-01
8.109074e+06 1.360000e-01
8.111268e+06 1.380000e-01
8.113463e+06 1.400000e-01
8.115659e+06 1.430000e-01
8.117857e+06 1.450000e-01
8.120056e+06 1.470000e-01
8.122256e+06 1.500000e-01
8.124457e+06 1.520000e-01
8.126659e+06 1.540000e-01
8.128863e+06 1.570000e-01
8.131067e+06 1.590000e-01
8.133273e+06 1.610000e-01
8.135481e+06 1.640000e-01
8.137689e+06 1.660000e-01
8.139898e+06 1.690000e-01
8.142109e+06 1.710000e-01
8.144321e+06 1.740000e-01
8.146534e+06 1.770000e-01
8.148749e+06 1.790000e-01
8.150964e+06 1.820000e-01
8.153181e+06 1.850000e-01
8.155399e+06 1.870000e-01
8.157618e+06 1.900000e-01
8.159838e+06 1.920000e-01
8.162060e+06 1.950000e-01
8.164283e+06 1.980000e-01
8.166507e+06 2.000000e-01
8.168732e+06 2.030000e-01
8.170958e+06 2.060000e-01
8.173186e+06 2.080000e-01
8.175415e+06 2.110000e-01
8.177645e+06 2.140000e-01
8.179876e+06 2.180000e-01
8.182109e+06 2.210000e-01
8.184342e+06 2.240000e-01
8.186577e+06 2.270000e-01
8.188813e+06 2.300000e-01
8.191051e+06 2.330000e-01
8.193289e+06 2.360000e-01
8.195529e+06 2.400000e-01
8.197770e+06 2.430000e-01
8.200013e+06 2.460000e-01
8.202256e+06 2.490000e-01
8.204501e+06 2.520000e-01
8.206747e+06 2.560000e-01
8.208994e+06 2.590000e-01
8.211242e+06 2.620000e-01
8.213492e+06 2.640000e-01
8.215743e+06 2.670000e-01
8.217995e+06 2.700000e-01
8.220248e+06 2.730000e-01
8.222503e+06 2.760000e-01
8.224759e+06 2.790000e-01
8.227016e+06 2.820000e-01
8.229274e+06 2.840000e-01
8.231534e+06 2.870000e-01
8.233795e+06 2.900000e-01
8.236057e+06 2.930000e-01
8.238320e+06 2.960000e-01
8.240584e+06 2.990000e-01
8.242850e+06 3.020000e-01
8.245117e+06 3.040000e-01
8.247385e+06 3.070000e-01
8.249655e+06 3.100000e-01
8.251926e+06 3.130000e-01
8.254198e+06 3.150000e-01
8.256471e+06 3.180000e-01
8.258745e+06 3.210000e-01
8.261021e+06 3.240000e-01
8.263298e+06 3.260000e-01
8.265576e+06 3.290000e-01
8.267856e+06 3.320000e-01
8.270137e+06 3.350000e-01
8.272419e+06 3.370000e-01
8.274702e+06 3.400000e-01
8.276987e+06 3.430000e-01
8.279273e+06 3.460000e-01
8.281560e+06 3.490000e-01
8.283848e+06 3.510000e-01
8.286138e+06 3.540000e-01
8.288428e+06 3.570000e-01
8.290721e+06 3.590000e-01
8.293014e+06 3.620000e-01
8.295309e+06 3.650000e-01
8.297605e+06 3.680000e-01
8.299902e+06 3.710000e-01
8.302200e+06 3.730000e-01
8.304500e+06 3.760000e-01
8.306801e+06 3.790000e-01
8.309104e+06 3.820000e-01
8.311407e+06 3.850000e-01
8.313712e+06 3.870000e-01
8.316018e+06 3.890000e-01
8.318326e+06 3.910000e-01
8.320634e+06 3.930000e-01
8.322944e+06 3.950000e-01
8.325256e+06 3.970000e-01
8.327568e+06 3.990000e-01
8.329882e+06 4.000000e-01
8.332197e+06 4.020000e-01
8.334514e+06 4.040000e-01
8.336831e+06 4.060000e-01
8.339150e+06 4.080000e-01
8.341471e+06 4.100000e-01
8.343792e+06 4.120000e-01
8.346115e+06 4.150000e-01
8.348439e+06 4.170000e-01
8.350765e+06 4.180000e-01
8.353092e+06 4.200000e-01
8.355420e+06 4.220000e-01
8.357749e+06 4.240000e-01
8.360080e+06 4.260000e-01
8.362412e+06 4.280000e-01
8.364745e+06 4.300000e-01
8.367079e+06 4.320000e-01
8.369415e+06 4.340000e-01
8.371753e+06 4.360000e-01
8.374091e+06 4.390000e-01
8.376431e+06 4.410000e-01
8.378772e+06 4.430000e-01
8.381114e+06 4.450000e-01
8.383458e+06 4.460000e-01
8.385803e+06 4.470000e-01
8.388149e+06 4.480000e-01
8.390497e+06 4.480000e-01
8.392846e+06 4.490000e-01
8.395196e+06 4.500000e-01
8.397548e+06 4.500000e-01
8.399901e+06 4.510000e-01
8.402255e+06 4.520000e-01
8.404611e+06 4.520000e-01
8.406967e+06 4.530000e-01
8.409326e+06 4.540000e-01
8.411685e+06 4.540000e-01
8.414046e+06 4.550000e-01
8.416408e+06 4.560000e-01
8.418772e+06 4.560000e-01
8.421136e+06 4.560000e-01
8.423503e+06 4.560000e-01
8.425870e+06 4.560000e-01
8.428239e+06 4.560000e-01
8.430609e+06 4.550000e-01
8.432981e+06 4.550000e-01
8.435353e+06 4.550000e-01
8.437728e+06 4.550000e-01
8.440103e+06 4.550000e-01
8.442480e+06 4.550000e-01
8.444858e+06 4.540000e-01
8.447237e+06 4.540000e-01
8.449618e+06 4.540000e-01
8.452001e+06 4.540000e-01
8.454384e+06 4.540000e-01
8.456769e+06 4.540000e-01
8.459155e+06 4.530000e-01
8.461543e+06 4.530000e-01
8.463932e+06 4.530000e-01
8.466322e+06 4.530000e-01
8.468714e+06 4.530000e-01
8.471106e+06 4.530000e-01
8.473501e+06 4.520000e-01
8.475896e+06 4.520000e-01
8.478294e+06 4.520000e-01
8.480692e+06 4.520000e-01
8.483092e+06 4.520000e-01
8.485493e+06 4.520000e-01
8.487895e+06 4.510000e-01
8.490299e+06 4.510000e-01
8.492704e+06 4.510000e-01
8.495111e+06 4.520000e-01
8.497519e+06 4.520000e-01
8.499928e+06 4.520000e-01
8.502339e+06 4.520000e-01
8.504751e+06 4.520000e-01
8.507164e+06 4.530000e-01
8.509579e+06 4.530000e-01
8.511995e+06 4.530000e-01
8.514412e+06 4.530000e-01
8.516831e+06 4.540000e-01
8.519251e+06 4.540000e-01
8.521673e+06 4.540000e-01
8.524096e+06 4.540000e-01
8.526520e+06 4.540000e-01
8.528946e+06 4.540000e-01
8.531373e+06 4.540000e-01
8.533802e+06 4.550000e-01
8.536232e+06 4.550000e-01
8.538663e+06 4.550000e-01
8.541096e+06 4.550000e-01
8.543530e+06 4.550000e-01
8.545965e+06 4.550000e-01
8.548402e+06 4.550000e-01
8.550840e+06 4.550000e-01
8.553280e+06 4.550000e-01
8.555721e+06 4.550000e-01
8.558163e+06 4.550000e-01
8.560607e+06 4.550000e-01
8.563052e+06 4.550000e-01
8.565499e+06 4.540000e-01
8.567947e+06 4.540000e-01
8.570396e+06 4.530000e-01
8.572847e+06 4.520000e-01
8.575299e+06 4.520000e-01
8.577753e+06 4.510000e-01
8.580208e+06 4.500000e-01
8.582664e+06 4.500000e-01
8.585122e+06 4.490000e-01
8.587581e+06 4.480000e-01
8.590042e+06 4.480000e-01
8.592504e+06 4.470000e-01
8.594967e+06 4.460000e-01
8.597432e+06 4.460000e-01
8.599898e+06 4.450000e-01
8.602366e+06 4.440000e-01
8.604835e+06 4.440000e-01
8.607306e+06 4.450000e-01
8.609778e+06 4.450000e-01
8.612251e+06 4.450000e-01
8.614726e+06 4.450000e-01
8.617202e+06 4.460000e-01
8.619680e+06 4.460000e-01
8.622159e+06 4.460000e-01
8.624639e+06 4.460000e-01
8.627121e+06 4.460000e-01
8.629604e+06 4.470000e-01
8.632089e+06 4.470000e-01
8.634575e+06 4.470000e-01
8.637063e+06 4.470000e-01
8.639552e+06 4.470000e-01
8.642043e+06 4.470000e-01
8.644535e+06 4.470000e-01
8.647028e+06 4.470000e-01
8.649523e+06 4.470000e-01
8.652019e+06 4.470000e-01
8.654517e+06 4.470000e-01
8.657016e+06 4.470000e-01
8.659516e+06 4.470000e-01
8.662018e+06 4.470000e-01
8.664522e+06 4.470000e-01
8.667027e+06 4.470000e-01
8.669533e+06 4.470000e-01
8.672041e+06 4.470000e-01
8.674550e+06 4.470000e-01
8.677061e+06 4.470000e-01
8.679573e+06 4.470000e-01
8.682087e+06 4.460000e-01
8.684602e+06 4.450000e-01
8.687118e+06 4.450000e-01
8.689636e+06 4.440000e-01
8.692156e+06 4.440000e-01
8.694677e+06 4.430000e-01
8.697199e+06 4.430000e-01
8.699723e+06 4.420000e-01
8.702248e+06 4.420000e-01
8.704775e+06 4.410000e-01
8.707303e+06 4.410000e-01
8.709833e+06 4.400000e-01
8.712364e+06 4.400000e-01
8.714897e+06 4.390000e-01
8.717431e+06 4.390000e-01
8.719967e+06 4.380000e-01
8.722504e+06 4.380000e-01
8.725042e+06 4.380000e-01
8.727582e+06 4.370000e-01
8.730124e+06 4.370000e-01
8.732667e+06 4.370000e-01
8.735211e+06 4.360000e-01
8.737757e+06 4.360000e-01
8.740305e+06 4.360000e-01
8.742854e+06 4.350000e-01
8.745404e+06 4.350000e-01
8.747956e+06 4.350000e-01
8.750510e+06 4.340000e-01
8.753064e+06 4.340000e-01
8.755621e+06 4.330000e-01
8.758179e+06 4.320000e-01
8.760738e+06 4.310000e-01
8.763299e+06 4.300000e-01
8.765861e+06 4.290000e-01
8.768425e+06 4.280000e-01
8.770991e+06 4.270000e-01
8.773557e+06 4.260000e-01
8.776126e+06 4.250000e-01
8.778696e+06 4.240000e-01
8.781267e+06 4.230000e-01
8.783840e+06 4.220000e-01
8.786414e+06 4.210000e-01
8.788990e+06 4.200000e-01
8.791568e+06 4.190000e-01
8.794147e+06 4.180000e-01
8.796727e+06 4.170000e-01
8.799309e+06 4.160000e-01
8.801892e+06 4.150000e-01
8.804477e+06 4.130000e-01
8.807064e+06 4.120000e-01
8.809652e+06 4.110000e-01
8.812242e+06 4.100000e-01
8.814833e+06 4.090000e-01
8.817425e+06 4.080000e-01
8.820019e+06 4.070000e-01
8.822615e+06 4.060000e-01
8.825212e+06 4.040000e-01
8.827811e+06 4.030000e-01
8.830411e+06 4.020000e-01
8.833013e+06 4.010000e-01
8.835616e+06 3.990000e-01
8.838221e+06 3.970000e-01
8.840827e+06 3.960000e-01
8.843435e+06 3.940000e-01
8.846045e+06 3.920000e-01
8.848656e+06 3.900000e-01
8.851268e+06 3.880000e-01
8.853882e+06 3.860000e-01
8.856498e+06 3.840000e-01
8.859115e+06 3.830000e-01
8.861734e+06 3.810000e-01
8.864354e+06 3.790000e-01
8.866976e+06 3.770000e-01
8.869599e+06 3.750000e-01
8.872224e+06 3.730000e-01
8.874851e+06 3.710000e-01
8.877479e+06 3.690000e-01
8.880108e+06 3.660000e-01
8.882740e+06 3.640000e-01
8.885372e+06 3.620000e-01
8.888006e+06 3.590000e-01
8.890642e+06 3.570000e-01
8.893280e+06 3.550000e-01
8.895919e+06 3.520000e-01
8.898559e+06 3.500000e-01
8.901201e+06 3.480000e-01
8.903845e+06 3.450000e-01
8.906490e+06 3.430000e-01
8.909137e+06 3.410000e-01
8.911785e+06 3.380000e-01
8.914435e+06 3.360000e-01
8.917087e+06 3.340000e-01
8.919740e+06 3.320000e-01
8.922395e+06 3.300000e-01
8.925051e+06 3.280000e-01
8.927709e+06 3.260000e-01
8.930368e+06 3.240000e-01
8.933029e+06 3.220000e-01
8.935692e+06 3.200000e-01
8.938356e+06 3.180000e-01
8.941022e+06 3.160000e-01
8.943689e+06 3.140000e-01
8.946358e+06 3.120000e-01
8.949029e+06 3.100000e-01
8.951701e+06 3.080000e-01
8.954374e+06 3.060000e-01
8.957050e+06 3.040000e-01
8.959727e+06 3.010000e-01
8.962405e+06 2.990000e-01
8.965085e+06 2.970000e-01
8.967767e+06 2.940000e-01
8.970451e+06 2.920000e-01
8.973136e+06 2.900000e-01
8.975822e+06 2.880000e-01
8.978510e+06 2.850000e-01
8.981200e+06 2.830000e-01
8.983891e+06 2.810000e-01
8.986584e+06 2.780000e-01
8.989279e+06 2.760000e-01
8.991975e+06 2.740000e-01
8.994673e+06 2.710000e-01
8.997373e+06 2.690000e-01
9.000074e+06 2.660000e-01
9.002777e+06 2.630000e-01
9.005481e+06 2.600000e-01
9.008187e+06 2.570000e-01
9.010894e+06 2.550000e-01
9.013604e+06 2.520000e-01
9.016315e+06 2.490000e-01
9.019027e+06 2.460000e-01
9.021741e+06 2.440000e-01
9.024457e+06 2.410000e-01
9.027174e+06 2.380000e-01
9.029893e+06 2.350000e-01
9.032614e+06 2.330000e-01
9.035336e+06 2.300000e-01
9.038060e+06 2.270000e-01
9.040786e+06 2.240000e-01
9.043513e+06 2.210000e-01
9.046242e+06 2.180000e-01
9.048972e+06 2.150000e-01
9.051705e+06 2.120000e-01
9.054438e+06 2.090000e-01
9.057174e+06 2.060000e-01
9.059911e+06 2.030000e-01
9.062650e+06 2.000000e-01
9.065390e+06 1.970000e-01
9.068132e+06 1.950000e-01
9.070876e+06 1.920000e-01
9.073622e+06 1.890000e-01
9.076369e+06 1.860000e-01
9.079117e+06 1.830000e-01
9.081868e+06 1.810000e-01
9.084620e+06 1.790000e-01
9.087374e+06 1.770000e-01
9.090129e+06 1.750000e-01
9.092886e+06 1.720000e-01
9.095645e+06 1.700000e-01
9.098405e+06 1.680000e-01
9.101168e+06 1.660000e-01
9.103931e+06 1.640000e-01
9.106697e+06 1.620000e-01
9.109464e+06 1.600000e-01
9.112233e+06 1.570000e-01
9.115003e+06 1.550000e-01
9.117775e+06 1.530000e-01
9.120549e+06 1.510000e-01
9.123325e+06 1.490000e-01
9.126102e+06 1.480000e-01
9.128881e+06 1.460000e-01
9.131662e+06 1.440000e-01
9.134444e+06 1.420000e-01
9.137228e+06 1.410000e-01
9.140014e+06 1.390000e-01
9.142801e+06 1.370000e-01
9.145591e+06 1.360000e-01
9.148381e+06 1.340000e-01
9.151174e+06 1.320000e-01
9.153968e+06 1.300000e-01
9.156764e+06 1.290000e-01
9.159562e+06 1.270000e-01
9.162361e+06 1.250000e-01
9.165162e+06 1.230000e-01
9.167965e+06 1.220000e-01
9.170770e+06 1.200000e-01
9.173576e+06 1.180000e-01
9.176384e+06 1.160000e-01
9.179193e+06 1.140000e-01
9.182005e+06 1.130000e-01
9.184818e+06 1.110000e-01
9.187633e+06 1.090000e-01
9.190449e+06 1.070000e-01
9.193268e+06 1.050000e-01
9.196088e+06 1.040000e-01
9.198909e+06 1.020000e-01
9.201733e+06 1.000000e-01
9.204558e+06 9.800000e-02
9.207385e+06 9.700000e-02
9.210214e+06 9.600000e-02
9.213044e+06 9.500000e-02
9.215876e+06 9.300000e-02
9.218710e+06 9.200000e-02
9.221546e+06 9.100000e-02
9.224383e+06 9.000000e-02
9.227222e+06 8.800000e-02
9.230063e+06 8.700000e-02
9.232906e+06 8.600000e-02
9.235750e+06 8.500000e-02
9.238597e+06 8.300000e-02
9.241444e+06 8.200000e-02
9.244294e+06 8.100000e-02
9.247146e+06 7.900000e-02
9.249999e+06 7.800000e-02
9.252854e+06 7.700000e-02
9.255710e+06 7.600000e-02
9.258569e+06 7.500000e-02
9.261429e+06 7.400000e-02
9.264291e+06 7.300000e-02
9.267155e+06 7.200000e-02
9.270020e+06 7.100000e-02
9.272888e+06 7.000000e-02
9.275757e+06 6.900000e-02
9.278628e+06 6.800000e-02
9.281500e+06 6.700000e-02
9.284375e+06 6.500000e-02
9.287251e+06 6.400000e-02
9.290129e+06 6.300000e-02
9.293009e+06 6.200000e-02
9.295890e+06 6.200000e-02
9.298774e+06 6.100000e-02
9.301659e+06 6.000000e-02
9.304546e+06 5.900000e-02
9.307434e+06 5.900000e-02
9.310325e+06 5.800000e-02
9.313217e+06 5.700000e-02
9.316111e+06 5.600000e-02
9.319007e+06 5.500000e-02
9.321905e+06 5.500000e-02
9.324804e+06 5.400000e-02
9.327706e+06 5.300000e-02
9.330609e+06 5.200000e-02
9.333514e+06 5.200000e-02
9.336420e+06 5.100000e-02
9.339329e+06 5.000000e-02
9.342239e+06 5.000000e-02
9.345151e+06 4.900000e-02
9.348065e+06 4.900000e-02
9.350981e+06 4.800000e-02
9.353899e+06 4.800000e-02
9.356818e+06 4.700000e-02
9.359740e+06 4.700000e-02
9.362663e+06 4.600000e-02
9.365588e+06 4.600000e-02
9.368514e+06 4.500000e-02
9.371443e+06 4.400000e-02
9.374373e+06 4.400000e-02
9.377306e+06 4.300000e-02
9.380240e+06 4.300000e-02
9.383176e+06 4.200000e-02
9.386113e+06 4.200000e-02
9.389053e+06 4.100000e-02
9.391994e+06 4.000000e-02
9.394938e+06 4.000000e-02
9.397883e+06 3.900000e-02
9.400830e+06 3.900000e-02
9.403778e+06 3.800000e-02
9.406729e+06 3.700000e-02
9.409682e+06 3.700000e-02
9.412636e+06 3.600000e-02
9.415592e+06 3.600000e-02
9.418550e+06 3.500000e-02
9.421510e+06 3.400000e-02
9.424472e+06 3.400000e-02
9.427436e+06 3.300000e-02
9.430401e+06 3.300000e-02
9.433369e+06 3.300000e-02
9.436338e+06 3.200000e-02
9.439309e+06 3.200000e-02
9.442282e+06 3.100000e-02
9.445257e+06 3.100000e-02
9.448234e+06 3.000000e-02
9.451212e+06 3.000000e-02
9.454193e+06 3.000000e-02
9.457175e+06 2.900000e-02
9.460160e+06 2.900000e-02
9.463146e+06 2.800000e-02
9.466134e+06 2.800000e-02
9.469124e+06 2.700000e-02
9.472116e+06 2.700000e-02
9.475109e+06 2.700000e-02
9.478105e+06 2.600000e-02
9.481102e+06 2.600000e-02
9.484102e+06 2.600000e-02
9.487103e+06 2.500000e-02
9.490106e+06 2.500000e-02
9.493111e+06 2.500000e-02
9.496118e+06 2.400000e-02
9.499127e+06 2.400000e-02
9.502138e+06 2.400000e-02
9.505151e+06 2.300000e-02
9.508165e+06 2.300000e-02
9.511182e+06 2.300000e-02
9.514201e+06 2.200000e-02
9.517221e+06 2.200000e-02
9.520243e+06 2.200000e-02
9.523267e+06 2.100000e-02
9.526294e+06 2.100000e-02
9.529322e+06 2.100000e-02
9.532352e+06 2.000000e-02
9.535384e+06 2.000000e-02
9.538417e+06 2.000000e-02
9.541453e+06 2.000000e-02
9.544491e+06 1.900000e-02
9.547531e+06 1.900000e-02
9.550572e+06 1.900000e-02
9.553616e+06 1.800000e-02
9.556661e+06 1.800000e-02
9.559708e+06 1.800000e-02
9.562758e+06 1.700000e-02
9.565809e+06 1.700000e-02
9.568862e+06 1.700000e-02
9.571918e+06 1.700000e-02
9.574975e+06 1.700000e-02
9.578034e+06 1.600000e-02
9.581095e+06 1.600000e-02
9.584158e+06 1.600000e-02
9.587223e+06 1.600000e-02
9.590290e+06 1.600000e-02
9.593359e+06 1.600000e-02
9.596430e+06 1.500000e-02
9.599502e+06 1.500000e-02
9.602577e+06 1.500000e-02
9.605654e+06 1.500000e-02
9.608733e+06 1.500000e-02
9.611813e+06 1.400000e-02
9.614896e+06 1.400000e-02
9.617981e+06 1.400000e-02
9.621067e+06 1.400000e-02
9.624156e+06 1.400000e-02
9.627247e+06 1.400000e-02
9.630339e+06 1.400000e-02
9.633434e+06 1.300000e-02
9.636530e+06 1.300000e-02
9.639629e+06 1.300000e-02
9.642729e+06 1.300000e-02
9.645832e+06 1.300000e-02
9.648937e+06 1.300000e-02
9.652043e+06 1.200000e-02
9.655152e+06 1.200000e-02
9.658262e+06 1.200000e-02
9.661375e+06 1.200000e-02
9.664489e+06 1.200000e-02
9.667606e+06 1.200000e-02
9.670724e+06 1.100000e-02
9.673845e+06 1.100000e-02
9.676968e+06 1.100000e-02
9.680092e+06 1.100000e-02
9.683219e+06 1.100000e-02
9.686348e+06 1.100000e-02
9.689478e+06 1.000000e-02
9.692611e+06 1.000000e-02
9.695746e+06 1.000000e-02
9.698882e+06 1.000000e-02
9.702021e+06 1.000000e-02
9.705162e+06 9.000000e-03
9.708305e+06 9.000000e-03
9.711450e+06 9.000000e-03
9.714597e+06 9.000000e-03
9.717746e+06 9.000000e-03
9.720897e+06 9.000000e-03
9.724050e+06 9.000000e-03
9.727205e+06 9.000000e-03
9.730362e+06 9.000000e-03
9.733521e+06 8.000000e-03
9.736683e+06 8.000000e-03
9.739846e+06 8.000000e-03
9.743011e+06 8.000000e-03
9.746179e+06 8.000000e-03
9.749348e+06 8.000000e-03
9.752520e+06 8.000000e-03
9.755693e+06 8.000000e-03
9.758869e+06 8.000000e-03
9.762047e+06 8.000000e-03
9.765227e+06 7.000000e-03
9.768409e+06 7.000000e-03
9.771592e+06 7.000000e-03
9.774779e+06 7.000000e-03
9.777967e+06 7.000000e-03
9.781157e+06 7.000000e-03
9.784349e+06 7.000000e-03
9.787544e+06 7.000000e-03
9.790740e+06 7.000000e-03
9.793939e+06 7.000000e-03
9.797139e+06 6.000000e-03
9.800342e+06 6.000000e-03
9.803547e+06 6.000000e-03
9.806754e+06 6.000000e-03
9.809963e+06 6.000000e-03
9.813174e+06 6.000000e-03
9.816387e+06 6.000000e-03
9.819602e+06 6.000000e-03
9.822820e+06 6.000000e-03
9.826039e+06 6.000000e-03
9.829261e+06 6.000000e-03
9.832485e+06 6.000000e-03
9.835711e+06 5.000000e-03
9.838939e+06 5.000000e-03
9.842169e+06 5.000000e-03
9.845401e+06 5.000000e-03
9.848635e+06 5.000000e-03
9.851872e+06 5.000000e-03
9.855110e+06 5.000000e-03
9.858351e+06 5.000000e-03
9.861594e+06 5.000000e-03
9.864839e+06 5.000000e-03
9.868086e+06 5.000000e-03
9.871335e+06 5.000000e-03
9.874587e+06 5.000000e-03
9.877840e+06 5.000000e-03
9.881096e+06 5.000000e-03
9.884354e+06 5.000000e-03
9.887614e+06 5.000000e-03
9.890876e+06 5.000000e-03
9.894141e+06 5.000000e-03
9.897407e+06 4.000000e-03
9.900676e+06 4.000000e-03
9.903946e+06 4.000000e-03
9.907219e+06 4.000000e-03
9.910494e+06 4.000000e-03
9.913772e+06 4.000000e-03
9.917051e+06 4.000000e-03
9.920333e+06 4.000000e-03
9.923617e+06 4.000000e-03
9.926903e+06 4.000000e-03
9.930191e+06 4.000000e-03
9.933481e+06 4.000000e-03
9.936774e+06 4.000000e-03
9.940068e+06 4.000000e-03
9.943365e+06 4.000000e-03
9.946664e+06 4.000000e-03
9.949965e+06 4.000000e-03
9.953269e+06 4.000000e-03
9.956574e+06 4.000000e-03
9.959882e+06 3.000000e-03
9.963192e+06 3.000000e-03
9.966505e+06 3.000000e-03
9.969819e+06 3.000000e-03
9.973136e+06 3.000000e-03
9.976455e+06 3.000000e-03
9.979776e+06 3.000000e-03
9.983099e+06 3.000000e-03
9.986424e+06 3.000000e-03
9.989752e+06 3.000000e-03
9.993082e+06 3.000000e-03
9.996414e+06 3.000000e-03
9.999748e+06 3.000000e-03
1.000309e+07 3.000000e-03
1.000642e+07 3.000000e-03
1.000976e+07 3.000000e-03
1.001311e+07 3.000000e-03
1.001645e+07 3.000000e-03
1.001980e+07 3.000000e-03
1.002315e+07 3.000000e-03
1.002650e+07 3.000000e-03
1.002986e+07 3.000000e-03
1.003321e+07 3.000000e-03
1.003657e+07 3.000000e-03
1.003993e+07 3.000000e-03
1.004330e+07 3.000000e-03
1.004666e+07 2.000000e-03
1.005003e+07 2.000000e-03
1.005340e+07 2.000000e-03
1.005677e+07 2.000000e-03
1.006015e+07 2.000000e-03
1.006353e+07 2.000000e-03
1.006691e+07 2.000000e-03
1.007029e+07 2.000000e-03
1.007367e+07 2.000000e-03
1.007706e+07 2.000000e-03
1.008045e+07 2.000000e-03
1.008384e+07 2.000000e-03
1.008723e+07 2.000000e-03
1.009062e+07 2.000000e-03
1.009402e+07 2.000000e-03
1.009742e+07 2.000000e-03
1.010082e+07 2.000000e-03
1.010423e+07 2.000000e-03
1.010764e+07 2.000000e-03
1.011104e+07 2.000000e-03
1.011446e+07 2.000000e-03
1.011787e+07 2.000000e-03
1.012128e+07 2.000000e-03
1.012470e+07 2.000000e-03
1.012812e+07 2.000000e-03
1.013155e+07 2.000000e-03
1.013497e+07 2.000000e-03
1.013840e+07 2.000000e-03
1.014183e+07 2.000000e-03
1.014526e+07 2.000000e-03
1.014870e+07 2.000000e-03
1.015213e+07 2.000000e-03
1.015557e+07 2.000000e-03
1.015901e+07 2.000000e-03
1.016246e+07 2.000000e-03
1.016590e+07 2.000000e-03
1.016935e+07 2.000000e-03
1.017280e+07 2.000000e-03
1.017625e+07 2.000000e-03
1.017971e+07 2.000000e-03
1.018317e+07 2.000000e-03
1.018663e+07 2.000000e-03
1.019009e+07 1.000000e-03
1.019356e+07 1.000000e-03
1.019702e+07 1.000000e-03
1.020049e+07 1.000000e-03
1.020396e+07 1.000000e-03
1.020744e+07 1.000000e-03
1.021091e+07 1.000000e-03
1.021439e+07 1.000000e-03
1.021788e+07 1.000000e-03
1.022136e+07 1.000000e-03
1.022485e+07 1.000000e-03
1.022833e+07 1.000000e-03
1.023182e+07 1.000000e-03
1.023532e+07 1.000000e-03
1.023881e+07 1.000000e-03
1.024231e+07 1.000000e-03
1.024581e+07 1.000000e-03
1.024931e+07 1.000000e-03
1.025282e+07 1.000000e-03
1.025633e+07 1.000000e-03
1.025984e+07 1.000000e-03
1.026335e+07 1.000000e-03
1.026686e+07 1.000000e-03
1.027038e+07 1.000000e-03
1.027390e+07 1.000000e-03
1.027742e+07 1.000000e-03
1.028095e+07 1.000000e-03
1.028448e+07 1.000000e-03
1.028800e+07 1.000000e-03
1.029154e+07 1.000000e-03
1.029507e+07 1.000000e-03
1.029861e+07 1.000000e-03
1.030215e+07 1.000000e-03
1.030569e+07 1.000000e-03
1.030923e+07 1.000000e-03
1.031278e+07 1.000000e-03
1.031633e+07 1.000000e-03
1.031988e+07 1.000000e-03
1.032343e+07 1.000000e-03
1.032699e+07 1.000000e-03
1.033055e+07 1.000000e-03
1.033411e+07 1.000000e-03
1.033767e+07 1.000000e-03
1.034124e+07 1.000000e-03
1.034481e+07 1.000000e-03
1.034838e+07 1.000000e-03
1.035195e+07 1.000000e-03
1.035553e+07 1.000000e-03
1.035910e+07 1.000000e-03
1.036268e+07 1.000000e-03
1.036627e+07 1.000000e-03
1.036985e+07 1.000000e-03
1.037344e+07 1.000000e-03
1.037703e+07 1.000000e-03
1.038063e+07 1.000000e-03
1.038422e+07 1.000000e-03
1.038782e+07 1.000000e-03
1.039142e+07 1.000000e-03
1.039502e+07 1.000000e-03
1.039863e+07 1.000000e-03
1.040224e+07 1.000000e-03
1.040585e+07 1.000000e-03
1.040946e+07 1.000000e-03
1.041308e+07 1.000000e-03
1.041669e+07 1.000000e-03
1.042031e+07 1.000000e-03
1.042394e+07 1.000000e-03
1.042756e+07 1.000000e-03
1.043119e+07 1.000000e-03
1.043482e+07 1.000000e-03
1.043846e+07 1.000000e-03
1.044209e+07 1.000000e-03
1.044573e+07 1.000000e-03
1.044937e+07 1.000000e-03
1.045301e+07 1.000000e-03
1.045666e+07 1.000000e-03
1.046031e+07 1.000000e-03
1.046396e+07 1.000000e-03
1.046761e+07 1.000000e-03
1.047127e+07 1.000000e-03
1.047493e+07 1.000000e-03
1.047859e+07 1.000000e-03
1.048225e+07 1.000000e-03
1.048592e+07 1.000000e-03
1.048959e+07 1.000000e-03
1.049326e+07 0.000000e+00
1.049693e+07 0.000000e+00
1.050061e+07 0.000000e+00
1.050429e+07 0.000000e+00
1.050797e+07 0.000000e+00
1.051166e+07 0.000000e+00
1.051534e+07 0.000000e+00
1.051903e+07 0.000000e+00
1.052273e+07 0.000000e+00
1.052642e+07 0.000000e+00
1.053012e+07 0.000000e+00
1.053382e+07 0.000000e+00
1.053752e+07 0.000000e+00
1.054123e+07 0.000000e+00
1.054493e+07 0.000000e+00
1.054864e+07 0.000000e+00
1.055236e+07 0.000000e+00
1.055607e+07 0.000000e+00
1.055979e+07 0.000000e+00
1.056351e+07 0.000000e+00
1.056724e+07 0.000000e+00
1.057096e+07 0.000000e+00
1.057469e+07 0.000000e+00
1.057842e+07 0.000000e+00
1.058216e+07 0.000000e+00
1.058589e+07 0.000000e+00
1.058963e+07 0.000000e+00
1.059337e+07 0.000000e+00
1.059712e+07 0.000000e+00
1.060086e+07 0.000000e+00
1.060461e+07 0.000000e+00
1.060837e+07 0.000000e+00
1.061212e+07 0.000000e+00
1.061588e+07 0.000000e+00
1.061964e+07 0.000000e+00
1.062340e+07 0.000000e+00
1.062717e+07 0.000000e+00
1.063094e+07 0.000000e+00
1.063471e+07 0.000000e+00
1.063848e+07 0.000000e+00
1.064226e+07 0.000000e+00
1.064604e+07 0.000000e+00
1.064982e+07 0.000000e+00
1.065361e+07 0.000000e+00
1.065739e+07 0.000000e+00
1.066118e+07 0.000000e+00
1.066498e+07 0.000000e+00
1.066877e+07 0.000000e+00
1.067257e+07 0.000000e+00
1.067637e+07 0.000000e+00
1.068017e+07 0.000000e+00
1.068398e+07 0.000000e+00
1.068779e+07 0.000000e+00
1.069160e+07 0.000000e+00
1.069541e+07 0.000000e+00
1.069923e+07 0.000000e+00
1.070305e+07 0.000000e+00
1.070687e+07 0.000000e+00
1.071070e+07 0.000000e+00
1.071453e+07 0.000000e+00
1.071836e+07 0.000000e+00
1.072219e+07 0.000000e+00
1.072603e+07 0.000000e+00
1.072987e+07 0.000000e+00
1.073371e+07 0.000000e+00
1.073755e+07 0.000000e+00
1.074140e+07 0.000000e+00
1.074525e+07 0.000000e+00
1.074910e+07 0.000000e+00
1.075296e+07 0.000000e+00
1.075682e+07 0.000000e+00
1.076068e+07 0.000000e+00
1.076454e+07 0.000000e+00
1.076841e+07 0.000000e+00
1.077228e+07 0.000000e+00
1.077615e+07 0.000000e+00
1.078002e+07 0.000000e+00
1.078390e+07 0.000000e+00
1.078778e+07 0.000000e+00
1.079167e+07 0.000000e+00
1.079555e+07 0.000000e+00
1.079944e+07 0.000000e+00
1.080333e+07 0.000000e+00
1.080723e+07 0.000000e+00
1.081112e+07 0.000000e+00
1.081502e+07 0.000000e+00
1.081893e+07 0.000000e+00
1.082283e+07 0.000000e+00
1.082674e+07 0.000000e+00
1.083065e+07 0.000000e+00
1.083457e+07 0.000000e+00
1.083848e+07 0.000000e+00
1.084240e+07 0.000000e+00
1.084633e+07 0.000000e+00
1.085025e+07 0.000000e+00
1.085418e+07 0.000000e+00
1.085811e+07 0.000000e+00
1.086205e+07 0.000000e+00
1.086598e+07 0.000000e+00
1.086992e+07 0.000000e+00
1.087386e+07 0.000000e+00
1.087781e+07 0.000000e+00
1.088176e+07 0.000000e+00
1.088571e+07 0.000000e+00
1.088966e+07 0.000000e+00
1.089362e+07 0.000000e+00
1.089758e+07 0.000000e+00
1.090154e+07 0.000000e+00
1.090551e+07 0.000000e+00
1.090948e+07 0.000000e+00
1.091345e+07 0.000000e+00
1.091742e+07 0.000000e+00
1.092140e+07 0.000000e+00
1.092538e+07 0.000000e+00
1.092936e+07 0.000000e+00
1.093335e+07 0.000000e+00
1.093734e+07 0.000000e+00
1.094133e+07 0.000000e+00
1.094533e+07 0.000000e+00
1.094932e+07 0.000000e+00
1.095332e+07 0.000000e+00
1.095733e+07 0.000000e+00
1.096133e+07 0.000000e+00
1.096534e+07 0.000000e+00
1.096935e+07 0.000000e+00
1.097337e+07 0.000000e+00
1.097739e+07 0.000000e+00
1.098141e+07 0.000000e+00
1.098543e+07 0.000000e+00
1.098946e+07 0.000000e+00
1.099349e+07 0.000000e+00
1.099752e+07 0.000000e+00
1.100156e+07 0.000000e+00
1.100560e+07 0.000000e+00
1.100964e+07 0.000000e+00
1.101368e+07 0.000000e+00
1.101773e+07 0.000000e+00
1.102178e+07 0.000000e+00
1.102584e+07 0.000000e+00
1.102989e+07 0.000000e+00
1.103395e+07 0.000000e+00
1.103801e+07 0.000000e+00
1.104208e+07 0.000000e+00
1.104615e+07 0.000000e+00
1.105022e+07 0.000000e+00
1.105429e+07 0.000000e+00
1.105837e+07 0.000000e+00
1.106245e+07 0.000000e+00
1.106654e+07 0.000000e+00
1.107062e+07 0.000000e+00
1.107471e+07 0.000000e+00
1.107880e+07 0.000000e+00
1.108290e+07 0.000000e+00
1.108700e+07 0.000000e+00
1.109110e+07 0.000000e+00
1.109521e+07 0.000000e+00
1.109931e+07 0.000000e+00
1.110342e+07 0.000000e+00
