# # Wavelength(Angstrom)  Transmission
2.339770e+04 1.281180e-04
2.346210e+04 1.147990e-04
2.347810e+04 1.749710e-04
2.349420e+04 1.731540e-04
2.351030e+04 1.660820e-04
2.352640e+04 1.696280e-04
2.354250e+04 2.071270e-04
2.355850e+04 2.566350e-04
2.357460e+04 3.176300e-04
2.359070e+04 3.715650e-04
2.360680e+04 4.371370e-04
2.362290e+04 5.089430e-04
2.363900e+04 5.941530e-04
2.365500e+04 7.057170e-04
2.367110e+04 9.008110e-04
2.368720e+04 1.150470e-03
2.370330e+04 1.414280e-03
2.371940e+04 1.671110e-03
2.373540e+04 1.971450e-03
2.375150e+04 2.444090e-03
2.376760e+04 3.059230e-03
2.378370e+04 3.809090e-03
2.379980e+04 4.593750e-03
2.381580e+04 5.539510e-03
2.383190e+04 6.706500e-03
2.384800e+04 8.193680e-03
2.386410e+04 1.000510e-02
2.388020e+04 1.208680e-02
2.389620e+04 1.448850e-02
2.391230e+04 1.736980e-02
2.392840e+04 2.051950e-02
2.394450e+04 2.422100e-02
2.396060e+04 2.852700e-02
2.397670e+04 3.309830e-02
2.399270e+04 3.842210e-02
2.400880e+04 4.431320e-02
2.402490e+04 5.058170e-02
2.404100e+04 5.775480e-02
2.405710e+04 6.560050e-02
2.407310e+04 7.427740e-02
2.408920e+04 8.411110e-02
2.410530e+04 9.439300e-02
2.412140e+04 1.057470e-01
2.413750e+04 1.183740e-01
2.415350e+04 1.311180e-01
2.416960e+04 1.452070e-01
2.418570e+04 1.600690e-01
2.420180e+04 1.741900e-01
2.421790e+04 1.897660e-01
2.423390e+04 2.048890e-01
2.425000e+04 2.189800e-01
2.426610e+04 2.342430e-01
2.428220e+04 2.481010e-01
2.429830e+04 2.614780e-01
2.431440e+04 2.761460e-01
2.433040e+04 2.887590e-01
2.434650e+04 3.016430e-01
2.436260e+04 3.158130e-01
2.437870e+04 3.268920e-01
2.439480e+04 3.386470e-01
2.441080e+04 3.509220e-01
2.442690e+04 3.593980e-01
2.444300e+04 3.683360e-01
2.445910e+04 3.767390e-01
2.447520e+04 3.817960e-01
2.449120e+04 3.869850e-01
2.450730e+04 3.911830e-01
2.452340e+04 3.935600e-01
2.453950e+04 3.959700e-01
2.455560e+04 3.977770e-01
2.457160e+04 3.988860e-01
2.458770e+04 4.000060e-01
2.460380e+04 4.008660e-01
2.461990e+04 4.014780e-01
2.463600e+04 4.020910e-01
2.465200e+04 4.026390e-01
2.466810e+04 4.031510e-01
2.468420e+04 4.036990e-01
2.470030e+04 4.042310e-01
2.471640e+04 4.048450e-01
2.473250e+04 4.055640e-01
2.474850e+04 4.064530e-01
2.476460e+04 4.069360e-01
2.478070e+04 4.074040e-01
2.479680e+04 4.079270e-01
2.481290e+04 4.081670e-01
2.482890e+04 4.082970e-01
2.484500e+04 4.086640e-01
2.486110e+04 4.090170e-01
2.487720e+04 4.094110e-01
2.489330e+04 4.096490e-01
2.490930e+04 4.099500e-01
2.492540e+04 4.102130e-01
2.494150e+04 4.104040e-01
2.495760e+04 4.105830e-01
2.497370e+04 4.107540e-01
2.498970e+04 4.108050e-01
2.499780e+04 4.028770e-01
2.501130e+04 4.028880e-01
2.502480e+04 4.028080e-01
2.503830e+04 4.027220e-01
2.505180e+04 4.026130e-01
2.506530e+04 4.024540e-01
2.507890e+04 4.022640e-01
2.509240e+04 4.020340e-01
2.510590e+04 4.018070e-01
2.511940e+04 4.015730e-01
2.513290e+04 4.013420e-01
2.514640e+04 4.010980e-01
2.515990e+04 4.008780e-01
2.517340e+04 4.006860e-01
2.518700e+04 4.005100e-01
2.520050e+04 4.003590e-01
2.521400e+04 4.002750e-01
2.522750e+04 4.002000e-01
2.524100e+04 4.001520e-01
2.525450e+04 4.002110e-01
2.526800e+04 4.002440e-01
2.528150e+04 4.003570e-01
2.529510e+04 4.004850e-01
2.530860e+04 4.006440e-01
2.532210e+04 4.008030e-01
2.533560e+04 4.011010e-01
2.534910e+04 4.013900e-01
2.536260e+04 4.015020e-01
2.537610e+04 4.018880e-01
2.538960e+04 4.021050e-01
2.540320e+04 4.022840e-01
2.541670e+04 4.022890e-01
2.543020e+04 4.021860e-01
2.544370e+04 4.023210e-01
2.545720e+04 4.023490e-01
2.547070e+04 4.020930e-01
2.548420e+04 4.018840e-01
2.549770e+04 4.017170e-01
2.551120e+04 4.012690e-01
2.552480e+04 4.007640e-01
2.553830e+04 4.005540e-01
2.555180e+04 4.001870e-01
2.556530e+04 3.996280e-01
2.557880e+04 3.990860e-01
2.559230e+04 3.984110e-01
2.560580e+04 3.972920e-01
2.561930e+04 3.965110e-01
2.563290e+04 3.960410e-01
2.564640e+04 3.955610e-01
2.565990e+04 3.955730e-01
2.567340e+04 3.951260e-01
2.568690e+04 3.944860e-01
2.570040e+04 3.939410e-01
2.571390e+04 3.946910e-01
2.572740e+04 3.940340e-01
2.574100e+04 3.941080e-01
2.575450e+04 3.946330e-01
2.576800e+04 3.944130e-01
2.578150e+04 3.949290e-01
2.579500e+04 3.954990e-01
2.580850e+04 3.956700e-01
2.582200e+04 3.966410e-01
2.583550e+04 3.968340e-01
2.584910e+04 3.983950e-01
2.586260e+04 3.995680e-01
2.587610e+04 4.004670e-01
2.588960e+04 4.019970e-01
2.590310e+04 4.035120e-01
2.591660e+04 4.047870e-01
2.593010e+04 4.057980e-01
2.594360e+04 4.051360e-01
2.595720e+04 4.071630e-01
2.597070e+04 4.098210e-01
2.598420e+04 4.117310e-01
2.599770e+04 4.129380e-01
2.601120e+04 4.134550e-01
2.602470e+04 4.141020e-01
2.603820e+04 4.144700e-01
2.605170e+04 4.143090e-01
2.606530e+04 4.154370e-01
2.607880e+04 4.158760e-01
2.609230e+04 4.160550e-01
2.610580e+04 4.163930e-01
2.611930e+04 4.164780e-01
2.613280e+04 4.160250e-01
2.614630e+04 4.159210e-01
2.615980e+04 4.151700e-01
2.617340e+04 4.149600e-01
2.618690e+04 4.160130e-01
2.620040e+04 4.149270e-01
2.621390e+04 4.153670e-01
2.622740e+04 4.155370e-01
2.624090e+04 4.151730e-01
2.625440e+04 4.145030e-01
2.626790e+04 4.135150e-01
2.628150e+04 4.138850e-01
2.629500e+04 4.129080e-01
2.630850e+04 4.122100e-01
2.632200e+04 4.129320e-01
2.633550e+04 4.123710e-01
2.634900e+04 4.127790e-01
2.636250e+04 4.128480e-01
2.637600e+04 4.127260e-01
2.638950e+04 4.126610e-01
2.640310e+04 4.126160e-01
2.641660e+04 4.125060e-01
2.643010e+04 4.126520e-01
2.644360e+04 4.127540e-01
2.645710e+04 4.126190e-01
2.647060e+04 4.131980e-01
2.648410e+04 4.135320e-01
2.649760e+04 4.138180e-01
2.651120e+04 4.134740e-01
2.652470e+04 4.134320e-01
2.653820e+04 4.144210e-01
2.655170e+04 4.144480e-01
2.656520e+04 4.149000e-01
2.657870e+04 4.152230e-01
2.659220e+04 4.149920e-01
2.660570e+04 4.150320e-01
2.661930e+04 4.146180e-01
2.663280e+04 4.146970e-01
2.664630e+04 4.136520e-01
2.665980e+04 4.136340e-01
2.667330e+04 4.137750e-01
2.668680e+04 4.149360e-01
2.670030e+04 4.133780e-01
2.671380e+04 4.141880e-01
2.672740e+04 4.147120e-01
2.674090e+04 4.145140e-01
2.675440e+04 4.138140e-01
2.676790e+04 4.133460e-01
2.678140e+04 4.136180e-01
2.679490e+04 4.133910e-01
2.680840e+04 4.140410e-01
2.682190e+04 4.137170e-01
2.683550e+04 4.128200e-01
2.684900e+04 4.128610e-01
2.686250e+04 4.126420e-01
2.687600e+04 4.130550e-01
2.688950e+04 4.129070e-01
2.690300e+04 4.129290e-01
2.691650e+04 4.126810e-01
2.693000e+04 4.114230e-01
2.694360e+04 4.112650e-01
2.695710e+04 4.116320e-01
2.697060e+04 4.120750e-01
2.698410e+04 4.122240e-01
2.699760e+04 4.125490e-01
2.701110e+04 4.125340e-01
2.702460e+04 4.129280e-01
2.703810e+04 4.134950e-01
2.705170e+04 4.138740e-01
2.706520e+04 4.142210e-01
2.707870e+04 4.142900e-01
2.709220e+04 4.142160e-01
2.710570e+04 4.141260e-01
2.711920e+04 4.150800e-01
2.713270e+04 4.159640e-01
2.714620e+04 4.159220e-01
2.715980e+04 4.161890e-01
2.717330e+04 4.162650e-01
2.718680e+04 4.165010e-01
2.720030e+04 4.155020e-01
2.721380e+04 4.163430e-01
2.722730e+04 4.175650e-01
2.724080e+04 4.163190e-01
2.725430e+04 4.168140e-01
2.726790e+04 4.175250e-01
2.728140e+04 4.176740e-01
2.729490e+04 4.176620e-01
2.730840e+04 4.175540e-01
2.732190e+04 4.174540e-01
2.733540e+04 4.169080e-01
2.734890e+04 4.159840e-01
2.736240e+04 4.163460e-01
2.737590e+04 4.160190e-01
2.738950e+04 4.148630e-01
2.740300e+04 4.145470e-01
2.741650e+04 4.151500e-01
2.743000e+04 4.155470e-01
2.744350e+04 4.152560e-01
2.745700e+04 4.146100e-01
2.747050e+04 4.143680e-01
2.748400e+04 4.141090e-01
2.749760e+04 4.139240e-01
2.751110e+04 4.131740e-01
2.752460e+04 4.123590e-01
2.753810e+04 4.112740e-01
2.755160e+04 4.096800e-01
2.756510e+04 4.096100e-01
2.757860e+04 4.096510e-01
2.759210e+04 4.093900e-01
2.760570e+04 4.093230e-01
2.761920e+04 4.080910e-01
2.763270e+04 4.080240e-01
2.764620e+04 4.085130e-01
2.765970e+04 4.087160e-01
2.767320e+04 4.081930e-01
2.768670e+04 4.086210e-01
2.770020e+04 4.087910e-01
2.771380e+04 4.087230e-01
2.772730e+04 4.094350e-01
2.774080e+04 4.100940e-01
2.775430e+04 4.103030e-01
2.776780e+04 4.104040e-01
2.778130e+04 4.110420e-01
2.779480e+04 4.120240e-01
2.780830e+04 4.121240e-01
2.782190e+04 4.126790e-01
2.783540e+04 4.134080e-01
2.784890e+04 4.140680e-01
2.786240e+04 4.137920e-01
2.787590e+04 4.143550e-01
2.788940e+04 4.153880e-01
2.790290e+04 4.160730e-01
2.791640e+04 4.163740e-01
2.793000e+04 4.169640e-01
2.794350e+04 4.174330e-01
2.795700e+04 4.177110e-01
2.797050e+04 4.182750e-01
2.798400e+04 4.190140e-01
2.799750e+04 4.194220e-01
2.801100e+04 4.195410e-01
2.802450e+04 4.194390e-01
2.803810e+04 4.198410e-01
2.805160e+04 4.199990e-01
2.806510e+04 4.203920e-01
2.807860e+04 4.206090e-01
2.809210e+04 4.206410e-01
2.810560e+04 4.204520e-01
2.811910e+04 4.205720e-01
2.813260e+04 4.206190e-01
2.814620e+04 4.202950e-01
2.815970e+04 4.201980e-01
2.817320e+04 4.202510e-01
2.818670e+04 4.204220e-01
2.820020e+04 4.200080e-01
2.821370e+04 4.199990e-01
2.822720e+04 4.199850e-01
2.824070e+04 4.198830e-01
2.825420e+04 4.197290e-01
2.826780e+04 4.195550e-01
2.828130e+04 4.194280e-01
2.829480e+04 4.193410e-01
2.830830e+04 4.191710e-01
2.832180e+04 4.189490e-01
2.833530e+04 4.187000e-01
2.834880e+04 4.185170e-01
2.836230e+04 4.182690e-01
2.837590e+04 4.177470e-01
2.838940e+04 4.176690e-01
2.840290e+04 4.177290e-01
2.841640e+04 4.179480e-01
2.842990e+04 4.178670e-01
2.844340e+04 4.178010e-01
2.845690e+04 4.177380e-01
2.847040e+04 4.176480e-01
2.848400e+04 4.175460e-01
2.849750e+04 4.174800e-01
2.851100e+04 4.172720e-01
2.852450e+04 4.169490e-01
2.853800e+04 4.165500e-01
2.855150e+04 4.162530e-01
2.856500e+04 4.160010e-01
2.857850e+04 4.157030e-01
2.859210e+04 4.153650e-01
2.860560e+04 4.148090e-01
2.861910e+04 4.144220e-01
2.863260e+04 4.142310e-01
2.864610e+04 4.143160e-01
2.865960e+04 4.142560e-01
2.867310e+04 4.140210e-01
2.868660e+04 4.138380e-01
2.870020e+04 4.135870e-01
2.871370e+04 4.133450e-01
2.872720e+04 4.131800e-01
2.874070e+04 4.130160e-01
2.875420e+04 4.128060e-01
2.876770e+04 4.125610e-01
2.878120e+04 4.123290e-01
2.879470e+04 4.120960e-01
2.880830e+04 4.118490e-01
2.882180e+04 4.116070e-01
2.883530e+04 4.113140e-01
2.884880e+04 4.110190e-01
2.886230e+04 4.102350e-01
2.887580e+04 4.099400e-01
2.888930e+04 4.096640e-01
2.890280e+04 4.093940e-01
2.891640e+04 4.092210e-01
2.892990e+04 4.094860e-01
2.894340e+04 4.093240e-01
2.895690e+04 4.091440e-01
2.897040e+04 4.089750e-01
2.898390e+04 4.088050e-01
2.899740e+04 4.085620e-01
2.901090e+04 4.082650e-01
2.902450e+04 4.080420e-01
2.903800e+04 4.077670e-01
2.905150e+04 4.074720e-01
2.906500e+04 4.072100e-01
2.907850e+04 4.069490e-01
2.909200e+04 4.066670e-01
2.910550e+04 4.061440e-01
2.911900e+04 4.057010e-01
2.913250e+04 4.054590e-01
2.914610e+04 4.052480e-01
2.915960e+04 4.050350e-01
2.917310e+04 4.047970e-01
2.918660e+04 4.045490e-01
2.920010e+04 4.043280e-01
2.921360e+04 4.039020e-01
2.922710e+04 4.034640e-01
2.924060e+04 4.030540e-01
2.925420e+04 4.026510e-01
2.926770e+04 4.025740e-01
2.928120e+04 4.022230e-01
2.929470e+04 4.017870e-01
2.930820e+04 4.012540e-01
2.932170e+04 4.006740e-01
2.933520e+04 4.000890e-01
2.934870e+04 3.994630e-01
2.936230e+04 3.988470e-01
2.937580e+04 3.979580e-01
2.938930e+04 3.971620e-01
2.940280e+04 3.965520e-01
2.941630e+04 3.959770e-01
2.942980e+04 3.953640e-01
2.944330e+04 3.952530e-01
2.945680e+04 3.946830e-01
2.947040e+04 3.940900e-01
2.948390e+04 3.935490e-01
2.949740e+04 3.929560e-01
2.951090e+04 3.926330e-01
2.952440e+04 3.918700e-01
2.953790e+04 3.911220e-01
2.955140e+04 3.903980e-01
2.956490e+04 3.896910e-01
2.957850e+04 3.889830e-01
2.959200e+04 3.882670e-01
2.960550e+04 3.875770e-01
2.961900e+04 3.868770e-01
2.963250e+04 3.862060e-01
2.964600e+04 3.855510e-01
2.965950e+04 3.849390e-01
2.967300e+04 3.843450e-01
2.968660e+04 3.837320e-01
2.970010e+04 3.831300e-01
2.971360e+04 3.825850e-01
2.972710e+04 3.820950e-01
2.974060e+04 3.816230e-01
2.975410e+04 3.815510e-01
2.976760e+04 3.816290e-01
2.978110e+04 3.812060e-01
2.979470e+04 3.808040e-01
2.980820e+04 3.803040e-01
2.982170e+04 3.797530e-01
2.983520e+04 3.792350e-01
2.984870e+04 3.787270e-01
2.986220e+04 3.781950e-01
2.987570e+04 3.776990e-01
2.988920e+04 3.775830e-01
2.990280e+04 3.772020e-01
2.991630e+04 3.769230e-01
2.992980e+04 3.766700e-01
2.994330e+04 3.764240e-01
2.995680e+04 3.761720e-01
2.997030e+04 3.759000e-01
2.998380e+04 3.756450e-01
2.999730e+04 3.754200e-01
3.001090e+04 3.749860e-01
3.002440e+04 3.748240e-01
3.003790e+04 3.742880e-01
3.005140e+04 3.737470e-01
3.006490e+04 3.733960e-01
3.007840e+04 3.730450e-01
3.009190e+04 3.724520e-01
3.010540e+04 3.719780e-01
3.011890e+04 3.716570e-01
3.013250e+04 3.713080e-01
3.014600e+04 3.709370e-01
3.015950e+04 3.705350e-01
3.017300e+04 3.701140e-01
3.018650e+04 3.696780e-01
3.020000e+04 3.692380e-01
3.021350e+04 3.685700e-01
3.022700e+04 3.678810e-01
3.024060e+04 3.671750e-01
3.025410e+04 3.664430e-01
3.026760e+04 3.656510e-01
3.028110e+04 3.648460e-01
3.029460e+04 3.640280e-01
3.030810e+04 3.634150e-01
3.032160e+04 3.629200e-01
3.033510e+04 3.624110e-01
3.034870e+04 3.618840e-01
3.036220e+04 3.614190e-01
3.037570e+04 3.611870e-01
3.038920e+04 3.605890e-01
3.040270e+04 3.600440e-01
3.041620e+04 3.596850e-01
3.042970e+04 3.593270e-01
3.044320e+04 3.589350e-01
3.045680e+04 3.585500e-01
3.047030e+04 3.581530e-01
3.048380e+04 3.579140e-01
3.049730e+04 3.577570e-01
3.051080e+04 3.572670e-01
3.052430e+04 3.567460e-01
3.053780e+04 3.562350e-01
3.055130e+04 3.557170e-01
3.056490e+04 3.552390e-01
3.057840e+04 3.547590e-01
3.059190e+04 3.542790e-01
3.060540e+04 3.539770e-01
3.061890e+04 3.539470e-01
3.063240e+04 3.539370e-01
3.064590e+04 3.539460e-01
3.065940e+04 3.543630e-01
3.067300e+04 3.544110e-01
3.068650e+04 3.547300e-01
3.070000e+04 3.549460e-01
3.071350e+04 3.548000e-01
3.072700e+04 3.546410e-01
3.074050e+04 3.545270e-01
3.075400e+04 3.544290e-01
3.076750e+04 3.543500e-01
3.078110e+04 3.542790e-01
3.079460e+04 3.542340e-01
3.080810e+04 3.543990e-01
3.082160e+04 3.547430e-01
3.083510e+04 3.550970e-01
3.084860e+04 3.554740e-01
3.086210e+04 3.558580e-01
3.087560e+04 3.562780e-01
3.088920e+04 3.566880e-01
3.090270e+04 3.571510e-01
3.091620e+04 3.577150e-01
3.092970e+04 3.582730e-01
3.094320e+04 3.592300e-01
3.095670e+04 3.597970e-01
3.097020e+04 3.603640e-01
3.098370e+04 3.609390e-01
3.099720e+04 3.615110e-01
3.101080e+04 3.619440e-01
3.102430e+04 3.623250e-01
3.103780e+04 3.627070e-01
3.105130e+04 3.630680e-01
3.106480e+04 3.634470e-01
3.107830e+04 3.638360e-01
3.109180e+04 3.642160e-01
3.110530e+04 3.646110e-01
3.111890e+04 3.650980e-01
3.113240e+04 3.655780e-01
3.114590e+04 3.660480e-01
3.115940e+04 3.665110e-01
3.117290e+04 3.669880e-01
3.118640e+04 3.674500e-01
3.119990e+04 3.679060e-01
3.121340e+04 3.690810e-01
3.122700e+04 3.698210e-01
3.124050e+04 3.705510e-01
3.125400e+04 3.712870e-01
3.126750e+04 3.720060e-01
3.128100e+04 3.727330e-01
3.129450e+04 3.734460e-01
3.130800e+04 3.740750e-01
3.132150e+04 3.746310e-01
3.133510e+04 3.751860e-01
3.134860e+04 3.757190e-01
3.136210e+04 3.762680e-01
3.137560e+04 3.768100e-01
3.138910e+04 3.773500e-01
3.140260e+04 3.779110e-01
3.141610e+04 3.785970e-01
3.142960e+04 3.792650e-01
3.144320e+04 3.799400e-01
3.145670e+04 3.805870e-01
3.147020e+04 3.812690e-01
3.148370e+04 3.823970e-01
3.149720e+04 3.830860e-01
3.151070e+04 3.837440e-01
3.152420e+04 3.844130e-01
3.153770e+04 3.850780e-01
3.155130e+04 3.857580e-01
3.156480e+04 3.864280e-01
3.157830e+04 3.871190e-01
3.159180e+04 3.877900e-01
3.160530e+04 3.884610e-01
3.161880e+04 3.890910e-01
3.163230e+04 3.897350e-01
3.164580e+04 3.903660e-01
3.165940e+04 3.910130e-01
3.167290e+04 3.916610e-01
3.168640e+04 3.923160e-01
3.169990e+04 3.929630e-01
3.171340e+04 3.938850e-01
3.172690e+04 3.951090e-01
3.174040e+04 3.961370e-01
3.175390e+04 3.970320e-01
3.176750e+04 3.979380e-01
3.178100e+04 3.988420e-01
3.179450e+04 3.997490e-01
3.180800e+04 4.005770e-01
3.182150e+04 4.013480e-01
3.183500e+04 4.021260e-01
3.184850e+04 4.028920e-01
3.186200e+04 4.036470e-01
3.187550e+04 4.043840e-01
3.188910e+04 4.051370e-01
3.190260e+04 4.058810e-01
3.191610e+04 4.066390e-01
3.192960e+04 4.073870e-01
3.194310e+04 4.081440e-01
3.195660e+04 4.088650e-01
3.197010e+04 4.095950e-01
3.198360e+04 4.107850e-01
3.199720e+04 4.115110e-01
3.201070e+04 4.121720e-01
3.202420e+04 4.128220e-01
3.203770e+04 4.134800e-01
3.205120e+04 4.141230e-01
3.206470e+04 4.147370e-01
3.207820e+04 4.153630e-01
3.209170e+04 4.159730e-01
3.210530e+04 4.165740e-01
3.211880e+04 4.171690e-01
3.213230e+04 4.172750e-01
3.214580e+04 4.178580e-01
3.215930e+04 4.184390e-01
3.217280e+04 4.190160e-01
3.218630e+04 4.195660e-01
3.219980e+04 4.201420e-01
3.221340e+04 4.209830e-01
3.222690e+04 4.219930e-01
3.224040e+04 4.226600e-01
3.225390e+04 4.233470e-01
3.226740e+04 4.240240e-01
3.228090e+04 4.247020e-01
3.229440e+04 4.253700e-01
3.230790e+04 4.259180e-01
3.232150e+04 4.263750e-01
3.233500e+04 4.268230e-01
3.234850e+04 4.272880e-01
3.236200e+04 4.277420e-01
3.237550e+04 4.282000e-01
3.238900e+04 4.286500e-01
3.240250e+04 4.291200e-01
3.241600e+04 4.295380e-01
3.242960e+04 4.299540e-01
3.244310e+04 4.305110e-01
3.245660e+04 4.312950e-01
3.247010e+04 4.317130e-01
3.248360e+04 4.321470e-01
3.249710e+04 4.325950e-01
3.251060e+04 4.331450e-01
3.252410e+04 4.337310e-01
3.253770e+04 4.343020e-01
3.255120e+04 4.348930e-01
3.256470e+04 4.354760e-01
3.257820e+04 4.360870e-01
3.259170e+04 4.366930e-01
3.260520e+04 4.372820e-01
3.261870e+04 4.378160e-01
3.263220e+04 4.383810e-01
3.264580e+04 4.389610e-01
3.265930e+04 4.395290e-01
3.267280e+04 4.402370e-01
3.268630e+04 4.411810e-01
3.269980e+04 4.417700e-01
3.271330e+04 4.422240e-01
3.272680e+04 4.427030e-01
3.274030e+04 4.431810e-01
3.275390e+04 4.436720e-01
3.276740e+04 4.441560e-01
3.278090e+04 4.446310e-01
3.279440e+04 4.450850e-01
3.280790e+04 4.455640e-01
3.282140e+04 4.460600e-01
3.283490e+04 4.465450e-01
3.284840e+04 4.470560e-01
3.286190e+04 4.475620e-01
3.287550e+04 4.480620e-01
3.288900e+04 4.485250e-01
3.290250e+04 4.495240e-01
3.291600e+04 4.499910e-01
3.292950e+04 4.504750e-01
3.294300e+04 4.509630e-01
3.295650e+04 4.514520e-01
3.297000e+04 4.519450e-01
3.298360e+04 4.524110e-01
3.299710e+04 4.528940e-01
3.301060e+04 4.532620e-01
3.302410e+04 4.536090e-01
3.303760e+04 4.539450e-01
3.305110e+04 4.543020e-01
3.306460e+04 4.546670e-01
3.307810e+04 4.550190e-01
3.309170e+04 4.553720e-01
3.310520e+04 4.557000e-01
3.311870e+04 4.564650e-01
3.313220e+04 4.568160e-01
3.314570e+04 4.571140e-01
3.315920e+04 4.574110e-01
3.317270e+04 4.577340e-01
3.318620e+04 4.580520e-01
3.319980e+04 4.583690e-01
3.321330e+04 4.586480e-01
3.322680e+04 4.588980e-01
3.324030e+04 4.591720e-01
3.325380e+04 4.594490e-01
3.326730e+04 4.597520e-01
3.328080e+04 4.600560e-01
3.329430e+04 4.603790e-01
3.330790e+04 4.603750e-01
3.332140e+04 4.601130e-01
3.333490e+04 4.598620e-01
3.334840e+04 4.600600e-01
3.336190e+04 4.599000e-01
3.337540e+04 4.596410e-01
3.338890e+04 4.594160e-01
3.340240e+04 4.589880e-01
3.341600e+04 4.575680e-01
3.342950e+04 4.561410e-01
3.344300e+04 4.546950e-01
3.345650e+04 4.532660e-01
3.347000e+04 4.518290e-01
3.348350e+04 4.504170e-01
3.349700e+04 4.490000e-01
3.351050e+04 4.459820e-01
3.352410e+04 4.425270e-01
3.353760e+04 4.390620e-01
3.355110e+04 4.355920e-01
3.356460e+04 4.320990e-01
3.357810e+04 4.286070e-01
3.359160e+04 4.250900e-01
3.360510e+04 4.231330e-01
3.361860e+04 4.237130e-01
3.363220e+04 4.242820e-01
3.364570e+04 4.248700e-01
3.365920e+04 4.254460e-01
3.367270e+04 4.260270e-01
3.368620e+04 4.265910e-01
3.369970e+04 4.271580e-01
3.371320e+04 4.312350e-01
3.372670e+04 4.357110e-01
3.374020e+04 4.405460e-01
3.375380e+04 4.447020e-01
3.376730e+04 4.488850e-01
3.378080e+04 4.530590e-01
3.379430e+04 4.572340e-01
3.380780e+04 4.597680e-01
3.382130e+04 4.610910e-01
3.383480e+04 4.624170e-01
3.384830e+04 4.637240e-01
3.386190e+04 4.650410e-01
3.387540e+04 4.663370e-01
3.388890e+04 4.676210e-01
3.390240e+04 4.686310e-01
3.391590e+04 4.683760e-01
3.392940e+04 4.681150e-01
3.394290e+04 4.678080e-01
3.395640e+04 4.675010e-01
3.397000e+04 4.671750e-01
3.398350e+04 4.668270e-01
3.399700e+04 4.664740e-01
3.401050e+04 4.660550e-01
3.402400e+04 4.656360e-01
3.403750e+04 4.651890e-01
3.405100e+04 4.647240e-01
3.406450e+04 4.642530e-01
3.407810e+04 4.637710e-01
3.409160e+04 4.633720e-01
3.410510e+04 4.634040e-01
3.411860e+04 4.631170e-01
3.413210e+04 4.628150e-01
3.414560e+04 4.625010e-01
3.415910e+04 4.626560e-01
3.417260e+04 4.623670e-01
3.418620e+04 4.620460e-01
3.419970e+04 4.617100e-01
3.421320e+04 4.617580e-01
3.422670e+04 4.618130e-01
3.424020e+04 4.618760e-01
3.425370e+04 4.619600e-01
3.426720e+04 4.620260e-01
3.428070e+04 4.621020e-01
3.429430e+04 4.621810e-01
3.430780e+04 4.621820e-01
3.432130e+04 4.621300e-01
3.433480e+04 4.620730e-01
3.434830e+04 4.620360e-01
3.436180e+04 4.619670e-01
3.437530e+04 4.618890e-01
3.438880e+04 4.618160e-01
3.440240e+04 4.617080e-01
3.441590e+04 4.614500e-01
3.442940e+04 4.611850e-01
3.444290e+04 4.614890e-01
3.445640e+04 4.612630e-01
3.446990e+04 4.610440e-01
3.448340e+04 4.610250e-01
3.449690e+04 4.611600e-01
3.451050e+04 4.611880e-01
3.452400e+04 4.612750e-01
3.453750e+04 4.613630e-01
3.455100e+04 4.614640e-01
3.456450e+04 4.615590e-01
3.457800e+04 4.616860e-01
3.459150e+04 4.618240e-01
3.460500e+04 4.621230e-01
3.461850e+04 4.626760e-01
3.463210e+04 4.632170e-01
3.464560e+04 4.637770e-01
3.465910e+04 4.643290e-01
3.467260e+04 4.648850e-01
3.468610e+04 4.654450e-01
3.469960e+04 4.660010e-01
3.471310e+04 4.662610e-01
3.472660e+04 4.665090e-01
3.474020e+04 4.667750e-01
3.475370e+04 4.670430e-01
3.476720e+04 4.676930e-01
3.478070e+04 4.681230e-01
3.479420e+04 4.686140e-01
3.480770e+04 4.693760e-01
3.482120e+04 4.699680e-01
3.483470e+04 4.705550e-01
3.484830e+04 4.711530e-01
3.486180e+04 4.717390e-01
3.487530e+04 4.723360e-01
3.488880e+04 4.729320e-01
3.490230e+04 4.735340e-01
3.491580e+04 4.742590e-01
3.492930e+04 4.749650e-01
3.494280e+04 4.756720e-01
3.495640e+04 4.763730e-01
3.496990e+04 4.770580e-01
3.498340e+04 4.777510e-01
3.499690e+04 4.784220e-01
3.501040e+04 4.790360e-01
3.502390e+04 4.796270e-01
3.503740e+04 4.802050e-01
3.505090e+04 4.807850e-01
3.506450e+04 4.813480e-01
3.507800e+04 4.823620e-01
3.509150e+04 4.830310e-01
3.510500e+04 4.838520e-01
3.511850e+04 4.847140e-01
3.513200e+04 4.853070e-01
3.514550e+04 4.859450e-01
3.515900e+04 4.865880e-01
3.517260e+04 4.871690e-01
3.518610e+04 4.877200e-01
3.519960e+04 4.882530e-01
3.521310e+04 4.887230e-01
3.522660e+04 4.891880e-01
3.524010e+04 4.896210e-01
3.525360e+04 4.900580e-01
3.526710e+04 4.904880e-01
3.528070e+04 4.909070e-01
3.529420e+04 4.913320e-01
3.530770e+04 4.917000e-01
3.532120e+04 4.920460e-01
3.533470e+04 4.923900e-01
3.534820e+04 4.931990e-01
3.536170e+04 4.936380e-01
3.537520e+04 4.939530e-01
3.538880e+04 4.942760e-01
3.540230e+04 4.945760e-01
3.541580e+04 4.947350e-01
3.542930e+04 4.954230e-01
3.544280e+04 4.956310e-01
3.545630e+04 4.958030e-01
3.546980e+04 4.959770e-01
3.548330e+04 4.961360e-01
3.549680e+04 4.963040e-01
3.551040e+04 4.964490e-01
3.552390e+04 4.971210e-01
3.553740e+04 4.972480e-01
3.555090e+04 4.973590e-01
3.556440e+04 4.974850e-01
3.557790e+04 4.976240e-01
3.559140e+04 4.977610e-01
3.560490e+04 4.979320e-01
3.561850e+04 4.981420e-01
3.563200e+04 4.983640e-01
3.564550e+04 4.985970e-01
3.565900e+04 4.988200e-01
3.567250e+04 4.990520e-01
3.568600e+04 4.996290e-01
3.569950e+04 5.000970e-01
3.571300e+04 5.002900e-01
3.572660e+04 5.004750e-01
3.574010e+04 5.006690e-01
3.575360e+04 5.008650e-01
3.576710e+04 5.010520e-01
3.578060e+04 5.018190e-01
3.579410e+04 5.020210e-01
3.580760e+04 5.021890e-01
3.582110e+04 5.023410e-01
3.583470e+04 5.024920e-01
3.584820e+04 5.031430e-01
3.586170e+04 5.034310e-01
3.587520e+04 5.036090e-01
3.588870e+04 5.038010e-01
3.590220e+04 5.039670e-01
3.591570e+04 5.040730e-01
3.592920e+04 5.041830e-01
3.594280e+04 5.042790e-01
3.595630e+04 5.043980e-01
3.596980e+04 5.045250e-01
3.598330e+04 5.046440e-01
3.599680e+04 5.047760e-01
3.601030e+04 5.049160e-01
3.602380e+04 5.050710e-01
3.603730e+04 5.056490e-01
3.605090e+04 5.059210e-01
3.606440e+04 5.060400e-01
3.607790e+04 5.061520e-01
3.609140e+04 5.062610e-01
3.610490e+04 5.063830e-01
3.611840e+04 5.064620e-01
3.613190e+04 5.065340e-01
3.614540e+04 5.066120e-01
3.615900e+04 5.066790e-01
3.617250e+04 5.067470e-01
3.618600e+04 5.068020e-01
3.619950e+04 5.073820e-01
3.621300e+04 5.074520e-01
3.622650e+04 5.074870e-01
3.624000e+04 5.075290e-01
3.625350e+04 5.075820e-01
3.626710e+04 5.076190e-01
3.628060e+04 5.076640e-01
3.629410e+04 5.077060e-01
3.630760e+04 5.077650e-01
3.632110e+04 5.078610e-01
3.633460e+04 5.079420e-01
3.634810e+04 5.080170e-01
3.636160e+04 5.081140e-01
3.637520e+04 5.082090e-01
3.638870e+04 5.083050e-01
3.640220e+04 5.084120e-01
3.641570e+04 5.085640e-01
3.642920e+04 5.087160e-01
3.644270e+04 5.088600e-01
3.645620e+04 5.089920e-01
3.646970e+04 5.091230e-01
3.648320e+04 5.092400e-01
3.649680e+04 5.097670e-01
3.651030e+04 5.101590e-01
3.652380e+04 5.103590e-01
3.653730e+04 5.105680e-01
3.655080e+04 5.107830e-01
3.656430e+04 5.109820e-01
3.657780e+04 5.111800e-01
3.659130e+04 5.113650e-01
3.660490e+04 5.115110e-01
3.661840e+04 5.116160e-01
3.663190e+04 5.117120e-01
3.664540e+04 5.118180e-01
3.665890e+04 5.119420e-01
3.667240e+04 5.120590e-01
3.668590e+04 5.121810e-01
3.669940e+04 5.128390e-01
3.671300e+04 5.130380e-01
3.672650e+04 5.132100e-01
3.674000e+04 5.133720e-01
3.675350e+04 5.135180e-01
3.676700e+04 5.136770e-01
3.678050e+04 5.138410e-01
3.679400e+04 5.140110e-01
3.680750e+04 5.141880e-01
3.682110e+04 5.143460e-01
3.683460e+04 5.145100e-01
3.684810e+04 5.146810e-01
3.686160e+04 5.148280e-01
3.687510e+04 5.149750e-01
3.688860e+04 5.151180e-01
3.690210e+04 5.152230e-01
3.691560e+04 5.152280e-01
3.692920e+04 5.152410e-01
3.694270e+04 5.158550e-01
3.695620e+04 5.158830e-01
3.696970e+04 5.158970e-01
3.698320e+04 5.159070e-01
3.699670e+04 5.159250e-01
3.701020e+04 5.159250e-01
3.702370e+04 5.159180e-01
3.703730e+04 5.159180e-01
3.705080e+04 5.159080e-01
3.706430e+04 5.159060e-01
3.707780e+04 5.159150e-01
3.709130e+04 5.159190e-01
3.710480e+04 5.159540e-01
3.711830e+04 5.160310e-01
3.713180e+04 5.161000e-01
3.714540e+04 5.161750e-01
3.715890e+04 5.162400e-01
3.717240e+04 5.162950e-01
3.718590e+04 5.163560e-01
3.719940e+04 5.164120e-01
3.721290e+04 5.164760e-01
3.722640e+04 5.165580e-01
3.723990e+04 5.166370e-01
3.725350e+04 5.167240e-01
3.726700e+04 5.168150e-01
3.728050e+04 5.168900e-01
3.729400e+04 5.169630e-01
3.730750e+04 5.170390e-01
3.732100e+04 5.171120e-01
3.733450e+04 5.171960e-01
3.734800e+04 5.172810e-01
3.736150e+04 5.179650e-01
3.737510e+04 5.180710e-01
3.738860e+04 5.181790e-01
3.740210e+04 5.183910e-01
3.741560e+04 5.188910e-01
3.742910e+04 5.189270e-01
3.744260e+04 5.189520e-01
3.745610e+04 5.189820e-01
3.746960e+04 5.190090e-01
3.748320e+04 5.190430e-01
3.749670e+04 5.190900e-01
3.751020e+04 5.191300e-01
3.752370e+04 5.191770e-01
3.753720e+04 5.192400e-01
3.755070e+04 5.192980e-01
3.756420e+04 5.193580e-01
3.757770e+04 5.194230e-01
3.759130e+04 5.194810e-01
3.760480e+04 5.195390e-01
3.761830e+04 5.195940e-01
3.763180e+04 5.196420e-01
3.764530e+04 5.197060e-01
3.765880e+04 5.197810e-01
3.767230e+04 5.198570e-01
3.768580e+04 5.199460e-01
3.769940e+04 5.200360e-01
3.771290e+04 5.201050e-01
3.772640e+04 5.201790e-01
3.773990e+04 5.202550e-01
3.775340e+04 5.203220e-01
3.776690e+04 5.208100e-01
3.778040e+04 5.210640e-01
3.779390e+04 5.211260e-01
3.780750e+04 5.212420e-01
3.782100e+04 5.213950e-01
3.783450e+04 5.215450e-01
3.784800e+04 5.217060e-01
3.786150e+04 5.218670e-01
3.787500e+04 5.220150e-01
3.788850e+04 5.221650e-01
3.790200e+04 5.222830e-01
3.791560e+04 5.222660e-01
3.792910e+04 5.222560e-01
3.794260e+04 5.222440e-01
3.795610e+04 5.222310e-01
3.796960e+04 5.222310e-01
3.798310e+04 5.222170e-01
3.799660e+04 5.221970e-01
3.801010e+04 5.223010e-01
3.802370e+04 5.224140e-01
3.803720e+04 5.225120e-01
3.805070e+04 5.226230e-01
3.806420e+04 5.227210e-01
3.807770e+04 5.228150e-01
3.809120e+04 5.229140e-01
3.810470e+04 5.229660e-01
3.811820e+04 5.229660e-01
3.813180e+04 5.229760e-01
3.814530e+04 5.229760e-01
3.815880e+04 5.229730e-01
3.817230e+04 5.231050e-01
3.818580e+04 5.235460e-01
3.819930e+04 5.235110e-01
3.821280e+04 5.234850e-01
3.822630e+04 5.234510e-01
3.823980e+04 5.234100e-01
3.825340e+04 5.233700e-01
3.826690e+04 5.233160e-01
3.828040e+04 5.232560e-01
3.829390e+04 5.232060e-01
3.830740e+04 5.231470e-01
3.832090e+04 5.230710e-01
3.833440e+04 5.229940e-01
3.834790e+04 5.228950e-01
3.836150e+04 5.227910e-01
3.837500e+04 5.227040e-01
3.838850e+04 5.230900e-01
3.840200e+04 5.230600e-01
3.841550e+04 5.229530e-01
3.842900e+04 5.228370e-01
3.844250e+04 5.227160e-01
3.845600e+04 5.225950e-01
3.846960e+04 5.224610e-01
3.848310e+04 5.223170e-01
3.849660e+04 5.221780e-01
3.851010e+04 5.220270e-01
3.852360e+04 5.218640e-01
3.853710e+04 5.217020e-01
3.855060e+04 5.215360e-01
3.856410e+04 5.213650e-01
3.857770e+04 5.216660e-01
3.859120e+04 5.216440e-01
3.860470e+04 5.214670e-01
3.861820e+04 5.213090e-01
3.863170e+04 5.211490e-01
3.864520e+04 5.209800e-01
3.865870e+04 5.208190e-01
3.867220e+04 5.206520e-01
3.868580e+04 5.204780e-01
3.869930e+04 5.203120e-01
3.871280e+04 5.201330e-01
3.872630e+04 5.199430e-01
3.873980e+04 5.197580e-01
3.875330e+04 5.195800e-01
3.876680e+04 5.194030e-01
3.878030e+04 5.192330e-01
3.879390e+04 5.190720e-01
3.880740e+04 5.189060e-01
3.882090e+04 5.187490e-01
3.883440e+04 5.186040e-01
3.884790e+04 5.184540e-01
3.886140e+04 5.183210e-01
3.887490e+04 5.182030e-01
3.888840e+04 5.180790e-01
3.890200e+04 5.179600e-01
3.891550e+04 5.178510e-01
3.892900e+04 5.177450e-01
3.894250e+04 5.176420e-01
3.895600e+04 5.175530e-01
3.896950e+04 5.174650e-01
3.898300e+04 5.179770e-01
3.899650e+04 5.179140e-01
3.901010e+04 5.178550e-01
3.902360e+04 5.178040e-01
3.903710e+04 5.177780e-01
3.905060e+04 5.177540e-01
3.906410e+04 5.177340e-01
3.907760e+04 5.177310e-01
3.909110e+04 5.177350e-01
3.910460e+04 5.177440e-01
3.911820e+04 5.177770e-01
3.913170e+04 5.178320e-01
3.914520e+04 5.181870e-01
3.915870e+04 5.185350e-01
3.917220e+04 5.186180e-01
3.918570e+04 5.186860e-01
3.919920e+04 5.187590e-01
3.921270e+04 5.188430e-01
3.922620e+04 5.189230e-01
3.923980e+04 5.190070e-01
3.925330e+04 5.190980e-01
3.926680e+04 5.191800e-01
3.928030e+04 5.192490e-01
3.929380e+04 5.193220e-01
3.930730e+04 5.193820e-01
3.932080e+04 5.194120e-01
3.933430e+04 5.194300e-01
3.934790e+04 5.194070e-01
3.936140e+04 5.193330e-01
3.937490e+04 5.195180e-01
3.938840e+04 5.196770e-01
3.940190e+04 5.194920e-01
3.941540e+04 5.193220e-01
3.942890e+04 5.191020e-01
3.944240e+04 5.188070e-01
3.945600e+04 5.184370e-01
3.946950e+04 5.179820e-01
3.948300e+04 5.174150e-01
3.949650e+04 5.167450e-01
3.951000e+04 5.159100e-01
3.952350e+04 5.149270e-01
3.953700e+04 5.138060e-01
3.955050e+04 5.125530e-01
3.956410e+04 5.111550e-01
3.957760e+04 5.095800e-01
3.959110e+04 5.078300e-01
3.960460e+04 5.058950e-01
3.961810e+04 5.037590e-01
3.963160e+04 5.014230e-01
3.964510e+04 4.988770e-01
3.965860e+04 4.961030e-01
3.967220e+04 4.931020e-01
3.968570e+04 4.898780e-01
3.969920e+04 4.869030e-01
3.971270e+04 4.832030e-01
3.972620e+04 4.791780e-01
3.973970e+04 4.748890e-01
3.975320e+04 4.703240e-01
3.976670e+04 4.654970e-01
3.978030e+04 4.609300e-01
3.979380e+04 4.555490e-01
3.980730e+04 4.498940e-01
3.982080e+04 4.439860e-01
3.983430e+04 4.377810e-01
3.984780e+04 4.312780e-01
3.986130e+04 4.245380e-01
3.987480e+04 4.175430e-01
3.988840e+04 4.103090e-01
3.990190e+04 4.028640e-01
3.991540e+04 3.952210e-01
3.992890e+04 3.873740e-01
3.994240e+04 3.793520e-01
3.995590e+04 3.711410e-01
3.996940e+04 3.627690e-01
3.998290e+04 3.542770e-01
3.999650e+04 3.456890e-01
4.001000e+04 3.370030e-01
4.002350e+04 3.282350e-01
4.003700e+04 3.194280e-01
4.005050e+04 3.105970e-01
4.006400e+04 3.016890e-01
4.007750e+04 2.928160e-01
4.009100e+04 2.839780e-01
4.010450e+04 2.751870e-01
4.011810e+04 2.664880e-01
4.013160e+04 2.578860e-01
4.014510e+04 2.493720e-01
4.015860e+04 2.409350e-01
4.017210e+04 2.326280e-01
4.018560e+04 2.245920e-01
4.019910e+04 2.166450e-01
4.021260e+04 2.089560e-01
4.022620e+04 2.011970e-01
4.023970e+04 1.935940e-01
4.025320e+04 1.861650e-01
4.026670e+04 1.789410e-01
4.028020e+04 1.718770e-01
4.029370e+04 1.650080e-01
4.030720e+04 1.583550e-01
4.032070e+04 1.518970e-01
4.033430e+04 1.456150e-01
4.034780e+04 1.395380e-01
4.036130e+04 1.336750e-01
4.037480e+04 1.279630e-01
4.038830e+04 1.224540e-01
4.040180e+04 1.171540e-01
4.041530e+04 1.120450e-01
4.042880e+04 1.071070e-01
4.044240e+04 1.023720e-01
4.045590e+04 9.782190e-02
4.046940e+04 9.340860e-02
4.048290e+04 8.918920e-02
4.049640e+04 8.513860e-02
4.050990e+04 8.122340e-02
4.052340e+04 7.745490e-02
4.053690e+04 7.386900e-02
4.055050e+04 7.041680e-02
4.056400e+04 6.708310e-02
4.057750e+04 6.391580e-02
4.059100e+04 6.087820e-02
4.060450e+04 5.798460e-02
4.061800e+04 5.522180e-02
4.063150e+04 5.257790e-02
4.064500e+04 5.001870e-02
4.065860e+04 4.756900e-02
4.067210e+04 4.525260e-02
4.068560e+04 4.303270e-02
4.069910e+04 4.089680e-02
4.071260e+04 3.887200e-02
4.072610e+04 3.699060e-02
4.073960e+04 3.514500e-02
4.075310e+04 3.338070e-02
4.076670e+04 3.171490e-02
4.078020e+04 3.011970e-02
4.079370e+04 2.858180e-02
4.080720e+04 2.713870e-02
4.082070e+04 2.577180e-02
4.083420e+04 2.443740e-02
4.084770e+04 2.318380e-02
4.086120e+04 2.200330e-02
4.087480e+04 2.087110e-02
4.088830e+04 1.977250e-02
4.090180e+04 1.876700e-02
4.091530e+04 1.779740e-02
4.092880e+04 1.685410e-02
4.094230e+04 1.597120e-02
4.095580e+04 1.515090e-02
4.096930e+04 1.435720e-02
4.098280e+04 1.359080e-02
4.099640e+04 1.290250e-02
4.100990e+04 1.222870e-02
4.102340e+04 1.157350e-02
4.103690e+04 1.096720e-02
4.105040e+04 1.041230e-02
4.106390e+04 9.847690e-03
4.107740e+04 9.316720e-03
4.109090e+04 8.836060e-03
4.110450e+04 8.370920e-03
4.111800e+04 7.913800e-03
4.113150e+04 7.495330e-03
4.114500e+04 7.121680e-03
4.115850e+04 6.728570e-03
4.117200e+04 6.366420e-03
4.118550e+04 6.042530e-03
4.119900e+04 5.733340e-03
4.121260e+04 5.405030e-03
4.122610e+04 5.129230e-03
4.123960e+04 4.869830e-03
4.125310e+04 4.602330e-03
4.126660e+04 4.349490e-03
4.128010e+04 4.135500e-03
4.129360e+04 3.927040e-03
4.130710e+04 3.700950e-03
4.132070e+04 3.514250e-03
4.133420e+04 3.338480e-03
4.134770e+04 3.156900e-03
4.136120e+04 2.974680e-03
4.137470e+04 2.842640e-03
4.138820e+04 2.690340e-03
4.140170e+04 2.536130e-03
4.141520e+04 2.404160e-03
4.142880e+04 2.297070e-03
4.144230e+04 2.161860e-03
4.145580e+04 2.036470e-03
4.146930e+04 1.945980e-03
4.148280e+04 1.852860e-03
4.149630e+04 1.745070e-03
4.150980e+04 1.652420e-03
4.152330e+04 1.588200e-03
4.153690e+04 1.491650e-03
4.155040e+04 1.407470e-03
4.156390e+04 1.344420e-03
4.157740e+04 1.289990e-03
4.159090e+04 1.197550e-03
4.160440e+04 1.143160e-03
4.161790e+04 1.100360e-03
4.163140e+04 1.042970e-03
4.164500e+04 9.685240e-04
4.165850e+04 9.305900e-04
4.167200e+04 8.906890e-04
4.168550e+04 8.299780e-04
4.169900e+04 7.829650e-04
4.171250e+04 7.595740e-04
4.172600e+04 7.233710e-04
4.173950e+04 6.644050e-04
4.175310e+04 6.397770e-04
4.176660e+04 6.160140e-04
4.178010e+04 5.765010e-04
4.179360e+04 5.298230e-04
4.180710e+04 5.271610e-04
4.182060e+04 4.978980e-04
4.183410e+04 4.596300e-04
4.184760e+04 4.323700e-04
4.186110e+04 4.374020e-04
4.187470e+04 3.999010e-04
4.188820e+04 3.684530e-04
4.190170e+04 3.545570e-04
4.191520e+04 3.464360e-04
4.192870e+04 3.061780e-04
4.194220e+04 2.914970e-04
4.195570e+04 2.928940e-04
4.196920e+04 2.766040e-04
4.198280e+04 2.420090e-04
4.199630e+04 2.307570e-04
4.200980e+04 2.299570e-04
4.202330e+04 2.001530e-04
4.203680e+04 1.799220e-04
4.205030e+04 1.836350e-04
4.206380e+04 1.852390e-04
4.207730e+04 1.473370e-04
4.209090e+04 1.405520e-04
4.210440e+04 1.450040e-04
4.211790e+04 1.349790e-04
4.214490e+04 1.118060e-04
4.215840e+04 1.180060e-04
