# # Wavelength(Angstrom)  Transmission
4.109000e+04 1.044650e-03
4.110000e+04 1.107040e-03
4.111000e+04 1.170130e-03
4.112000e+04 1.236400e-03
4.113000e+04 1.313620e-03
4.114000e+04 1.397390e-03
4.115000e+04 1.484090e-03
4.116000e+04 1.573490e-03
4.117000e+04 1.667820e-03
4.118000e+04 1.776690e-03
4.119000e+04 1.892000e-03
4.120000e+04 2.011730e-03
4.121000e+04 2.141070e-03
4.122000e+04 2.284530e-03
4.123000e+04 2.440760e-03
4.124000e+04 2.609810e-03
4.125000e+04 2.789820e-03
4.126000e+04 2.983820e-03
4.127000e+04 3.194570e-03
4.128000e+04 3.425780e-03
4.129000e+04 3.678390e-03
4.130000e+04 3.947760e-03
4.131000e+04 4.236900e-03
4.132000e+04 4.551830e-03
4.133000e+04 4.908070e-03
4.134000e+04 5.287490e-03
4.135000e+04 5.693850e-03
4.136000e+04 6.140480e-03
4.137000e+04 6.643340e-03
4.138000e+04 7.189590e-03
4.139000e+04 7.779760e-03
4.140000e+04 8.425930e-03
4.141000e+04 9.151660e-03
4.142000e+04 9.945380e-03
4.143000e+04 1.080870e-02
4.144000e+04 1.176920e-02
4.145000e+04 1.283430e-02
4.146000e+04 1.400000e-02
4.147000e+04 1.527460e-02
4.148000e+04 1.672330e-02
4.149000e+04 1.832020e-02
4.150000e+04 2.006910e-02
4.151000e+04 2.198680e-02
4.152000e+04 2.419440e-02
4.153000e+04 2.662740e-02
4.154000e+04 2.929670e-02
4.155000e+04 3.223610e-02
4.156000e+04 3.563530e-02
4.157000e+04 3.938630e-02
4.158000e+04 4.351330e-02
4.159000e+04 4.810580e-02
4.160000e+04 5.337240e-02
4.161000e+04 5.919300e-02
4.162000e+04 6.560750e-02
4.163000e+04 7.280540e-02
4.164000e+04 8.097820e-02
4.165000e+04 8.997430e-02
4.166000e+04 9.984420e-02
4.167000e+04 1.109730e-01
4.168000e+04 1.234220e-01
4.169000e+04 1.369990e-01
4.170000e+04 1.517600e-01
4.171000e+04 1.683010e-01
4.172000e+04 1.863960e-01
4.173000e+04 2.058780e-01
4.174000e+04 2.267740e-01
4.175000e+04 2.498020e-01
4.176000e+04 2.743170e-01
4.177000e+04 3.001740e-01
4.178000e+04 3.273390e-01
4.179000e+04 3.562830e-01
4.180000e+04 3.862230e-01
4.181000e+04 4.170480e-01
4.182000e+04 4.486440e-01
4.183000e+04 4.807140e-01
4.184000e+04 5.127690e-01
4.185000e+04 5.446450e-01
4.186000e+04 5.760370e-01
4.187000e+04 6.064100e-01
4.188000e+04 6.357370e-01
4.189000e+04 6.638170e-01
4.190000e+04 6.900050e-01
4.191000e+04 7.139480e-01
4.192000e+04 7.360300e-01
4.193000e+04 7.562080e-01
4.194000e+04 7.738360e-01
4.195000e+04 7.891680e-01
4.196000e+04 8.026050e-01
4.197000e+04 8.141820e-01
4.198000e+04 8.232510e-01
4.199000e+04 8.305760e-01
4.200000e+04 8.365000e-01
4.201000e+04 8.411510e-01
4.202000e+04 8.441420e-01
4.203000e+04 8.461910e-01
4.204000e+04 8.474280e-01
4.205000e+04 8.479180e-01
4.206000e+04 8.476310e-01
4.207000e+04 8.469890e-01
4.208000e+04 8.460510e-01
4.209000e+04 8.448590e-01
4.210000e+04 8.435090e-01
4.211000e+04 8.421220e-01
4.212000e+04 8.407320e-01
4.213000e+04 8.393920e-01
4.214000e+04 8.381810e-01
4.215000e+04 8.371020e-01
4.216000e+04 8.361680e-01
4.217000e+04 8.354450e-01
4.218000e+04 8.349380e-01
4.219000e+04 8.346100e-01
4.220000e+04 8.344650e-01
4.221000e+04 8.345670e-01
4.222000e+04 8.348730e-01
4.223000e+04 8.353470e-01
4.224000e+04 8.359830e-01
4.225000e+04 8.368480e-01
4.226000e+04 8.378530e-01
4.227000e+04 8.389800e-01
4.228000e+04 8.402190e-01
4.229000e+04 8.416090e-01
4.230000e+04 8.430790e-01
4.231000e+04 8.446210e-01
4.232000e+04 8.462280e-01
4.233000e+04 8.478870e-01
4.234000e+04 8.495700e-01
4.235000e+04 8.512700e-01
4.236000e+04 8.529810e-01
4.237000e+04 8.546810e-01
4.238000e+04 8.563630e-01
4.239000e+04 8.580200e-01
4.240000e+04 8.596330e-01
4.241000e+04 8.611790e-01
4.242000e+04 8.626620e-01
4.243000e+04 8.640760e-01
4.244000e+04 8.653840e-01
4.245000e+04 8.665850e-01
4.246000e+04 8.676820e-01
4.247000e+04 8.686650e-01
4.248000e+04 8.694690e-01
4.249000e+04 8.701170e-01
4.250000e+04 8.706210e-01
4.251000e+04 8.709780e-01
4.252000e+04 8.710880e-01
4.253000e+04 8.710110e-01
4.254000e+04 8.707480e-01
4.255000e+04 8.702860e-01
4.256000e+04 8.695190e-01
4.257000e+04 8.685430e-01
4.258000e+04 8.673470e-01
4.259000e+04 8.658870e-01
4.260000e+04 8.640780e-01
4.261000e+04 8.620120e-01
4.262000e+04 8.596820e-01
4.263000e+04 8.570270e-01
4.264000e+04 8.539840e-01
4.265000e+04 8.506420e-01
4.266000e+04 8.470010e-01
4.267000e+04 8.429790e-01
4.268000e+04 8.386300e-01
4.269000e+04 8.340850e-01
4.270000e+04 8.294030e-01
4.271000e+04 8.247360e-01
4.272000e+04 8.203140e-01
4.273000e+04 8.162250e-01
4.274000e+04 8.125580e-01
4.275000e+04 8.097810e-01
4.276000e+04 8.077200e-01
4.277000e+04 8.062760e-01
4.278000e+04 8.054190e-01
4.279000e+04 8.052930e-01
4.280000e+04 8.054770e-01
4.281000e+04 8.058540e-01
4.282000e+04 8.062960e-01
4.283000e+04 8.065540e-01
4.284000e+04 8.065320e-01
4.285000e+04 8.061610e-01
4.286000e+04 8.052790e-01
4.287000e+04 8.037900e-01
4.288000e+04 8.019510e-01
4.289000e+04 7.998140e-01
4.290000e+04 7.974110e-01
4.291000e+04 7.949040e-01
4.292000e+04 7.924080e-01
4.293000e+04 7.899570e-01
4.294000e+04 7.876140e-01
4.295000e+04 7.853980e-01
4.296000e+04 7.832950e-01
4.297000e+04 7.813110e-01
4.298000e+04 7.795050e-01
4.299000e+04 7.778570e-01
4.300000e+04 7.763490e-01
4.301000e+04 7.749870e-01
4.302000e+04 7.738500e-01
4.303000e+04 7.728770e-01
4.304000e+04 7.720640e-01
4.305000e+04 7.714200e-01
4.306000e+04 7.710230e-01
4.307000e+04 7.707920e-01
4.308000e+04 7.707250e-01
4.309000e+04 7.708420e-01
4.310000e+04 7.711890e-01
4.311000e+04 7.716920e-01
4.312000e+04 7.723480e-01
4.313000e+04 7.731820e-01
4.314000e+04 7.742020e-01
4.315000e+04 7.753510e-01
4.316000e+04 7.766220e-01
4.317000e+04 7.780390e-01
4.318000e+04 7.795820e-01
4.319000e+04 7.812130e-01
4.320000e+04 7.829260e-01
4.321000e+04 7.847160e-01
4.322000e+04 7.865510e-01
4.323000e+04 7.884100e-01
4.324000e+04 7.902820e-01
4.325000e+04 7.921400e-01
4.326000e+04 7.939540e-01
4.327000e+04 7.957100e-01
4.328000e+04 7.973970e-01
4.329000e+04 7.989370e-01
4.330000e+04 8.003550e-01
4.331000e+04 8.016340e-01
4.332000e+04 8.027450e-01
4.333000e+04 8.035960e-01
4.334000e+04 8.042490e-01
4.335000e+04 8.046950e-01
4.336000e+04 8.048850e-01
4.337000e+04 8.047410e-01
4.338000e+04 8.043480e-01
4.339000e+04 8.037010e-01
4.340000e+04 8.027350e-01
4.341000e+04 8.014230e-01
4.342000e+04 7.998490e-01
4.343000e+04 7.980150e-01
4.344000e+04 7.958460e-01
4.345000e+04 7.933820e-01
4.346000e+04 7.906870e-01
4.347000e+04 7.877730e-01
4.348000e+04 7.845830e-01
4.349000e+04 7.811980e-01
4.350000e+04 7.776590e-01
4.351000e+04 7.739810e-01
4.352000e+04 7.701460e-01
4.353000e+04 7.662500e-01
4.354000e+04 7.623120e-01
4.355000e+04 7.583510e-01
4.356000e+04 7.544070e-01
4.357000e+04 7.505310e-01
4.358000e+04 7.467380e-01
4.359000e+04 7.430610e-01
4.360000e+04 7.395830e-01
4.361000e+04 7.362730e-01
4.362000e+04 7.331470e-01
4.363000e+04 7.302680e-01
4.364000e+04 7.276800e-01
4.365000e+04 7.253120e-01
4.366000e+04 7.231620e-01
4.367000e+04 7.212960e-01
4.368000e+04 7.196550e-01
4.369000e+04 7.181570e-01
4.370000e+04 7.167810e-01
4.371000e+04 7.155050e-01
4.372000e+04 7.142020e-01
4.373000e+04 7.127910e-01
4.374000e+04 7.112130e-01
4.375000e+04 7.092430e-01
4.376000e+04 7.068350e-01
4.377000e+04 7.039070e-01
4.378000e+04 7.003620e-01
4.379000e+04 6.956520e-01
4.380000e+04 6.900380e-01
4.381000e+04 6.834570e-01
4.382000e+04 6.757510e-01
4.383000e+04 6.662580e-01
4.384000e+04 6.554940e-01
4.385000e+04 6.434340e-01
4.386000e+04 6.298770e-01
4.387000e+04 6.143790e-01
4.388000e+04 5.975430e-01
4.389000e+04 5.794100e-01
4.390000e+04 5.597560e-01
4.391000e+04 5.386440e-01
4.392000e+04 5.164770e-01
4.393000e+04 4.933560e-01
4.394000e+04 4.692330e-01
4.395000e+04 4.444640e-01
4.396000e+04 4.193180e-01
4.397000e+04 3.939010e-01
4.398000e+04 3.684110e-01
4.399000e+04 3.431940e-01
4.400000e+04 3.183650e-01
4.401000e+04 2.940040e-01
4.402000e+04 2.705620e-01
4.403000e+04 2.480750e-01
4.404000e+04 2.265390e-01
4.405000e+04 2.060160e-01
4.406000e+04 1.871280e-01
4.407000e+04 1.693590e-01
4.408000e+04 1.527340e-01
4.409000e+04 1.374020e-01
4.410000e+04 1.236590e-01
4.411000e+04 1.109760e-01
4.412000e+04 9.932440e-02
4.413000e+04 8.886700e-02
4.414000e+04 7.963340e-02
4.415000e+04 7.122550e-02
4.416000e+04 6.360000e-02
4.417000e+04 5.688530e-02
4.418000e+04 5.096320e-02
4.419000e+04 4.561200e-02
4.420000e+04 4.079160e-02
4.421000e+04 3.660280e-02
4.422000e+04 3.288720e-02
4.423000e+04 2.953140e-02
4.424000e+04 2.650940e-02
4.425000e+04 2.390440e-02
4.426000e+04 2.157270e-02
4.427000e+04 1.946360e-02
4.428000e+04 1.755810e-02
4.429000e+04 1.592060e-02
4.430000e+04 1.443450e-02
4.431000e+04 1.308610e-02
4.432000e+04 1.187340e-02
4.433000e+04 1.081450e-02
4.434000e+04 9.849240e-03
4.435000e+04 8.970290e-03
4.436000e+04 8.178770e-03
4.437000e+04 7.481330e-03
4.438000e+04 6.840190e-03
4.439000e+04 6.252600e-03
4.440000e+04 5.726390e-03
4.441000e+04 5.256850e-03
4.442000e+04 4.826460e-03
4.443000e+04 4.432290e-03
4.444000e+04 4.078080e-03
4.445000e+04 3.757050e-03
4.446000e+04 3.461950e-03
4.447000e+04 3.191330e-03
4.448000e+04 2.948950e-03
4.449000e+04 2.727730e-03
4.450000e+04 2.522270e-03
4.451000e+04 2.330880e-03
4.452000e+04 2.162400e-03
4.453000e+04 2.005520e-03
4.454000e+04 1.859810e-03
4.455000e+04 1.725700e-03
4.456000e+04 1.602560e-03
4.457000e+04 1.489670e-03
4.458000e+04 1.385230e-03
4.459000e+04 1.287740e-03
4.460000e+04 1.199080e-03
4.461000e+04 1.114920e-03
4.462000e+04 1.035440e-03
