# # Wavelength(Angstrom)  Transmission
7.870000e+03 1.248000e-03
7.880000e+03 3.497410e-03
7.890000e+03 9.728940e-03
7.900000e+03 2.539180e-02
7.910000e+03 5.857760e-02
7.920000e+03 1.160050e-01
7.930000e+03 1.993400e-01
7.940000e+03 3.034420e-01
7.950000e+03 4.155150e-01
7.960000e+03 5.242890e-01
7.970000e+03 6.235630e-01
7.980000e+03 7.074720e-01
7.990000e+03 7.640760e-01
8.000000e+03 8.102300e-01
8.010000e+03 8.404020e-01
8.020000e+03 8.620770e-01
8.030000e+03 8.811720e-01
8.040000e+03 8.931170e-01
8.050000e+03 9.055650e-01
8.060000e+03 8.970310e-01
8.070000e+03 8.806710e-01
8.080000e+03 8.502570e-01
8.090000e+03 8.299650e-01
8.100000e+03 8.140900e-01
8.110000e+03 8.076570e-01
8.120000e+03 8.114540e-01
8.130000e+03 8.165580e-01
8.140000e+03 8.132330e-01
8.150000e+03 8.052950e-01
8.160000e+03 7.958250e-01
8.170000e+03 7.943060e-01
8.180000e+03 8.070190e-01
8.190000e+03 8.335280e-01
8.200000e+03 8.594900e-01
8.210000e+03 8.866990e-01
8.220000e+03 9.024110e-01
8.230000e+03 9.128510e-01
8.240000e+03 9.081230e-01
8.250000e+03 8.941000e-01
8.260000e+03 8.784770e-01
8.270000e+03 8.653410e-01
8.280000e+03 8.600340e-01
8.290000e+03 8.631330e-01
8.300000e+03 8.652510e-01
8.310000e+03 8.659470e-01
8.320000e+03 8.657950e-01
8.330000e+03 8.578400e-01
8.340000e+03 8.446660e-01
8.350000e+03 8.361820e-01
8.360000e+03 8.296320e-01
8.370000e+03 8.342140e-01
8.380000e+03 8.403700e-01
8.390000e+03 8.468180e-01
8.400000e+03 8.494430e-01
8.410000e+03 8.530720e-01
8.420000e+03 8.622520e-01
8.430000e+03 8.651930e-01
8.440000e+03 8.799810e-01
8.450000e+03 8.876170e-01
8.460000e+03 8.905210e-01
8.470000e+03 9.024880e-01
8.480000e+03 8.996270e-01
8.490000e+03 9.089650e-01
8.500000e+03 9.120410e-01
8.510000e+03 9.152010e-01
8.520000e+03 9.145910e-01
8.530000e+03 9.100010e-01
8.540000e+03 8.995540e-01
8.550000e+03 8.894930e-01
8.560000e+03 8.827350e-01
8.570000e+03 8.746800e-01
8.580000e+03 8.691020e-01
8.590000e+03 8.611840e-01
8.600000e+03 8.528950e-01
8.610000e+03 8.432740e-01
8.620000e+03 8.355180e-01
8.630000e+03 8.322220e-01
8.640000e+03 8.393770e-01
8.650000e+03 8.462690e-01
8.660000e+03 8.541080e-01
8.670000e+03 8.669930e-01
8.680000e+03 8.774760e-01
8.690000e+03 8.929900e-01
8.700000e+03 9.058570e-01
8.710000e+03 9.130260e-01
8.720000e+03 9.181430e-01
8.730000e+03 9.189220e-01
8.740000e+03 9.157230e-01
8.750000e+03 9.101280e-01
8.760000e+03 8.991330e-01
8.770000e+03 8.883050e-01
8.780000e+03 8.759680e-01
8.790000e+03 8.667380e-01
8.800000e+03 8.653700e-01
8.810000e+03 8.643240e-01
8.820000e+03 8.561030e-01
8.830000e+03 8.393070e-01
8.840000e+03 8.260990e-01
8.850000e+03 8.130830e-01
8.860000e+03 8.007740e-01
8.870000e+03 7.950510e-01
8.880000e+03 7.933890e-01
8.890000e+03 8.048670e-01
8.900000e+03 8.188510e-01
8.910000e+03 8.320440e-01
8.920000e+03 8.498490e-01
8.930000e+03 8.772220e-01
8.940000e+03 8.975610e-01
8.950000e+03 8.991420e-01
8.960000e+03 8.996640e-01
8.970000e+03 8.909790e-01
8.980000e+03 8.836620e-01
8.990000e+03 8.761600e-01
9.000000e+03 8.660880e-01
9.010000e+03 8.554290e-01
9.020000e+03 8.421880e-01
9.030000e+03 8.282260e-01
9.040000e+03 8.156940e-01
9.050000e+03 8.093620e-01
9.060000e+03 8.042540e-01
9.070000e+03 7.997320e-01
9.080000e+03 8.001570e-01
9.090000e+03 8.028360e-01
9.100000e+03 8.110370e-01
9.110000e+03 8.207440e-01
9.120000e+03 8.330200e-01
9.130000e+03 8.469230e-01
9.140000e+03 8.628500e-01
9.150000e+03 8.808220e-01
9.160000e+03 8.950490e-01
9.170000e+03 9.098650e-01
9.180000e+03 9.214170e-01
9.190000e+03 9.276690e-01
9.200000e+03 9.312370e-01
9.210000e+03 9.328680e-01
9.220000e+03 9.319450e-01
9.230000e+03 9.301760e-01
9.240000e+03 9.192270e-01
9.250000e+03 9.057370e-01
9.260000e+03 8.974250e-01
9.270000e+03 8.874580e-01
9.280000e+03 8.799720e-01
9.290000e+03 8.730320e-01
9.300000e+03 8.683370e-01
9.310000e+03 8.657200e-01
9.320000e+03 8.640550e-01
9.330000e+03 8.626010e-01
9.340000e+03 8.606820e-01
9.350000e+03 8.580790e-01
9.360000e+03 8.584860e-01
9.370000e+03 8.586650e-01
9.380000e+03 8.602620e-01
9.390000e+03 8.657390e-01
9.400000e+03 8.750000e-01
9.410000e+03 8.850410e-01
9.420000e+03 8.962120e-01
9.430000e+03 9.093480e-01
9.440000e+03 9.195390e-01
9.450000e+03 9.251210e-01
9.460000e+03 9.293200e-01
9.470000e+03 9.285140e-01
9.480000e+03 9.248670e-01
9.490000e+03 9.201770e-01
9.500000e+03 9.131790e-01
9.510000e+03 9.077130e-01
9.520000e+03 9.042280e-01
9.530000e+03 9.005490e-01
9.540000e+03 8.937160e-01
9.550000e+03 8.867800e-01
9.560000e+03 8.827550e-01
9.570000e+03 8.788400e-01
9.580000e+03 8.765820e-01
9.590000e+03 8.793170e-01
9.600000e+03 8.822960e-01
9.610000e+03 8.866620e-01
9.620000e+03 8.890280e-01
9.630000e+03 8.927310e-01
9.640000e+03 8.999000e-01
9.650000e+03 9.093000e-01
9.660000e+03 9.201720e-01
9.670000e+03 9.252830e-01
9.680000e+03 9.279670e-01
9.690000e+03 9.316770e-01
9.700000e+03 9.340620e-01
9.710000e+03 9.331990e-01
9.720000e+03 9.318260e-01
9.730000e+03 9.317830e-01
9.740000e+03 9.308970e-01
9.750000e+03 9.308940e-01
9.760000e+03 9.274400e-01
9.770000e+03 9.238570e-01
9.780000e+03 9.168440e-01
9.790000e+03 9.064020e-01
9.800000e+03 9.012170e-01
9.810000e+03 9.005950e-01
9.820000e+03 9.002300e-01
9.830000e+03 9.047920e-01
9.840000e+03 9.141650e-01
9.850000e+03 9.271800e-01
9.860000e+03 9.414620e-01
9.870000e+03 9.514470e-01
9.880000e+03 9.550860e-01
9.890000e+03 9.603790e-01
9.900000e+03 9.588470e-01
9.910000e+03 9.546760e-01
9.920000e+03 9.504030e-01
9.930000e+03 9.455060e-01
9.940000e+03 9.399870e-01
9.950000e+03 9.334250e-01
9.960000e+03 9.277660e-01
9.970000e+03 9.231870e-01
9.980000e+03 9.184190e-01
9.990000e+03 9.133970e-01
1.000000e+04 9.055140e-01
1.001000e+04 8.776570e-01
1.002000e+04 8.181170e-01
1.003000e+04 7.272670e-01
1.004000e+04 6.038870e-01
1.005000e+04 4.726100e-01
1.006000e+04 3.714670e-01
1.007000e+04 2.967520e-01
1.008000e+04 2.374360e-01
1.009000e+04 1.921820e-01
1.010000e+04 1.574950e-01
1.011000e+04 1.312360e-01
1.012000e+04 1.103420e-01
1.013000e+04 9.682020e-02
1.014000e+04 8.296440e-02
1.015000e+04 7.129970e-02
1.016000e+04 6.240090e-02
1.017000e+04 5.643490e-02
1.018000e+04 4.884140e-02
1.019000e+04 4.165850e-02
1.020000e+04 3.393470e-02
1.021000e+04 2.594390e-02
1.022000e+04 1.916110e-02
1.023000e+04 1.380110e-02
1.024000e+04 9.602840e-03
1.025000e+04 6.627650e-03
1.026000e+04 4.574190e-03
1.027000e+04 3.155310e-03
1.028000e+04 2.209140e-03
1.029000e+04 1.577010e-03
1.030000e+04 1.135390e-03
