# # Wavelength(Angstrom)  Transmission
1.660000e+04 2.020659e-01
1.662828e+04 2.066630e-01
1.665656e+04 2.129110e-01
1.668483e+04 2.143296e-01
1.671311e+04 2.157641e-01
1.674139e+04 2.167675e-01
1.676967e+04 2.172454e-01
1.679795e+04 2.177098e-01
1.682623e+04 2.170827e-01
1.685450e+04 2.163493e-01
1.688278e+04 2.154669e-01
1.691106e+04 2.149316e-01
1.693934e+04 2.146437e-01
1.696762e+04 2.145685e-01
1.699589e+04 2.150169e-01
1.702417e+04 2.160029e-01
1.705245e+04 2.172012e-01
1.708073e+04 2.186047e-01
1.710901e+04 2.200297e-01
1.713728e+04 2.222894e-01
1.716556e+04 2.246327e-01
1.719384e+04 2.271455e-01
1.722212e+04 2.297120e-01
1.725040e+04 2.328221e-01
1.727868e+04 2.360912e-01
1.730695e+04 2.393614e-01
1.733523e+04 2.429468e-01
1.736351e+04 2.471102e-01
1.739179e+04 2.512934e-01
1.742007e+04 2.544928e-01
1.744834e+04 2.575324e-01
1.747662e+04 2.605966e-01
1.750490e+04 2.636305e-01
1.753318e+04 2.663745e-01
1.756146e+04 2.689568e-01
1.758974e+04 2.715391e-01
1.761801e+04 2.737931e-01
1.764629e+04 2.756987e-01
1.767457e+04 2.770177e-01
1.770285e+04 2.783440e-01
1.773113e+04 2.791491e-01
1.775940e+04 2.798408e-01
1.778768e+04 2.805006e-01
1.781596e+04 2.810849e-01
1.784424e+04 2.816828e-01
1.787252e+04 2.815214e-01
1.790080e+04 2.811906e-01
1.792907e+04 2.814712e-01
1.795735e+04 2.817517e-01
1.798563e+04 2.820338e-01
1.801391e+04 2.811312e-01
1.804219e+04 2.790565e-01
1.807046e+04 2.776016e-01
1.809874e+04 2.761459e-01
1.812702e+04 2.749337e-01
1.815530e+04 2.739651e-01
1.818358e+04 2.729837e-01
1.821185e+04 2.720782e-01
1.824013e+04 2.717035e-01
1.826841e+04 2.713127e-01
1.829669e+04 2.713150e-01
1.832497e+04 2.716593e-01
1.835325e+04 2.717436e-01
1.838152e+04 2.718170e-01
1.840980e+04 2.719043e-01
1.843808e+04 2.723153e-01
1.846636e+04 2.730195e-01
1.849464e+04 2.737164e-01
1.852291e+04 2.765223e-01
1.855119e+04 2.799809e-01
1.857947e+04 2.839486e-01
1.860775e+04 2.875765e-01
1.863603e+04 2.905060e-01
1.866431e+04 2.936151e-01
1.869258e+04 2.967521e-01
1.872086e+04 2.999718e-01
1.874914e+04 3.030554e-01
1.877742e+04 3.059160e-01
1.880570e+04 3.084759e-01
1.883397e+04 3.111049e-01
1.886225e+04 3.136193e-01
1.889053e+04 3.158769e-01
1.891881e+04 3.181742e-01
1.894709e+04 3.204262e-01
1.897537e+04 3.226599e-01
1.900364e+04 3.248296e-01
1.903192e+04 3.264579e-01
1.906020e+04 3.279539e-01
1.908848e+04 3.294432e-01
1.911676e+04 3.308866e-01
1.914503e+04 3.323161e-01
1.917331e+04 3.338075e-01
1.920159e+04 3.353985e-01
1.922987e+04 3.369773e-01
1.925815e+04 3.387516e-01
1.928642e+04 3.405552e-01
1.931470e+04 3.424247e-01
1.934298e+04 3.444397e-01
1.937126e+04 3.465880e-01
1.939954e+04 3.487611e-01
1.942782e+04 3.511252e-01
1.945609e+04 3.535038e-01
1.948437e+04 3.559282e-01
1.951265e+04 3.579808e-01
1.954093e+04 3.595226e-01
1.956921e+04 3.610548e-01
1.959748e+04 3.628295e-01
1.962576e+04 3.646133e-01
1.965404e+04 3.664697e-01
1.968232e+04 3.681822e-01
1.971060e+04 3.696645e-01
1.973888e+04 3.710698e-01
1.976715e+04 3.725278e-01
1.979543e+04 3.738759e-01
1.982371e+04 3.750764e-01
1.985199e+04 3.762833e-01
1.988027e+04 3.774668e-01
1.990854e+04 3.786644e-01
1.993682e+04 3.798554e-01
1.996510e+04 3.809537e-01
1.999338e+04 3.816208e-01
2.002166e+04 3.821847e-01
2.004994e+04 3.827812e-01
2.007821e+04 3.833754e-01
2.010649e+04 3.839851e-01
2.013477e+04 3.845677e-01
2.016305e+04 3.852521e-01
2.019133e+04 3.859942e-01
2.021960e+04 3.867619e-01
2.024788e+04 3.875120e-01
2.027616e+04 3.882364e-01
2.030444e+04 3.890683e-01
2.033272e+04 3.899789e-01
2.036099e+04 3.908517e-01
2.038927e+04 3.916951e-01
2.041755e+04 3.926957e-01
2.044583e+04 3.938652e-01
2.047411e+04 3.950364e-01
2.050239e+04 3.961970e-01
2.053066e+04 3.971587e-01
2.055894e+04 3.980388e-01
2.058722e+04 3.989176e-01
2.061550e+04 3.997585e-01
2.064378e+04 4.005390e-01
2.067205e+04 4.014105e-01
2.070033e+04 4.023673e-01
2.072861e+04 4.033902e-01
2.075689e+04 4.043079e-01
2.078517e+04 4.050587e-01
2.081345e+04 4.058527e-01
2.084172e+04 4.066950e-01
2.087000e+04 4.075314e-01
2.089828e+04 4.080920e-01
2.092656e+04 4.085650e-01
2.095484e+04 4.090241e-01
2.098311e+04 4.094031e-01
2.101139e+04 4.097570e-01
2.103967e+04 4.099287e-01
2.106795e+04 4.099415e-01
2.109623e+04 4.099320e-01
2.112451e+04 4.099431e-01
2.115278e+04 4.098534e-01
2.118106e+04 4.095160e-01
2.120934e+04 4.091565e-01
2.123762e+04 4.087529e-01
2.126590e+04 4.082942e-01
2.129417e+04 4.078280e-01
2.132245e+04 4.074243e-01
2.135073e+04 4.070632e-01
2.137901e+04 4.065709e-01
2.140729e+04 4.060371e-01
2.143556e+04 4.054753e-01
2.146384e+04 4.049565e-01
2.149212e+04 4.045714e-01
2.152040e+04 4.040307e-01
2.154868e+04 4.034297e-01
2.157696e+04 4.033578e-01
2.160523e+04 4.033014e-01
2.163351e+04 4.032906e-01
2.166179e+04 4.033328e-01
2.169007e+04 4.034726e-01
2.171835e+04 4.036323e-01
2.174662e+04 4.039291e-01
2.177490e+04 4.042254e-01
2.180318e+04 4.045350e-01
2.183146e+04 4.048138e-01
2.185974e+04 4.052447e-01
2.188802e+04 4.057059e-01
2.191629e+04 4.062057e-01
2.194457e+04 4.069306e-01
2.197285e+04 4.078732e-01
2.200113e+04 4.088242e-01
2.202941e+04 4.097477e-01
2.205768e+04 4.109968e-01
2.208596e+04 4.122124e-01
2.211424e+04 4.133189e-01
2.214252e+04 4.143578e-01
2.217080e+04 4.153812e-01
2.219907e+04 4.163795e-01
2.222735e+04 4.176028e-01
2.225563e+04 4.189916e-01
2.228391e+04 4.204002e-01
2.231219e+04 4.216902e-01
2.234047e+04 4.229583e-01
2.236874e+04 4.242252e-01
2.239702e+04 4.253775e-01
2.242530e+04 4.263637e-01
2.245358e+04 4.273588e-01
2.248186e+04 4.283486e-01
2.251013e+04 4.291604e-01
2.253841e+04 4.299704e-01
2.256669e+04 4.308055e-01
2.259497e+04 4.314088e-01
2.262325e+04 4.319257e-01
2.265153e+04 4.324454e-01
2.267980e+04 4.329424e-01
2.270808e+04 4.333300e-01
2.273636e+04 4.335375e-01
2.276464e+04 4.337396e-01
2.279292e+04 4.339394e-01
2.282119e+04 4.341823e-01
2.284947e+04 4.342802e-01
2.287775e+04 4.341461e-01
2.290603e+04 4.339925e-01
2.293431e+04 4.337714e-01
2.296259e+04 4.335560e-01
2.299086e+04 4.332722e-01
2.301914e+04 4.328736e-01
2.304742e+04 4.324505e-01
2.307570e+04 4.318613e-01
2.310398e+04 4.311958e-01
2.313225e+04 4.304483e-01
2.316053e+04 4.298649e-01
2.318881e+04 4.295224e-01
2.321709e+04 4.290768e-01
2.324537e+04 4.285396e-01
2.327364e+04 4.280160e-01
2.330192e+04 4.275972e-01
2.333020e+04 4.273143e-01
2.335848e+04 4.270604e-01
2.338676e+04 4.267300e-01
2.341504e+04 4.263808e-01
2.344331e+04 4.261771e-01
2.347159e+04 4.259905e-01
2.349987e+04 4.258369e-01
2.352815e+04 4.256989e-01
2.355643e+04 4.256461e-01
2.358470e+04 4.255834e-01
2.361298e+04 4.255325e-01
2.364126e+04 4.254630e-01
2.366954e+04 4.253590e-01
2.369782e+04 4.254131e-01
2.372610e+04 4.254186e-01
2.375437e+04 4.254182e-01
2.378265e+04 4.254880e-01
2.381093e+04 4.255700e-01
2.383921e+04 4.256705e-01
2.386749e+04 4.257938e-01
2.389576e+04 4.259653e-01
2.392404e+04 4.262083e-01
2.395232e+04 4.264806e-01
2.398060e+04 4.267411e-01
2.400888e+04 4.269829e-01
2.403716e+04 4.271400e-01
2.406543e+04 4.273605e-01
2.409371e+04 4.275772e-01
2.412199e+04 4.278327e-01
2.415027e+04 4.280863e-01
2.417855e+04 4.283137e-01
2.420682e+04 4.285384e-01
2.423510e+04 4.288110e-01
2.426338e+04 4.291008e-01
2.429166e+04 4.294105e-01
2.431994e+04 4.297820e-01
2.434821e+04 4.301421e-01
2.437649e+04 4.305107e-01
2.440477e+04 4.308880e-01
2.443305e+04 4.312884e-01
2.446133e+04 4.316956e-01
2.448961e+04 4.320736e-01
2.451788e+04 4.326502e-01
2.454616e+04 4.333218e-01
2.457444e+04 4.339559e-01
2.460272e+04 4.346751e-01
2.463100e+04 4.352668e-01
2.465927e+04 4.358483e-01
2.468755e+04 4.364290e-01
2.471583e+04 4.371247e-01
2.474411e+04 4.377905e-01
2.477239e+04 4.384336e-01
2.480067e+04 4.390758e-01
2.482894e+04 4.396262e-01
2.485722e+04 4.401738e-01
2.488550e+04 4.406861e-01
2.491378e+04 4.411415e-01
2.494206e+04 4.415419e-01
2.497033e+04 4.419067e-01
2.499861e+04 4.421936e-01
2.502689e+04 4.419237e-01
2.505517e+04 4.416717e-01
2.508345e+04 4.414187e-01
2.511173e+04 4.411815e-01
2.514000e+04 4.409685e-01
2.516828e+04 4.407540e-01
2.519656e+04 4.405368e-01
2.522484e+04 4.403631e-01
2.525312e+04 4.401917e-01
2.528139e+04 4.400182e-01
2.530967e+04 4.398764e-01
2.533795e+04 4.397985e-01
2.536623e+04 4.397186e-01
2.539451e+04 4.396457e-01
2.542278e+04 4.395461e-01
2.545106e+04 4.394284e-01
2.547934e+04 4.393099e-01
2.550762e+04 4.391944e-01
2.553590e+04 4.390880e-01
2.556418e+04 4.389807e-01
2.559245e+04 4.388701e-01
2.562073e+04 4.387211e-01
2.564901e+04 4.385426e-01
2.567729e+04 4.383632e-01
2.570557e+04 4.381789e-01
2.573384e+04 4.379850e-01
2.576212e+04 4.377904e-01
2.579040e+04 4.375937e-01
2.581868e+04 4.373949e-01
2.584696e+04 4.371784e-01
2.587524e+04 4.368720e-01
2.590351e+04 4.365656e-01
2.593179e+04 4.362612e-01
2.596007e+04 4.359566e-01
2.598835e+04 4.356413e-01
2.601663e+04 4.352323e-01
2.604490e+04 4.348115e-01
2.607318e+04 4.343893e-01
2.610146e+04 4.339663e-01
2.612974e+04 4.335277e-01
2.615802e+04 4.329209e-01
2.618629e+04 4.322997e-01
2.621457e+04 4.316704e-01
2.624285e+04 4.310041e-01
2.627113e+04 4.302975e-01
2.629941e+04 4.295977e-01
2.632769e+04 4.288795e-01
2.635596e+04 4.281725e-01
2.638424e+04 4.274738e-01
2.641252e+04 4.265161e-01
2.644080e+04 4.254880e-01
2.646908e+04 4.244678e-01
2.649735e+04 4.235462e-01
2.652563e+04 4.227189e-01
2.655391e+04 4.218829e-01
2.658219e+04 4.210084e-01
2.661047e+04 4.199506e-01
2.663875e+04 4.182251e-01
2.666702e+04 4.165031e-01
2.669530e+04 4.135177e-01
2.672358e+04 4.110271e-01
2.675186e+04 4.089149e-01
2.678014e+04 4.076088e-01
2.680841e+04 4.062950e-01
2.683669e+04 4.046732e-01
2.686497e+04 4.028550e-01
2.689325e+04 4.010082e-01
2.692153e+04 3.987826e-01
2.694981e+04 3.965376e-01
2.697808e+04 3.943349e-01
2.700636e+04 3.923559e-01
2.703464e+04 3.910761e-01
2.706292e+04 3.898886e-01
2.709120e+04 3.890611e-01
2.711947e+04 3.881467e-01
2.714775e+04 3.873039e-01
2.717603e+04 3.865114e-01
2.720431e+04 3.857774e-01
2.723259e+04 3.853652e-01
2.726086e+04 3.849389e-01
2.728914e+04 3.845127e-01
2.731742e+04 3.844172e-01
2.734570e+04 3.844170e-01
2.737398e+04 3.844177e-01
2.740226e+04 3.845157e-01
2.743053e+04 3.847282e-01
2.745881e+04 3.849445e-01
2.748709e+04 3.851709e-01
2.751537e+04 3.850335e-01
2.754365e+04 3.844489e-01
2.757192e+04 3.838548e-01
2.760020e+04 3.832580e-01
2.762848e+04 3.827280e-01
2.765676e+04 3.822798e-01
2.768504e+04 3.818367e-01
2.771332e+04 3.813441e-01
2.774159e+04 3.807819e-01
2.776987e+04 3.802179e-01
2.779815e+04 3.798810e-01
2.782643e+04 3.796806e-01
2.785471e+04 3.794903e-01
2.788298e+04 3.792969e-01
2.791126e+04 3.790804e-01
2.793954e+04 3.787827e-01
2.796782e+04 3.784919e-01
2.799610e+04 3.782063e-01
2.802438e+04 3.779638e-01
2.805265e+04 3.777245e-01
2.808093e+04 3.774880e-01
2.810921e+04 3.773813e-01
2.813749e+04 3.772938e-01
2.816577e+04 3.772006e-01
2.819404e+04 3.770994e-01
2.822232e+04 3.769773e-01
2.825060e+04 3.768369e-01
2.827888e+04 3.766800e-01
2.830716e+04 3.764731e-01
2.833543e+04 3.762749e-01
2.836371e+04 3.760796e-01
2.839199e+04 3.758823e-01
2.842027e+04 3.756753e-01
2.844855e+04 3.754384e-01
2.847683e+04 3.752089e-01
2.850510e+04 3.749863e-01
2.853338e+04 3.747883e-01
2.856166e+04 3.745935e-01
2.858994e+04 3.743991e-01
2.861822e+04 3.742431e-01
2.864649e+04 3.740504e-01
2.867477e+04 3.738150e-01
2.870305e+04 3.735784e-01
2.873133e+04 3.733295e-01
2.875961e+04 3.730789e-01
2.878789e+04 3.728027e-01
2.881616e+04 3.725169e-01
2.884444e+04 3.722280e-01
2.887272e+04 3.719354e-01
2.890100e+04 3.716125e-01
2.892928e+04 3.713103e-01
2.895755e+04 3.710349e-01
2.898583e+04 3.707610e-01
2.901411e+04 3.705190e-01
2.904239e+04 3.703004e-01
2.907067e+04 3.700819e-01
2.909895e+04 3.698619e-01
2.912722e+04 3.696412e-01
2.915550e+04 3.694151e-01
2.918378e+04 3.691852e-01
2.921206e+04 3.689466e-01
2.924034e+04 3.686976e-01
2.926861e+04 3.684420e-01
2.929689e+04 3.681793e-01
2.932517e+04 3.679121e-01
2.935345e+04 3.676441e-01
2.938173e+04 3.673782e-01
2.941000e+04 3.670687e-01
2.943828e+04 3.667387e-01
2.946656e+04 3.664145e-01
2.949484e+04 3.661059e-01
2.952312e+04 3.658416e-01
2.955140e+04 3.655972e-01
2.957967e+04 3.653562e-01
2.960795e+04 3.651317e-01
2.963623e+04 3.649052e-01
2.966451e+04 3.646913e-01
2.969279e+04 3.644906e-01
2.972106e+04 3.642477e-01
2.974934e+04 3.639923e-01
2.977762e+04 3.637274e-01
2.980590e+04 3.634662e-01
2.983418e+04 3.632102e-01
2.986246e+04 3.629523e-01
2.989073e+04 3.626801e-01
2.991901e+04 3.623445e-01
2.994729e+04 3.619836e-01
2.997557e+04 3.616242e-01
3.000385e+04 3.612729e-01
3.003212e+04 3.609285e-01
3.006040e+04 3.605995e-01
3.008868e+04 3.602668e-01
3.011696e+04 3.599167e-01
3.014524e+04 3.595597e-01
3.017352e+04 3.592030e-01
3.020179e+04 3.588507e-01
3.023007e+04 3.584949e-01
3.025835e+04 3.581413e-01
3.028663e+04 3.577901e-01
3.031491e+04 3.574195e-01
3.034318e+04 3.570258e-01
3.037146e+04 3.566271e-01
3.039974e+04 3.562258e-01
3.042802e+04 3.558480e-01
3.045630e+04 3.554703e-01
3.048457e+04 3.550972e-01
3.051285e+04 3.547168e-01
3.054113e+04 3.543143e-01
3.056941e+04 3.538903e-01
3.059769e+04 3.533892e-01
3.062597e+04 3.529122e-01
3.065424e+04 3.524485e-01
3.068252e+04 3.519866e-01
3.071080e+04 3.515159e-01
