# # Wavelength(Angstrom)  Transmission
4.553000e+04 1.136620e-03
4.554000e+04 1.362180e-03
4.555000e+04 1.617650e-03
4.556000e+04 1.924850e-03
4.557000e+04 2.271620e-03
4.558000e+04 2.657610e-03
4.559000e+04 3.085390e-03
4.560000e+04 3.570710e-03
4.561000e+04 4.091610e-03
4.562000e+04 4.643820e-03
4.563000e+04 5.225160e-03
4.564000e+04 5.829440e-03
4.565000e+04 6.442800e-03
4.566000e+04 7.058480e-03
4.567000e+04 7.661230e-03
4.568000e+04 8.236550e-03
4.569000e+04 8.787730e-03
4.570000e+04 9.312080e-03
4.571000e+04 9.790590e-03
4.572000e+04 1.022680e-02
4.573000e+04 1.063200e-02
4.574000e+04 1.100890e-02
4.575000e+04 1.135550e-02
4.576000e+04 1.168690e-02
4.577000e+04 1.201260e-02
4.578000e+04 1.233890e-02
4.579000e+04 1.268030e-02
4.580000e+04 1.304080e-02
4.581000e+04 1.342540e-02
4.582000e+04 1.384100e-02
4.583000e+04 1.430950e-02
4.584000e+04 1.481840e-02
4.585000e+04 1.536890e-02
4.586000e+04 1.596700e-02
4.587000e+04 1.663520e-02
4.588000e+04 1.735460e-02
4.589000e+04 1.812500e-02
4.590000e+04 1.895430e-02
4.591000e+04 1.985220e-02
4.592000e+04 2.080170e-02
4.593000e+04 2.180300e-02
4.594000e+04 2.287140e-02
4.595000e+04 2.399840e-02
4.596000e+04 2.517140e-02
4.597000e+04 2.638790e-02
4.598000e+04 2.765830e-02
4.599000e+04 2.896930e-02
4.600000e+04 3.031130e-02
4.601000e+04 3.168170e-02
4.602000e+04 3.308300e-02
4.603000e+04 3.449690e-02
4.604000e+04 3.591910e-02
4.605000e+04 3.734620e-02
4.606000e+04 3.877640e-02
4.607000e+04 4.019580e-02
4.608000e+04 4.160210e-02
4.609000e+04 4.299210e-02
4.610000e+04 4.435740e-02
4.611000e+04 4.570180e-02
4.612000e+04 4.702500e-02
4.613000e+04 4.832410e-02
4.614000e+04 4.959430e-02
4.615000e+04 5.084790e-02
4.616000e+04 5.208740e-02
4.617000e+04 5.331190e-02
4.618000e+04 5.453590e-02
4.619000e+04 5.576410e-02
4.620000e+04 5.699940e-02
4.621000e+04 5.825150e-02
4.622000e+04 5.953900e-02
4.623000e+04 6.086160e-02
4.624000e+04 6.222470e-02
4.625000e+04 6.365900e-02
4.626000e+04 6.516370e-02
4.627000e+04 6.673970e-02
4.628000e+04 6.839380e-02
4.629000e+04 7.018590e-02
4.630000e+04 7.208870e-02
4.631000e+04 7.410520e-02
4.632000e+04 7.624690e-02
4.633000e+04 7.858590e-02
4.634000e+04 8.108190e-02
4.635000e+04 8.374350e-02
4.636000e+04 8.659640e-02
4.637000e+04 8.971200e-02
4.638000e+04 9.303390e-02
4.639000e+04 9.657090e-02
4.640000e+04 1.003790e-01
4.641000e+04 1.045220e-01
4.642000e+04 1.089360e-01
4.643000e+04 1.136250e-01
4.644000e+04 1.186880e-01
4.645000e+04 1.241430e-01
4.646000e+04 1.299290e-01
4.647000e+04 1.360600e-01
4.648000e+04 1.426890e-01
4.649000e+04 1.497660e-01
4.650000e+04 1.572310e-01
4.651000e+04 1.651010e-01
4.652000e+04 1.735750e-01
4.653000e+04 1.825240e-01
4.654000e+04 1.919160e-01
4.655000e+04 2.017610e-01
4.656000e+04 2.122870e-01
4.657000e+04 2.232670e-01
4.658000e+04 2.346940e-01
4.659000e+04 2.465980e-01
4.660000e+04 2.591500e-01
4.661000e+04 2.721080e-01
4.662000e+04 2.854660e-01
4.663000e+04 2.992510e-01
4.664000e+04 3.135260e-01
4.665000e+04 3.280940e-01
4.666000e+04 3.429350e-01
4.667000e+04 3.580950e-01
4.668000e+04 3.735100e-01
4.669000e+04 3.890430e-01
4.670000e+04 4.046730e-01
4.671000e+04 4.203890e-01
4.672000e+04 4.361050e-01
4.673000e+04 4.517660e-01
4.674000e+04 4.673400e-01
4.675000e+04 4.827450e-01
4.676000e+04 4.979140e-01
4.677000e+04 5.128500e-01
4.678000e+04 5.275350e-01
4.679000e+04 5.418170e-01
4.680000e+04 5.557400e-01
4.681000e+04 5.693070e-01
4.682000e+04 5.824770e-01
4.683000e+04 5.950790e-01
4.684000e+04 6.072640e-01
4.685000e+04 6.190210e-01
4.686000e+04 6.302870e-01
4.687000e+04 6.409380e-01
4.688000e+04 6.511300e-01
4.689000e+04 6.608490e-01
4.690000e+04 6.700050e-01
4.691000e+04 6.785450e-01
4.692000e+04 6.866070e-01
4.693000e+04 6.941860e-01
4.694000e+04 7.011610e-01
4.695000e+04 7.075260e-01
4.696000e+04 7.134060e-01
4.697000e+04 7.188080e-01
4.698000e+04 7.235830e-01
4.699000e+04 7.278050e-01
4.700000e+04 7.315660e-01
4.701000e+04 7.348720e-01
4.702000e+04 7.375630e-01
4.703000e+04 7.398010e-01
4.704000e+04 7.416390e-01
4.705000e+04 7.430860e-01
4.706000e+04 7.439960e-01
4.707000e+04 7.445680e-01
4.708000e+04 7.448230e-01
4.709000e+04 7.447610e-01
4.710000e+04 7.443240e-01
4.711000e+04 7.436550e-01
4.712000e+04 7.427680e-01
4.713000e+04 7.416570e-01
4.714000e+04 7.403200e-01
4.715000e+04 7.388410e-01
4.716000e+04 7.372360e-01
4.717000e+04 7.355120e-01
4.718000e+04 7.336840e-01
4.719000e+04 7.317900e-01
4.720000e+04 7.298400e-01
4.721000e+04 7.278480e-01
4.722000e+04 7.258350e-01
4.723000e+04 7.238170e-01
4.724000e+04 7.218020e-01
4.725000e+04 7.198070e-01
4.726000e+04 7.178370e-01
4.727000e+04 7.158970e-01
4.728000e+04 7.139980e-01
4.729000e+04 7.121650e-01
4.730000e+04 7.103860e-01
4.731000e+04 7.086610e-01
4.732000e+04 7.069920e-01
4.733000e+04 7.054080e-01
4.734000e+04 7.038850e-01
4.735000e+04 7.024240e-01
4.736000e+04 7.010300e-01
4.737000e+04 6.997210e-01
4.738000e+04 6.984640e-01
4.739000e+04 6.972590e-01
4.740000e+04 6.961140e-01
4.741000e+04 6.950350e-01
4.742000e+04 6.940040e-01
4.743000e+04 6.930190e-01
4.744000e+04 6.920890e-01
4.745000e+04 6.912100e-01
4.746000e+04 6.903710e-01
4.747000e+04 6.895730e-01
4.748000e+04 6.888320e-01
4.749000e+04 6.881450e-01
4.750000e+04 6.875030e-01
4.751000e+04 6.869080e-01
4.752000e+04 6.863800e-01
4.753000e+04 6.859120e-01
4.754000e+04 6.855010e-01
4.755000e+04 6.851460e-01
4.756000e+04 6.848870e-01
4.757000e+04 6.846940e-01
4.758000e+04 6.845660e-01
4.759000e+04 6.845090e-01
4.760000e+04 6.845620e-01
4.761000e+04 6.846920e-01
4.762000e+04 6.848990e-01
4.763000e+04 6.851980e-01
4.764000e+04 6.856070e-01
4.765000e+04 6.860940e-01
4.766000e+04 6.866610e-01
4.767000e+04 6.873300e-01
4.768000e+04 6.881040e-01
4.769000e+04 6.889580e-01
4.770000e+04 6.898920e-01
4.771000e+04 6.909240e-01
4.772000e+04 6.920480e-01
4.773000e+04 6.932460e-01
4.774000e+04 6.945180e-01
4.775000e+04 6.958850e-01
4.776000e+04 6.973280e-01
4.777000e+04 6.988340e-01
4.778000e+04 7.004010e-01
4.779000e+04 7.020510e-01
4.780000e+04 7.037600e-01
4.781000e+04 7.055150e-01
4.782000e+04 7.073120e-01
4.783000e+04 7.091640e-01
4.784000e+04 7.110420e-01
4.785000e+04 7.129420e-01
4.786000e+04 7.148610e-01
4.787000e+04 7.167970e-01
4.788000e+04 7.187300e-01
4.789000e+04 7.206570e-01
4.790000e+04 7.225700e-01
4.791000e+04 7.244520e-01
4.792000e+04 7.263080e-01
4.793000e+04 7.281360e-01
4.794000e+04 7.299230e-01
4.795000e+04 7.316540e-01
4.796000e+04 7.333380e-01
4.797000e+04 7.349730e-01
4.798000e+04 7.365360e-01
4.799000e+04 7.380350e-01
4.800000e+04 7.394810e-01
4.801000e+04 7.408720e-01
4.802000e+04 7.421760e-01
4.803000e+04 7.434110e-01
4.804000e+04 7.445840e-01
4.805000e+04 7.456920e-01
4.806000e+04 7.467110e-01
4.807000e+04 7.476680e-01
4.808000e+04 7.485640e-01
4.809000e+04 7.493930e-01
4.810000e+04 7.501310e-01
4.811000e+04 7.508030e-01
4.812000e+04 7.514130e-01
4.813000e+04 7.519540e-01
4.814000e+04 7.524100e-01
4.815000e+04 7.528000e-01
4.816000e+04 7.531250e-01
4.817000e+04 7.533730e-01
4.818000e+04 7.535330e-01
4.819000e+04 7.536280e-01
4.820000e+04 7.536610e-01
4.821000e+04 7.536120e-01
4.822000e+04 7.534790e-01
4.823000e+04 7.532840e-01
4.824000e+04 7.530260e-01
4.825000e+04 7.526810e-01
4.826000e+04 7.522660e-01
4.827000e+04 7.517930e-01
4.828000e+04 7.512610e-01
4.829000e+04 7.506380e-01
4.830000e+04 7.499530e-01
4.831000e+04 7.492090e-01
4.832000e+04 7.484060e-01
4.833000e+04 7.475130e-01
4.834000e+04 7.465650e-01
4.835000e+04 7.455570e-01
4.836000e+04 7.444820e-01
4.837000e+04 7.433270e-01
4.838000e+04 7.421140e-01
4.839000e+04 7.408460e-01
4.840000e+04 7.395150e-01
4.841000e+04 7.381140e-01
4.842000e+04 7.366610e-01
4.843000e+04 7.351570e-01
4.844000e+04 7.335990e-01
4.845000e+04 7.319880e-01
4.846000e+04 7.303430e-01
4.847000e+04 7.286660e-01
4.848000e+04 7.269530e-01
4.849000e+04 7.252170e-01
4.850000e+04 7.234690e-01
4.851000e+04 7.217130e-01
4.852000e+04 7.199560e-01
4.853000e+04 7.182120e-01
4.854000e+04 7.164800e-01
4.855000e+04 7.147620e-01
4.856000e+04 7.130840e-01
4.857000e+04 7.114390e-01
4.858000e+04 7.098310e-01
4.859000e+04 7.082630e-01
4.860000e+04 7.067630e-01
4.861000e+04 7.053090e-01
4.862000e+04 7.039060e-01
4.863000e+04 7.025670e-01
4.864000e+04 7.013120e-01
4.865000e+04 7.001220e-01
4.866000e+04 6.989980e-01
4.867000e+04 6.979550e-01
4.868000e+04 6.970000e-01
4.869000e+04 6.961190e-01
4.870000e+04 6.953140e-01
4.871000e+04 6.946040e-01
4.872000e+04 6.939970e-01
4.873000e+04 6.934660e-01
4.874000e+04 6.930080e-01
4.875000e+04 6.926560e-01
4.876000e+04 6.923950e-01
4.877000e+04 6.922110e-01
4.878000e+04 6.921020e-01
4.879000e+04 6.921090e-01
4.880000e+04 6.921860e-01
4.881000e+04 6.923280e-01
4.882000e+04 6.925350e-01
4.883000e+04 6.928320e-01
4.884000e+04 6.931850e-01
4.885000e+04 6.935910e-01
4.886000e+04 6.940510e-01
4.887000e+04 6.945660e-01
4.888000e+04 6.951150e-01
4.889000e+04 6.956960e-01
4.890000e+04 6.963080e-01
4.891000e+04 6.969570e-01
4.892000e+04 6.976260e-01
4.893000e+04 6.983120e-01
4.894000e+04 6.990130e-01
4.895000e+04 6.997250e-01
4.896000e+04 7.004440e-01
4.897000e+04 7.011700e-01
4.898000e+04 7.019070e-01
4.899000e+04 7.026480e-01
4.900000e+04 7.033900e-01
4.901000e+04 7.041320e-01
4.902000e+04 7.048710e-01
4.903000e+04 7.056100e-01
4.904000e+04 7.063500e-01
4.905000e+04 7.070910e-01
4.906000e+04 7.078270e-01
4.907000e+04 7.085550e-01
4.908000e+04 7.092710e-01
4.909000e+04 7.099730e-01
4.910000e+04 7.106550e-01
4.911000e+04 7.113200e-01
4.912000e+04 7.119640e-01
4.913000e+04 7.125800e-01
4.914000e+04 7.131460e-01
4.915000e+04 7.136670e-01
4.916000e+04 7.141430e-01
4.917000e+04 7.145620e-01
4.918000e+04 7.148980e-01
4.919000e+04 7.151670e-01
4.920000e+04 7.153620e-01
4.921000e+04 7.154360e-01
4.922000e+04 7.153770e-01
4.923000e+04 7.152050e-01
4.924000e+04 7.149130e-01
4.925000e+04 7.144310e-01
4.926000e+04 7.137830e-01
4.927000e+04 7.129580e-01
4.928000e+04 7.119380e-01
4.929000e+04 7.106380e-01
4.930000e+04 7.090910e-01
4.931000e+04 7.073100e-01
4.932000e+04 7.052930e-01
4.933000e+04 7.028940e-01
4.934000e+04 7.001900e-01
4.935000e+04 6.971930e-01
4.936000e+04 6.938900e-01
4.937000e+04 6.900810e-01
4.938000e+04 6.859560e-01
4.939000e+04 6.815100e-01
4.940000e+04 6.766640e-01
4.941000e+04 6.713340e-01
4.942000e+04 6.656610e-01
4.943000e+04 6.596390e-01
4.944000e+04 6.531590e-01
4.945000e+04 6.462770e-01
4.946000e+04 6.390560e-01
4.947000e+04 6.314950e-01
4.948000e+04 6.235420e-01
4.949000e+04 6.152150e-01
4.950000e+04 6.066000e-01
4.951000e+04 5.977090e-01
4.952000e+04 5.884880e-01
4.953000e+04 5.789840e-01
4.954000e+04 5.692700e-01
4.955000e+04 5.593720e-01
4.956000e+04 5.491500e-01
4.957000e+04 5.387710e-01
4.958000e+04 5.282430e-01
4.959000e+04 5.175770e-01
4.960000e+04 5.067290e-01
4.961000e+04 4.957930e-01
4.962000e+04 4.847600e-01
4.963000e+04 4.736080e-01
4.964000e+04 4.623770e-01
4.965000e+04 4.510790e-01
4.966000e+04 4.397250e-01
4.967000e+04 4.283480e-01
4.968000e+04 4.169210e-01
4.969000e+04 4.054640e-01
4.970000e+04 3.939860e-01
4.971000e+04 3.824960e-01
4.972000e+04 3.709920e-01
4.973000e+04 3.595110e-01
4.974000e+04 3.480590e-01
4.975000e+04 3.366080e-01
4.976000e+04 3.252090e-01
4.977000e+04 3.138400e-01
4.978000e+04 3.025110e-01
4.979000e+04 2.912750e-01
4.980000e+04 2.801270e-01
4.981000e+04 2.690640e-01
4.982000e+04 2.580890e-01
4.983000e+04 2.473010e-01
4.984000e+04 2.366150e-01
4.985000e+04 2.260690e-01
4.986000e+04 2.157000e-01
4.987000e+04 2.055670e-01
4.988000e+04 1.956390e-01
4.989000e+04 1.859170e-01
4.990000e+04 1.764280e-01
4.991000e+04 1.672460e-01
4.992000e+04 1.583150e-01
4.993000e+04 1.496340e-01
4.994000e+04 1.412640e-01
4.995000e+04 1.332680e-01
4.996000e+04 1.255450e-01
4.997000e+04 1.180940e-01
4.998000e+04 1.110230e-01
4.999000e+04 1.042920e-01
5.000000e+04 9.784640e-02
5.001000e+04 9.168780e-02
5.002000e+04 8.592150e-02
5.003000e+04 8.046440e-02
5.004000e+04 7.527160e-02
5.005000e+04 7.034340e-02
5.006000e+04 6.577380e-02
5.007000e+04 6.146260e-02
5.008000e+04 5.738710e-02
5.009000e+04 5.354520e-02
5.010000e+04 5.002890e-02
5.011000e+04 4.671000e-02
5.012000e+04 4.358050e-02
5.013000e+04 4.065190e-02
5.014000e+04 3.796820e-02
5.015000e+04 3.544540e-02
5.016000e+04 3.307840e-02
5.017000e+04 3.088680e-02
5.018000e+04 2.887400e-02
5.019000e+04 2.698080e-02
5.020000e+04 2.520270e-02
5.021000e+04 2.356530e-02
5.022000e+04 2.205650e-02
5.023000e+04 2.064380e-02
5.024000e+04 1.932210e-02
5.025000e+04 1.811240e-02
5.026000e+04 1.698750e-02
5.027000e+04 1.592960e-02
5.028000e+04 1.493630e-02
5.029000e+04 1.403140e-02
5.030000e+04 1.319020e-02
5.031000e+04 1.240240e-02
5.032000e+04 1.166350e-02
5.033000e+04 1.098880e-02
5.034000e+04 1.035190e-02
5.035000e+04 9.751890e-03
5.036000e+04 9.191140e-03
5.037000e+04 8.682580e-03
5.038000e+04 8.205050e-03
5.039000e+04 7.755980e-03
5.040000e+04 7.336010e-03
5.041000e+04 6.944480e-03
5.042000e+04 6.574120e-03
5.043000e+04 6.225000e-03
5.044000e+04 5.902670e-03
5.045000e+04 5.606100e-03
5.046000e+04 5.325880e-03
5.047000e+04 5.060240e-03
5.048000e+04 4.810240e-03
5.049000e+04 4.574530e-03
5.050000e+04 4.351910e-03
5.051000e+04 4.143220e-03
5.052000e+04 3.953040e-03
5.053000e+04 3.773910e-03
5.054000e+04 3.602940e-03
5.055000e+04 3.439110e-03
5.056000e+04 3.283900e-03
5.057000e+04 3.137580e-03
5.058000e+04 3.000230e-03
5.059000e+04 2.872620e-03
5.060000e+04 2.755800e-03
5.061000e+04 2.643430e-03
5.062000e+04 2.535150e-03
5.063000e+04 2.430850e-03
5.064000e+04 2.333100e-03
5.065000e+04 2.241850e-03
5.066000e+04 2.156940e-03
5.067000e+04 2.078740e-03
5.068000e+04 2.003290e-03
5.069000e+04 1.929140e-03
5.070000e+04 1.856250e-03
5.071000e+04 1.785490e-03
5.072000e+04 1.720100e-03
5.073000e+04 1.659440e-03
5.074000e+04 1.603240e-03
5.075000e+04 1.550460e-03
5.076000e+04 1.498730e-03
5.077000e+04 1.448460e-03
5.078000e+04 1.400050e-03
5.079000e+04 1.355870e-03
5.080000e+04 1.316300e-03
5.081000e+04 1.280230e-03
5.082000e+04 1.247080e-03
5.083000e+04 1.213070e-03
5.084000e+04 1.178620e-03
5.085000e+04 1.144440e-03
5.086000e+04 1.111320e-03
5.087000e+04 1.081440e-03
5.088000e+04 1.054000e-03
5.089000e+04 1.027970e-03
5.090000e+04 1.001820e-03
