# # Wavelength(Angstrom)  Transmission
2.140400e+05 1.000000e-04
2.141000e+05 1.000000e-04
2.141600e+05 1.000000e-04
2.142200e+05 1.000000e-04
2.142800e+05 1.000000e-04
2.143300e+05 1.000000e-04
2.143900e+05 2.000000e-04
2.144500e+05 2.000000e-04
2.145100e+05 2.000000e-04
2.145700e+05 2.000000e-04
2.146200e+05 2.000000e-04
2.146800e+05 3.000000e-04
2.147400e+05 3.000000e-04
2.148000e+05 3.000000e-04
2.148600e+05 3.000000e-04
2.149100e+05 3.000000e-04
2.149700e+05 3.000000e-04
2.150300e+05 4.000000e-04
2.150900e+05 4.000000e-04
2.151500e+05 4.000000e-04
2.152000e+05 4.000000e-04
2.152600e+05 4.000000e-04
2.153200e+05 4.000000e-04
2.153800e+05 4.000000e-04
2.154400e+05 4.000000e-04
2.154900e+05 4.000000e-04
2.155500e+05 4.000000e-04
2.156100e+05 4.000000e-04
2.156700e+05 4.000000e-04
2.157300e+05 4.000000e-04
2.157800e+05 4.000000e-04
2.158400e+05 4.000000e-04
2.159000e+05 4.000000e-04
2.159600e+05 4.000000e-04
2.160200e+05 4.000000e-04
2.160700e+05 4.000000e-04
2.161300e+05 4.000000e-04
2.161900e+05 4.000000e-04
2.162500e+05 4.000000e-04
2.163100e+05 4.000000e-04
2.163600e+05 3.000000e-04
2.164200e+05 3.000000e-04
2.164800e+05 3.000000e-04
2.165400e+05 3.000000e-04
2.166000e+05 3.000000e-04
2.166500e+05 3.000000e-04
2.167100e+05 3.000000e-04
2.167700e+05 3.000000e-04
2.168300e+05 3.000000e-04
2.168900e+05 3.000000e-04
2.169400e+05 3.000000e-04
2.170000e+05 3.000000e-04
2.170600e+05 3.000000e-04
2.171200e+05 3.000000e-04
2.171800e+05 3.000000e-04
2.172300e+05 3.000000e-04
2.172900e+05 3.000000e-04
2.173500e+05 3.000000e-04
2.174100e+05 3.000000e-04
2.174700e+05 3.000000e-04
2.175200e+05 3.000000e-04
2.175800e+05 3.000000e-04
2.176400e+05 3.000000e-04
2.177000e+05 3.000000e-04
2.177600e+05 3.000000e-04
2.178100e+05 3.000000e-04
2.178700e+05 3.000000e-04
2.179300e+05 3.000000e-04
2.179900e+05 4.000000e-04
2.180500e+05 4.000000e-04
2.181000e+05 4.000000e-04
2.181600e+05 4.000000e-04
2.182200e+05 4.000000e-04
2.182800e+05 4.000000e-04
2.183400e+05 4.000000e-04
2.183900e+05 5.000000e-04
2.184500e+05 5.000000e-04
2.185100e+05 5.000000e-04
2.185700e+05 5.000000e-04
2.186300e+05 5.000000e-04
2.186800e+05 6.000000e-04
2.187400e+05 6.000000e-04
2.188000e+05 6.000000e-04
2.188600e+05 6.000000e-04
2.189200e+05 7.000000e-04
2.189700e+05 7.000000e-04
2.190300e+05 7.000000e-04
2.190900e+05 7.000000e-04
2.191500e+05 8.000000e-04
2.192100e+05 8.000000e-04
2.192600e+05 8.000000e-04
2.193200e+05 8.000000e-04
2.193800e+05 9.000000e-04
2.194400e+05 9.000000e-04
2.195000e+05 9.000000e-04
2.195500e+05 1.000000e-03
2.196100e+05 1.000000e-03
2.196700e+05 1.000000e-03
2.197300e+05 1.000000e-03
2.197900e+05 1.100000e-03
2.198400e+05 1.100000e-03
2.199000e+05 1.100000e-03
2.199600e+05 1.200000e-03
2.200200e+05 1.200000e-03
2.200800e+05 1.200000e-03
2.201300e+05 1.200000e-03
2.201900e+05 1.300000e-03
2.202500e+05 1.300000e-03
2.203100e+05 1.300000e-03
2.203700e+05 1.300000e-03
2.204200e+05 1.300000e-03
2.204800e+05 1.400000e-03
2.205400e+05 1.400000e-03
2.206000e+05 1.400000e-03
2.206600e+05 1.400000e-03
2.207100e+05 1.400000e-03
2.207700e+05 1.400000e-03
2.208300e+05 1.500000e-03
2.208900e+05 1.500000e-03
2.209500e+05 1.500000e-03
2.210000e+05 1.500000e-03
2.210600e+05 1.500000e-03
2.211200e+05 1.500000e-03
2.211800e+05 1.500000e-03
2.212400e+05 1.500000e-03
2.212900e+05 1.500000e-03
2.213500e+05 1.500000e-03
2.214100e+05 1.500000e-03
2.214700e+05 1.500000e-03
2.215300e+05 1.500000e-03
2.215800e+05 1.500000e-03
2.216400e+05 1.500000e-03
2.217000e+05 1.500000e-03
2.217600e+05 1.500000e-03
2.218200e+05 1.600000e-03
2.218700e+05 1.600000e-03
2.219300e+05 1.600000e-03
2.219900e+05 1.600000e-03
2.220500e+05 1.600000e-03
2.221100e+05 1.600000e-03
2.221600e+05 1.600000e-03
2.222200e+05 1.600000e-03
2.222800e+05 1.600000e-03
2.223400e+05 1.600000e-03
2.224000e+05 1.700000e-03
2.224500e+05 1.700000e-03
2.225100e+05 1.700000e-03
2.225700e+05 1.700000e-03
2.226300e+05 1.700000e-03
2.226900e+05 1.800000e-03
2.227400e+05 1.800000e-03
2.228000e+05 1.800000e-03
2.228600e+05 1.900000e-03
2.229200e+05 1.900000e-03
2.229800e+05 1.900000e-03
2.230300e+05 2.000000e-03
2.230900e+05 2.000000e-03
2.231500e+05 2.100000e-03
2.232100e+05 2.100000e-03
2.232700e+05 2.200000e-03
2.233200e+05 2.300000e-03
2.233800e+05 2.300000e-03
2.234400e+05 2.400000e-03
2.235000e+05 2.500000e-03
2.235600e+05 2.500000e-03
2.236100e+05 2.600000e-03
2.236700e+05 2.700000e-03
2.237300e+05 2.800000e-03
2.237900e+05 2.900000e-03
2.238500e+05 2.900000e-03
2.239000e+05 3.000000e-03
2.239600e+05 3.100000e-03
2.240200e+05 3.200000e-03
2.240800e+05 3.300000e-03
2.241400e+05 3.400000e-03
2.241900e+05 3.600000e-03
2.242500e+05 3.700000e-03
2.243100e+05 3.800000e-03
2.243700e+05 3.900000e-03
2.244300e+05 4.000000e-03
2.244800e+05 4.100000e-03
2.245400e+05 4.200000e-03
2.246000e+05 4.400000e-03
2.246600e+05 4.500000e-03
2.247200e+05 4.600000e-03
2.247700e+05 4.700000e-03
2.248300e+05 4.800000e-03
2.248900e+05 5.000000e-03
2.249500e+05 5.100000e-03
2.250100e+05 5.200000e-03
2.250600e+05 5.300000e-03
2.251200e+05 5.500000e-03
2.251800e+05 5.600000e-03
2.252400e+05 5.700000e-03
2.253000e+05 5.800000e-03
2.253500e+05 6.000000e-03
2.254100e+05 6.100000e-03
2.254700e+05 6.200000e-03
2.255300e+05 6.300000e-03
2.255900e+05 6.500000e-03
2.256400e+05 6.600000e-03
2.257000e+05 6.700000e-03
2.257600e+05 6.900000e-03
2.258200e+05 7.000000e-03
2.258800e+05 7.100000e-03
2.259300e+05 7.300000e-03
2.259900e+05 7.400000e-03
2.260500e+05 7.500000e-03
2.261100e+05 7.700000e-03
2.261700e+05 7.800000e-03
2.262200e+05 8.000000e-03
2.262800e+05 8.100000e-03
2.263400e+05 8.300000e-03
2.264000e+05 8.500000e-03
2.264600e+05 8.700000e-03
2.265100e+05 8.800000e-03
2.265700e+05 9.000000e-03
2.266300e+05 9.200000e-03
2.266900e+05 9.400000e-03
2.267500e+05 9.600000e-03
2.268000e+05 9.800000e-03
2.268600e+05 1.010000e-02
2.269200e+05 1.030000e-02
2.269800e+05 1.050000e-02
2.270400e+05 1.080000e-02
2.270900e+05 1.110000e-02
2.271500e+05 1.130000e-02
2.272100e+05 1.160000e-02
2.272700e+05 1.190000e-02
2.273300e+05 1.220000e-02
2.273800e+05 1.250000e-02
2.274400e+05 1.290000e-02
2.275000e+05 1.320000e-02
2.275600e+05 1.350000e-02
2.276200e+05 1.390000e-02
2.276700e+05 1.430000e-02
2.277300e+05 1.470000e-02
2.277900e+05 1.500000e-02
2.278500e+05 1.550000e-02
2.279100e+05 1.590000e-02
2.279600e+05 1.630000e-02
2.280200e+05 1.670000e-02
2.280800e+05 1.720000e-02
2.281400e+05 1.760000e-02
2.282000e+05 1.810000e-02
2.282500e+05 1.860000e-02
2.283100e+05 1.910000e-02
2.283700e+05 1.960000e-02
2.284300e+05 2.010000e-02
2.284900e+05 2.060000e-02
2.285400e+05 2.120000e-02
2.286000e+05 2.170000e-02
2.286600e+05 2.230000e-02
2.287200e+05 2.280000e-02
2.287800e+05 2.340000e-02
2.288300e+05 2.400000e-02
2.288900e+05 2.460000e-02
2.289500e+05 2.520000e-02
2.290100e+05 2.580000e-02
2.290700e+05 2.650000e-02
2.291200e+05 2.720000e-02
2.291800e+05 2.780000e-02
2.292400e+05 2.850000e-02
2.293000e+05 2.920000e-02
2.293600e+05 2.990000e-02
2.294100e+05 3.060000e-02
2.294700e+05 3.140000e-02
2.295300e+05 3.210000e-02
2.295900e+05 3.290000e-02
2.296500e+05 3.370000e-02
2.297000e+05 3.450000e-02
2.297600e+05 3.530000e-02
2.298200e+05 3.610000e-02
2.298800e+05 3.700000e-02
2.299400e+05 3.780000e-02
2.299900e+05 3.870000e-02
2.300500e+05 3.960000e-02
2.301100e+05 4.050000e-02
2.301700e+05 4.140000e-02
2.302300e+05 4.240000e-02
2.302800e+05 4.340000e-02
2.303400e+05 4.440000e-02
2.304000e+05 4.540000e-02
2.304600e+05 4.650000e-02
2.305200e+05 4.760000e-02
2.305700e+05 4.860000e-02
2.306300e+05 4.980000e-02
2.306900e+05 5.090000e-02
2.307500e+05 5.210000e-02
2.308100e+05 5.330000e-02
2.308600e+05 5.450000e-02
2.309200e+05 5.580000e-02
2.309800e+05 5.700000e-02
2.310400e+05 5.840000e-02
2.311000e+05 5.970000e-02
2.311500e+05 6.110000e-02
2.312100e+05 6.240000e-02
2.312700e+05 6.390000e-02
2.313300e+05 6.530000e-02
2.313900e+05 6.680000e-02
2.314400e+05 6.830000e-02
2.315000e+05 6.980000e-02
2.315600e+05 7.130000e-02
2.316200e+05 7.290000e-02
2.316800e+05 7.450000e-02
2.317300e+05 7.610000e-02
2.317900e+05 7.770000e-02
2.318500e+05 7.940000e-02
2.319100e+05 8.100000e-02
2.319700e+05 8.270000e-02
2.320200e+05 8.440000e-02
2.320800e+05 8.610000e-02
2.321400e+05 8.790000e-02
2.322000e+05 8.960000e-02
2.322600e+05 9.140000e-02
2.323100e+05 9.320000e-02
2.323700e+05 9.490000e-02
2.324300e+05 9.670000e-02
2.324900e+05 9.850000e-02
2.325500e+05 1.003000e-01
2.326000e+05 1.022000e-01
2.326600e+05 1.040000e-01
2.327200e+05 1.058000e-01
2.327800e+05 1.077000e-01
2.328400e+05 1.095000e-01
2.328900e+05 1.114000e-01
2.329500e+05 1.132000e-01
2.330100e+05 1.151000e-01
2.330700e+05 1.169000e-01
2.331300e+05 1.188000e-01
2.331800e+05 1.207000e-01
2.332400e+05 1.225000e-01
2.333000e+05 1.244000e-01
2.333600e+05 1.263000e-01
2.334200e+05 1.281000e-01
2.334700e+05 1.300000e-01
2.335300e+05 1.319000e-01
2.335900e+05 1.337000e-01
2.336500e+05 1.356000e-01
2.337100e+05 1.374000e-01
2.337600e+05 1.393000e-01
2.338200e+05 1.411000e-01
2.338800e+05 1.429000e-01
2.339400e+05 1.448000e-01
2.340000e+05 1.466000e-01
2.340500e+05 1.484000e-01
2.341100e+05 1.502000e-01
2.341700e+05 1.520000e-01
2.342300e+05 1.537000e-01
2.342900e+05 1.555000e-01
2.343400e+05 1.573000e-01
2.344000e+05 1.590000e-01
2.344600e+05 1.607000e-01
2.345200e+05 1.624000e-01
2.345800e+05 1.641000e-01
2.346300e+05 1.658000e-01
2.346900e+05 1.674000e-01
2.347500e+05 1.690000e-01
2.348100e+05 1.707000e-01
2.348700e+05 1.722000e-01
2.349200e+05 1.738000e-01
2.349800e+05 1.754000e-01
2.350400e+05 1.769000e-01
2.351000e+05 1.785000e-01
2.351600e+05 1.801000e-01
2.352100e+05 1.816000e-01
2.352700e+05 1.831000e-01
2.353300e+05 1.846000e-01
2.353900e+05 1.861000e-01
2.354500e+05 1.875000e-01
2.355000e+05 1.889000e-01
2.355600e+05 1.903000e-01
2.356200e+05 1.916000e-01
2.356800e+05 1.929000e-01
2.357400e+05 1.942000e-01
2.357900e+05 1.955000e-01
2.358500e+05 1.967000e-01
2.359100e+05 1.978000e-01
2.359700e+05 1.990000e-01
2.360300e+05 2.002000e-01
2.360800e+05 2.012000e-01
2.361400e+05 2.023000e-01
2.362000e+05 2.034000e-01
2.362600e+05 2.044000e-01
2.363200e+05 2.053000e-01
2.363700e+05 2.063000e-01
2.364300e+05 2.072000e-01
2.364900e+05 2.081000e-01
2.365500e+05 2.090000e-01
2.366100e+05 2.099000e-01
2.366600e+05 2.107000e-01
2.367200e+05 2.115000e-01
2.367800e+05 2.123000e-01
2.368400e+05 2.130000e-01
2.369000e+05 2.137000e-01
2.369500e+05 2.144000e-01
2.370100e+05 2.151000e-01
2.370700e+05 2.158000e-01
2.371300e+05 2.164000e-01
2.371900e+05 2.170000e-01
2.372400e+05 2.176000e-01
2.373000e+05 2.182000e-01
2.373600e+05 2.188000e-01
2.374200e+05 2.194000e-01
2.374800e+05 2.199000e-01
2.375300e+05 2.204000e-01
2.375900e+05 2.209000e-01
2.376500e+05 2.214000e-01
2.377100e+05 2.218000e-01
2.377700e+05 2.223000e-01
2.378200e+05 2.227000e-01
2.378800e+05 2.232000e-01
2.379400e+05 2.236000e-01
2.380000e+05 2.240000e-01
2.380600e+05 2.244000e-01
2.381100e+05 2.247000e-01
2.381700e+05 2.251000e-01
2.382300e+05 2.254000e-01
2.382900e+05 2.258000e-01
2.383500e+05 2.261000e-01
2.384000e+05 2.264000e-01
2.384600e+05 2.267000e-01
2.385200e+05 2.270000e-01
2.385800e+05 2.273000e-01
2.386400e+05 2.276000e-01
2.386900e+05 2.279000e-01
2.387500e+05 2.281000e-01
2.388100e+05 2.284000e-01
2.388700e+05 2.286000e-01
2.389300e+05 2.288000e-01
2.389800e+05 2.291000e-01
2.390400e+05 2.293000e-01
2.391000e+05 2.295000e-01
2.391600e+05 2.297000e-01
2.392200e+05 2.299000e-01
2.392700e+05 2.301000e-01
2.393300e+05 2.302000e-01
2.393900e+05 2.304000e-01
2.394500e+05 2.306000e-01
2.395100e+05 2.307000e-01
2.395600e+05 2.309000e-01
2.396200e+05 2.311000e-01
2.396800e+05 2.312000e-01
2.397400e+05 2.313000e-01
2.398000e+05 2.315000e-01
2.398500e+05 2.316000e-01
2.399100e+05 2.317000e-01
2.399700e+05 2.319000e-01
2.400300e+05 2.319000e-01
2.400900e+05 2.318000e-01
2.401400e+05 2.317000e-01
2.402000e+05 2.317000e-01
2.402600e+05 2.316000e-01
2.403200e+05 2.315000e-01
2.403800e+05 2.314000e-01
2.404300e+05 2.313000e-01
2.404900e+05 2.312000e-01
2.405500e+05 2.311000e-01
2.406100e+05 2.310000e-01
2.406700e+05 2.309000e-01
2.407200e+05 2.308000e-01
2.407800e+05 2.307000e-01
2.408400e+05 2.306000e-01
2.409000e+05 2.305000e-01
2.409600e+05 2.304000e-01
2.410100e+05 2.303000e-01
2.410700e+05 2.302000e-01
2.411300e+05 2.301000e-01
2.411900e+05 2.300000e-01
2.412500e+05 2.299000e-01
2.413000e+05 2.298000e-01
2.413600e+05 2.297000e-01
2.414200e+05 2.296000e-01
2.414800e+05 2.295000e-01
2.415400e+05 2.293000e-01
2.415900e+05 2.292000e-01
2.416500e+05 2.291000e-01
2.417100e+05 2.290000e-01
2.417700e+05 2.289000e-01
2.418300e+05 2.287000e-01
2.418800e+05 2.286000e-01
2.419400e+05 2.285000e-01
2.420000e+05 2.284000e-01
2.420600e+05 2.282000e-01
2.421200e+05 2.281000e-01
2.421700e+05 2.279000e-01
2.422300e+05 2.278000e-01
2.422900e+05 2.277000e-01
2.423500e+05 2.275000e-01
2.424100e+05 2.274000e-01
2.424600e+05 2.273000e-01
2.425200e+05 2.271000e-01
2.425800e+05 2.270000e-01
2.426400e+05 2.268000e-01
2.427000e+05 2.267000e-01
2.427500e+05 2.265000e-01
2.428100e+05 2.264000e-01
2.428700e+05 2.263000e-01
2.429300e+05 2.261000e-01
2.429900e+05 2.260000e-01
2.430400e+05 2.258000e-01
2.431000e+05 2.257000e-01
2.431600e+05 2.255000e-01
2.432200e+05 2.254000e-01
2.432800e+05 2.252000e-01
2.433300e+05 2.251000e-01
2.433900e+05 2.250000e-01
2.434500e+05 2.248000e-01
2.435100e+05 2.247000e-01
2.435700e+05 2.245000e-01
2.436200e+05 2.244000e-01
2.436800e+05 2.242000e-01
2.437400e+05 2.241000e-01
2.438000e+05 2.240000e-01
2.438600e+05 2.238000e-01
2.439100e+05 2.237000e-01
2.439700e+05 2.236000e-01
2.440300e+05 2.234000e-01
2.440900e+05 2.233000e-01
2.441500e+05 2.232000e-01
2.442000e+05 2.230000e-01
2.442600e+05 2.229000e-01
2.443200e+05 2.228000e-01
2.443800e+05 2.226000e-01
2.444400e+05 2.225000e-01
2.444900e+05 2.224000e-01
2.445500e+05 2.222000e-01
2.446100e+05 2.221000e-01
2.446700e+05 2.220000e-01
2.447300e+05 2.219000e-01
2.447800e+05 2.217000e-01
2.448400e+05 2.216000e-01
2.449000e+05 2.215000e-01
2.449600e+05 2.214000e-01
2.450200e+05 2.212000e-01
2.450700e+05 2.211000e-01
2.451300e+05 2.210000e-01
2.451900e+05 2.209000e-01
2.452500e+05 2.207000e-01
2.453100e+05 2.206000e-01
2.453600e+05 2.205000e-01
2.454200e+05 2.204000e-01
2.454800e+05 2.203000e-01
2.455400e+05 2.201000e-01
2.456000e+05 2.200000e-01
2.456500e+05 2.199000e-01
2.457100e+05 2.198000e-01
2.457700e+05 2.196000e-01
2.458300e+05 2.195000e-01
2.458900e+05 2.194000e-01
2.459400e+05 2.193000e-01
2.460000e+05 2.191000e-01
2.460600e+05 2.190000e-01
2.461200e+05 2.189000e-01
2.461800e+05 2.187000e-01
2.462300e+05 2.186000e-01
2.462900e+05 2.185000e-01
2.463500e+05 2.183000e-01
2.464100e+05 2.182000e-01
2.464700e+05 2.180000e-01
2.465200e+05 2.179000e-01
2.465800e+05 2.178000e-01
2.466400e+05 2.176000e-01
2.467000e+05 2.175000e-01
2.467600e+05 2.173000e-01
2.468100e+05 2.172000e-01
2.468700e+05 2.170000e-01
2.469300e+05 2.169000e-01
2.469900e+05 2.167000e-01
2.470500e+05 2.165000e-01
2.471000e+05 2.164000e-01
2.471600e+05 2.162000e-01
2.472200e+05 2.161000e-01
2.472800e+05 2.159000e-01
2.473400e+05 2.157000e-01
2.473900e+05 2.156000e-01
2.474500e+05 2.154000e-01
2.475100e+05 2.152000e-01
2.475700e+05 2.151000e-01
2.476300e+05 2.149000e-01
2.476800e+05 2.147000e-01
2.477400e+05 2.145000e-01
2.478000e+05 2.144000e-01
2.478600e+05 2.142000e-01
2.479200e+05 2.140000e-01
2.479700e+05 2.138000e-01
2.480300e+05 2.136000e-01
2.480900e+05 2.135000e-01
2.481500e+05 2.133000e-01
2.482100e+05 2.131000e-01
2.482600e+05 2.129000e-01
2.483200e+05 2.127000e-01
2.483800e+05 2.125000e-01
2.484400e+05 2.123000e-01
2.485000e+05 2.122000e-01
2.485500e+05 2.120000e-01
2.486100e+05 2.118000e-01
2.486700e+05 2.116000e-01
2.487300e+05 2.114000e-01
2.487900e+05 2.112000e-01
2.488400e+05 2.110000e-01
2.489000e+05 2.108000e-01
2.489600e+05 2.106000e-01
2.490200e+05 2.104000e-01
2.490800e+05 2.102000e-01
2.491300e+05 2.100000e-01
2.491900e+05 2.098000e-01
2.492500e+05 2.096000e-01
2.493100e+05 2.094000e-01
2.493700e+05 2.092000e-01
2.494200e+05 2.090000e-01
2.494800e+05 2.088000e-01
2.495400e+05 2.085000e-01
2.496000e+05 2.083000e-01
2.496600e+05 2.081000e-01
2.497100e+05 2.079000e-01
2.497700e+05 2.077000e-01
2.498300e+05 2.075000e-01
2.498900e+05 2.073000e-01
2.499500e+05 2.071000e-01
2.500000e+05 2.068000e-01
2.500600e+05 2.067000e-01
2.501200e+05 2.065000e-01
2.501800e+05 2.063000e-01
2.502400e+05 2.061000e-01
2.502900e+05 2.059000e-01
2.503500e+05 2.057000e-01
2.504100e+05 2.056000e-01
2.504700e+05 2.054000e-01
2.505300e+05 2.052000e-01
2.505800e+05 2.050000e-01
2.506400e+05 2.048000e-01
2.507000e+05 2.047000e-01
2.507600e+05 2.045000e-01
2.508200e+05 2.043000e-01
2.508700e+05 2.041000e-01
2.509300e+05 2.039000e-01
2.509900e+05 2.037000e-01
2.510500e+05 2.036000e-01
2.511100e+05 2.034000e-01
2.511600e+05 2.032000e-01
2.512200e+05 2.030000e-01
2.512800e+05 2.029000e-01
2.513400e+05 2.027000e-01
2.514000e+05 2.025000e-01
2.514500e+05 2.023000e-01
2.515100e+05 2.022000e-01
2.515700e+05 2.020000e-01
2.516300e+05 2.018000e-01
2.516900e+05 2.016000e-01
2.517400e+05 2.015000e-01
2.518000e+05 2.013000e-01
2.518600e+05 2.011000e-01
2.519200e+05 2.010000e-01
2.519800e+05 2.008000e-01
2.520300e+05 2.006000e-01
2.520900e+05 2.005000e-01
2.521500e+05 2.003000e-01
2.522100e+05 2.001000e-01
2.522700e+05 2.000000e-01
2.523200e+05 1.998000e-01
2.523800e+05 1.996000e-01
2.524400e+05 1.995000e-01
2.525000e+05 1.993000e-01
2.525600e+05 1.991000e-01
2.526100e+05 1.990000e-01
2.526700e+05 1.988000e-01
2.527300e+05 1.986000e-01
2.527900e+05 1.985000e-01
2.528500e+05 1.983000e-01
2.529000e+05 1.981000e-01
2.529600e+05 1.979000e-01
2.530200e+05 1.978000e-01
2.530800e+05 1.976000e-01
2.531400e+05 1.974000e-01
2.531900e+05 1.973000e-01
2.532500e+05 1.971000e-01
2.533100e+05 1.969000e-01
2.533700e+05 1.967000e-01
2.534300e+05 1.965000e-01
2.534800e+05 1.964000e-01
2.535400e+05 1.962000e-01
2.536000e+05 1.960000e-01
2.536600e+05 1.958000e-01
2.537200e+05 1.957000e-01
2.537700e+05 1.955000e-01
2.538300e+05 1.953000e-01
2.538900e+05 1.951000e-01
2.539500e+05 1.950000e-01
2.540100e+05 1.948000e-01
2.540600e+05 1.946000e-01
2.541200e+05 1.944000e-01
2.541800e+05 1.942000e-01
2.542400e+05 1.941000e-01
2.543000e+05 1.939000e-01
2.543500e+05 1.937000e-01
2.544100e+05 1.935000e-01
2.544700e+05 1.934000e-01
2.545300e+05 1.932000e-01
2.545900e+05 1.930000e-01
2.546400e+05 1.928000e-01
2.547000e+05 1.927000e-01
2.547600e+05 1.925000e-01
2.548200e+05 1.923000e-01
2.548800e+05 1.922000e-01
2.549300e+05 1.920000e-01
2.549900e+05 1.918000e-01
2.550500e+05 1.916000e-01
2.551100e+05 1.913000e-01
2.551700e+05 1.910000e-01
2.552200e+05 1.908000e-01
2.552800e+05 1.905000e-01
2.553400e+05 1.902000e-01
2.554000e+05 1.900000e-01
2.554600e+05 1.897000e-01
2.555100e+05 1.894000e-01
2.555700e+05 1.892000e-01
2.556300e+05 1.889000e-01
2.556900e+05 1.886000e-01
2.557500e+05 1.884000e-01
2.558000e+05 1.881000e-01
2.558600e+05 1.878000e-01
2.559200e+05 1.876000e-01
2.559800e+05 1.873000e-01
2.560400e+05 1.870000e-01
2.560900e+05 1.868000e-01
2.561500e+05 1.865000e-01
2.562100e+05 1.862000e-01
2.562700e+05 1.860000e-01
2.563300e+05 1.857000e-01
2.563800e+05 1.854000e-01
2.564400e+05 1.852000e-01
2.565000e+05 1.849000e-01
2.565600e+05 1.846000e-01
2.566200e+05 1.844000e-01
2.566700e+05 1.841000e-01
2.567300e+05 1.838000e-01
2.567900e+05 1.836000e-01
2.568500e+05 1.833000e-01
2.569100e+05 1.830000e-01
2.569600e+05 1.828000e-01
2.570200e+05 1.825000e-01
2.570800e+05 1.822000e-01
2.571400e+05 1.819000e-01
2.572000e+05 1.817000e-01
2.572500e+05 1.814000e-01
2.573100e+05 1.811000e-01
2.573700e+05 1.809000e-01
2.574300e+05 1.806000e-01
2.574900e+05 1.803000e-01
2.575400e+05 1.800000e-01
2.576000e+05 1.798000e-01
2.576600e+05 1.795000e-01
2.577200e+05 1.792000e-01
2.577800e+05 1.789000e-01
2.578300e+05 1.786000e-01
2.578900e+05 1.784000e-01
2.579500e+05 1.781000e-01
2.580100e+05 1.778000e-01
2.580700e+05 1.775000e-01
2.581200e+05 1.772000e-01
2.581800e+05 1.769000e-01
2.582400e+05 1.767000e-01
2.583000e+05 1.764000e-01
2.583600e+05 1.761000e-01
2.584100e+05 1.758000e-01
2.584700e+05 1.755000e-01
2.585300e+05 1.752000e-01
2.585900e+05 1.749000e-01
2.586500e+05 1.746000e-01
2.587000e+05 1.743000e-01
2.587600e+05 1.740000e-01
2.588200e+05 1.737000e-01
2.588800e+05 1.734000e-01
2.589400e+05 1.731000e-01
2.589900e+05 1.728000e-01
2.590500e+05 1.725000e-01
2.591100e+05 1.722000e-01
2.591700e+05 1.719000e-01
2.592300e+05 1.716000e-01
2.592800e+05 1.713000e-01
2.593400e+05 1.709000e-01
2.594000e+05 1.706000e-01
2.594600e+05 1.703000e-01
2.595200e+05 1.700000e-01
2.595700e+05 1.696000e-01
2.596300e+05 1.693000e-01
2.596900e+05 1.690000e-01
2.597500e+05 1.686000e-01
2.598100e+05 1.683000e-01
2.598600e+05 1.680000e-01
2.599200e+05 1.676000e-01
2.599800e+05 1.673000e-01
2.600400e+05 1.668000e-01
2.601000e+05 1.664000e-01
2.601500e+05 1.659000e-01
2.602100e+05 1.655000e-01
2.602700e+05 1.650000e-01
2.603300e+05 1.645000e-01
2.603900e+05 1.641000e-01
2.604400e+05 1.636000e-01
2.605000e+05 1.631000e-01
2.605600e+05 1.627000e-01
2.606200e+05 1.622000e-01
2.606800e+05 1.617000e-01
2.607300e+05 1.612000e-01
2.607900e+05 1.607000e-01
2.608500e+05 1.602000e-01
2.609100e+05 1.598000e-01
2.609700e+05 1.593000e-01
2.610200e+05 1.588000e-01
2.610800e+05 1.583000e-01
2.611400e+05 1.578000e-01
2.612000e+05 1.573000e-01
2.612600e+05 1.568000e-01
2.613100e+05 1.563000e-01
2.613700e+05 1.558000e-01
2.614300e+05 1.553000e-01
2.614900e+05 1.548000e-01
2.615500e+05 1.543000e-01
2.616000e+05 1.538000e-01
2.616600e+05 1.533000e-01
2.617200e+05 1.528000e-01
2.617800e+05 1.523000e-01
2.618400e+05 1.518000e-01
2.618900e+05 1.513000e-01
2.619500e+05 1.508000e-01
2.620100e+05 1.503000e-01
2.620700e+05 1.498000e-01
2.621300e+05 1.493000e-01
2.621800e+05 1.488000e-01
2.622400e+05 1.483000e-01
2.623000e+05 1.478000e-01
2.623600e+05 1.473000e-01
2.624200e+05 1.468000e-01
2.624700e+05 1.463000e-01
2.625300e+05 1.458000e-01
2.625900e+05 1.453000e-01
2.626500e+05 1.448000e-01
2.627100e+05 1.444000e-01
2.627600e+05 1.439000e-01
2.628200e+05 1.434000e-01
2.628800e+05 1.429000e-01
2.629400e+05 1.425000e-01
2.630000e+05 1.420000e-01
2.630500e+05 1.415000e-01
2.631100e+05 1.410000e-01
2.631700e+05 1.406000e-01
2.632300e+05 1.401000e-01
2.632900e+05 1.397000e-01
2.633400e+05 1.392000e-01
2.634000e+05 1.388000e-01
2.634600e+05 1.383000e-01
2.635200e+05 1.379000e-01
2.635800e+05 1.374000e-01
2.636300e+05 1.370000e-01
2.636900e+05 1.365000e-01
2.637500e+05 1.361000e-01
2.638100e+05 1.357000e-01
2.638700e+05 1.352000e-01
2.639200e+05 1.348000e-01
2.639800e+05 1.344000e-01
2.640400e+05 1.340000e-01
2.641000e+05 1.336000e-01
2.641600e+05 1.331000e-01
2.642100e+05 1.327000e-01
2.642700e+05 1.323000e-01
2.643300e+05 1.319000e-01
2.643900e+05 1.315000e-01
2.644500e+05 1.311000e-01
2.645000e+05 1.307000e-01
2.645600e+05 1.303000e-01
2.646200e+05 1.299000e-01
2.646800e+05 1.295000e-01
2.647400e+05 1.291000e-01
2.647900e+05 1.287000e-01
2.648500e+05 1.283000e-01
2.649100e+05 1.279000e-01
2.649700e+05 1.275000e-01
2.650300e+05 1.272000e-01
2.650800e+05 1.269000e-01
2.651400e+05 1.267000e-01
2.652000e+05 1.264000e-01
2.652600e+05 1.261000e-01
2.653200e+05 1.258000e-01
2.653700e+05 1.255000e-01
2.654300e+05 1.253000e-01
2.654900e+05 1.250000e-01
2.655500e+05 1.247000e-01
2.656100e+05 1.245000e-01
2.656600e+05 1.242000e-01
2.657200e+05 1.239000e-01
2.657800e+05 1.236000e-01
2.658400e+05 1.234000e-01
2.659000e+05 1.231000e-01
2.659500e+05 1.228000e-01
2.660100e+05 1.225000e-01
2.660700e+05 1.223000e-01
2.661300e+05 1.220000e-01
2.661900e+05 1.217000e-01
2.662400e+05 1.215000e-01
2.663000e+05 1.212000e-01
2.663600e+05 1.209000e-01
2.664200e+05 1.206000e-01
2.664800e+05 1.203000e-01
2.665300e+05 1.200000e-01
2.665900e+05 1.198000e-01
2.666500e+05 1.195000e-01
2.667100e+05 1.192000e-01
2.667700e+05 1.189000e-01
2.668200e+05 1.186000e-01
2.668800e+05 1.183000e-01
2.669400e+05 1.180000e-01
2.670000e+05 1.177000e-01
2.670600e+05 1.174000e-01
2.671100e+05 1.171000e-01
2.671700e+05 1.168000e-01
2.672300e+05 1.165000e-01
2.672900e+05 1.162000e-01
2.673500e+05 1.159000e-01
2.674000e+05 1.155000e-01
2.674600e+05 1.152000e-01
2.675200e+05 1.149000e-01
2.675800e+05 1.146000e-01
2.676400e+05 1.143000e-01
2.676900e+05 1.139000e-01
2.677500e+05 1.136000e-01
2.678100e+05 1.133000e-01
2.678700e+05 1.129000e-01
2.679300e+05 1.126000e-01
2.679800e+05 1.122000e-01
2.680400e+05 1.119000e-01
2.681000e+05 1.116000e-01
2.681600e+05 1.112000e-01
2.682200e+05 1.109000e-01
2.682700e+05 1.105000e-01
2.683300e+05 1.102000e-01
2.683900e+05 1.098000e-01
2.684500e+05 1.095000e-01
2.685100e+05 1.092000e-01
2.685600e+05 1.088000e-01
2.686200e+05 1.085000e-01
2.686800e+05 1.081000e-01
2.687400e+05 1.078000e-01
2.688000e+05 1.074000e-01
2.688500e+05 1.071000e-01
2.689100e+05 1.068000e-01
2.689700e+05 1.064000e-01
2.690300e+05 1.061000e-01
2.690900e+05 1.057000e-01
2.691400e+05 1.054000e-01
2.692000e+05 1.051000e-01
2.692600e+05 1.048000e-01
2.693200e+05 1.045000e-01
2.693800e+05 1.041000e-01
2.694300e+05 1.038000e-01
2.694900e+05 1.035000e-01
2.695500e+05 1.032000e-01
2.696100e+05 1.029000e-01
2.696700e+05 1.026000e-01
2.697200e+05 1.023000e-01
2.697800e+05 1.020000e-01
2.698400e+05 1.017000e-01
2.699000e+05 1.014000e-01
2.699600e+05 1.011000e-01
2.700100e+05 1.009000e-01
2.700700e+05 1.007000e-01
2.701300e+05 1.005000e-01
2.701900e+05 1.002000e-01
2.702500e+05 1.000000e-01
2.703000e+05 9.980000e-02
2.703600e+05 9.960000e-02
2.704200e+05 9.940000e-02
2.704800e+05 9.920000e-02
2.705400e+05 9.900000e-02
2.705900e+05 9.880000e-02
2.706500e+05 9.870000e-02
2.707100e+05 9.850000e-02
2.707700e+05 9.830000e-02
2.708300e+05 9.810000e-02
2.708800e+05 9.790000e-02
2.709400e+05 9.780000e-02
2.710000e+05 9.760000e-02
2.710600e+05 9.740000e-02
2.711200e+05 9.720000e-02
2.711700e+05 9.710000e-02
2.712300e+05 9.690000e-02
2.712900e+05 9.670000e-02
2.713500e+05 9.660000e-02
2.714100e+05 9.640000e-02
2.714600e+05 9.620000e-02
2.715200e+05 9.610000e-02
2.715800e+05 9.590000e-02
2.716400e+05 9.580000e-02
2.717000e+05 9.560000e-02
2.717500e+05 9.540000e-02
2.718100e+05 9.530000e-02
2.718700e+05 9.510000e-02
2.719300e+05 9.500000e-02
2.719900e+05 9.480000e-02
2.720400e+05 9.460000e-02
2.721000e+05 9.450000e-02
2.721600e+05 9.430000e-02
2.722200e+05 9.420000e-02
2.722800e+05 9.400000e-02
2.723300e+05 9.380000e-02
2.723900e+05 9.370000e-02
2.724500e+05 9.350000e-02
2.725100e+05 9.340000e-02
2.725700e+05 9.320000e-02
2.726200e+05 9.300000e-02
2.726800e+05 9.290000e-02
2.727400e+05 9.270000e-02
2.728000e+05 9.260000e-02
2.728600e+05 9.240000e-02
2.729100e+05 9.220000e-02
2.729700e+05 9.210000e-02
2.730300e+05 9.190000e-02
2.730900e+05 9.170000e-02
2.731500e+05 9.160000e-02
2.732000e+05 9.140000e-02
2.732600e+05 9.130000e-02
2.733200e+05 9.110000e-02
2.733800e+05 9.090000e-02
2.734400e+05 9.080000e-02
2.734900e+05 9.060000e-02
2.735500e+05 9.040000e-02
2.736100e+05 9.030000e-02
2.736700e+05 9.010000e-02
2.737300e+05 8.990000e-02
2.737800e+05 8.970000e-02
2.738400e+05 8.960000e-02
2.739000e+05 8.940000e-02
2.739600e+05 8.920000e-02
2.740200e+05 8.910000e-02
2.740700e+05 8.890000e-02
2.741300e+05 8.870000e-02
2.741900e+05 8.850000e-02
2.742500e+05 8.830000e-02
2.743100e+05 8.820000e-02
2.743600e+05 8.800000e-02
2.744200e+05 8.780000e-02
2.744800e+05 8.760000e-02
2.745400e+05 8.750000e-02
2.746000e+05 8.730000e-02
2.746500e+05 8.710000e-02
2.747100e+05 8.690000e-02
2.747700e+05 8.670000e-02
2.748300e+05 8.650000e-02
2.748900e+05 8.640000e-02
2.749400e+05 8.620000e-02
2.750000e+05 8.600000e-02
2.750600e+05 8.560000e-02
2.751200e+05 8.530000e-02
2.751800e+05 8.500000e-02
2.752300e+05 8.460000e-02
2.752900e+05 8.430000e-02
2.753500e+05 8.390000e-02
2.754100e+05 8.360000e-02
2.754700e+05 8.330000e-02
2.755200e+05 8.290000e-02
2.755800e+05 8.260000e-02
2.756400e+05 8.220000e-02
2.757000e+05 8.190000e-02
2.757600e+05 8.160000e-02
2.758100e+05 8.120000e-02
2.758700e+05 8.090000e-02
2.759300e+05 8.050000e-02
2.759900e+05 8.020000e-02
2.760500e+05 7.990000e-02
2.761000e+05 7.950000e-02
2.761600e+05 7.920000e-02
2.762200e+05 7.890000e-02
2.762800e+05 7.850000e-02
2.763400e+05 7.820000e-02
2.763900e+05 7.780000e-02
2.764500e+05 7.750000e-02
2.765100e+05 7.720000e-02
2.765700e+05 7.680000e-02
2.766300e+05 7.650000e-02
2.766800e+05 7.620000e-02
2.767400e+05 7.580000e-02
2.768000e+05 7.550000e-02
2.768600e+05 7.520000e-02
2.769200e+05 7.480000e-02
2.769700e+05 7.450000e-02
2.770300e+05 7.420000e-02
2.770900e+05 7.390000e-02
2.771500e+05 7.350000e-02
2.772100e+05 7.320000e-02
2.772600e+05 7.290000e-02
2.773200e+05 7.250000e-02
2.773800e+05 7.220000e-02
2.774400e+05 7.190000e-02
2.775000e+05 7.160000e-02
2.775500e+05 7.120000e-02
2.776100e+05 7.090000e-02
2.776700e+05 7.060000e-02
2.777300e+05 7.020000e-02
2.777900e+05 6.990000e-02
2.778400e+05 6.960000e-02
2.779000e+05 6.930000e-02
2.779600e+05 6.890000e-02
2.780200e+05 6.860000e-02
2.780800e+05 6.830000e-02
2.781300e+05 6.800000e-02
2.781900e+05 6.760000e-02
2.782500e+05 6.730000e-02
2.783100e+05 6.700000e-02
2.783700e+05 6.670000e-02
2.784200e+05 6.630000e-02
2.784800e+05 6.600000e-02
2.785400e+05 6.570000e-02
2.786000e+05 6.540000e-02
2.786600e+05 6.500000e-02
2.787100e+05 6.470000e-02
2.787700e+05 6.440000e-02
2.788300e+05 6.400000e-02
2.788900e+05 6.370000e-02
2.789500e+05 6.340000e-02
2.790000e+05 6.310000e-02
2.790600e+05 6.270000e-02
2.791200e+05 6.240000e-02
2.791800e+05 6.210000e-02
2.792400e+05 6.170000e-02
2.792900e+05 6.140000e-02
2.793500e+05 6.110000e-02
2.794100e+05 6.070000e-02
2.794700e+05 6.040000e-02
2.795300e+05 6.010000e-02
2.795800e+05 5.980000e-02
2.796400e+05 5.940000e-02
2.797000e+05 5.910000e-02
2.797600e+05 5.880000e-02
2.798200e+05 5.840000e-02
2.798700e+05 5.810000e-02
2.799300e+05 5.780000e-02
2.799900e+05 5.740000e-02
2.800500e+05 5.720000e-02
2.801100e+05 5.690000e-02
2.801600e+05 5.670000e-02
2.802200e+05 5.650000e-02
2.802800e+05 5.620000e-02
2.803400e+05 5.600000e-02
2.804000e+05 5.570000e-02
2.804500e+05 5.550000e-02
2.805100e+05 5.530000e-02
2.805700e+05 5.500000e-02
2.806300e+05 5.480000e-02
2.806900e+05 5.450000e-02
2.807400e+05 5.430000e-02
2.808000e+05 5.410000e-02
2.808600e+05 5.380000e-02
2.809200e+05 5.360000e-02
2.809800e+05 5.330000e-02
2.810300e+05 5.310000e-02
2.810900e+05 5.290000e-02
2.811500e+05 5.260000e-02
2.812100e+05 5.240000e-02
2.812700e+05 5.210000e-02
2.813200e+05 5.190000e-02
2.813800e+05 5.170000e-02
2.814400e+05 5.140000e-02
2.815000e+05 5.120000e-02
2.815600e+05 5.090000e-02
2.816100e+05 5.070000e-02
2.816700e+05 5.050000e-02
2.817300e+05 5.020000e-02
2.817900e+05 5.000000e-02
2.818500e+05 4.970000e-02
2.819000e+05 4.950000e-02
2.819600e+05 4.930000e-02
2.820200e+05 4.900000e-02
2.820800e+05 4.880000e-02
2.821400e+05 4.850000e-02
2.821900e+05 4.830000e-02
2.822500e+05 4.800000e-02
2.823100e+05 4.780000e-02
2.823700e+05 4.760000e-02
2.824300e+05 4.730000e-02
2.824800e+05 4.710000e-02
2.825400e+05 4.680000e-02
2.826000e+05 4.660000e-02
2.826600e+05 4.630000e-02
2.827200e+05 4.610000e-02
2.827700e+05 4.590000e-02
2.828300e+05 4.560000e-02
2.828900e+05 4.540000e-02
2.829500e+05 4.510000e-02
2.830100e+05 4.490000e-02
2.830600e+05 4.460000e-02
2.831200e+05 4.440000e-02
2.831800e+05 4.420000e-02
2.832400e+05 4.390000e-02
2.833000e+05 4.370000e-02
2.833500e+05 4.340000e-02
2.834100e+05 4.320000e-02
2.834700e+05 4.290000e-02
2.835300e+05 4.270000e-02
2.835900e+05 4.240000e-02
2.836400e+05 4.220000e-02
2.837000e+05 4.190000e-02
2.837600e+05 4.170000e-02
2.838200e+05 4.140000e-02
2.838800e+05 4.120000e-02
2.839300e+05 4.090000e-02
2.839900e+05 4.070000e-02
2.840500e+05 4.040000e-02
2.841100e+05 4.020000e-02
2.841700e+05 3.990000e-02
2.842200e+05 3.970000e-02
2.842800e+05 3.940000e-02
2.843400e+05 3.920000e-02
2.844000e+05 3.890000e-02
2.844600e+05 3.870000e-02
2.845100e+05 3.840000e-02
2.845700e+05 3.820000e-02
2.846300e+05 3.790000e-02
2.846900e+05 3.770000e-02
2.847500e+05 3.740000e-02
2.848000e+05 3.720000e-02
2.848600e+05 3.690000e-02
2.849200e+05 3.670000e-02
2.849800e+05 3.640000e-02
2.850400e+05 3.630000e-02
2.850900e+05 3.620000e-02
2.851500e+05 3.620000e-02
2.852100e+05 3.610000e-02
2.852700e+05 3.610000e-02
2.853300e+05 3.600000e-02
2.853800e+05 3.590000e-02
2.854400e+05 3.590000e-02
2.855000e+05 3.580000e-02
2.855600e+05 3.580000e-02
2.856200e+05 3.570000e-02
2.856700e+05 3.570000e-02
2.857300e+05 3.560000e-02
2.857900e+05 3.550000e-02
2.858500e+05 3.550000e-02
2.859100e+05 3.540000e-02
2.859600e+05 3.540000e-02
2.860200e+05 3.530000e-02
2.860800e+05 3.520000e-02
2.861400e+05 3.520000e-02
2.862000e+05 3.510000e-02
2.862500e+05 3.510000e-02
2.863100e+05 3.500000e-02
2.863700e+05 3.490000e-02
2.864300e+05 3.490000e-02
2.864900e+05 3.480000e-02
2.865400e+05 3.480000e-02
2.866000e+05 3.470000e-02
2.866600e+05 3.470000e-02
2.867200e+05 3.460000e-02
2.867800e+05 3.450000e-02
2.868300e+05 3.450000e-02
2.868900e+05 3.440000e-02
2.869500e+05 3.440000e-02
2.870100e+05 3.430000e-02
2.870700e+05 3.420000e-02
2.871200e+05 3.420000e-02
2.871800e+05 3.410000e-02
2.872400e+05 3.410000e-02
2.873000e+05 3.400000e-02
2.873600e+05 3.390000e-02
2.874100e+05 3.390000e-02
2.874700e+05 3.380000e-02
2.875300e+05 3.380000e-02
2.875900e+05 3.370000e-02
2.876500e+05 3.360000e-02
2.877000e+05 3.360000e-02
2.877600e+05 3.350000e-02
2.878200e+05 3.350000e-02
2.878800e+05 3.340000e-02
2.879400e+05 3.330000e-02
2.879900e+05 3.330000e-02
2.880500e+05 3.320000e-02
2.881100e+05 3.320000e-02
2.881700e+05 3.310000e-02
2.882300e+05 3.310000e-02
2.882800e+05 3.300000e-02
2.883400e+05 3.290000e-02
2.884000e+05 3.290000e-02
2.884600e+05 3.280000e-02
2.885200e+05 3.280000e-02
2.885700e+05 3.270000e-02
2.886300e+05 3.260000e-02
2.886900e+05 3.260000e-02
2.887500e+05 3.250000e-02
2.888100e+05 3.250000e-02
2.888600e+05 3.240000e-02
2.889200e+05 3.240000e-02
2.889800e+05 3.230000e-02
2.890400e+05 3.220000e-02
2.891000e+05 3.220000e-02
2.891500e+05 3.210000e-02
2.892100e+05 3.210000e-02
2.892700e+05 3.200000e-02
2.893300e+05 3.190000e-02
2.893900e+05 3.190000e-02
2.894400e+05 3.180000e-02
2.895000e+05 3.180000e-02
2.895600e+05 3.170000e-02
2.896200e+05 3.160000e-02
2.896800e+05 3.160000e-02
2.897300e+05 3.150000e-02
2.897900e+05 3.150000e-02
2.898500e+05 3.140000e-02
2.899100e+05 3.130000e-02
2.899700e+05 3.130000e-02
2.900200e+05 3.120000e-02
2.900800e+05 3.100000e-02
2.901400e+05 3.080000e-02
2.902000e+05 3.070000e-02
2.902600e+05 3.050000e-02
2.903100e+05 3.030000e-02
2.903700e+05 3.020000e-02
2.904300e+05 3.000000e-02
2.904900e+05 2.980000e-02
2.905500e+05 2.970000e-02
2.906000e+05 2.950000e-02
2.906600e+05 2.930000e-02
2.907200e+05 2.910000e-02
2.907800e+05 2.900000e-02
2.908400e+05 2.880000e-02
2.908900e+05 2.860000e-02
2.909500e+05 2.850000e-02
2.910100e+05 2.830000e-02
2.910700e+05 2.810000e-02
2.911300e+05 2.790000e-02
2.911800e+05 2.780000e-02
2.912400e+05 2.760000e-02
2.913000e+05 2.740000e-02
2.913600e+05 2.720000e-02
2.914200e+05 2.710000e-02
2.914700e+05 2.690000e-02
2.915300e+05 2.670000e-02
2.915900e+05 2.650000e-02
2.916500e+05 2.640000e-02
2.917100e+05 2.620000e-02
2.917600e+05 2.600000e-02
2.918200e+05 2.580000e-02
2.918800e+05 2.570000e-02
2.919400e+05 2.550000e-02
2.920000e+05 2.530000e-02
2.920500e+05 2.510000e-02
2.921100e+05 2.490000e-02
2.921700e+05 2.480000e-02
2.922300e+05 2.460000e-02
2.922900e+05 2.440000e-02
2.923400e+05 2.420000e-02
2.924000e+05 2.400000e-02
2.924600e+05 2.390000e-02
2.925200e+05 2.370000e-02
2.925800e+05 2.350000e-02
2.926300e+05 2.330000e-02
2.926900e+05 2.310000e-02
2.927500e+05 2.290000e-02
2.928100e+05 2.280000e-02
2.928700e+05 2.260000e-02
2.929200e+05 2.240000e-02
2.929800e+05 2.220000e-02
2.930400e+05 2.200000e-02
2.931000e+05 2.180000e-02
2.931600e+05 2.160000e-02
2.932100e+05 2.150000e-02
2.932700e+05 2.130000e-02
2.933300e+05 2.110000e-02
2.933900e+05 2.090000e-02
2.934500e+05 2.070000e-02
2.935000e+05 2.050000e-02
2.935600e+05 2.030000e-02
2.936200e+05 2.010000e-02
2.936800e+05 2.000000e-02
2.937400e+05 1.980000e-02
2.937900e+05 1.960000e-02
2.938500e+05 1.940000e-02
2.939100e+05 1.920000e-02
2.939700e+05 1.900000e-02
2.940300e+05 1.880000e-02
2.940800e+05 1.860000e-02
2.941400e+05 1.840000e-02
2.942000e+05 1.830000e-02
2.942600e+05 1.810000e-02
2.943200e+05 1.790000e-02
2.943700e+05 1.770000e-02
2.944300e+05 1.750000e-02
2.944900e+05 1.730000e-02
2.945500e+05 1.710000e-02
2.946100e+05 1.700000e-02
2.946600e+05 1.680000e-02
2.947200e+05 1.660000e-02
2.947800e+05 1.640000e-02
2.948400e+05 1.620000e-02
2.949000e+05 1.600000e-02
2.949500e+05 1.580000e-02
2.950100e+05 1.570000e-02
2.950700e+05 1.560000e-02
2.951300e+05 1.540000e-02
2.951900e+05 1.530000e-02
2.952400e+05 1.520000e-02
2.953000e+05 1.510000e-02
2.953600e+05 1.500000e-02
2.954200e+05 1.490000e-02
2.954800e+05 1.480000e-02
2.955300e+05 1.460000e-02
2.955900e+05 1.450000e-02
2.956500e+05 1.440000e-02
2.957100e+05 1.430000e-02
2.957700e+05 1.420000e-02
2.958200e+05 1.410000e-02
2.958800e+05 1.400000e-02
2.959400e+05 1.390000e-02
2.960000e+05 1.380000e-02
2.960600e+05 1.360000e-02
2.961100e+05 1.350000e-02
2.961700e+05 1.340000e-02
2.962300e+05 1.330000e-02
2.962900e+05 1.320000e-02
2.963500e+05 1.310000e-02
2.964000e+05 1.300000e-02
2.964600e+05 1.290000e-02
2.965200e+05 1.280000e-02
2.965800e+05 1.270000e-02
2.966400e+05 1.260000e-02
2.966900e+05 1.250000e-02
2.967500e+05 1.240000e-02
2.968100e+05 1.230000e-02
2.968700e+05 1.220000e-02
2.969300e+05 1.210000e-02
2.969800e+05 1.200000e-02
2.970400e+05 1.190000e-02
2.971000e+05 1.180000e-02
2.971600e+05 1.170000e-02
2.972200e+05 1.160000e-02
2.972700e+05 1.150000e-02
2.973300e+05 1.140000e-02
2.973900e+05 1.130000e-02
2.974500e+05 1.120000e-02
2.975100e+05 1.110000e-02
2.975600e+05 1.100000e-02
2.976200e+05 1.090000e-02
2.976800e+05 1.080000e-02
2.977400e+05 1.070000e-02
2.978000e+05 1.060000e-02
2.978500e+05 1.050000e-02
2.979100e+05 1.040000e-02
2.979700e+05 1.030000e-02
2.980300e+05 1.020000e-02
2.980900e+05 1.020000e-02
2.981400e+05 1.010000e-02
2.982000e+05 1.000000e-02
2.982600e+05 9.900000e-03
2.983200e+05 9.800000e-03
2.983800e+05 9.700000e-03
2.984300e+05 9.600000e-03
2.984900e+05 9.500000e-03
2.985500e+05 9.400000e-03
2.986100e+05 9.300000e-03
2.986700e+05 9.200000e-03
2.987200e+05 9.100000e-03
2.987800e+05 9.100000e-03
2.988400e+05 9.000000e-03
2.989000e+05 8.900000e-03
2.989600e+05 8.800000e-03
2.990100e+05 8.700000e-03
2.990700e+05 8.600000e-03
2.991300e+05 8.500000e-03
2.991900e+05 8.400000e-03
2.992500e+05 8.300000e-03
2.993000e+05 8.200000e-03
2.993600e+05 8.200000e-03
2.994200e+05 8.100000e-03
2.994800e+05 8.000000e-03
2.995400e+05 7.900000e-03
2.995900e+05 7.800000e-03
2.996500e+05 7.700000e-03
2.997100e+05 7.600000e-03
2.997700e+05 7.500000e-03
2.998300e+05 7.500000e-03
2.998800e+05 7.400000e-03
2.999400e+05 7.300000e-03
