# # Wavelength(Angstrom)  Transmission
1.700400e+04 2.696080e-04
1.701400e+04 3.006465e-04
1.702400e+04 3.393776e-04
1.703400e+04 3.810698e-04
1.704400e+04 4.291255e-04
1.705400e+04 4.846656e-04
1.706400e+04 5.477893e-04
1.707400e+04 6.193111e-04
1.708400e+04 6.993133e-04
1.709400e+04 7.915339e-04
1.710400e+04 8.968101e-04
1.711400e+04 1.012153e-03
1.712400e+04 1.146829e-03
1.713400e+04 1.298743e-03
1.714400e+04 1.465656e-03
1.715400e+04 1.656492e-03
1.716400e+04 1.879850e-03
1.717400e+04 2.125842e-03
1.718400e+04 2.414600e-03
1.719400e+04 2.752020e-03
1.720400e+04 3.124800e-03
1.721400e+04 3.558293e-03
1.722400e+04 4.063947e-03
1.723400e+04 4.646604e-03
1.724400e+04 5.331103e-03
1.725400e+04 6.150613e-03
1.726400e+04 7.101867e-03
1.727400e+04 8.224104e-03
1.728400e+04 9.558591e-03
1.729400e+04 1.118717e-02
1.730400e+04 1.307449e-02
1.731400e+04 1.536402e-02
1.732400e+04 1.812131e-02
1.733400e+04 2.112751e-02
1.734400e+04 2.445158e-02
1.735400e+04 2.782138e-02
1.736400e+04 3.139165e-02
1.737400e+04 3.509283e-02
1.738400e+04 3.943013e-02
1.739400e+04 4.389059e-02
1.740400e+04 4.892122e-02
1.741400e+04 5.457228e-02
1.742400e+04 6.054318e-02
1.743400e+04 6.722560e-02
1.744400e+04 7.471480e-02
1.745400e+04 8.350454e-02
1.746400e+04 9.334648e-02
1.747400e+04 1.050929e-01
1.748400e+04 1.188735e-01
1.749400e+04 1.347516e-01
1.750400e+04 1.531917e-01
1.751400e+04 1.736041e-01
1.752400e+04 1.946375e-01
1.753400e+04 2.174663e-01
1.754400e+04 2.403705e-01
1.755400e+04 2.635029e-01
1.756400e+04 2.861470e-01
1.757400e+04 3.079075e-01
1.758400e+04 3.271435e-01
1.759400e+04 3.450509e-01
1.760400e+04 3.610196e-01
1.761400e+04 3.755721e-01
1.762400e+04 3.891314e-01
1.763400e+04 4.023095e-01
1.764400e+04 4.140402e-01
1.765400e+04 4.253941e-01
1.766400e+04 4.360538e-01
1.767400e+04 4.457609e-01
1.768400e+04 4.553490e-01
1.769400e+04 4.642054e-01
1.770400e+04 4.724600e-01
1.771400e+04 4.791458e-01
1.772400e+04 4.850322e-01
1.773400e+04 4.898277e-01
1.774400e+04 4.935275e-01
1.775400e+04 4.967180e-01
1.776400e+04 4.980088e-01
1.777400e+04 4.999171e-01
1.778400e+04 5.000816e-01
1.779400e+04 5.013811e-01
1.780400e+04 5.022406e-01
1.781400e+04 5.024917e-01
1.782400e+04 5.031438e-01
1.783400e+04 5.031401e-01
1.784400e+04 5.034828e-01
1.785400e+04 5.043035e-01
1.786400e+04 5.046537e-01
1.787400e+04 5.053629e-01
1.788400e+04 5.067116e-01
1.789400e+04 5.072036e-01
1.790400e+04 5.077304e-01
1.791400e+04 5.081225e-01
1.792400e+04 5.082907e-01
1.793400e+04 5.080225e-01
1.794400e+04 5.081216e-01
1.795400e+04 5.069363e-01
1.796400e+04 5.061560e-01
1.797400e+04 5.046863e-01
1.798400e+04 5.032317e-01
1.799400e+04 5.022453e-01
1.800400e+04 5.006174e-01
1.801400e+04 4.995253e-01
1.802400e+04 4.977807e-01
1.803400e+04 4.962517e-01
1.804400e+04 4.943761e-01
1.805400e+04 4.926444e-01
1.806400e+04 4.915344e-01
1.807400e+04 4.910174e-01
1.808400e+04 4.903052e-01
1.809400e+04 4.897420e-01
1.810400e+04 4.895176e-01
1.811400e+04 4.885955e-01
1.812400e+04 4.893862e-01
1.813400e+04 4.895425e-01
1.814400e+04 4.904329e-01
1.815400e+04 4.912553e-01
1.816400e+04 4.916834e-01
1.817400e+04 4.925832e-01
1.818400e+04 4.941139e-01
1.819400e+04 4.951667e-01
1.820400e+04 4.958373e-01
1.821400e+04 4.973226e-01
1.822400e+04 4.988107e-01
1.823400e+04 4.991823e-01
1.824400e+04 5.015220e-01
1.825400e+04 5.028034e-01
1.826400e+04 5.039361e-01
1.827400e+04 5.046844e-01
1.828400e+04 5.052242e-01
1.829400e+04 5.059947e-01
1.830400e+04 5.075814e-01
1.831400e+04 5.078401e-01
1.832400e+04 5.092208e-01
1.833400e+04 5.097389e-01
1.834400e+04 5.097794e-01
1.835400e+04 5.099005e-01
1.836400e+04 5.113240e-01
1.837400e+04 5.112975e-01
1.838400e+04 5.116361e-01
1.839400e+04 5.115308e-01
1.840400e+04 5.119309e-01
1.841400e+04 5.113850e-01
1.842400e+04 5.116799e-01
1.843400e+04 5.115410e-01
1.844400e+04 5.112658e-01
1.845400e+04 5.113156e-01
1.846400e+04 5.102034e-01
1.847400e+04 5.094691e-01
1.848400e+04 5.095848e-01
1.849400e+04 5.084726e-01
1.850400e+04 5.073972e-01
1.851400e+04 5.068959e-01
1.852400e+04 5.067439e-01
1.853400e+04 5.060974e-01
1.854400e+04 5.044167e-01
1.855400e+04 5.039384e-01
1.856400e+04 5.030990e-01
1.857400e+04 5.035199e-01
1.858400e+04 5.028729e-01
1.859400e+04 5.022568e-01
1.860400e+04 5.017531e-01
1.861400e+04 5.011554e-01
1.862400e+04 5.004279e-01
1.863400e+04 5.000843e-01
1.864400e+04 4.993390e-01
1.865400e+04 4.998431e-01
1.866400e+04 5.001904e-01
1.867400e+04 4.998615e-01
1.868400e+04 5.002715e-01
1.869400e+04 5.006671e-01
1.870400e+04 5.014172e-01
1.871400e+04 5.021222e-01
1.872400e+04 5.028639e-01
1.873400e+04 5.037863e-01
1.874400e+04 5.046021e-01
1.875400e+04 5.051828e-01
1.876400e+04 5.063206e-01
1.877400e+04 5.064185e-01
1.878400e+04 5.068656e-01
1.879400e+04 5.072307e-01
1.880400e+04 5.083736e-01
1.881400e+04 5.089448e-01
1.882400e+04 5.095273e-01
1.883400e+04 5.100569e-01
1.884400e+04 5.109916e-01
1.885400e+04 5.116948e-01
1.886400e+04 5.124563e-01
1.887400e+04 5.128596e-01
1.888400e+04 5.128829e-01
1.889400e+04 5.139488e-01
1.890400e+04 5.141705e-01
1.891400e+04 5.141119e-01
1.892400e+04 5.137053e-01
1.893400e+04 5.137120e-01
1.894400e+04 5.142475e-01
1.895400e+04 5.148093e-01
1.896400e+04 5.152640e-01
1.897400e+04 5.155878e-01
1.898400e+04 5.157675e-01
1.899400e+04 5.160387e-01
1.900400e+04 5.159549e-01
1.901400e+04 5.159556e-01
1.902400e+04 5.169016e-01
1.903400e+04 5.169575e-01
1.904400e+04 5.167705e-01
1.905400e+04 5.172689e-01
1.906400e+04 5.172999e-01
1.907400e+04 5.171429e-01
1.908400e+04 5.173038e-01
1.909400e+04 5.173692e-01
1.910400e+04 5.178464e-01
1.911400e+04 5.177157e-01
1.912400e+04 5.179713e-01
1.913400e+04 5.183308e-01
1.914400e+04 5.192626e-01
1.915400e+04 5.184753e-01
1.916400e+04 5.179814e-01
1.917400e+04 5.182884e-01
1.918400e+04 5.182740e-01
1.919400e+04 5.181607e-01
1.920400e+04 5.174131e-01
1.921400e+04 5.171066e-01
1.922400e+04 5.178154e-01
1.923400e+04 5.166658e-01
1.924400e+04 5.163735e-01
1.925400e+04 5.159518e-01
1.926400e+04 5.152508e-01
1.927400e+04 5.144268e-01
1.928400e+04 5.135225e-01
1.929400e+04 5.135091e-01
1.930400e+04 5.132286e-01
1.931400e+04 5.123519e-01
1.932400e+04 5.119622e-01
1.933400e+04 5.112783e-01
1.934400e+04 5.099775e-01
1.935400e+04 5.096369e-01
1.936400e+04 5.089110e-01
1.937400e+04 5.082101e-01
1.938400e+04 5.077770e-01
1.939400e+04 5.073740e-01
1.940400e+04 5.073388e-01
1.941400e+04 5.072561e-01
1.942400e+04 5.074378e-01
1.943400e+04 5.083025e-01
1.944400e+04 5.087448e-01
1.945400e+04 5.090214e-01
1.946400e+04 5.091462e-01
1.947400e+04 5.094324e-01
1.948400e+04 5.100644e-01
1.949400e+04 5.103255e-01
1.950400e+04 5.109948e-01
1.951400e+04 5.112218e-01
1.952400e+04 5.115210e-01
1.953400e+04 5.123973e-01
1.954400e+04 5.125166e-01
1.955400e+04 5.128118e-01
1.956400e+04 5.133559e-01
1.957400e+04 5.139226e-01
1.958400e+04 5.140057e-01
1.959400e+04 5.136079e-01
1.960400e+04 5.142795e-01
1.961400e+04 5.144034e-01
1.962400e+04 5.143342e-01
1.963400e+04 5.140457e-01
1.964400e+04 5.144404e-01
1.965400e+04 5.141905e-01
1.966400e+04 5.139120e-01
1.967400e+04 5.137406e-01
1.968400e+04 5.135097e-01
1.969400e+04 5.133774e-01
1.970400e+04 5.124048e-01
1.971400e+04 5.133626e-01
1.972400e+04 5.133773e-01
1.973400e+04 5.123057e-01
1.974400e+04 5.121745e-01
1.975400e+04 5.119834e-01
1.976400e+04 5.120339e-01
1.977400e+04 5.122874e-01
1.978400e+04 5.122472e-01
1.979400e+04 5.119743e-01
1.980400e+04 5.121628e-01
1.981400e+04 5.117961e-01
1.982400e+04 5.119844e-01
1.983400e+04 5.121875e-01
1.984400e+04 5.124130e-01
1.985400e+04 5.118378e-01
1.986400e+04 5.123397e-01
1.987400e+04 5.126664e-01
1.988400e+04 5.130874e-01
1.989400e+04 5.132235e-01
1.990400e+04 5.134904e-01
1.991400e+04 5.131236e-01
1.992400e+04 5.126862e-01
1.993400e+04 5.130555e-01
1.994400e+04 5.118116e-01
1.995400e+04 5.107850e-01
1.996400e+04 5.081422e-01
1.997400e+04 5.069625e-01
1.998400e+04 5.082691e-01
1.999400e+04 5.102081e-01
2.000400e+04 5.118483e-01
2.001400e+04 5.118976e-01
2.002400e+04 5.132579e-01
2.003400e+04 5.143786e-01
2.004400e+04 5.143653e-01
2.005400e+04 5.137187e-01
2.006400e+04 5.134536e-01
2.007400e+04 5.129328e-01
2.008400e+04 5.125736e-01
2.009400e+04 5.125278e-01
2.010400e+04 5.127429e-01
2.011400e+04 5.124332e-01
2.012400e+04 5.130842e-01
2.013400e+04 5.123403e-01
2.014400e+04 5.128821e-01
2.015400e+04 5.137254e-01
2.016400e+04 5.140489e-01
2.017400e+04 5.142112e-01
2.018400e+04 5.150363e-01
2.019400e+04 5.151067e-01
2.020400e+04 5.154093e-01
2.021400e+04 5.144559e-01
2.022400e+04 5.157226e-01
2.023400e+04 5.164300e-01
2.024400e+04 5.170460e-01
2.025400e+04 5.184157e-01
2.026400e+04 5.188820e-01
2.027400e+04 5.185753e-01
2.028400e+04 5.193943e-01
2.029400e+04 5.194987e-01
2.030400e+04 5.200190e-01
2.031400e+04 5.202933e-01
2.032400e+04 5.203887e-01
2.033400e+04 5.205933e-01
2.034400e+04 5.204373e-01
2.035400e+04 5.206359e-01
2.036400e+04 5.200830e-01
2.037400e+04 5.202058e-01
2.038400e+04 5.199411e-01
2.039400e+04 5.199224e-01
2.040400e+04 5.194037e-01
2.041400e+04 5.180594e-01
2.042400e+04 5.180721e-01
2.043400e+04 5.169964e-01
2.044400e+04 5.157148e-01
2.045400e+04 5.153125e-01
2.046400e+04 5.135097e-01
2.047400e+04 5.129656e-01
2.048400e+04 5.120418e-01
2.049400e+04 5.114417e-01
2.050400e+04 5.108549e-01
2.051400e+04 5.105058e-01
2.052400e+04 5.094549e-01
2.053400e+04 5.090555e-01
2.054400e+04 5.091157e-01
2.055400e+04 5.089415e-01
2.056400e+04 5.082683e-01
2.057400e+04 5.083592e-01
2.058400e+04 5.086020e-01
2.059400e+04 5.087265e-01
2.060400e+04 5.089169e-01
2.061400e+04 5.093149e-01
2.062400e+04 5.099880e-01
2.063400e+04 5.110995e-01
2.064400e+04 5.115754e-01
2.065400e+04 5.120948e-01
2.066400e+04 5.129685e-01
2.067400e+04 5.141635e-01
2.068400e+04 5.153460e-01
2.069400e+04 5.159420e-01
2.070400e+04 5.169506e-01
2.071400e+04 5.181419e-01
2.072400e+04 5.188802e-01
2.073400e+04 5.208812e-01
2.074400e+04 5.213969e-01
2.075400e+04 5.218744e-01
2.076400e+04 5.224595e-01
2.077400e+04 5.230795e-01
2.078400e+04 5.234588e-01
2.079400e+04 5.239997e-01
2.080400e+04 5.239259e-01
2.081400e+04 5.237489e-01
2.082400e+04 5.245907e-01
2.083400e+04 5.241033e-01
2.084400e+04 5.247845e-01
2.085400e+04 5.245129e-01
2.086400e+04 5.250211e-01
2.087400e+04 5.249148e-01
2.088400e+04 5.246502e-01
2.089400e+04 5.235544e-01
2.090400e+04 5.233764e-01
2.091400e+04 5.219593e-01
2.092400e+04 5.215198e-01
2.093400e+04 5.217447e-01
2.094400e+04 5.213486e-01
2.095400e+04 5.210968e-01
2.096400e+04 5.203763e-01
2.097400e+04 5.202588e-01
2.098400e+04 5.201204e-01
2.099400e+04 5.201029e-01
2.100400e+04 5.185747e-01
2.101400e+04 5.190394e-01
2.102400e+04 5.181699e-01
2.103400e+04 5.187556e-01
2.104400e+04 5.188318e-01
2.105400e+04 5.184598e-01
2.106400e+04 5.181505e-01
2.107400e+04 5.175761e-01
2.108400e+04 5.173344e-01
2.109400e+04 5.164281e-01
2.110400e+04 5.170187e-01
2.111400e+04 5.162937e-01
2.112400e+04 5.163243e-01
2.113400e+04 5.157224e-01
2.114400e+04 5.161029e-01
2.115400e+04 5.153031e-01
2.116400e+04 5.150638e-01
2.117400e+04 5.148695e-01
2.118400e+04 5.148764e-01
2.119400e+04 5.143720e-01
2.120400e+04 5.137593e-01
2.121400e+04 5.132650e-01
2.122400e+04 5.126042e-01
2.123400e+04 5.124679e-01
2.124400e+04 5.115987e-01
2.125400e+04 5.111738e-01
2.126400e+04 5.105531e-01
2.127400e+04 5.106527e-01
2.128400e+04 5.095741e-01
2.129400e+04 5.102218e-01
2.130400e+04 5.090820e-01
2.131400e+04 5.085571e-01
2.132400e+04 5.090357e-01
2.133400e+04 5.086140e-01
2.134400e+04 5.088932e-01
2.135400e+04 5.081234e-01
2.136400e+04 5.083956e-01
2.137400e+04 5.081063e-01
2.138400e+04 5.080170e-01
2.139400e+04 5.083334e-01
2.140400e+04 5.087647e-01
2.141400e+04 5.085441e-01
2.142400e+04 5.099821e-01
2.143400e+04 5.097882e-01
2.144400e+04 5.105225e-01
2.145400e+04 5.112375e-01
2.146400e+04 5.113048e-01
2.147400e+04 5.115576e-01
2.148400e+04 5.119150e-01
2.149400e+04 5.113329e-01
2.150400e+04 5.123340e-01
2.151400e+04 5.117138e-01
2.152400e+04 5.121165e-01
2.153400e+04 5.112417e-01
2.154400e+04 5.116413e-01
2.155400e+04 5.108731e-01
2.156400e+04 5.108047e-01
2.157400e+04 5.102734e-01
2.158400e+04 5.101414e-01
2.159400e+04 5.100447e-01
2.160400e+04 5.087011e-01
2.161400e+04 5.081488e-01
2.162400e+04 5.064189e-01
2.163400e+04 5.055540e-01
2.164400e+04 5.045361e-01
2.165400e+04 5.035894e-01
2.166400e+04 5.028753e-01
2.167400e+04 5.013426e-01
2.168400e+04 5.010890e-01
2.169400e+04 4.992737e-01
2.170400e+04 4.983685e-01
2.171400e+04 4.966806e-01
2.172400e+04 4.967304e-01
2.173400e+04 4.955726e-01
2.174400e+04 4.949656e-01
2.175400e+04 4.944938e-01
2.176400e+04 4.940989e-01
2.177400e+04 4.936409e-01
2.178400e+04 4.926327e-01
2.179400e+04 4.924898e-01
2.180400e+04 4.925376e-01
2.181400e+04 4.919482e-01
2.182400e+04 4.913447e-01
2.183400e+04 4.912769e-01
2.184400e+04 4.914558e-01
2.185400e+04 4.929882e-01
2.186400e+04 4.932742e-01
2.187400e+04 4.929472e-01
2.188400e+04 4.939245e-01
2.189400e+04 4.937483e-01
2.190400e+04 4.944823e-01
2.191400e+04 4.955283e-01
2.192400e+04 4.958966e-01
2.193400e+04 4.964958e-01
2.194400e+04 4.975037e-01
2.195400e+04 4.978223e-01
2.196400e+04 4.985494e-01
2.197400e+04 4.998727e-01
2.198400e+04 5.011130e-01
2.199400e+04 5.019677e-01
2.200400e+04 5.035752e-01
2.201400e+04 5.036921e-01
2.202400e+04 5.050095e-01
2.203400e+04 5.055300e-01
2.204400e+04 5.066739e-01
2.205400e+04 5.068387e-01
2.206400e+04 5.064813e-01
2.207400e+04 5.056802e-01
2.208400e+04 5.044780e-01
2.209400e+04 5.030597e-01
2.210400e+04 5.012378e-01
2.211400e+04 4.982374e-01
2.212400e+04 4.943609e-01
2.213400e+04 4.891792e-01
2.214400e+04 4.818030e-01
2.215400e+04 4.747796e-01
2.216400e+04 4.641596e-01
2.217400e+04 4.533420e-01
2.218400e+04 4.403250e-01
2.219400e+04 4.251700e-01
2.220400e+04 4.087702e-01
2.221400e+04 3.909007e-01
2.222400e+04 3.717313e-01
2.223400e+04 3.509694e-01
2.224400e+04 3.291125e-01
2.225400e+04 3.067718e-01
2.226400e+04 2.851438e-01
2.227400e+04 2.643252e-01
2.228400e+04 2.438738e-01
2.229400e+04 2.245248e-01
2.230400e+04 2.063823e-01
2.231400e+04 1.889434e-01
2.232400e+04 1.730887e-01
2.233400e+04 1.585241e-01
2.234400e+04 1.448990e-01
2.235400e+04 1.318131e-01
2.236400e+04 1.197562e-01
2.237400e+04 1.078881e-01
2.238400e+04 9.672833e-02
2.239400e+04 8.684212e-02
2.240400e+04 7.746882e-02
2.241400e+04 6.877779e-02
2.242400e+04 6.096794e-02
2.243400e+04 5.381740e-02
2.244400e+04 4.715850e-02
2.245400e+04 4.144707e-02
2.246400e+04 3.635727e-02
2.247400e+04 3.175123e-02
2.248400e+04 2.774359e-02
2.249400e+04 2.418278e-02
2.250400e+04 2.100739e-02
2.251400e+04 1.827894e-02
2.252400e+04 1.598010e-02
2.253400e+04 1.393920e-02
2.254400e+04 1.213512e-02
2.255400e+04 1.059614e-02
2.256400e+04 9.206306e-03
2.257400e+04 8.004963e-03
2.258400e+04 7.001732e-03
2.259400e+04 6.117788e-03
2.260400e+04 5.336749e-03
2.261400e+04 4.669264e-03
2.262400e+04 4.073220e-03
2.263400e+04 3.555535e-03
2.264400e+04 3.123406e-03
2.265400e+04 2.749520e-03
2.266400e+04 2.415645e-03
2.267400e+04 2.135054e-03
2.268400e+04 1.888474e-03
2.269400e+04 1.671974e-03
2.270400e+04 1.488387e-03
2.271400e+04 1.328287e-03
2.272400e+04 1.186955e-03
2.273400e+04 1.068425e-03
2.274400e+04 9.567549e-04
2.275400e+04 8.605112e-04
2.276400e+04 7.739590e-04
2.277400e+04 7.024722e-04
2.278400e+04 6.368882e-04
2.279400e+04 5.779750e-04
2.280400e+04 5.294607e-04
2.281400e+04 4.807235e-04
2.282400e+04 4.367868e-04
2.283400e+04 4.019665e-04
2.284400e+04 3.700821e-04
2.285400e+04 3.408438e-04
2.286400e+04 3.117688e-04
2.287400e+04 2.865577e-04
2.288400e+04 2.663336e-04
