# # Wavelength(Angstrom)  Transmission
8.743000e+04 4.000000e-04
8.749000e+04 1.200000e-03
8.755000e+04 2.000000e-03
8.760000e+04 2.900000e-03
8.766000e+04 5.600000e-03
8.772000e+04 8.200000e-03
8.778000e+04 1.090000e-02
8.784000e+04 1.270000e-02
8.789000e+04 1.390000e-02
8.795000e+04 1.510000e-02
8.801000e+04 1.560000e-02
8.807000e+04 1.300000e-02
8.813000e+04 1.040000e-02
8.818000e+04 7.800000e-03
8.824000e+04 6.200000e-03
8.830000e+04 5.000000e-03
8.836000e+04 3.800000e-03
8.842000e+04 2.900000e-03
8.847000e+04 2.900000e-03
8.853000e+04 2.900000e-03
8.859000e+04 2.900000e-03
8.865000e+04 3.300000e-03
8.871000e+04 3.800000e-03
8.876000e+04 4.300000e-03
8.882000e+04 5.200000e-03
8.888000e+04 6.500000e-03
8.894000e+04 7.800000e-03
8.900000e+04 9.200000e-03
8.905000e+04 1.190000e-02
8.911000e+04 1.470000e-02
8.917000e+04 1.740000e-02
8.923000e+04 2.110000e-02
8.929000e+04 2.580000e-02
8.934000e+04 3.050000e-02
8.940000e+04 3.520000e-02
8.946000e+04 4.160000e-02
8.952000e+04 4.810000e-02
8.958000e+04 5.450000e-02
8.963000e+04 6.230000e-02
8.969000e+04 7.110000e-02
8.975000e+04 7.990000e-02
8.981000e+04 8.940000e-02
8.987000e+04 1.029000e-01
8.992000e+04 1.163000e-01
8.998000e+04 1.298000e-01
9.004000e+04 1.482000e-01
9.010000e+04 1.687000e-01
9.016000e+04 1.893000e-01
9.021000e+04 2.109000e-01
9.027000e+04 2.357000e-01
9.033000e+04 2.605000e-01
9.039000e+04 2.853000e-01
9.045000e+04 3.036000e-01
9.050000e+04 3.202000e-01
9.056000e+04 3.369000e-01
9.062000e+04 3.482000e-01
9.068000e+04 3.494000e-01
9.074000e+04 3.506000e-01
9.079000e+04 3.518000e-01
9.085000e+04 3.470000e-01
9.091000e+04 3.414000e-01
9.097000e+04 3.358000e-01
9.103000e+04 3.312000e-01
9.108000e+04 3.277000e-01
9.114000e+04 3.242000e-01
9.120000e+04 3.208000e-01
9.126000e+04 3.223000e-01
9.132000e+04 3.239000e-01
9.137000e+04 3.255000e-01
9.143000e+04 3.292000e-01
9.149000e+04 3.347000e-01
9.155000e+04 3.401000e-01
9.161000e+04 3.457000e-01
9.166000e+04 3.518000e-01
9.172000e+04 3.580000e-01
9.178000e+04 3.641000e-01
9.184000e+04 3.693000e-01
9.190000e+04 3.740000e-01
9.195000e+04 3.787000e-01
9.201000e+04 3.830000e-01
9.207000e+04 3.855000e-01
9.213000e+04 3.880000e-01
9.219000e+04 3.905000e-01
9.224000e+04 3.916000e-01
9.230000e+04 3.922000e-01
9.236000e+04 3.928000e-01
9.242000e+04 3.930000e-01
9.248000e+04 3.926000e-01
9.253000e+04 3.921000e-01
9.259000e+04 3.917000e-01
9.265000e+04 3.908000e-01
9.271000e+04 3.898000e-01
9.277000e+04 3.889000e-01
9.282000e+04 3.878000e-01
9.288000e+04 3.867000e-01
9.294000e+04 3.856000e-01
9.300000e+04 3.845000e-01
9.306000e+04 3.835000e-01
9.311000e+04 3.825000e-01
9.317000e+04 3.815000e-01
9.323000e+04 3.807000e-01
9.329000e+04 3.800000e-01
9.335000e+04 3.793000e-01
9.340000e+04 3.786000e-01
9.346000e+04 3.784000e-01
9.352000e+04 3.782000e-01
9.358000e+04 3.779000e-01
9.364000e+04 3.780000e-01
9.369000e+04 3.783000e-01
9.375000e+04 3.786000e-01
9.381000e+04 3.790000e-01
9.387000e+04 3.798000e-01
9.393000e+04 3.806000e-01
9.398000e+04 3.814000e-01
9.404000e+04 3.823000e-01
9.410000e+04 3.833000e-01
9.416000e+04 3.843000e-01
9.422000e+04 3.853000e-01
9.427000e+04 3.862000e-01
9.433000e+04 3.871000e-01
9.439000e+04 3.880000e-01
9.445000e+04 3.887000e-01
9.451000e+04 3.894000e-01
9.456000e+04 3.900000e-01
9.462000e+04 3.906000e-01
9.468000e+04 3.910000e-01
9.474000e+04 3.915000e-01
9.480000e+04 3.919000e-01
9.485000e+04 3.923000e-01
9.491000e+04 3.927000e-01
9.497000e+04 3.930000e-01
9.503000e+04 3.934000e-01
9.509000e+04 3.938000e-01
9.514000e+04 3.942000e-01
9.520000e+04 3.946000e-01
9.526000e+04 3.951000e-01
9.532000e+04 3.955000e-01
9.538000e+04 3.960000e-01
9.543000e+04 3.964000e-01
9.549000e+04 3.968000e-01
9.555000e+04 3.972000e-01
9.561000e+04 3.976000e-01
9.567000e+04 3.978000e-01
9.572000e+04 3.980000e-01
9.578000e+04 3.982000e-01
9.584000e+04 3.981000e-01
9.590000e+04 3.979000e-01
9.596000e+04 3.977000e-01
9.601000e+04 3.974000e-01
9.607000e+04 3.968000e-01
9.613000e+04 3.963000e-01
9.619000e+04 3.957000e-01
9.625000e+04 3.951000e-01
9.630000e+04 3.944000e-01
9.636000e+04 3.937000e-01
9.642000e+04 3.931000e-01
9.648000e+04 3.925000e-01
9.654000e+04 3.920000e-01
9.659000e+04 3.914000e-01
9.665000e+04 3.911000e-01
9.671000e+04 3.908000e-01
9.677000e+04 3.905000e-01
9.683000e+04 3.903000e-01
9.688000e+04 3.903000e-01
9.694000e+04 3.904000e-01
9.700000e+04 3.904000e-01
9.706000e+04 3.907000e-01
9.712000e+04 3.910000e-01
9.717000e+04 3.913000e-01
9.723000e+04 3.917000e-01
9.729000e+04 3.922000e-01
9.735000e+04 3.927000e-01
9.741000e+04 3.932000e-01
9.746000e+04 3.937000e-01
9.752000e+04 3.941000e-01
9.758000e+04 3.946000e-01
9.764000e+04 3.949000e-01
9.770000e+04 3.952000e-01
9.775000e+04 3.955000e-01
9.781000e+04 3.957000e-01
9.787000e+04 3.958000e-01
9.793000e+04 3.959000e-01
9.799000e+04 3.959000e-01
9.804000e+04 3.959000e-01
9.810000e+04 3.958000e-01
9.816000e+04 3.957000e-01
9.822000e+04 3.956000e-01
9.828000e+04 3.953000e-01
9.833000e+04 3.950000e-01
9.839000e+04 3.948000e-01
9.845000e+04 3.945000e-01
9.851000e+04 3.942000e-01
9.857000e+04 3.939000e-01
9.862000e+04 3.936000e-01
9.868000e+04 3.934000e-01
9.874000e+04 3.932000e-01
9.880000e+04 3.931000e-01
9.886000e+04 3.930000e-01
9.891000e+04 3.930000e-01
9.897000e+04 3.929000e-01
9.903000e+04 3.929000e-01
9.909000e+04 3.928000e-01
9.915000e+04 3.927000e-01
9.920000e+04 3.927000e-01
9.926000e+04 3.925000e-01
9.932000e+04 3.924000e-01
9.938000e+04 3.922000e-01
9.944000e+04 3.920000e-01
9.949000e+04 3.917000e-01
9.955000e+04 3.914000e-01
9.961000e+04 3.912000e-01
9.967000e+04 3.909000e-01
9.973000e+04 3.905000e-01
9.978000e+04 3.902000e-01
9.984000e+04 3.899000e-01
9.990000e+04 3.897000e-01
9.996000e+04 3.895000e-01
1.000200e+05 3.893000e-01
1.000700e+05 3.895000e-01
1.001300e+05 3.897000e-01
1.001900e+05 3.898000e-01
1.002500e+05 3.902000e-01
1.003100e+05 3.905000e-01
1.003600e+05 3.909000e-01
1.004200e+05 3.914000e-01
1.004800e+05 3.920000e-01
1.005400e+05 3.926000e-01
1.006000e+05 3.931000e-01
1.006500e+05 3.939000e-01
1.007100e+05 3.947000e-01
1.007700e+05 3.955000e-01
1.008300e+05 3.964000e-01
1.008900e+05 3.973000e-01
1.009400e+05 3.982000e-01
1.010000e+05 3.991000e-01
1.010600e+05 3.999000e-01
1.011200e+05 4.007000e-01
1.011800e+05 4.016000e-01
1.012300e+05 4.023000e-01
1.012900e+05 4.029000e-01
1.013500e+05 4.035000e-01
1.014100e+05 4.040000e-01
1.014700e+05 4.043000e-01
1.015200e+05 4.047000e-01
1.015800e+05 4.050000e-01
1.016400e+05 4.052000e-01
1.017000e+05 4.053000e-01
1.017600e+05 4.054000e-01
1.018100e+05 4.054000e-01
1.018700e+05 4.053000e-01
1.019300e+05 4.052000e-01
1.019900e+05 4.051000e-01
1.020500e+05 4.049000e-01
1.021000e+05 4.047000e-01
1.021600e+05 4.045000e-01
1.022200e+05 4.042000e-01
1.022800e+05 4.040000e-01
1.023400e+05 4.038000e-01
1.023900e+05 4.036000e-01
1.024500e+05 4.035000e-01
1.025100e+05 4.034000e-01
1.025700e+05 4.032000e-01
1.026300e+05 4.032000e-01
1.026800e+05 4.032000e-01
1.027400e+05 4.032000e-01
1.028000e+05 4.033000e-01
1.028600e+05 4.035000e-01
1.029200e+05 4.036000e-01
1.029700e+05 4.038000e-01
1.030300e+05 4.040000e-01
1.030900e+05 4.043000e-01
1.031500e+05 4.046000e-01
1.032100e+05 4.049000e-01
1.032600e+05 4.052000e-01
1.033200e+05 4.056000e-01
1.033800e+05 4.059000e-01
1.034400e+05 4.062000e-01
1.035000e+05 4.065000e-01
1.035500e+05 4.068000e-01
1.036100e+05 4.071000e-01
1.036700e+05 4.074000e-01
1.037300e+05 4.077000e-01
1.037900e+05 4.080000e-01
1.038400e+05 4.082000e-01
1.039000e+05 4.085000e-01
1.039600e+05 4.088000e-01
1.040200e+05 4.091000e-01
1.040800e+05 4.093000e-01
1.041300e+05 4.096000e-01
1.041900e+05 4.099000e-01
1.042500e+05 4.101000e-01
1.043100e+05 4.104000e-01
1.043700e+05 4.107000e-01
1.044200e+05 4.110000e-01
1.044800e+05 4.114000e-01
1.045400e+05 4.117000e-01
1.046000e+05 4.121000e-01
1.046600e+05 4.125000e-01
1.047100e+05 4.129000e-01
1.047700e+05 4.133000e-01
1.048300e+05 4.136000e-01
1.048900e+05 4.140000e-01
1.049500e+05 4.143000e-01
1.050000e+05 4.146000e-01
1.050600e+05 4.143000e-01
1.051200e+05 4.140000e-01
1.051800e+05 4.138000e-01
1.052400e+05 4.134000e-01
1.052900e+05 4.129000e-01
1.053500e+05 4.124000e-01
1.054100e+05 4.119000e-01
1.054700e+05 4.112000e-01
1.055300e+05 4.105000e-01
1.055800e+05 4.098000e-01
1.056400e+05 4.090000e-01
1.057000e+05 4.081000e-01
1.057600e+05 4.072000e-01
1.058200e+05 4.064000e-01
1.058700e+05 4.054000e-01
1.059300e+05 4.045000e-01
1.059900e+05 4.035000e-01
1.060500e+05 4.026000e-01
1.061100e+05 4.017000e-01
1.061600e+05 4.007000e-01
1.062200e+05 3.999000e-01
1.062800e+05 3.991000e-01
1.063400e+05 3.983000e-01
1.064000e+05 3.975000e-01
1.064500e+05 3.969000e-01
1.065100e+05 3.963000e-01
1.065700e+05 3.957000e-01
1.066300e+05 3.952000e-01
1.066900e+05 3.949000e-01
1.067400e+05 3.945000e-01
1.068000e+05 3.942000e-01
1.068600e+05 3.940000e-01
1.069200e+05 3.938000e-01
1.069800e+05 3.937000e-01
1.070300e+05 3.935000e-01
1.070900e+05 3.934000e-01
1.071500e+05 3.933000e-01
1.072100e+05 3.932000e-01
1.072700e+05 3.930000e-01
1.073200e+05 3.927000e-01
1.073800e+05 3.924000e-01
1.074400e+05 3.919000e-01
1.075000e+05 3.912000e-01
1.075600e+05 3.905000e-01
1.076100e+05 3.896000e-01
1.076700e+05 3.882000e-01
1.077300e+05 3.868000e-01
1.077900e+05 3.853000e-01
1.078500e+05 3.829000e-01
1.079000e+05 3.803000e-01
1.079600e+05 3.777000e-01
1.080200e+05 3.742000e-01
1.080800e+05 3.693000e-01
1.081400e+05 3.643000e-01
1.081900e+05 3.594000e-01
1.082500e+05 3.516000e-01
1.083100e+05 3.435000e-01
1.083700e+05 3.354000e-01
1.084300e+05 3.257000e-01
1.084800e+05 3.142000e-01
1.085400e+05 3.028000e-01
1.086000e+05 2.913000e-01
1.086600e+05 2.771000e-01
1.087200e+05 2.629000e-01
1.087700e+05 2.488000e-01
1.088300e+05 2.339000e-01
1.088900e+05 2.184000e-01
1.089500e+05 2.029000e-01
1.090100e+05 1.875000e-01
1.090600e+05 1.725000e-01
1.091200e+05 1.575000e-01
1.091800e+05 1.426000e-01
1.092400e+05 1.292000e-01
1.093000e+05 1.166000e-01
1.093500e+05 1.041000e-01
1.094100e+05 9.230000e-02
1.094700e+05 8.340000e-02
1.095300e+05 7.440000e-02
1.095900e+05 6.550000e-02
1.096400e+05 5.860000e-02
1.097000e+05 5.240000e-02
1.097600e+05 4.610000e-02
1.098200e+05 4.050000e-02
1.098800e+05 3.630000e-02
1.099300e+05 3.210000e-02
1.099900e+05 2.780000e-02
1.100500e+05 2.490000e-02
1.101100e+05 2.220000e-02
1.101700e+05 1.940000e-02
1.102200e+05 1.710000e-02
1.102800e+05 1.540000e-02
1.103400e+05 1.360000e-02
1.104000e+05 1.190000e-02
1.104600e+05 1.080000e-02
1.105100e+05 9.700000e-03
1.105700e+05 8.700000e-03
1.106300e+05 7.800000e-03
1.106900e+05 7.100000e-03
1.107500e+05 6.500000e-03
1.108000e+05 5.800000e-03
1.108600e+05 5.300000e-03
1.109200e+05 4.900000e-03
1.109800e+05 4.400000e-03
1.110400e+05 4.000000e-03
1.110900e+05 3.700000e-03
1.111500e+05 3.300000e-03
1.112100e+05 3.000000e-03
1.112700e+05 2.800000e-03
1.113300e+05 2.600000e-03
1.113800e+05 2.300000e-03
1.114400e+05 2.100000e-03
1.115000e+05 2.000000e-03
1.115600e+05 1.800000e-03
1.116200e+05 1.700000e-03
1.116700e+05 1.600000e-03
1.117300e+05 1.500000e-03
1.117900e+05 1.300000e-03
1.118500e+05 1.300000e-03
1.119100e+05 1.200000e-03
1.119600e+05 1.100000e-03
1.120200e+05 1.000000e-03
1.120800e+05 9.000000e-04
1.121400e+05 9.000000e-04
1.122000e+05 8.000000e-04
1.122500e+05 8.000000e-04
1.123100e+05 7.000000e-04
1.123700e+05 7.000000e-04
1.124300e+05 6.000000e-04
1.124900e+05 6.000000e-04
1.125400e+05 5.000000e-04
1.126000e+05 5.000000e-04
1.126600e+05 5.000000e-04
1.127200e+05 5.000000e-04
1.127800e+05 4.000000e-04
1.128300e+05 4.000000e-04
1.128900e+05 4.000000e-04
1.129500e+05 4.000000e-04
1.130100e+05 4.000000e-04
1.130700e+05 4.000000e-04
1.131200e+05 3.000000e-04
1.131800e+05 3.000000e-04
1.132400e+05 3.000000e-04
1.133000e+05 3.000000e-04
1.133600e+05 3.000000e-04
1.134100e+05 2.000000e-04
1.134700e+05 2.000000e-04
1.135300e+05 2.000000e-04
1.135900e+05 2.000000e-04
1.136500e+05 2.000000e-04
1.137000e+05 2.000000e-04
1.137600e+05 2.000000e-04
1.138200e+05 2.000000e-04
1.138800e+05 2.000000e-04
1.139400e+05 2.000000e-04
1.139900e+05 2.000000e-04
1.140500e+05 2.000000e-04
1.141100e+05 2.000000e-04
1.141700e+05 2.000000e-04
1.142300e+05 2.000000e-04
1.142800e+05 2.000000e-04
1.143400e+05 2.000000e-04
1.144000e+05 2.000000e-04
1.144600e+05 2.000000e-04
1.145200e+05 2.000000e-04
1.145700e+05 2.000000e-04
1.146300e+05 2.000000e-04
1.146900e+05 1.000000e-04
1.147500e+05 1.000000e-04
1.148100e+05 1.000000e-04
1.148600e+05 1.000000e-04
1.149200e+05 1.000000e-04
1.149800e+05 1.000000e-04
1.150400e+05 1.000000e-04
1.151000e+05 1.000000e-04
1.151500e+05 1.000000e-04
