# # Wavelength(Angstrom)  Transmission
1.025100e+05 1.000000e-04
1.025700e+05 1.000000e-04
1.026300e+05 1.000000e-04
1.026800e+05 1.000000e-04
1.027400e+05 1.000000e-04
1.028000e+05 1.000000e-04
1.028600e+05 1.000000e-04
1.029200e+05 1.000000e-04
1.029700e+05 1.000000e-04
1.030300e+05 1.000000e-04
1.030900e+05 1.000000e-04
1.031500e+05 1.000000e-04
1.032100e+05 1.000000e-04
1.032600e+05 2.000000e-04
1.033200e+05 2.000000e-04
1.033800e+05 2.000000e-04
1.034400e+05 2.000000e-04
1.035000e+05 2.000000e-04
1.035500e+05 2.000000e-04
1.036100e+05 2.000000e-04
1.036700e+05 2.000000e-04
1.037300e+05 2.000000e-04
1.037900e+05 2.000000e-04
1.038400e+05 2.000000e-04
1.039000e+05 3.000000e-04
1.039600e+05 3.000000e-04
1.040200e+05 3.000000e-04
1.040800e+05 3.000000e-04
1.041300e+05 3.000000e-04
1.041900e+05 3.000000e-04
1.042500e+05 3.000000e-04
1.043100e+05 4.000000e-04
1.043700e+05 4.000000e-04
1.044200e+05 4.000000e-04
1.044800e+05 4.000000e-04
1.045400e+05 4.000000e-04
1.046000e+05 4.000000e-04
1.046600e+05 4.000000e-04
1.047100e+05 5.000000e-04
1.047700e+05 5.000000e-04
1.048300e+05 5.000000e-04
1.048900e+05 6.000000e-04
1.049500e+05 6.000000e-04
1.050000e+05 6.000000e-04
1.050600e+05 7.000000e-04
1.051200e+05 7.000000e-04
1.051800e+05 8.000000e-04
1.052400e+05 8.000000e-04
1.052900e+05 9.000000e-04
1.053500e+05 1.000000e-03
1.054100e+05 1.000000e-03
1.054700e+05 1.100000e-03
1.055300e+05 1.200000e-03
1.055800e+05 1.200000e-03
1.056400e+05 1.300000e-03
1.057000e+05 1.400000e-03
1.057600e+05 1.500000e-03
1.058200e+05 1.700000e-03
1.058700e+05 1.800000e-03
1.059300e+05 1.900000e-03
1.059900e+05 2.100000e-03
1.060500e+05 2.200000e-03
1.061100e+05 2.400000e-03
1.061600e+05 2.600000e-03
1.062200e+05 2.800000e-03
1.062800e+05 3.000000e-03
1.063400e+05 3.300000e-03
1.064000e+05 3.500000e-03
1.064500e+05 3.800000e-03
1.065100e+05 4.100000e-03
1.065700e+05 4.400000e-03
1.066300e+05 4.800000e-03
1.066900e+05 5.200000e-03
1.067400e+05 5.600000e-03
1.068000e+05 6.100000e-03
1.068600e+05 6.600000e-03
1.069200e+05 7.200000e-03
1.069800e+05 7.700000e-03
1.070300e+05 8.400000e-03
1.070900e+05 9.100000e-03
1.071500e+05 9.800000e-03
1.072100e+05 1.060000e-02
1.072700e+05 1.150000e-02
1.073200e+05 1.240000e-02
1.073800e+05 1.340000e-02
1.074400e+05 1.450000e-02
1.075000e+05 1.570000e-02
1.075600e+05 1.680000e-02
1.076100e+05 1.810000e-02
1.076700e+05 1.960000e-02
1.077300e+05 2.110000e-02
1.077900e+05 2.260000e-02
1.078500e+05 2.440000e-02
1.079000e+05 2.630000e-02
1.079600e+05 2.810000e-02
1.080200e+05 3.020000e-02
1.080800e+05 3.260000e-02
1.081400e+05 3.500000e-02
1.081900e+05 3.750000e-02
1.082500e+05 4.050000e-02
1.083100e+05 4.360000e-02
1.083700e+05 4.670000e-02
1.084300e+05 5.010000e-02
1.084800e+05 5.400000e-02
1.085400e+05 5.790000e-02
1.086000e+05 6.180000e-02
1.086600e+05 6.670000e-02
1.087200e+05 7.150000e-02
1.087700e+05 7.630000e-02
1.088300e+05 8.180000e-02
1.088900e+05 8.770000e-02
1.089500e+05 9.360000e-02
1.090100e+05 9.960000e-02
1.090600e+05 1.067000e-01
1.091200e+05 1.138000e-01
1.091800e+05 1.208000e-01
1.092400e+05 1.287000e-01
1.093000e+05 1.369000e-01
1.093500e+05 1.451000e-01
1.094100e+05 1.536000e-01
1.094700e+05 1.627000e-01
1.095300e+05 1.718000e-01
1.095900e+05 1.809000e-01
1.096400e+05 1.901000e-01
1.097000e+05 1.993000e-01
1.097600e+05 2.085000e-01
1.098200e+05 2.175000e-01
1.098800e+05 2.262000e-01
1.099300e+05 2.349000e-01
1.099900e+05 2.435000e-01
1.100500e+05 2.514000e-01
1.101100e+05 2.591000e-01
1.101700e+05 2.668000e-01
1.102200e+05 2.740000e-01
1.102800e+05 2.804000e-01
1.103400e+05 2.868000e-01
1.104000e+05 2.932000e-01
1.104600e+05 2.980000e-01
1.105100e+05 3.028000e-01
1.105700e+05 3.075000e-01
1.106300e+05 3.115000e-01
1.106900e+05 3.149000e-01
1.107500e+05 3.182000e-01
1.108000e+05 3.214000e-01
1.108600e+05 3.238000e-01
1.109200e+05 3.262000e-01
1.109800e+05 3.287000e-01
1.110400e+05 3.306000e-01
1.110900e+05 3.324000e-01
1.111500e+05 3.341000e-01
1.112100e+05 3.358000e-01
1.112700e+05 3.370000e-01
1.113300e+05 3.383000e-01
1.113800e+05 3.395000e-01
1.114400e+05 3.405000e-01
1.115000e+05 3.414000e-01
1.115600e+05 3.422000e-01
1.116200e+05 3.430000e-01
1.116700e+05 3.435000e-01
1.117300e+05 3.440000e-01
1.117900e+05 3.445000e-01
1.118500e+05 3.448000e-01
1.119100e+05 3.450000e-01
1.119600e+05 3.452000e-01
1.120200e+05 3.454000e-01
1.120800e+05 3.453000e-01
1.121400e+05 3.453000e-01
1.122000e+05 3.453000e-01
1.122500e+05 3.451000e-01
1.123100e+05 3.449000e-01
1.123700e+05 3.447000e-01
1.124300e+05 3.444000e-01
1.124900e+05 3.440000e-01
1.125400e+05 3.437000e-01
1.126000e+05 3.434000e-01
1.126600e+05 3.430000e-01
1.127200e+05 3.426000e-01
1.127800e+05 3.423000e-01
1.128300e+05 3.419000e-01
1.128900e+05 3.416000e-01
1.129500e+05 3.412000e-01
1.130100e+05 3.409000e-01
1.130700e+05 3.406000e-01
1.131200e+05 3.403000e-01
1.131800e+05 3.401000e-01
1.132400e+05 3.399000e-01
1.133000e+05 3.397000e-01
1.133600e+05 3.396000e-01
1.134100e+05 3.395000e-01
1.134700e+05 3.396000e-01
1.135300e+05 3.396000e-01
1.135900e+05 3.397000e-01
1.136500e+05 3.399000e-01
1.137000e+05 3.401000e-01
1.137600e+05 3.404000e-01
1.138200e+05 3.407000e-01
1.138800e+05 3.410000e-01
1.139400e+05 3.413000e-01
1.139900e+05 3.417000e-01
1.140500e+05 3.421000e-01
1.141100e+05 3.425000e-01
1.141700e+05 3.429000e-01
1.142300e+05 3.433000e-01
1.142800e+05 3.437000e-01
1.143400e+05 3.442000e-01
1.144000e+05 3.446000e-01
1.144600e+05 3.450000e-01
1.145200e+05 3.453000e-01
1.145700e+05 3.457000e-01
1.146300e+05 3.460000e-01
1.146900e+05 3.461000e-01
1.147500e+05 3.463000e-01
1.148100e+05 3.465000e-01
1.148600e+05 3.464000e-01
1.149200e+05 3.462000e-01
1.149800e+05 3.461000e-01
1.150400e+05 3.458000e-01
1.151000e+05 3.454000e-01
1.151500e+05 3.451000e-01
1.152100e+05 3.444000e-01
1.152700e+05 3.427000e-01
1.153300e+05 3.410000e-01
1.153900e+05 3.394000e-01
1.154400e+05 3.365000e-01
1.155000e+05 3.334000e-01
1.155600e+05 3.302000e-01
1.156200e+05 3.266000e-01
1.156800e+05 3.217000e-01
1.157300e+05 3.169000e-01
1.157900e+05 3.121000e-01
1.158500e+05 3.056000e-01
1.159100e+05 2.987000e-01
1.159700e+05 2.919000e-01
1.160200e+05 2.841000e-01
1.160800e+05 2.749000e-01
1.161400e+05 2.657000e-01
1.162000e+05 2.565000e-01
1.162600e+05 2.465000e-01
1.163100e+05 2.364000e-01
1.163700e+05 2.264000e-01
1.164300e+05 2.161000e-01
1.164900e+05 2.057000e-01
1.165500e+05 1.952000e-01
1.166000e+05 1.848000e-01
1.166600e+05 1.747000e-01
1.167200e+05 1.645000e-01
1.167800e+05 1.544000e-01
1.168400e+05 1.451000e-01
1.168900e+05 1.364000e-01
1.169500e+05 1.277000e-01
1.170100e+05 1.192000e-01
1.170700e+05 1.117000e-01
1.171300e+05 1.042000e-01
1.171800e+05 9.680000e-02
1.172400e+05 9.020000e-02
1.173000e+05 8.390000e-02
1.173600e+05 7.770000e-02
1.174200e+05 7.180000e-02
1.174700e+05 6.710000e-02
1.175300e+05 6.240000e-02
1.175900e+05 5.770000e-02
1.176500e+05 5.390000e-02
1.177100e+05 5.030000e-02
1.177600e+05 4.660000e-02
1.178200e+05 4.330000e-02
1.178800e+05 4.040000e-02
1.179400e+05 3.740000e-02
1.180000e+05 3.450000e-02
1.180500e+05 3.220000e-02
1.181100e+05 2.990000e-02
1.181700e+05 2.760000e-02
1.182300e+05 2.560000e-02
1.182900e+05 2.400000e-02
1.183400e+05 2.240000e-02
1.184000e+05 2.080000e-02
1.184600e+05 1.940000e-02
1.185200e+05 1.810000e-02
1.185800e+05 1.680000e-02
1.186300e+05 1.560000e-02
1.186900e+05 1.460000e-02
1.187500e+05 1.350000e-02
1.188100e+05 1.250000e-02
1.188700e+05 1.170000e-02
1.189200e+05 1.090000e-02
1.189800e+05 1.010000e-02
1.190400e+05 9.400000e-03
1.191000e+05 8.800000e-03
1.191600e+05 8.200000e-03
1.192100e+05 7.600000e-03
1.192700e+05 7.100000e-03
1.193300e+05 6.600000e-03
1.193900e+05 6.100000e-03
1.194500e+05 5.700000e-03
1.195000e+05 5.300000e-03
1.195600e+05 4.900000e-03
1.196200e+05 4.500000e-03
1.196800e+05 4.200000e-03
1.197400e+05 4.000000e-03
1.197900e+05 3.700000e-03
1.198500e+05 3.400000e-03
1.199100e+05 3.200000e-03
1.199700e+05 2.900000e-03
1.200300e+05 2.700000e-03
1.200800e+05 2.500000e-03
1.201400e+05 2.300000e-03
1.202000e+05 2.100000e-03
1.202600e+05 2.000000e-03
1.203200e+05 1.800000e-03
1.203700e+05 1.700000e-03
1.204300e+05 1.600000e-03
1.204900e+05 1.500000e-03
1.205500e+05 1.300000e-03
1.206100e+05 1.200000e-03
1.206600e+05 1.100000e-03
1.207200e+05 1.000000e-03
1.207800e+05 9.000000e-04
1.208400e+05 9.000000e-04
1.209000e+05 8.000000e-04
1.209500e+05 7.000000e-04
1.210100e+05 6.000000e-04
1.210700e+05 6.000000e-04
1.211300e+05 5.000000e-04
1.211900e+05 5.000000e-04
1.212400e+05 4.000000e-04
1.213000e+05 4.000000e-04
1.213600e+05 3.000000e-04
1.214200e+05 3.000000e-04
1.214800e+05 3.000000e-04
1.215300e+05 2.000000e-04
1.215900e+05 2.000000e-04
1.216500e+05 2.000000e-04
1.217100e+05 2.000000e-04
1.217700e+05 1.000000e-04
1.218200e+05 1.000000e-04
1.218800e+05 1.000000e-04
1.219400e+05 1.000000e-04
1.220000e+05 1.000000e-04
1.220600e+05 1.000000e-04
1.221100e+05 1.000000e-04
1.221700e+05 1.000000e-04
1.222300e+05 1.000000e-04
1.222900e+05 1.000000e-04
