# # Wavelength(Angstrom)  Transmission
1.289000e+04 1.086530e-03
1.290000e+04 1.258230e-03
1.291000e+04 1.459240e-03
1.292000e+04 1.698530e-03
1.293000e+04 1.982840e-03
1.294000e+04 2.320600e-03
1.295000e+04 2.725060e-03
1.296000e+04 3.214550e-03
1.297000e+04 3.812240e-03
1.298000e+04 4.542980e-03
1.299000e+04 5.442200e-03
1.300000e+04 6.546370e-03
1.301000e+04 7.906100e-03
1.302000e+04 9.589600e-03
1.303000e+04 1.165650e-02
1.304000e+04 1.417380e-02
1.305000e+04 1.704060e-02
1.306000e+04 1.992480e-02
1.307000e+04 2.281100e-02
1.308000e+04 2.533980e-02
1.309000e+04 2.753100e-02
1.310000e+04 2.978660e-02
1.311000e+04 3.284840e-02
1.312000e+04 3.672920e-02
1.313000e+04 4.109300e-02
1.314000e+04 4.602210e-02
1.315000e+04 5.172700e-02
1.316000e+04 5.860890e-02
1.317000e+04 6.633570e-02
1.318000e+04 7.613920e-02
1.319000e+04 8.814400e-02
1.320000e+04 1.035390e-01
1.321000e+04 1.218270e-01
1.322000e+04 1.435750e-01
1.323000e+04 1.685980e-01
1.324000e+04 1.980680e-01
1.325000e+04 2.309730e-01
1.326000e+04 2.690180e-01
1.327000e+04 3.120830e-01
1.328000e+04 3.607750e-01
1.329000e+04 4.139790e-01
1.330000e+04 4.712650e-01
1.331000e+04 5.304450e-01
1.332000e+04 5.889210e-01
1.333000e+04 6.457610e-01
1.334000e+04 6.996750e-01
1.335000e+04 7.485860e-01
1.336000e+04 7.905980e-01
1.337000e+04 8.261050e-01
1.338000e+04 8.553950e-01
1.339000e+04 8.773200e-01
1.340000e+04 8.926280e-01
1.341000e+04 9.042120e-01
1.342000e+04 9.130930e-01
1.343000e+04 9.185400e-01
1.344000e+04 9.214210e-01
1.345000e+04 9.235700e-01
1.346000e+04 9.260010e-01
1.347000e+04 9.298380e-01
1.348000e+04 9.310840e-01
1.349000e+04 9.324940e-01
1.350000e+04 9.316690e-01
1.351000e+04 9.324660e-01
1.352000e+04 9.326590e-01
1.353000e+04 9.327010e-01
1.354000e+04 9.325950e-01
1.355000e+04 9.322060e-01
1.356000e+04 9.316460e-01
1.357000e+04 9.302290e-01
1.358000e+04 9.294850e-01
1.359000e+04 9.295540e-01
1.360000e+04 9.301690e-01
1.361000e+04 9.304580e-01
1.362000e+04 9.303560e-01
1.363000e+04 9.298840e-01
1.364000e+04 9.295240e-01
1.365000e+04 9.298550e-01
1.366000e+04 9.297610e-01
1.367000e+04 9.292960e-01
1.368000e+04 9.280100e-01
1.369000e+04 9.258460e-01
1.370000e+04 9.243700e-01
1.371000e+04 9.243510e-01
1.372000e+04 9.240270e-01
1.373000e+04 9.230740e-01
1.374000e+04 9.213510e-01
1.375000e+04 9.200060e-01
1.376000e+04 9.197160e-01
1.377000e+04 9.198900e-01
1.378000e+04 9.193870e-01
1.379000e+04 9.181050e-01
1.380000e+04 9.176930e-01
1.381000e+04 9.165450e-01
1.382000e+04 9.159540e-01
1.383000e+04 9.146960e-01
1.384000e+04 9.125290e-01
1.385000e+04 9.111710e-01
1.386000e+04 9.100240e-01
1.387000e+04 9.080000e-01
1.388000e+04 9.060410e-01
1.389000e+04 9.044970e-01
1.390000e+04 9.061030e-01
1.391000e+04 9.067120e-01
1.392000e+04 9.074670e-01
1.393000e+04 9.080160e-01
1.394000e+04 9.079020e-01
1.395000e+04 9.093500e-01
1.396000e+04 9.095190e-01
1.397000e+04 9.103870e-01
1.398000e+04 9.102410e-01
1.399000e+04 9.100430e-01
1.400000e+04 9.102520e-01
1.401000e+04 9.097130e-01
1.402000e+04 9.106770e-01
1.403000e+04 9.105940e-01
1.404000e+04 9.116450e-01
1.405000e+04 9.131360e-01
1.406000e+04 9.135210e-01
1.407000e+04 9.141520e-01
1.408000e+04 9.150700e-01
1.409000e+04 9.182520e-01
1.410000e+04 9.208280e-01
1.411000e+04 9.223060e-01
1.412000e+04 9.240030e-01
1.413000e+04 9.259630e-01
1.414000e+04 9.265290e-01
1.415000e+04 9.282150e-01
1.416000e+04 9.303730e-01
1.417000e+04 9.319860e-01
1.418000e+04 9.316170e-01
1.419000e+04 9.316980e-01
1.420000e+04 9.321290e-01
1.421000e+04 9.335820e-01
1.422000e+04 9.345650e-01
1.423000e+04 9.370250e-01
1.424000e+04 9.383430e-01
1.425000e+04 9.394180e-01
1.426000e+04 9.391570e-01
1.427000e+04 9.393490e-01
1.428000e+04 9.401800e-01
1.429000e+04 9.416890e-01
1.430000e+04 9.416230e-01
1.431000e+04 9.409040e-01
1.432000e+04 9.406870e-01
1.433000e+04 9.405470e-01
1.434000e+04 9.389230e-01
1.435000e+04 9.372050e-01
1.436000e+04 9.348060e-01
1.437000e+04 9.334570e-01
1.438000e+04 9.316510e-01
1.439000e+04 9.309880e-01
1.440000e+04 9.314270e-01
1.441000e+04 9.327010e-01
1.442000e+04 9.347960e-01
1.443000e+04 9.369750e-01
1.444000e+04 9.366340e-01
1.445000e+04 9.360370e-01
1.446000e+04 9.355780e-01
1.447000e+04 9.370400e-01
1.448000e+04 9.388760e-01
1.449000e+04 9.406580e-01
1.450000e+04 9.418530e-01
1.451000e+04 9.434510e-01
1.452000e+04 9.435610e-01
1.453000e+04 9.442710e-01
1.454000e+04 9.449830e-01
1.455000e+04 9.463600e-01
1.456000e+04 9.463670e-01
1.457000e+04 9.449320e-01
1.458000e+04 9.442260e-01
1.459000e+04 9.432670e-01
1.460000e+04 9.417160e-01
1.461000e+04 9.393150e-01
1.462000e+04 9.373000e-01
1.463000e+04 9.332910e-01
1.464000e+04 9.303180e-01
1.465000e+04 9.261240e-01
1.466000e+04 9.235340e-01
1.467000e+04 9.199210e-01
1.468000e+04 9.157630e-01
1.469000e+04 9.105730e-01
1.470000e+04 9.057000e-01
1.471000e+04 9.016930e-01
1.472000e+04 8.981840e-01
1.473000e+04 8.971440e-01
1.474000e+04 8.966890e-01
1.475000e+04 8.962510e-01
1.476000e+04 8.958240e-01
1.477000e+04 8.968370e-01
1.478000e+04 8.982270e-01
1.479000e+04 8.999640e-01
1.480000e+04 9.027300e-01
1.481000e+04 9.078280e-01
1.482000e+04 9.128470e-01
1.483000e+04 9.164080e-01
1.484000e+04 9.200150e-01
1.485000e+04 9.240470e-01
1.486000e+04 9.282500e-01
1.487000e+04 9.314600e-01
1.488000e+04 9.349050e-01
1.489000e+04 9.371650e-01
1.490000e+04 9.399360e-01
1.491000e+04 9.419100e-01
1.492000e+04 9.430320e-01
1.493000e+04 9.417710e-01
1.494000e+04 9.391130e-01
1.495000e+04 9.379030e-01
1.496000e+04 9.393780e-01
1.497000e+04 9.421150e-01
1.498000e+04 9.428660e-01
1.499000e+04 9.436390e-01
1.500000e+04 9.441680e-01
1.501000e+04 9.442240e-01
1.502000e+04 9.435940e-01
1.503000e+04 9.446350e-01
1.504000e+04 9.476500e-01
1.505000e+04 9.494160e-01
1.506000e+04 9.500670e-01
1.507000e+04 9.504080e-01
1.508000e+04 9.513860e-01
1.509000e+04 9.533460e-01
1.510000e+04 9.546560e-01
1.511000e+04 9.568640e-01
1.512000e+04 9.581770e-01
1.513000e+04 9.601870e-01
1.514000e+04 9.607060e-01
1.515000e+04 9.617230e-01
1.516000e+04 9.626050e-01
1.517000e+04 9.634220e-01
1.518000e+04 9.632830e-01
1.519000e+04 9.630590e-01
1.520000e+04 9.634390e-01
1.521000e+04 9.622740e-01
1.522000e+04 9.603710e-01
1.523000e+04 9.569550e-01
1.524000e+04 9.547850e-01
1.525000e+04 9.540610e-01
1.526000e+04 9.530470e-01
1.527000e+04 9.519490e-01
1.528000e+04 9.504440e-01
1.529000e+04 9.472750e-01
1.530000e+04 9.455940e-01
1.531000e+04 9.455770e-01
1.532000e+04 9.458870e-01
1.533000e+04 9.451010e-01
1.534000e+04 9.440210e-01
1.535000e+04 9.433510e-01
1.536000e+04 9.428770e-01
1.537000e+04 9.438580e-01
1.538000e+04 9.439670e-01
1.539000e+04 9.447310e-01
1.540000e+04 9.431890e-01
1.541000e+04 9.432570e-01
1.542000e+04 9.424720e-01
1.543000e+04 9.425810e-01
1.544000e+04 9.404180e-01
1.545000e+04 9.380940e-01
1.546000e+04 9.359580e-01
1.547000e+04 9.333470e-01
1.548000e+04 9.306250e-01
1.549000e+04 9.287030e-01
1.550000e+04 9.275750e-01
1.551000e+04 9.268790e-01
1.552000e+04 9.248150e-01
1.553000e+04 9.236660e-01
1.554000e+04 9.233150e-01
1.555000e+04 9.234110e-01
1.556000e+04 9.235130e-01
1.557000e+04 9.244080e-01
1.558000e+04 9.264850e-01
1.559000e+04 9.285390e-01
1.560000e+04 9.284480e-01
1.561000e+04 9.280320e-01
1.562000e+04 9.283090e-01
1.563000e+04 9.286680e-01
1.564000e+04 9.299820e-01
1.565000e+04 9.320680e-01
1.566000e+04 9.348510e-01
1.567000e+04 9.355510e-01
1.568000e+04 9.357460e-01
1.569000e+04 9.351670e-01
1.570000e+04 9.351850e-01
1.571000e+04 9.352260e-01
1.572000e+04 9.367730e-01
1.573000e+04 9.379660e-01
1.574000e+04 9.380840e-01
1.575000e+04 9.378640e-01
1.576000e+04 9.386520e-01
1.577000e+04 9.408920e-01
1.578000e+04 9.430050e-01
1.579000e+04 9.454080e-01
1.580000e+04 9.480580e-01
1.581000e+04 9.506880e-01
1.582000e+04 9.530990e-01
1.583000e+04 9.550720e-01
1.584000e+04 9.572730e-01
1.585000e+04 9.594450e-01
1.586000e+04 9.610520e-01
1.587000e+04 9.623690e-01
1.588000e+04 9.640030e-01
1.589000e+04 9.662980e-01
1.590000e+04 9.676270e-01
1.591000e+04 9.675110e-01
1.592000e+04 9.664330e-01
1.593000e+04 9.669610e-01
1.594000e+04 9.665640e-01
1.595000e+04 9.670020e-01
1.596000e+04 9.663340e-01
1.597000e+04 9.650700e-01
1.598000e+04 9.636820e-01
1.599000e+04 9.628620e-01
1.600000e+04 9.638000e-01
1.601000e+04 9.619180e-01
1.602000e+04 9.610970e-01
1.603000e+04 9.612910e-01
1.604000e+04 9.632500e-01
1.605000e+04 9.628890e-01
1.606000e+04 9.608600e-01
1.607000e+04 9.610230e-01
1.608000e+04 9.610430e-01
1.609000e+04 9.625260e-01
1.610000e+04 9.628800e-01
1.611000e+04 9.653390e-01
1.612000e+04 9.668380e-01
1.613000e+04 9.680320e-01
1.614000e+04 9.677630e-01
1.615000e+04 9.683070e-01
1.616000e+04 9.670620e-01
1.617000e+04 9.664720e-01
1.618000e+04 9.649810e-01
1.619000e+04 9.646090e-01
1.620000e+04 9.640410e-01
1.621000e+04 9.617330e-01
1.622000e+04 9.600930e-01
1.623000e+04 9.587380e-01
1.624000e+04 9.580310e-01
1.625000e+04 9.576800e-01
1.626000e+04 9.577860e-01
1.627000e+04 9.579730e-01
1.628000e+04 9.587470e-01
1.629000e+04 9.587760e-01
1.630000e+04 9.578510e-01
1.631000e+04 9.567050e-01
1.632000e+04 9.566050e-01
1.633000e+04 9.579650e-01
1.634000e+04 9.602360e-01
1.635000e+04 9.602750e-01
1.636000e+04 9.592070e-01
1.637000e+04 9.577770e-01
1.638000e+04 9.570480e-01
1.639000e+04 9.577230e-01
1.640000e+04 9.573900e-01
1.641000e+04 9.561260e-01
1.642000e+04 9.552810e-01
1.643000e+04 9.523830e-01
1.644000e+04 9.511200e-01
1.645000e+04 9.492820e-01
1.646000e+04 9.484510e-01
1.647000e+04 9.473290e-01
1.648000e+04 9.455610e-01
1.649000e+04 9.439970e-01
1.650000e+04 9.428520e-01
1.651000e+04 9.427610e-01
1.652000e+04 9.437810e-01
1.653000e+04 9.452560e-01
1.654000e+04 9.470780e-01
1.655000e+04 9.484670e-01
1.656000e+04 9.513750e-01
1.657000e+04 9.518830e-01
1.658000e+04 9.505110e-01
1.659000e+04 9.457060e-01
1.660000e+04 9.379790e-01
1.661000e+04 9.263850e-01
1.662000e+04 9.070600e-01
1.663000e+04 8.798440e-01
1.664000e+04 8.453060e-01
1.665000e+04 8.042090e-01
1.666000e+04 7.546030e-01
1.667000e+04 6.991880e-01
1.668000e+04 6.394190e-01
1.669000e+04 5.789170e-01
1.670000e+04 5.171000e-01
1.671000e+04 4.567450e-01
1.672000e+04 3.987700e-01
1.673000e+04 3.447370e-01
1.674000e+04 2.959800e-01
1.675000e+04 2.529210e-01
1.676000e+04 2.165390e-01
1.677000e+04 1.868200e-01
1.678000e+04 1.624730e-01
1.679000e+04 1.425390e-01
1.680000e+04 1.247270e-01
1.681000e+04 1.093340e-01
1.682000e+04 9.561730e-02
1.683000e+04 8.451270e-02
1.684000e+04 7.508750e-02
1.685000e+04 6.716330e-02
1.686000e+04 5.942050e-02
1.687000e+04 5.185660e-02
1.688000e+04 4.425080e-02
1.689000e+04 3.738560e-02
1.690000e+04 3.142300e-02
1.691000e+04 2.643730e-02
1.692000e+04 2.217600e-02
1.693000e+04 1.862080e-02
1.694000e+04 1.561130e-02
1.695000e+04 1.312190e-02
1.696000e+04 1.104380e-02
1.697000e+04 9.330230e-03
1.698000e+04 7.897530e-03
1.699000e+04 6.701750e-03
1.700000e+04 5.697980e-03
1.701000e+04 4.862210e-03
1.702000e+04 4.164980e-03
1.703000e+04 3.577800e-03
1.704000e+04 3.082680e-03
1.705000e+04 2.661900e-03
1.706000e+04 2.307000e-03
1.707000e+04 2.007440e-03
1.708000e+04 1.750500e-03
1.709000e+04 1.532230e-03
1.710000e+04 1.344280e-03
1.711000e+04 1.182710e-03
1.712000e+04 1.041840e-03
