# # Wavelength(Angstrom)  Transmission
3.639000e+04 1.010590e-03
3.640000e+04 1.044880e-03
3.641000e+04 1.079820e-03
3.642000e+04 1.120670e-03
3.643000e+04 1.161520e-03
3.644000e+04 1.203850e-03
3.645000e+04 1.247630e-03
3.646000e+04 1.291410e-03
3.647000e+04 1.340550e-03
3.648000e+04 1.391010e-03
3.649000e+04 1.443210e-03
3.650000e+04 1.502360e-03
3.651000e+04 1.561510e-03
3.652000e+04 1.631230e-03
3.653000e+04 1.711540e-03
3.654000e+04 1.791830e-03
3.655000e+04 1.888760e-03
3.656000e+04 1.987540e-03
3.657000e+04 2.092150e-03
3.658000e+04 2.219910e-03
3.659000e+04 2.347670e-03
3.660000e+04 2.488730e-03
3.661000e+04 2.638590e-03
3.662000e+04 2.788450e-03
3.663000e+04 2.965880e-03
3.664000e+04 3.146340e-03
3.665000e+04 3.334380e-03
3.666000e+04 3.540130e-03
3.667000e+04 3.745940e-03
3.668000e+04 3.985920e-03
3.669000e+04 4.248700e-03
3.670000e+04 4.511540e-03
3.671000e+04 4.849550e-03
3.672000e+04 5.195930e-03
3.673000e+04 5.559690e-03
3.674000e+04 5.963690e-03
3.675000e+04 6.367700e-03
3.676000e+04 6.841410e-03
3.677000e+04 7.361400e-03
3.678000e+04 7.881390e-03
3.679000e+04 8.512960e-03
3.680000e+04 9.144670e-03
3.681000e+04 9.829270e-03
3.682000e+04 1.063760e-02
3.683000e+04 1.144610e-02
3.684000e+04 1.237220e-02
3.685000e+04 1.334870e-02
3.686000e+04 1.432540e-02
3.687000e+04 1.563740e-02
3.688000e+04 1.694940e-02
3.689000e+04 1.839240e-02
3.690000e+04 2.003260e-02
3.691000e+04 2.167230e-02
3.692000e+04 2.370550e-02
3.693000e+04 2.590800e-02
3.694000e+04 2.816430e-02
3.695000e+04 3.090850e-02
3.696000e+04 3.365340e-02
3.697000e+04 3.678010e-02
3.698000e+04 4.048070e-02
3.699000e+04 4.418140e-02
3.700000e+04 4.861510e-02
3.701000e+04 5.323080e-02
3.702000e+04 5.798090e-02
3.703000e+04 6.394340e-02
3.704000e+04 6.990440e-02
3.705000e+04 7.667240e-02
3.706000e+04 8.465340e-02
3.707000e+04 9.263240e-02
3.708000e+04 1.021160e-01
3.709000e+04 1.119780e-01
3.710000e+04 1.221540e-01
3.711000e+04 1.351820e-01
3.712000e+04 1.482090e-01
3.713000e+04 1.626010e-01
3.714000e+04 1.783520e-01
3.715000e+04 1.941040e-01
3.716000e+04 2.133720e-01
3.717000e+04 2.335140e-01
3.718000e+04 2.542800e-01
3.719000e+04 2.775510e-01
3.720000e+04 3.008160e-01
3.721000e+04 3.264220e-01
3.722000e+04 3.543690e-01
3.723000e+04 3.823230e-01
3.724000e+04 4.118830e-01
3.725000e+04 4.416220e-01
3.726000e+04 4.718810e-01
3.727000e+04 5.041790e-01
3.728000e+04 5.364780e-01
3.729000e+04 5.677390e-01
3.730000e+04 5.982970e-01
3.731000e+04 6.288550e-01
3.732000e+04 6.581470e-01
3.733000e+04 6.872910e-01
3.734000e+04 7.149020e-01
3.735000e+04 7.389380e-01
3.736000e+04 7.629800e-01
3.737000e+04 7.840980e-01
3.738000e+04 8.032720e-01
3.739000e+04 8.224510e-01
3.740000e+04 8.376600e-01
3.741000e+04 8.524290e-01
3.742000e+04 8.656930e-01
3.743000e+04 8.754390e-01
3.744000e+04 8.851850e-01
3.745000e+04 8.928730e-01
3.746000e+04 8.991910e-01
3.747000e+04 9.055090e-01
3.748000e+04 9.088030e-01
3.749000e+04 9.120980e-01
3.750000e+04 9.147950e-01
3.751000e+04 9.160980e-01
3.752000e+04 9.174020e-01
3.753000e+04 9.176710e-01
3.754000e+04 9.174960e-01
3.755000e+04 9.173220e-01
3.756000e+04 9.161440e-01
3.757000e+04 9.149660e-01
3.758000e+04 9.135680e-01
3.759000e+04 9.118390e-01
3.760000e+04 9.101100e-01
3.761000e+04 9.080810e-01
3.762000e+04 9.059220e-01
3.763000e+04 9.037550e-01
3.764000e+04 9.015060e-01
3.765000e+04 8.992560e-01
3.766000e+04 8.969540e-01
3.767000e+04 8.945720e-01
3.768000e+04 8.921910e-01
3.769000e+04 8.899250e-01
3.770000e+04 8.876890e-01
3.771000e+04 8.854700e-01
3.772000e+04 8.834040e-01
3.773000e+04 8.813380e-01
3.774000e+04 8.793380e-01
3.775000e+04 8.774380e-01
3.776000e+04 8.755390e-01
3.777000e+04 8.739330e-01
3.778000e+04 8.724010e-01
3.779000e+04 8.708970e-01
3.780000e+04 8.696410e-01
3.781000e+04 8.683850e-01
3.782000e+04 8.673160e-01
3.783000e+04 8.664360e-01
3.784000e+04 8.655550e-01
3.785000e+04 8.649220e-01
3.786000e+04 8.643510e-01
3.787000e+04 8.638510e-01
3.788000e+04 8.636370e-01
3.789000e+04 8.634220e-01
3.790000e+04 8.633830e-01
3.791000e+04 8.635180e-01
3.792000e+04 8.636530e-01
3.793000e+04 8.640580e-01
3.794000e+04 8.644930e-01
3.795000e+04 8.649850e-01
3.796000e+04 8.657080e-01
3.797000e+04 8.664320e-01
3.798000e+04 8.672660e-01
3.799000e+04 8.681750e-01
3.800000e+04 8.690840e-01
3.801000e+04 8.701950e-01
3.802000e+04 8.713280e-01
3.803000e+04 8.724920e-01
3.804000e+04 8.737320e-01
3.805000e+04 8.749720e-01
3.806000e+04 8.762920e-01
3.807000e+04 8.776670e-01
3.808000e+04 8.790420e-01
3.809000e+04 8.803850e-01
3.810000e+04 8.817280e-01
3.811000e+04 8.830630e-01
3.812000e+04 8.843770e-01
3.813000e+04 8.856910e-01
3.814000e+04 8.869950e-01
3.815000e+04 8.882910e-01
3.816000e+04 8.895870e-01
3.817000e+04 8.907400e-01
3.818000e+04 8.918920e-01
3.819000e+04 8.930210e-01
3.820000e+04 8.940950e-01
3.821000e+04 8.951690e-01
3.822000e+04 8.961250e-01
3.823000e+04 8.970320e-01
3.824000e+04 8.979390e-01
3.825000e+04 8.987350e-01
3.826000e+04 8.995300e-01
3.827000e+04 9.002570e-01
3.828000e+04 9.008800e-01
3.829000e+04 9.015030e-01
3.830000e+04 9.020400e-01
3.831000e+04 9.025400e-01
3.832000e+04 9.030280e-01
3.833000e+04 9.034040e-01
3.834000e+04 9.037800e-01
3.835000e+04 9.041520e-01
3.836000e+04 9.045160e-01
3.837000e+04 9.048800e-01
3.838000e+04 9.052250e-01
3.839000e+04 9.055640e-01
3.840000e+04 9.059050e-01
3.841000e+04 9.062570e-01
3.842000e+04 9.066090e-01
3.843000e+04 9.069590e-01
3.844000e+04 9.073080e-01
3.845000e+04 9.076570e-01
3.846000e+04 9.080420e-01
3.847000e+04 9.084360e-01
3.848000e+04 9.088410e-01
3.849000e+04 9.093440e-01
3.850000e+04 9.098460e-01
3.851000e+04 9.103920e-01
3.852000e+04 9.109810e-01
3.853000e+04 9.115700e-01
3.854000e+04 9.122410e-01
3.855000e+04 9.129310e-01
3.856000e+04 9.136220e-01
3.857000e+04 9.143150e-01
3.858000e+04 9.150080e-01
3.859000e+04 9.157110e-01
3.860000e+04 9.164250e-01
3.861000e+04 9.171390e-01
3.862000e+04 9.178190e-01
3.863000e+04 9.184960e-01
3.864000e+04 9.191730e-01
3.865000e+04 9.198470e-01
3.866000e+04 9.205220e-01
3.867000e+04 9.211460e-01
3.868000e+04 9.217370e-01
3.869000e+04 9.223280e-01
3.870000e+04 9.228000e-01
3.871000e+04 9.232600e-01
3.872000e+04 9.236530e-01
3.873000e+04 9.238930e-01
3.874000e+04 9.241330e-01
3.875000e+04 9.242380e-01
3.876000e+04 9.242540e-01
3.877000e+04 9.242700e-01
3.878000e+04 9.240780e-01
3.879000e+04 9.238860e-01
3.880000e+04 9.236430e-01
3.881000e+04 9.232830e-01
3.882000e+04 9.229230e-01
3.883000e+04 9.224560e-01
3.884000e+04 9.219180e-01
3.885000e+04 9.213800e-01
3.886000e+04 9.207240e-01
3.887000e+04 9.200670e-01
3.888000e+04 9.193700e-01
3.889000e+04 9.185750e-01
3.890000e+04 9.177810e-01
3.891000e+04 9.169470e-01
3.892000e+04 9.160960e-01
3.893000e+04 9.152460e-01
3.894000e+04 9.143070e-01
3.895000e+04 9.133680e-01
3.896000e+04 9.124360e-01
3.897000e+04 9.115140e-01
3.898000e+04 9.105930e-01
3.899000e+04 9.095790e-01
3.900000e+04 9.085270e-01
3.901000e+04 9.074440e-01
3.902000e+04 9.060870e-01
3.903000e+04 9.047290e-01
3.904000e+04 9.030290e-01
3.905000e+04 9.008150e-01
3.906000e+04 8.986000e-01
3.907000e+04 8.953740e-01
3.908000e+04 8.918960e-01
3.909000e+04 8.881910e-01
3.910000e+04 8.824420e-01
3.911000e+04 8.766950e-01
3.912000e+04 8.696120e-01
3.913000e+04 8.611920e-01
3.914000e+04 8.527750e-01
3.915000e+04 8.410190e-01
3.916000e+04 8.284290e-01
3.917000e+04 8.150660e-01
3.918000e+04 7.986290e-01
3.919000e+04 7.821930e-01
3.920000e+04 7.635160e-01
3.921000e+04 7.426060e-01
3.922000e+04 7.216960e-01
3.923000e+04 6.967920e-01
3.924000e+04 6.708970e-01
3.925000e+04 6.445020e-01
3.926000e+04 6.160990e-01
3.927000e+04 5.877020e-01
3.928000e+04 5.580330e-01
3.929000e+04 5.270920e-01
3.930000e+04 4.961440e-01
3.931000e+04 4.667940e-01
3.932000e+04 4.376220e-01
3.933000e+04 4.086570e-01
3.934000e+04 3.805600e-01
3.935000e+04 3.524630e-01
3.936000e+04 3.268440e-01
3.937000e+04 3.028860e-01
3.938000e+04 2.789270e-01
3.939000e+04 2.574470e-01
3.940000e+04 2.362370e-01
3.941000e+04 2.163310e-01
3.942000e+04 1.994570e-01
3.943000e+04 1.825790e-01
3.944000e+04 1.673470e-01
3.945000e+04 1.532090e-01
3.946000e+04 1.390670e-01
3.947000e+04 1.282580e-01
3.948000e+04 1.174490e-01
3.949000e+04 1.072370e-01
3.950000e+04 9.841450e-02
3.951000e+04 8.959450e-02
3.952000e+04 8.229430e-02
3.953000e+04 7.564440e-02
3.954000e+04 6.899620e-02
3.955000e+04 6.379350e-02
3.956000e+04 5.858950e-02
3.957000e+04 5.367700e-02
3.958000e+04 4.944090e-02
3.959000e+04 4.520380e-02
3.960000e+04 4.169020e-02
3.961000e+04 3.848620e-02
3.962000e+04 3.528210e-02
3.963000e+04 3.266270e-02
3.964000e+04 3.004390e-02
3.965000e+04 2.767590e-02
3.966000e+04 2.568380e-02
3.967000e+04 2.369210e-02
3.968000e+04 2.194930e-02
3.969000e+04 2.031260e-02
3.970000e+04 1.871640e-02
3.971000e+04 1.747960e-02
3.972000e+04 1.624280e-02
3.973000e+04 1.509270e-02
3.974000e+04 1.407350e-02
3.975000e+04 1.305440e-02
3.976000e+04 1.221440e-02
3.977000e+04 1.141950e-02
3.978000e+04 1.063670e-02
3.979000e+04 9.962660e-03
3.980000e+04 9.288790e-03
3.981000e+04 8.687070e-03
3.982000e+04 8.157370e-03
3.983000e+04 7.627800e-03
3.984000e+04 7.162530e-03
3.985000e+04 6.713310e-03
3.986000e+04 6.282400e-03
3.987000e+04 5.925240e-03
3.988000e+04 5.568080e-03
3.989000e+04 5.239160e-03
3.990000e+04 4.938670e-03
3.991000e+04 4.638170e-03
3.992000e+04 4.367670e-03
3.993000e+04 4.104730e-03
3.994000e+04 3.853080e-03
3.995000e+04 3.646580e-03
3.996000e+04 3.440030e-03
3.997000e+04 3.248550e-03
3.998000e+04 3.072090e-03
3.999000e+04 2.895580e-03
4.000000e+04 2.747750e-03
4.001000e+04 2.603110e-03
4.002000e+04 2.461860e-03
4.003000e+04 2.334200e-03
4.004000e+04 2.206480e-03
4.005000e+04 2.095140e-03
4.006000e+04 1.994660e-03
4.007000e+04 1.894180e-03
4.008000e+04 1.809880e-03
4.009000e+04 1.727380e-03
4.010000e+04 1.649570e-03
4.011000e+04 1.582850e-03
4.012000e+04 1.516120e-03
4.013000e+04 1.453770e-03
4.014000e+04 1.394320e-03
4.015000e+04 1.334870e-03
4.016000e+04 1.293970e-03
4.017000e+04 1.253040e-03
4.018000e+04 1.215700e-03
4.019000e+04 1.186630e-03
4.020000e+04 1.157560e-03
4.021000e+04 1.132270e-03
4.022000e+04 1.108600e-03
4.023000e+04 1.084930e-03
4.024000e+04 1.058550e-03
4.025000e+04 1.032180e-03
4.026000e+04 1.006310e-03
