# # Wavelength(Angstrom)  Transmission
8.300000e+03 5.119217e-04
8.310000e+03 9.843094e-04
8.320000e+03 1.266829e-03
8.330000e+03 1.112842e-03
8.340000e+03 1.085405e-03
8.350000e+03 9.877164e-04
8.360000e+03 1.050990e-03
8.370000e+03 9.774585e-04
8.380000e+03 1.222527e-03
8.390000e+03 1.262331e-03
8.400000e+03 1.017594e-03
8.410000e+03 8.297357e-04
8.420000e+03 9.961514e-04
8.430000e+03 8.730407e-04
8.440000e+03 7.521422e-04
8.450000e+03 6.791153e-04
8.460000e+03 8.473878e-04
8.470000e+03 1.169808e-03
8.480000e+03 1.292036e-03
8.490000e+03 9.555366e-04
8.500000e+03 8.320301e-04
8.510000e+03 1.068661e-03
8.520000e+03 1.238037e-03
8.530000e+03 1.261045e-03
8.540000e+03 1.466305e-03
8.550000e+03 9.820909e-04
8.560000e+03 5.515433e-04
8.570000e+03 3.435017e-04
8.580000e+03 8.870004e-04
8.590000e+03 1.110828e-03
8.600000e+03 1.495723e-03
8.610000e+03 9.836057e-04
8.620000e+03 7.856564e-04
8.630000e+03 5.496010e-04
8.640000e+03 1.010644e-03
8.650000e+03 1.070229e-03
8.660000e+03 1.192777e-03
8.670000e+03 6.791836e-04
8.680000e+03 8.298829e-04
8.690000e+03 1.115001e-03
8.700000e+03 1.336896e-03
8.710000e+03 1.055507e-03
8.720000e+03 1.190665e-03
8.730000e+03 1.194916e-03
8.740000e+03 1.035841e-03
8.750000e+03 1.023326e-03
8.760000e+03 1.139050e-03
8.770000e+03 1.166384e-03
8.780000e+03 1.094462e-03
8.790000e+03 1.049214e-03
8.800000e+03 9.504626e-04
8.810000e+03 8.223751e-04
8.820000e+03 7.971883e-04
8.830000e+03 8.421389e-04
8.840000e+03 7.526213e-04
8.850000e+03 6.165404e-04
8.860000e+03 6.890577e-04
8.870000e+03 8.605085e-04
8.880000e+03 7.475175e-04
8.890000e+03 6.157091e-04
8.900000e+03 7.884238e-04
8.910000e+03 9.127538e-04
8.920000e+03 8.893385e-04
8.930000e+03 9.330437e-04
8.940000e+03 1.037121e-03
8.950000e+03 1.065634e-03
8.960000e+03 1.055605e-03
8.970000e+03 9.982843e-04
8.980000e+03 9.770409e-04
8.990000e+03 9.793622e-04
9.000000e+03 1.037858e-03
9.010000e+03 1.148743e-03
9.020000e+03 1.186186e-03
9.030000e+03 1.149325e-03
9.040000e+03 1.098221e-03
9.050000e+03 1.090126e-03
9.060000e+03 9.654280e-04
9.070000e+03 8.355449e-04
9.080000e+03 8.604024e-04
9.090000e+03 9.189432e-04
9.100000e+03 8.435817e-04
9.110000e+03 7.121781e-04
9.120000e+03 7.388880e-04
9.130000e+03 8.773399e-04
9.140000e+03 8.419948e-04
9.150000e+03 7.343642e-04
9.160000e+03 5.891898e-04
9.170000e+03 4.684760e-04
9.180000e+03 4.845876e-04
9.190000e+03 6.178393e-04
9.200000e+03 6.997478e-04
9.210000e+03 6.588950e-04
9.220000e+03 6.243706e-04
9.230000e+03 7.080832e-04
9.240000e+03 8.392171e-04
9.250000e+03 9.364600e-04
9.260000e+03 9.468370e-04
9.270000e+03 1.086481e-03
9.280000e+03 1.235363e-03
9.290000e+03 1.363658e-03
9.300000e+03 1.396183e-03
9.310000e+03 1.491508e-03
9.320000e+03 1.680826e-03
9.330000e+03 1.861855e-03
9.340000e+03 1.950993e-03
9.350000e+03 1.999915e-03
9.360000e+03 2.106756e-03
9.370000e+03 2.242644e-03
9.380000e+03 2.350788e-03
9.390000e+03 2.436357e-03
9.400000e+03 2.464023e-03
9.410000e+03 2.460249e-03
9.420000e+03 2.459721e-03
9.430000e+03 2.504237e-03
9.440000e+03 2.469383e-03
9.450000e+03 2.426409e-03
9.460000e+03 2.370722e-03
9.470000e+03 2.302756e-03
9.480000e+03 2.205058e-03
9.490000e+03 2.122627e-03
9.500000e+03 2.028066e-03
9.510000e+03 1.926642e-03
9.520000e+03 1.869945e-03
9.530000e+03 1.797101e-03
9.540000e+03 1.686991e-03
9.550000e+03 1.617937e-03
9.560000e+03 1.574230e-03
9.570000e+03 1.520308e-03
9.580000e+03 1.466591e-03
9.590000e+03 1.456405e-03
9.600000e+03 1.451716e-03
9.610000e+03 1.491340e-03
9.620000e+03 1.587827e-03
9.630000e+03 1.706678e-03
9.640000e+03 1.777197e-03
9.650000e+03 1.904704e-03
9.660000e+03 2.096092e-03
9.670000e+03 2.325452e-03
9.680000e+03 2.569091e-03
9.690000e+03 2.895203e-03
9.700000e+03 3.352363e-03
9.710000e+03 3.868352e-03
9.720000e+03 4.478230e-03
9.730000e+03 5.237452e-03
9.740000e+03 6.178341e-03
9.750000e+03 7.241951e-03
9.760000e+03 8.606274e-03
9.770000e+03 1.023044e-02
9.780000e+03 1.215247e-02
9.790000e+03 1.436971e-02
9.800000e+03 1.717732e-02
9.810000e+03 2.025875e-02
9.820000e+03 2.390764e-02
9.830000e+03 2.802343e-02
9.840000e+03 3.270255e-02
9.850000e+03 3.826951e-02
9.860000e+03 4.411508e-02
9.870000e+03 5.045058e-02
9.880000e+03 5.718755e-02
9.890000e+03 6.520126e-02
9.900000e+03 7.356546e-02
9.910000e+03 8.219070e-02
9.920000e+03 9.241783e-02
9.930000e+03 1.023012e-01
9.940000e+03 1.121978e-01
9.950000e+03 1.221439e-01
9.960000e+03 1.340812e-01
9.970000e+03 1.458610e-01
9.980000e+03 1.577735e-01
9.990000e+03 1.694933e-01
1.000000e+04 1.803224e-01
1.001000e+04 1.908719e-01
1.002000e+04 2.015348e-01
1.003000e+04 2.123311e-01
1.004000e+04 2.231482e-01
1.005000e+04 2.328188e-01
1.006000e+04 2.417544e-01
1.007000e+04 2.492250e-01
1.008000e+04 2.569959e-01
1.009000e+04 2.640539e-01
1.010000e+04 2.708063e-01
1.011000e+04 2.777593e-01
1.012000e+04 2.837265e-01
1.013000e+04 2.893067e-01
1.014000e+04 2.941355e-01
1.015000e+04 2.988195e-01
1.016000e+04 3.018729e-01
1.017000e+04 3.050148e-01
1.018000e+04 3.087619e-01
1.019000e+04 3.122032e-01
1.020000e+04 3.157064e-01
1.021000e+04 3.189081e-01
1.022000e+04 3.215521e-01
1.023000e+04 3.228296e-01
1.024000e+04 3.241264e-01
1.025000e+04 3.249118e-01
1.026000e+04 3.255009e-01
1.027000e+04 3.266513e-01
1.028000e+04 3.284911e-01
1.029000e+04 3.301446e-01
1.030000e+04 3.313479e-01
1.031000e+04 3.326311e-01
1.032000e+04 3.335328e-01
1.033000e+04 3.339188e-01
1.034000e+04 3.351295e-01
1.035000e+04 3.361350e-01
1.036000e+04 3.373219e-01
1.037000e+04 3.385640e-01
1.038000e+04 3.393821e-01
1.039000e+04 3.392570e-01
1.040000e+04 3.387709e-01
1.041000e+04 3.389328e-01
1.042000e+04 3.393147e-01
1.043000e+04 3.408485e-01
1.044000e+04 3.423043e-01
1.045000e+04 3.426261e-01
1.046000e+04 3.427488e-01
1.047000e+04 3.430919e-01
1.048000e+04 3.440252e-01
1.049000e+04 3.440833e-01
1.050000e+04 3.438512e-01
1.051000e+04 3.437897e-01
1.052000e+04 3.445984e-01
1.053000e+04 3.458920e-01
1.054000e+04 3.461419e-01
1.055000e+04 3.456372e-01
1.056000e+04 3.445731e-01
1.057000e+04 3.442207e-01
1.058000e+04 3.443403e-01
1.059000e+04 3.446028e-01
1.060000e+04 3.452192e-01
1.061000e+04 3.454755e-01
1.062000e+04 3.458094e-01
1.063000e+04 3.459651e-01
1.064000e+04 3.458850e-01
1.065000e+04 3.455582e-01
1.066000e+04 3.456832e-01
1.067000e+04 3.465815e-01
1.068000e+04 3.472477e-01
1.069000e+04 3.478147e-01
1.070000e+04 3.471601e-01
1.071000e+04 3.467321e-01
1.072000e+04 3.463962e-01
1.073000e+04 3.469591e-01
1.074000e+04 3.478308e-01
1.075000e+04 3.492148e-01
1.076000e+04 3.510334e-01
1.077000e+04 3.524914e-01
1.078000e+04 3.537523e-01
1.079000e+04 3.545298e-01
1.080000e+04 3.558807e-01
1.081000e+04 3.570752e-01
1.082000e+04 3.578080e-01
1.083000e+04 3.582058e-01
1.084000e+04 3.589236e-01
1.085000e+04 3.602153e-01
1.086000e+04 3.614975e-01
1.087000e+04 3.627772e-01
1.088000e+04 3.631733e-01
1.089000e+04 3.628477e-01
1.090000e+04 3.625100e-01
1.091000e+04 3.637100e-01
1.092000e+04 3.658647e-01
1.093000e+04 3.671673e-01
1.094000e+04 3.676101e-01
1.095000e+04 3.672520e-01
1.096000e+04 3.672678e-01
1.097000e+04 3.673117e-01
1.098000e+04 3.679901e-01
1.099000e+04 3.688170e-01
1.100000e+04 3.694775e-01
1.101000e+04 3.702411e-01
1.102000e+04 3.707229e-01
1.103000e+04 3.708889e-01
1.104000e+04 3.708280e-01
1.105000e+04 3.707572e-01
1.106000e+04 3.709655e-01
1.107000e+04 3.715032e-01
1.108000e+04 3.727003e-01
1.109000e+04 3.727713e-01
1.110000e+04 3.726998e-01
1.111000e+04 3.726441e-01
1.112000e+04 3.728545e-01
1.113000e+04 3.727016e-01
1.114000e+04 3.728006e-01
1.115000e+04 3.735531e-01
1.116000e+04 3.738147e-01
1.117000e+04 3.741563e-01
1.118000e+04 3.744610e-01
1.119000e+04 3.744789e-01
1.120000e+04 3.735727e-01
1.121000e+04 3.726883e-01
1.122000e+04 3.724843e-01
1.123000e+04 3.720205e-01
1.124000e+04 3.720074e-01
1.125000e+04 3.727932e-01
1.126000e+04 3.734242e-01
1.127000e+04 3.729376e-01
1.128000e+04 3.720846e-01
1.129000e+04 3.716623e-01
1.130000e+04 3.721002e-01
1.131000e+04 3.733818e-01
1.132000e+04 3.739989e-01
1.133000e+04 3.737462e-01
1.134000e+04 3.734137e-01
1.135000e+04 3.733563e-01
1.136000e+04 3.738670e-01
1.137000e+04 3.744513e-01
1.138000e+04 3.750869e-01
1.139000e+04 3.752859e-01
1.140000e+04 3.763688e-01
1.141000e+04 3.780981e-01
1.142000e+04 3.799087e-01
1.143000e+04 3.810562e-01
1.144000e+04 3.811108e-01
1.145000e+04 3.811848e-01
1.146000e+04 3.819289e-01
1.147000e+04 3.832608e-01
1.148000e+04 3.849437e-01
1.149000e+04 3.853486e-01
1.150000e+04 3.857225e-01
1.151000e+04 3.861407e-01
1.152000e+04 3.871898e-01
1.153000e+04 3.877031e-01
1.154000e+04 3.881335e-01
1.155000e+04 3.888218e-01
1.156000e+04 3.893187e-01
1.157000e+04 3.904587e-01
1.158000e+04 3.915354e-01
1.159000e+04 3.925021e-01
1.160000e+04 3.921406e-01
1.161000e+04 3.918909e-01
1.162000e+04 3.921789e-01
1.163000e+04 3.932729e-01
1.164000e+04 3.940727e-01
1.165000e+04 3.947034e-01
1.166000e+04 3.948854e-01
1.167000e+04 3.948112e-01
1.168000e+04 3.943653e-01
1.169000e+04 3.945491e-01
1.170000e+04 3.943704e-01
1.171000e+04 3.941107e-01
1.172000e+04 3.934585e-01
1.173000e+04 3.936486e-01
1.174000e+04 3.932574e-01
1.175000e+04 3.922789e-01
1.176000e+04 3.903242e-01
1.177000e+04 3.880016e-01
1.178000e+04 3.858759e-01
1.179000e+04 3.831313e-01
1.180000e+04 3.799840e-01
1.181000e+04 3.763301e-01
1.182000e+04 3.714521e-01
1.183000e+04 3.649594e-01
1.184000e+04 3.565438e-01
1.185000e+04 3.482997e-01
1.186000e+04 3.389429e-01
1.187000e+04 3.284621e-01
1.188000e+04 3.166761e-01
1.189000e+04 3.055439e-01
1.190000e+04 2.948611e-01
1.191000e+04 2.829619e-01
1.192000e+04 2.711429e-01
1.193000e+04 2.598390e-01
1.194000e+04 2.497991e-01
1.195000e+04 2.411751e-01
1.196000e+04 2.341464e-01
1.197000e+04 2.290778e-01
1.198000e+04 2.272863e-01
1.199000e+04 2.279786e-01
1.200000e+04 2.295576e-01
1.201000e+04 2.322086e-01
1.202000e+04 2.372013e-01
1.203000e+04 2.445610e-01
1.204000e+04 2.532353e-01
1.205000e+04 2.627181e-01
1.206000e+04 2.737278e-01
1.207000e+04 2.850857e-01
1.208000e+04 2.965736e-01
1.209000e+04 3.084547e-01
1.210000e+04 3.217630e-01
1.211000e+04 3.340586e-01
1.212000e+04 3.449990e-01
1.213000e+04 3.557889e-01
1.214000e+04 3.653661e-01
1.215000e+04 3.734625e-01
1.216000e+04 3.802325e-01
1.217000e+04 3.868134e-01
1.218000e+04 3.929503e-01
1.219000e+04 3.976817e-01
1.220000e+04 4.006117e-01
1.221000e+04 4.022623e-01
1.222000e+04 4.038520e-01
1.223000e+04 4.055783e-01
1.224000e+04 4.060252e-01
1.225000e+04 4.063979e-01
1.226000e+04 4.067112e-01
1.227000e+04 4.076383e-01
1.228000e+04 4.080156e-01
1.229000e+04 4.079646e-01
1.230000e+04 4.073808e-01
1.231000e+04 4.067328e-01
1.232000e+04 4.071026e-01
1.233000e+04 4.078776e-01
1.234000e+04 4.084465e-01
1.235000e+04 4.084124e-01
1.236000e+04 4.083294e-01
1.237000e+04 4.086355e-01
1.238000e+04 4.085571e-01
1.239000e+04 4.083807e-01
1.240000e+04 4.083548e-01
1.241000e+04 4.090029e-01
1.242000e+04 4.098353e-01
1.243000e+04 4.102516e-01
1.244000e+04 4.104680e-01
1.245000e+04 4.098804e-01
1.246000e+04 4.099283e-01
1.247000e+04 4.097014e-01
1.248000e+04 4.099145e-01
1.249000e+04 4.104109e-01
1.250000e+04 4.111182e-01
1.251000e+04 4.113926e-01
1.252000e+04 4.114533e-01
1.253000e+04 4.117575e-01
1.254000e+04 4.114112e-01
1.255000e+04 4.113965e-01
1.256000e+04 4.112861e-01
1.257000e+04 4.113298e-01
1.258000e+04 4.115296e-01
1.259000e+04 4.121407e-01
1.260000e+04 4.127420e-01
1.261000e+04 4.129766e-01
1.262000e+04 4.129850e-01
1.263000e+04 4.127708e-01
1.264000e+04 4.128714e-01
1.265000e+04 4.135326e-01
1.266000e+04 4.141587e-01
1.267000e+04 4.147270e-01
1.268000e+04 4.145058e-01
1.269000e+04 4.140053e-01
1.270000e+04 4.135338e-01
1.271000e+04 4.138043e-01
1.272000e+04 4.139555e-01
1.273000e+04 4.139706e-01
1.274000e+04 4.140550e-01
1.275000e+04 4.142341e-01
1.276000e+04 4.143946e-01
1.277000e+04 4.147307e-01
1.278000e+04 4.146873e-01
1.279000e+04 4.140086e-01
1.280000e+04 4.134047e-01
1.281000e+04 4.138437e-01
1.282000e+04 4.143662e-01
1.283000e+04 4.149368e-01
1.284000e+04 4.151159e-01
1.285000e+04 4.153394e-01
1.286000e+04 4.148959e-01
1.287000e+04 4.143313e-01
1.288000e+04 4.140264e-01
1.289000e+04 4.139543e-01
1.290000e+04 4.136894e-01
1.291000e+04 4.134395e-01
1.292000e+04 4.137813e-01
1.293000e+04 4.140145e-01
1.294000e+04 4.137060e-01
1.295000e+04 4.125760e-01
1.296000e+04 4.116321e-01
1.297000e+04 4.124640e-01
1.298000e+04 4.143887e-01
1.299000e+04 4.163823e-01
1.300000e+04 4.166600e-01
1.301000e+04 4.163156e-01
1.302000e+04 4.151322e-01
1.303000e+04 4.147043e-01
1.304000e+04 4.144603e-01
1.305000e+04 4.149376e-01
1.306000e+04 4.150660e-01
1.307000e+04 4.153160e-01
1.308000e+04 4.153003e-01
1.309000e+04 4.159134e-01
1.310000e+04 4.161711e-01
1.311000e+04 4.169452e-01
1.312000e+04 4.174152e-01
1.313000e+04 4.178658e-01
1.314000e+04 4.183446e-01
1.315000e+04 4.197253e-01
1.316000e+04 4.207548e-01
1.317000e+04 4.208396e-01
1.318000e+04 4.204813e-01
1.319000e+04 4.211693e-01
1.320000e+04 4.219841e-01
1.321000e+04 4.222642e-01
1.322000e+04 4.216222e-01
1.323000e+04 4.220745e-01
1.324000e+04 4.231621e-01
1.325000e+04 4.241579e-01
1.326000e+04 4.240719e-01
1.327000e+04 4.235686e-01
1.328000e+04 4.230743e-01
1.329000e+04 4.228707e-01
1.330000e+04 4.237069e-01
1.331000e+04 4.248037e-01
1.332000e+04 4.256393e-01
1.333000e+04 4.254454e-01
1.334000e+04 4.248018e-01
1.335000e+04 4.240560e-01
1.336000e+04 4.242992e-01
1.337000e+04 4.253562e-01
1.338000e+04 4.260628e-01
1.339000e+04 4.262367e-01
1.340000e+04 4.265061e-01
1.341000e+04 4.270897e-01
1.342000e+04 4.277474e-01
1.343000e+04 4.280205e-01
1.344000e+04 4.279576e-01
1.345000e+04 4.277690e-01
1.346000e+04 4.278865e-01
1.347000e+04 4.284274e-01
1.348000e+04 4.297396e-01
1.349000e+04 4.306528e-01
1.350000e+04 4.301879e-01
1.351000e+04 4.292418e-01
1.352000e+04 4.288410e-01
1.353000e+04 4.291844e-01
1.354000e+04 4.306378e-01
1.355000e+04 4.315393e-01
1.356000e+04 4.313888e-01
1.357000e+04 4.312180e-01
1.358000e+04 4.318284e-01
1.359000e+04 4.315166e-01
1.360000e+04 4.304782e-01
1.361000e+04 4.298949e-01
1.362000e+04 4.306197e-01
1.363000e+04 4.316537e-01
1.364000e+04 4.324131e-01
1.365000e+04 4.320588e-01
1.366000e+04 4.311240e-01
1.367000e+04 4.292626e-01
1.368000e+04 4.280876e-01
1.369000e+04 4.278589e-01
1.370000e+04 4.285737e-01
1.371000e+04 4.287137e-01
1.372000e+04 4.277942e-01
1.373000e+04 4.259002e-01
1.374000e+04 4.238352e-01
1.375000e+04 4.226991e-01
1.376000e+04 4.222481e-01
1.377000e+04 4.215760e-01
1.378000e+04 4.201627e-01
1.379000e+04 4.188872e-01
1.380000e+04 4.181829e-01
1.381000e+04 4.171953e-01
1.382000e+04 4.160953e-01
1.383000e+04 4.148384e-01
1.384000e+04 4.136160e-01
1.385000e+04 4.132843e-01
1.386000e+04 4.139230e-01
1.387000e+04 4.144176e-01
1.388000e+04 4.139058e-01
1.389000e+04 4.135528e-01
1.390000e+04 4.136080e-01
1.391000e+04 4.141714e-01
1.392000e+04 4.142071e-01
1.393000e+04 4.151015e-01
1.394000e+04 4.163995e-01
1.395000e+04 4.177307e-01
1.396000e+04 4.176931e-01
1.397000e+04 4.179086e-01
1.398000e+04 4.186525e-01
1.399000e+04 4.195049e-01
1.400000e+04 4.202134e-01
1.401000e+04 4.211651e-01
1.402000e+04 4.219892e-01
1.403000e+04 4.224662e-01
1.404000e+04 4.231280e-01
1.405000e+04 4.235955e-01
1.406000e+04 4.233048e-01
1.407000e+04 4.235321e-01
1.408000e+04 4.245458e-01
1.409000e+04 4.257924e-01
1.410000e+04 4.265281e-01
1.411000e+04 4.276960e-01
1.412000e+04 4.290681e-01
1.413000e+04 4.299830e-01
1.414000e+04 4.304073e-01
1.415000e+04 4.301815e-01
1.416000e+04 4.307779e-01
1.417000e+04 4.321819e-01
1.418000e+04 4.333724e-01
1.419000e+04 4.335150e-01
1.420000e+04 4.325969e-01
1.421000e+04 4.320089e-01
1.422000e+04 4.308141e-01
1.423000e+04 4.298194e-01
1.424000e+04 4.279733e-01
1.425000e+04 4.262053e-01
1.426000e+04 4.242298e-01
1.427000e+04 4.217983e-01
1.428000e+04 4.182770e-01
1.429000e+04 4.141489e-01
1.430000e+04 4.102324e-01
1.431000e+04 4.053417e-01
1.432000e+04 3.997845e-01
1.433000e+04 3.942898e-01
1.434000e+04 3.885889e-01
1.435000e+04 3.822179e-01
1.436000e+04 3.747913e-01
1.437000e+04 3.686666e-01
1.438000e+04 3.612094e-01
1.439000e+04 3.527236e-01
1.440000e+04 3.430513e-01
1.441000e+04 3.349705e-01
1.442000e+04 3.272296e-01
1.443000e+04 3.185501e-01
1.444000e+04 3.093194e-01
1.445000e+04 3.003518e-01
1.446000e+04 2.915530e-01
1.447000e+04 2.838080e-01
1.448000e+04 2.768462e-01
1.449000e+04 2.711449e-01
1.450000e+04 2.653960e-01
1.451000e+04 2.607371e-01
1.452000e+04 2.565561e-01
1.453000e+04 2.528908e-01
1.454000e+04 2.507539e-01
1.455000e+04 2.503526e-01
1.456000e+04 2.514504e-01
1.457000e+04 2.530507e-01
1.458000e+04 2.561992e-01
1.459000e+04 2.610090e-01
1.460000e+04 2.672737e-01
1.461000e+04 2.741147e-01
1.462000e+04 2.814569e-01
1.463000e+04 2.901691e-01
1.464000e+04 3.000427e-01
1.465000e+04 3.122780e-01
1.466000e+04 3.243688e-01
1.467000e+04 3.367203e-01
1.468000e+04 3.467230e-01
1.469000e+04 3.575337e-01
1.470000e+04 3.682962e-01
1.471000e+04 3.797265e-01
1.472000e+04 3.914277e-01
1.473000e+04 4.019900e-01
1.474000e+04 4.122655e-01
1.475000e+04 4.199410e-01
1.476000e+04 4.277455e-01
1.477000e+04 4.333040e-01
1.478000e+04 4.384055e-01
1.479000e+04 4.424222e-01
1.480000e+04 4.468828e-01
1.481000e+04 4.501932e-01
1.482000e+04 4.529077e-01
1.483000e+04 4.553033e-01
1.484000e+04 4.573334e-01
1.485000e+04 4.575438e-01
1.486000e+04 4.575042e-01
1.487000e+04 4.568390e-01
1.488000e+04 4.574247e-01
1.489000e+04 4.581732e-01
1.490000e+04 4.596736e-01
1.491000e+04 4.603739e-01
1.492000e+04 4.605166e-01
1.493000e+04 4.600170e-01
1.494000e+04 4.588420e-01
1.495000e+04 4.581288e-01
1.496000e+04 4.577449e-01
1.497000e+04 4.589405e-01
1.498000e+04 4.595620e-01
1.499000e+04 4.602521e-01
1.500000e+04 4.598002e-01
1.501000e+04 4.598313e-01
1.502000e+04 4.597578e-01
1.503000e+04 4.595460e-01
1.504000e+04 4.595998e-01
1.505000e+04 4.606799e-01
1.506000e+04 4.621473e-01
1.507000e+04 4.623361e-01
1.508000e+04 4.628343e-01
1.509000e+04 4.633291e-01
1.510000e+04 4.633342e-01
1.511000e+04 4.634654e-01
1.512000e+04 4.637582e-01
1.513000e+04 4.644903e-01
1.514000e+04 4.651963e-01
1.515000e+04 4.659004e-01
1.516000e+04 4.666220e-01
1.517000e+04 4.670345e-01
1.518000e+04 4.669242e-01
1.519000e+04 4.656089e-01
1.520000e+04 4.649371e-01
1.521000e+04 4.647604e-01
1.522000e+04 4.653288e-01
1.523000e+04 4.669535e-01
1.524000e+04 4.681254e-01
1.525000e+04 4.678679e-01
1.526000e+04 4.677317e-01
1.527000e+04 4.678138e-01
1.528000e+04 4.690548e-01
1.529000e+04 4.693101e-01
1.530000e+04 4.700850e-01
1.531000e+04 4.700878e-01
1.532000e+04 4.708868e-01
1.533000e+04 4.709505e-01
1.534000e+04 4.704857e-01
1.535000e+04 4.702188e-01
1.536000e+04 4.700956e-01
1.537000e+04 4.706040e-01
1.538000e+04 4.715462e-01
1.539000e+04 4.724406e-01
1.540000e+04 4.725325e-01
1.541000e+04 4.722081e-01
1.542000e+04 4.717494e-01
1.543000e+04 4.703193e-01
1.544000e+04 4.695063e-01
1.545000e+04 4.692873e-01
1.546000e+04 4.707574e-01
1.547000e+04 4.710954e-01
1.548000e+04 4.716957e-01
1.549000e+04 4.715187e-01
1.550000e+04 4.712546e-01
1.551000e+04 4.705137e-01
1.552000e+04 4.705986e-01
1.553000e+04 4.713734e-01
1.554000e+04 4.717329e-01
1.555000e+04 4.727815e-01
1.556000e+04 4.736577e-01
1.557000e+04 4.734424e-01
1.558000e+04 4.720812e-01
1.559000e+04 4.709451e-01
1.560000e+04 4.710666e-01
1.561000e+04 4.717159e-01
1.562000e+04 4.723813e-01
1.563000e+04 4.730855e-01
1.564000e+04 4.741709e-01
1.565000e+04 4.741377e-01
1.566000e+04 4.723756e-01
1.567000e+04 4.711557e-01
1.568000e+04 4.707635e-01
1.569000e+04 4.710452e-01
1.570000e+04 4.712542e-01
1.571000e+04 4.716315e-01
1.572000e+04 4.724074e-01
1.573000e+04 4.724744e-01
1.574000e+04 4.719830e-01
1.575000e+04 4.710137e-01
1.576000e+04 4.708674e-01
1.577000e+04 4.710649e-01
1.578000e+04 4.715696e-01
1.579000e+04 4.724631e-01
1.580000e+04 4.733352e-01
1.581000e+04 4.739102e-01
1.582000e+04 4.719605e-01
1.583000e+04 4.706049e-01
1.584000e+04 4.707776e-01
1.585000e+04 4.720098e-01
1.586000e+04 4.712132e-01
1.587000e+04 4.705274e-01
1.588000e+04 4.706337e-01
1.589000e+04 4.701277e-01
1.590000e+04 4.696304e-01
1.591000e+04 4.685756e-01
1.592000e+04 4.687614e-01
1.593000e+04 4.690107e-01
1.594000e+04 4.693798e-01
1.595000e+04 4.694172e-01
1.596000e+04 4.695357e-01
1.597000e+04 4.704277e-01
1.598000e+04 4.698022e-01
1.599000e+04 4.693127e-01
1.600000e+04 4.689102e-01
1.601000e+04 4.693611e-01
1.602000e+04 4.706535e-01
1.603000e+04 4.726089e-01
1.604000e+04 4.745618e-01
1.605000e+04 4.737589e-01
1.606000e+04 4.727552e-01
1.607000e+04 4.717114e-01
1.608000e+04 4.714869e-01
1.609000e+04 4.717754e-01
1.610000e+04 4.727133e-01
1.611000e+04 4.733561e-01
1.612000e+04 4.724999e-01
1.613000e+04 4.728445e-01
1.614000e+04 4.737492e-01
1.615000e+04 4.738037e-01
1.616000e+04 4.724204e-01
1.617000e+04 4.718992e-01
1.618000e+04 4.727736e-01
1.619000e+04 4.743247e-01
1.620000e+04 4.753279e-01
1.621000e+04 4.755025e-01
1.622000e+04 4.744796e-01
1.623000e+04 4.736606e-01
1.624000e+04 4.730091e-01
1.625000e+04 4.744691e-01
1.626000e+04 4.765144e-01
1.627000e+04 4.782458e-01
1.628000e+04 4.781564e-01
1.629000e+04 4.792217e-01
1.630000e+04 4.791203e-01
1.631000e+04 4.769087e-01
1.632000e+04 4.752846e-01
1.633000e+04 4.755673e-01
1.634000e+04 4.770138e-01
1.635000e+04 4.779063e-01
1.636000e+04 4.795339e-01
1.637000e+04 4.792398e-01
1.638000e+04 4.785989e-01
1.639000e+04 4.773464e-01
1.640000e+04 4.775028e-01
1.641000e+04 4.782928e-01
1.642000e+04 4.791027e-01
1.643000e+04 4.785638e-01
1.644000e+04 4.784572e-01
1.645000e+04 4.781320e-01
1.646000e+04 4.781075e-01
1.647000e+04 4.775951e-01
1.648000e+04 4.776976e-01
1.649000e+04 4.767679e-01
1.650000e+04 4.771554e-01
1.651000e+04 4.783234e-01
1.652000e+04 4.797315e-01
1.653000e+04 4.795253e-01
1.654000e+04 4.782523e-01
1.655000e+04 4.775825e-01
1.656000e+04 4.771391e-01
1.657000e+04 4.769221e-01
1.658000e+04 4.767593e-01
1.659000e+04 4.775927e-01
1.660000e+04 4.780913e-01
1.661000e+04 4.774924e-01
1.662000e+04 4.766286e-01
1.663000e+04 4.762086e-01
1.664000e+04 4.748610e-01
1.665000e+04 4.739939e-01
1.666000e+04 4.736803e-01
1.667000e+04 4.742571e-01
1.668000e+04 4.736101e-01
1.669000e+04 4.729702e-01
1.670000e+04 4.710167e-01
1.671000e+04 4.690782e-01
1.672000e+04 4.669385e-01
1.673000e+04 4.671846e-01
1.674000e+04 4.691416e-01
1.675000e+04 4.710665e-01
1.676000e+04 4.724195e-01
1.677000e+04 4.727840e-01
1.678000e+04 4.729647e-01
1.679000e+04 4.735817e-01
1.680000e+04 4.756117e-01
1.681000e+04 4.759722e-01
1.682000e+04 4.754741e-01
1.683000e+04 4.765291e-01
1.684000e+04 4.782765e-01
1.685000e+04 4.803041e-01
1.686000e+04 4.805847e-01
1.687000e+04 4.799837e-01
1.688000e+04 4.792492e-01
1.689000e+04 4.801967e-01
1.690000e+04 4.800328e-01
1.691000e+04 4.806716e-01
1.692000e+04 4.813617e-01
1.693000e+04 4.826680e-01
1.694000e+04 4.821656e-01
1.695000e+04 4.818239e-01
1.696000e+04 4.801541e-01
1.697000e+04 4.801974e-01
1.698000e+04 4.798883e-01
1.699000e+04 4.802417e-01
1.700000e+04 4.806188e-01
1.701000e+04 4.818691e-01
1.702000e+04 4.815911e-01
1.703000e+04 4.798966e-01
1.704000e+04 4.779998e-01
1.705000e+04 4.769053e-01
1.706000e+04 4.770622e-01
1.707000e+04 4.772703e-01
1.708000e+04 4.772798e-01
1.709000e+04 4.771619e-01
1.710000e+04 4.763168e-01
1.711000e+04 4.757048e-01
1.712000e+04 4.746054e-01
1.713000e+04 4.733747e-01
1.714000e+04 4.726131e-01
1.715000e+04 4.729855e-01
1.716000e+04 4.738262e-01
1.717000e+04 4.741241e-01
1.718000e+04 4.755756e-01
1.719000e+04 4.756754e-01
1.720000e+04 4.754081e-01
1.721000e+04 4.742058e-01
1.722000e+04 4.753086e-01
1.723000e+04 4.763217e-01
1.724000e+04 4.772025e-01
1.725000e+04 4.785274e-01
1.726000e+04 4.803777e-01
1.727000e+04 4.817466e-01
1.728000e+04 4.802348e-01
1.729000e+04 4.788882e-01
1.730000e+04 4.776665e-01
1.731000e+04 4.783108e-01
1.732000e+04 4.789314e-01
1.733000e+04 4.796665e-01
1.734000e+04 4.798006e-01
1.735000e+04 4.792947e-01
1.736000e+04 4.789946e-01
1.737000e+04 4.790180e-01
1.738000e+04 4.797299e-01
1.739000e+04 4.802829e-01
1.740000e+04 4.809019e-01
1.741000e+04 4.810687e-01
1.742000e+04 4.815420e-01
1.743000e+04 4.826082e-01
1.744000e+04 4.824100e-01
1.745000e+04 4.817366e-01
1.746000e+04 4.811034e-01
1.747000e+04 4.811566e-01
1.748000e+04 4.813251e-01
1.749000e+04 4.824968e-01
1.750000e+04 4.844737e-01
1.751000e+04 4.848481e-01
1.752000e+04 4.836362e-01
1.753000e+04 4.827421e-01
1.754000e+04 4.821625e-01
1.755000e+04 4.826594e-01
1.756000e+04 4.830424e-01
1.757000e+04 4.840091e-01
1.758000e+04 4.834348e-01
1.759000e+04 4.836643e-01
1.760000e+04 4.835174e-01
1.761000e+04 4.826086e-01
1.762000e+04 4.811626e-01
1.763000e+04 4.809392e-01
1.764000e+04 4.817928e-01
1.765000e+04 4.828570e-01
1.766000e+04 4.835701e-01
1.767000e+04 4.837809e-01
1.768000e+04 4.823332e-01
1.769000e+04 4.812448e-01
1.770000e+04 4.800911e-01
1.771000e+04 4.806371e-01
1.772000e+04 4.807493e-01
1.773000e+04 4.801985e-01
1.774000e+04 4.807115e-01
1.775000e+04 4.830715e-01
1.776000e+04 4.878760e-01
1.777000e+04 4.859756e-01
1.778000e+04 4.821667e-01
1.779000e+04 4.790200e-01
1.780000e+04 4.813538e-01
1.781000e+04 4.826540e-01
1.782000e+04 4.841569e-01
1.783000e+04 4.854301e-01
1.784000e+04 4.855389e-01
1.785000e+04 4.844195e-01
1.786000e+04 4.837933e-01
1.787000e+04 4.842518e-01
1.788000e+04 4.851411e-01
1.789000e+04 4.861144e-01
1.790000e+04 4.867243e-01
1.791000e+04 4.868707e-01
1.792000e+04 4.862632e-01
1.793000e+04 4.850222e-01
1.794000e+04 4.843196e-01
1.795000e+04 4.842911e-01
1.796000e+04 4.836700e-01
1.797000e+04 4.837027e-01
1.798000e+04 4.847509e-01
1.799000e+04 4.865524e-01
1.800000e+04 4.866320e-01
1.801000e+04 4.865005e-01
1.802000e+04 4.862289e-01
1.803000e+04 4.859148e-01
1.804000e+04 4.858934e-01
1.805000e+04 4.862646e-01
1.806000e+04 4.875527e-01
1.807000e+04 4.878744e-01
1.808000e+04 4.881677e-01
1.809000e+04 4.877909e-01
1.810000e+04 4.876364e-01
1.811000e+04 4.873757e-01
1.812000e+04 4.874688e-01
1.813000e+04 4.884171e-01
1.814000e+04 4.898965e-01
1.815000e+04 4.908534e-01
1.816000e+04 4.906556e-01
1.817000e+04 4.901639e-01
1.818000e+04 4.890231e-01
1.819000e+04 4.873699e-01
1.820000e+04 4.862518e-01
1.821000e+04 4.862452e-01
1.822000e+04 4.870992e-01
1.823000e+04 4.874989e-01
1.824000e+04 4.877659e-01
1.825000e+04 4.873801e-01
1.826000e+04 4.867261e-01
1.827000e+04 4.858117e-01
1.828000e+04 4.856092e-01
1.829000e+04 4.854743e-01
1.830000e+04 4.859741e-01
1.831000e+04 4.868975e-01
1.832000e+04 4.882165e-01
1.833000e+04 4.879719e-01
1.834000e+04 4.870799e-01
1.835000e+04 4.866876e-01
1.836000e+04 4.867495e-01
1.837000e+04 4.868955e-01
1.838000e+04 4.875712e-01
1.839000e+04 4.896521e-01
1.840000e+04 4.899839e-01
1.841000e+04 4.889633e-01
1.842000e+04 4.871060e-01
1.843000e+04 4.860946e-01
1.844000e+04 4.859132e-01
1.845000e+04 4.868999e-01
1.846000e+04 4.882591e-01
1.847000e+04 4.887556e-01
1.848000e+04 4.889077e-01
1.849000e+04 4.880458e-01
1.850000e+04 4.871469e-01
1.851000e+04 4.860728e-01
1.852000e+04 4.857189e-01
1.853000e+04 4.860401e-01
1.854000e+04 4.869414e-01
1.855000e+04 4.878598e-01
1.856000e+04 4.875717e-01
1.857000e+04 4.866207e-01
1.858000e+04 4.853895e-01
1.859000e+04 4.850818e-01
1.860000e+04 4.850232e-01
1.861000e+04 4.848124e-01
1.862000e+04 4.857055e-01
1.863000e+04 4.869152e-01
1.864000e+04 4.883798e-01
1.865000e+04 4.882302e-01
1.866000e+04 4.870606e-01
1.867000e+04 4.854777e-01
1.868000e+04 4.853298e-01
1.869000e+04 4.871117e-01
1.870000e+04 4.878870e-01
1.871000e+04 4.882836e-01
1.872000e+04 4.880222e-01
1.873000e+04 4.892075e-01
1.874000e+04 4.895294e-01
1.875000e+04 4.895024e-01
1.876000e+04 4.889004e-01
1.877000e+04 4.892982e-01
1.878000e+04 4.899231e-01
1.879000e+04 4.907498e-01
1.880000e+04 4.913187e-01
1.881000e+04 4.904114e-01
1.882000e+04 4.883562e-01
1.883000e+04 4.867505e-01
1.884000e+04 4.862250e-01
1.885000e+04 4.869191e-01
1.886000e+04 4.877456e-01
1.887000e+04 4.885407e-01
1.888000e+04 4.882642e-01
1.889000e+04 4.879140e-01
1.890000e+04 4.869316e-01
1.891000e+04 4.858391e-01
1.892000e+04 4.855458e-01
1.893000e+04 4.853975e-01
1.894000e+04 4.854638e-01
1.895000e+04 4.859331e-01
1.896000e+04 4.870574e-01
1.897000e+04 4.878333e-01
1.898000e+04 4.869534e-01
1.899000e+04 4.858102e-01
1.900000e+04 4.850132e-01
1.901000e+04 4.859612e-01
1.902000e+04 4.864039e-01
1.903000e+04 4.864947e-01
1.904000e+04 4.866562e-01
1.905000e+04 4.866779e-01
1.906000e+04 4.857902e-01
1.907000e+04 4.844590e-01
1.908000e+04 4.844392e-01
1.909000e+04 4.854098e-01
1.910000e+04 4.866875e-01
1.911000e+04 4.878031e-01
1.912000e+04 4.878817e-01
1.913000e+04 4.880858e-01
1.914000e+04 4.873266e-01
1.915000e+04 4.863214e-01
1.916000e+04 4.848187e-01
1.917000e+04 4.845517e-01
1.918000e+04 4.857726e-01
1.919000e+04 4.864216e-01
1.920000e+04 4.867668e-01
1.921000e+04 4.860240e-01
1.922000e+04 4.858866e-01
1.923000e+04 4.850585e-01
1.924000e+04 4.841865e-01
1.925000e+04 4.831916e-01
1.926000e+04 4.828822e-01
1.927000e+04 4.833942e-01
1.928000e+04 4.837289e-01
1.929000e+04 4.837341e-01
1.930000e+04 4.831599e-01
1.931000e+04 4.821961e-01
1.932000e+04 4.807171e-01
1.933000e+04 4.792284e-01
1.934000e+04 4.797054e-01
1.935000e+04 4.808351e-01
1.936000e+04 4.820108e-01
1.937000e+04 4.817900e-01
1.938000e+04 4.820033e-01
1.939000e+04 4.814984e-01
1.940000e+04 4.812177e-01
1.941000e+04 4.810413e-01
1.942000e+04 4.817367e-01
1.943000e+04 4.832334e-01
1.944000e+04 4.845287e-01
1.945000e+04 4.855900e-01
1.946000e+04 4.858771e-01
1.947000e+04 4.854626e-01
1.948000e+04 4.842168e-01
1.949000e+04 4.832087e-01
1.950000e+04 4.836264e-01
1.951000e+04 4.849144e-01
1.952000e+04 4.859283e-01
1.953000e+04 4.859256e-01
1.954000e+04 4.858305e-01
1.955000e+04 4.856087e-01
1.956000e+04 4.852483e-01
1.957000e+04 4.850032e-01
1.958000e+04 4.850087e-01
1.959000e+04 4.850412e-01
1.960000e+04 4.854023e-01
1.961000e+04 4.854793e-01
1.962000e+04 4.858180e-01
1.963000e+04 4.855662e-01
1.964000e+04 4.853493e-01
1.965000e+04 4.845297e-01
1.966000e+04 4.849698e-01
1.967000e+04 4.860793e-01
1.968000e+04 4.862797e-01
1.969000e+04 4.857790e-01
1.970000e+04 4.847525e-01
1.971000e+04 4.848622e-01
1.972000e+04 4.844637e-01
1.973000e+04 4.846577e-01
1.974000e+04 4.842772e-01
1.975000e+04 4.846157e-01
1.976000e+04 4.850226e-01
1.977000e+04 4.854357e-01
1.978000e+04 4.861147e-01
1.979000e+04 4.863342e-01
1.980000e+04 4.862199e-01
1.981000e+04 4.854364e-01
1.982000e+04 4.852952e-01
1.983000e+04 4.856548e-01
1.984000e+04 4.859875e-01
1.985000e+04 4.867184e-01
1.986000e+04 4.872159e-01
1.987000e+04 4.879929e-01
1.988000e+04 4.875997e-01
1.989000e+04 4.873163e-01
1.990000e+04 4.868114e-01
1.991000e+04 4.870255e-01
1.992000e+04 4.870998e-01
1.993000e+04 4.863435e-01
1.994000e+04 4.849373e-01
1.995000e+04 4.823309e-01
1.996000e+04 4.794976e-01
1.997000e+04 4.768565e-01
1.998000e+04 4.786003e-01
1.999000e+04 4.810167e-01
2.000000e+04 4.826255e-01
2.001000e+04 4.826299e-01
2.002000e+04 4.826638e-01
2.003000e+04 4.824036e-01
2.004000e+04 4.818224e-01
2.005000e+04 4.823818e-01
2.006000e+04 4.826668e-01
2.007000e+04 4.838665e-01
2.008000e+04 4.841498e-01
2.009000e+04 4.839627e-01
2.010000e+04 4.833471e-01
2.011000e+04 4.824666e-01
2.012000e+04 4.821942e-01
2.013000e+04 4.824478e-01
2.014000e+04 4.831790e-01
2.015000e+04 4.827404e-01
2.016000e+04 4.823574e-01
2.017000e+04 4.825826e-01
2.018000e+04 4.827280e-01
2.019000e+04 4.820917e-01
2.020000e+04 4.808126e-01
2.021000e+04 4.809579e-01
2.022000e+04 4.825706e-01
2.023000e+04 4.835166e-01
2.024000e+04 4.827552e-01
2.025000e+04 4.813523e-01
2.026000e+04 4.812256e-01
2.027000e+04 4.808166e-01
2.028000e+04 4.804885e-01
2.029000e+04 4.798613e-01
2.030000e+04 4.808097e-01
2.031000e+04 4.821035e-01
2.032000e+04 4.825816e-01
2.033000e+04 4.817478e-01
2.034000e+04 4.809484e-01
2.035000e+04 4.810331e-01
2.036000e+04 4.809711e-01
2.037000e+04 4.806945e-01
2.038000e+04 4.807053e-01
2.039000e+04 4.803654e-01
2.040000e+04 4.793957e-01
2.041000e+04 4.781538e-01
2.042000e+04 4.776283e-01
2.043000e+04 4.777083e-01
2.044000e+04 4.775886e-01
2.045000e+04 4.773949e-01
2.046000e+04 4.767959e-01
2.047000e+04 4.770072e-01
2.048000e+04 4.768713e-01
2.049000e+04 4.766048e-01
2.050000e+04 4.762549e-01
2.051000e+04 4.756130e-01
2.052000e+04 4.748627e-01
2.053000e+04 4.737854e-01
2.054000e+04 4.745313e-01
2.055000e+04 4.750229e-01
2.056000e+04 4.760041e-01
2.057000e+04 4.763314e-01
2.058000e+04 4.774184e-01
2.059000e+04 4.778423e-01
2.060000e+04 4.771890e-01
2.061000e+04 4.767249e-01
2.062000e+04 4.767195e-01
2.063000e+04 4.781949e-01
2.064000e+04 4.784158e-01
2.065000e+04 4.781845e-01
2.066000e+04 4.777126e-01
2.067000e+04 4.770073e-01
2.068000e+04 4.770446e-01
2.069000e+04 4.767853e-01
2.070000e+04 4.778965e-01
2.071000e+04 4.788166e-01
2.072000e+04 4.806136e-01
2.073000e+04 4.811527e-01
2.074000e+04 4.814390e-01
2.075000e+04 4.824100e-01
2.076000e+04 4.825023e-01
2.077000e+04 4.814978e-01
2.078000e+04 4.798841e-01
2.079000e+04 4.805891e-01
2.080000e+04 4.822277e-01
2.081000e+04 4.832586e-01
2.082000e+04 4.835965e-01
2.083000e+04 4.835873e-01
2.084000e+04 4.842670e-01
2.085000e+04 4.834597e-01
2.086000e+04 4.839690e-01
2.087000e+04 4.841115e-01
2.088000e+04 4.852689e-01
2.089000e+04 4.839254e-01
2.090000e+04 4.822288e-01
2.091000e+04 4.810997e-01
2.092000e+04 4.817147e-01
2.093000e+04 4.827533e-01
2.094000e+04 4.820793e-01
2.095000e+04 4.809174e-01
2.096000e+04 4.805152e-01
2.097000e+04 4.817849e-01
2.098000e+04 4.829217e-01
2.099000e+04 4.828109e-01
2.100000e+04 4.820051e-01
2.101000e+04 4.816030e-01
2.102000e+04 4.813693e-01
2.103000e+04 4.808432e-01
2.104000e+04 4.803963e-01
2.105000e+04 4.812204e-01
2.106000e+04 4.817664e-01
2.107000e+04 4.817595e-01
2.108000e+04 4.814689e-01
2.109000e+04 4.819634e-01
2.110000e+04 4.825809e-01
2.111000e+04 4.817234e-01
2.112000e+04 4.806505e-01
2.113000e+04 4.808872e-01
2.114000e+04 4.819617e-01
2.115000e+04 4.816468e-01
2.116000e+04 4.812007e-01
2.117000e+04 4.812229e-01
2.118000e+04 4.817181e-01
2.119000e+04 4.823725e-01
2.120000e+04 4.831263e-01
2.121000e+04 4.837906e-01
2.122000e+04 4.836043e-01
2.123000e+04 4.827532e-01
2.124000e+04 4.823849e-01
2.125000e+04 4.833727e-01
2.126000e+04 4.846399e-01
2.127000e+04 4.838598e-01
2.128000e+04 4.825874e-01
2.129000e+04 4.818825e-01
2.130000e+04 4.829110e-01
2.131000e+04 4.837880e-01
2.132000e+04 4.834795e-01
2.133000e+04 4.825346e-01
2.134000e+04 4.811375e-01
2.135000e+04 4.810070e-01
2.136000e+04 4.805298e-01
2.137000e+04 4.800160e-01
2.138000e+04 4.787532e-01
2.139000e+04 4.775162e-01
2.140000e+04 4.761336e-01
2.141000e+04 4.751781e-01
2.142000e+04 4.755391e-01
2.143000e+04 4.753484e-01
2.144000e+04 4.749949e-01
2.145000e+04 4.739155e-01
2.146000e+04 4.738076e-01
2.147000e+04 4.739264e-01
2.148000e+04 4.742185e-01
2.149000e+04 4.743645e-01
2.150000e+04 4.738918e-01
2.151000e+04 4.729727e-01
2.152000e+04 4.714764e-01
2.153000e+04 4.706415e-01
2.154000e+04 4.703237e-01
2.155000e+04 4.704801e-01
2.156000e+04 4.709781e-01
2.157000e+04 4.700054e-01
2.158000e+04 4.691513e-01
2.159000e+04 4.694271e-01
2.160000e+04 4.701633e-01
2.161000e+04 4.696907e-01
2.162000e+04 4.686001e-01
2.163000e+04 4.684780e-01
2.164000e+04 4.674056e-01
2.165000e+04 4.658604e-01
2.166000e+04 4.643666e-01
2.167000e+04 4.644462e-01
2.168000e+04 4.647049e-01
2.169000e+04 4.637441e-01
2.170000e+04 4.627765e-01
2.171000e+04 4.621595e-01
2.172000e+04 4.622880e-01
2.173000e+04 4.620076e-01
2.174000e+04 4.619199e-01
2.175000e+04 4.610264e-01
2.176000e+04 4.588932e-01
2.177000e+04 4.563814e-01
2.178000e+04 4.538662e-01
2.179000e+04 4.521444e-01
2.180000e+04 4.502522e-01
2.181000e+04 4.488392e-01
2.182000e+04 4.478835e-01
2.183000e+04 4.466376e-01
2.184000e+04 4.442287e-01
2.185000e+04 4.408387e-01
2.186000e+04 4.382225e-01
2.187000e+04 4.351684e-01
2.188000e+04 4.337705e-01
2.189000e+04 4.310041e-01
2.190000e+04 4.295761e-01
2.191000e+04 4.262197e-01
2.192000e+04 4.242564e-01
2.193000e+04 4.209720e-01
2.194000e+04 4.186024e-01
2.195000e+04 4.151836e-01
2.196000e+04 4.126957e-01
2.197000e+04 4.097747e-01
2.198000e+04 4.063254e-01
2.199000e+04 4.025616e-01
2.200000e+04 3.999631e-01
2.201000e+04 3.965770e-01
2.202000e+04 3.926511e-01
2.203000e+04 3.882522e-01
2.204000e+04 3.849969e-01
2.205000e+04 3.825718e-01
2.206000e+04 3.809139e-01
2.207000e+04 3.789543e-01
2.208000e+04 3.764724e-01
2.209000e+04 3.736746e-01
2.210000e+04 3.712554e-01
2.211000e+04 3.700802e-01
2.212000e+04 3.700750e-01
2.213000e+04 3.701844e-01
2.214000e+04 3.697342e-01
2.215000e+04 3.688371e-01
2.216000e+04 3.689879e-01
2.217000e+04 3.700019e-01
2.218000e+04 3.712249e-01
2.219000e+04 3.718817e-01
2.220000e+04 3.728175e-01
2.221000e+04 3.740946e-01
2.222000e+04 3.749342e-01
2.223000e+04 3.765342e-01
2.224000e+04 3.781780e-01
2.225000e+04 3.793357e-01
2.226000e+04 3.793883e-01
2.227000e+04 3.797350e-01
2.228000e+04 3.803645e-01
2.229000e+04 3.815341e-01
2.230000e+04 3.828805e-01
2.231000e+04 3.835181e-01
2.232000e+04 3.838484e-01
2.233000e+04 3.846702e-01
2.234000e+04 3.856808e-01
2.235000e+04 3.864260e-01
2.236000e+04 3.870564e-01
2.237000e+04 3.873893e-01
2.238000e+04 3.875961e-01
2.239000e+04 3.886256e-01
2.240000e+04 3.898241e-01
2.241000e+04 3.894833e-01
2.242000e+04 3.882046e-01
2.243000e+04 3.876421e-01
2.244000e+04 3.888075e-01
2.245000e+04 3.904082e-01
2.246000e+04 3.916271e-01
2.247000e+04 3.917835e-01
2.248000e+04 3.906928e-01
2.249000e+04 3.903734e-01
2.250000e+04 3.907318e-01
2.251000e+04 3.918847e-01
2.252000e+04 3.917349e-01
2.253000e+04 3.912103e-01
2.254000e+04 3.908787e-01
2.255000e+04 3.914146e-01
2.256000e+04 3.923455e-01
2.257000e+04 3.922400e-01
2.258000e+04 3.921446e-01
2.259000e+04 3.920426e-01
2.260000e+04 3.923944e-01
2.261000e+04 3.924981e-01
2.262000e+04 3.932994e-01
2.263000e+04 3.934168e-01
2.264000e+04 3.928572e-01
2.265000e+04 3.922656e-01
2.266000e+04 3.930634e-01
2.267000e+04 3.939257e-01
2.268000e+04 3.947162e-01
2.269000e+04 3.960064e-01
2.270000e+04 3.983080e-01
2.271000e+04 4.008442e-01
2.272000e+04 4.035808e-01
2.273000e+04 4.053624e-01
2.274000e+04 4.066711e-01
2.275000e+04 4.080008e-01
2.276000e+04 4.098973e-01
2.277000e+04 4.118420e-01
2.278000e+04 4.132667e-01
2.279000e+04 4.145309e-01
2.280000e+04 4.151789e-01
2.281000e+04 4.161062e-01
2.282000e+04 4.178170e-01
2.283000e+04 4.204832e-01
2.284000e+04 4.227249e-01
2.285000e+04 4.232956e-01
2.286000e+04 4.238148e-01
2.287000e+04 4.248091e-01
2.288000e+04 4.265697e-01
2.289000e+04 4.279246e-01
2.290000e+04 4.289875e-01
2.291000e+04 4.293159e-01
2.292000e+04 4.294693e-01
2.293000e+04 4.305484e-01
2.294000e+04 4.325920e-01
2.295000e+04 4.345842e-01
2.296000e+04 4.350815e-01
2.297000e+04 4.352684e-01
2.298000e+04 4.357280e-01
2.299000e+04 4.375245e-01
2.300000e+04 4.393749e-01
2.301000e+04 4.400313e-01
2.302000e+04 4.402825e-01
2.303000e+04 4.413620e-01
2.304000e+04 4.441231e-01
2.305000e+04 4.468979e-01
2.306000e+04 4.491155e-01
2.307000e+04 4.502742e-01
2.308000e+04 4.521892e-01
2.309000e+04 4.551545e-01
2.310000e+04 4.575998e-01
2.311000e+04 4.594499e-01
2.312000e+04 4.609574e-01
2.313000e+04 4.612612e-01
2.314000e+04 4.609349e-01
2.315000e+04 4.608314e-01
2.316000e+04 4.628371e-01
2.317000e+04 4.646283e-01
2.318000e+04 4.657320e-01
2.319000e+04 4.657738e-01
2.320000e+04 4.660687e-01
2.321000e+04 4.668750e-01
2.322000e+04 4.687050e-01
2.323000e+04 4.701052e-01
2.324000e+04 4.697634e-01
2.325000e+04 4.691933e-01
2.326000e+04 4.693303e-01
2.327000e+04 4.694590e-01
2.328000e+04 4.706368e-01
2.329000e+04 4.711755e-01
2.330000e+04 4.715990e-01
2.331000e+04 4.706132e-01
2.332000e+04 4.721199e-01
2.333000e+04 4.743270e-01
2.334000e+04 4.755356e-01
2.335000e+04 4.748337e-01
2.336000e+04 4.742537e-01
2.337000e+04 4.743205e-01
2.338000e+04 4.745920e-01
2.339000e+04 4.750873e-01
2.340000e+04 4.749351e-01
2.341000e+04 4.747189e-01
2.342000e+04 4.746790e-01
2.343000e+04 4.744139e-01
2.344000e+04 4.748954e-01
2.345000e+04 4.744909e-01
2.346000e+04 4.746192e-01
2.347000e+04 4.746504e-01
2.348000e+04 4.762061e-01
2.349000e+04 4.778602e-01
2.350000e+04 4.786009e-01
2.351000e+04 4.792117e-01
2.352000e+04 4.790664e-01
2.353000e+04 4.800400e-01
2.354000e+04 4.808227e-01
2.355000e+04 4.822316e-01
2.356000e+04 4.831768e-01
2.357000e+04 4.835273e-01
2.358000e+04 4.842457e-01
2.359000e+04 4.850798e-01
2.360000e+04 4.868209e-01
2.361000e+04 4.867472e-01
2.362000e+04 4.863769e-01
2.363000e+04 4.849938e-01
2.364000e+04 4.848973e-01
2.365000e+04 4.858976e-01
2.366000e+04 4.869818e-01
2.367000e+04 4.878500e-01
2.368000e+04 4.876238e-01
2.369000e+04 4.871344e-01
2.370000e+04 4.870152e-01
2.371000e+04 4.876239e-01
2.372000e+04 4.882588e-01
2.373000e+04 4.874665e-01
2.374000e+04 4.868417e-01
2.375000e+04 4.869424e-01
2.376000e+04 4.879509e-01
2.377000e+04 4.878196e-01
2.378000e+04 4.876411e-01
2.379000e+04 4.868709e-01
2.380000e+04 4.856759e-01
2.381000e+04 0.000000e+00
2.382000e+04 0.000000e+00
