# # Wavelength(Angstrom)  Transmission
1.938600e+04 2.721757e-04
1.939600e+04 3.045740e-04
1.940600e+04 3.453205e-04
1.941600e+04 4.019456e-04
1.942600e+04 4.391858e-04
1.943600e+04 5.070804e-04
1.944600e+04 5.695314e-04
1.945600e+04 6.509756e-04
1.946600e+04 7.306268e-04
1.947600e+04 8.434427e-04
1.948600e+04 9.607696e-04
1.949600e+04 1.056330e-03
1.950600e+04 1.224844e-03
1.951600e+04 1.388169e-03
1.952600e+04 1.597778e-03
1.953600e+04 1.801907e-03
1.954600e+04 2.061906e-03
1.955600e+04 2.425228e-03
1.956600e+04 2.722395e-03
1.957600e+04 3.094926e-03
1.958600e+04 3.645468e-03
1.959600e+04 4.130640e-03
1.960600e+04 4.833137e-03
1.961600e+04 5.480566e-03
1.962600e+04 6.253414e-03
1.963600e+04 7.361479e-03
1.964600e+04 8.487557e-03
1.965600e+04 9.882282e-03
1.966600e+04 1.139117e-02
1.967600e+04 1.328857e-02
1.968600e+04 1.507808e-02
1.969600e+04 1.761336e-02
1.970600e+04 2.143517e-02
1.971600e+04 2.427296e-02
1.972600e+04 2.781459e-02
1.973600e+04 3.137777e-02
1.974600e+04 3.635243e-02
1.975600e+04 3.973855e-02
1.976600e+04 4.478110e-02
1.977600e+04 5.084597e-02
1.978600e+04 5.496157e-02
1.979600e+04 6.340184e-02
1.980600e+04 6.983306e-02
1.981600e+04 7.842560e-02
1.982600e+04 8.691841e-02
1.983600e+04 9.733827e-02
1.984600e+04 1.106479e-01
1.985600e+04 1.219981e-01
1.986600e+04 1.409424e-01
1.987600e+04 1.599948e-01
1.988600e+04 1.821284e-01
1.989600e+04 2.096824e-01
1.990600e+04 2.277087e-01
1.991600e+04 2.570240e-01
1.992600e+04 2.837142e-01
1.993600e+04 3.107986e-01
1.994600e+04 3.387193e-01
1.995600e+04 3.642639e-01
1.996600e+04 3.877090e-01
1.997600e+04 4.039637e-01
1.998600e+04 4.208545e-01
1.999600e+04 4.424097e-01
2.000600e+04 4.624821e-01
2.001600e+04 4.731377e-01
2.002600e+04 4.851035e-01
2.003600e+04 4.860313e-01
2.004600e+04 4.941065e-01
2.005600e+04 5.048738e-01
2.006600e+04 5.081378e-01
2.007600e+04 5.105151e-01
2.008600e+04 5.119690e-01
2.009600e+04 5.134291e-01
2.010600e+04 5.090071e-01
2.011600e+04 5.161057e-01
2.012600e+04 5.130741e-01
2.013600e+04 5.161910e-01
2.014600e+04 5.183102e-01
2.015600e+04 5.137889e-01
2.016600e+04 5.188050e-01
2.017600e+04 5.125660e-01
2.018600e+04 5.138581e-01
2.019600e+04 5.172616e-01
2.020600e+04 5.134878e-01
2.021600e+04 5.158959e-01
2.022600e+04 5.101330e-01
2.023600e+04 5.179512e-01
2.024600e+04 5.106859e-01
2.025600e+04 5.195968e-01
2.026600e+04 5.130215e-01
2.027600e+04 5.158786e-01
2.028600e+04 5.116060e-01
2.029600e+04 5.142336e-01
2.030600e+04 5.162953e-01
2.031600e+04 5.108568e-01
2.032600e+04 5.171778e-01
2.033600e+04 5.174815e-01
2.034600e+04 5.115188e-01
2.035600e+04 5.075957e-01
2.036600e+04 5.215428e-01
2.037600e+04 5.124038e-01
2.038600e+04 5.161764e-01
2.039600e+04 5.118432e-01
2.040600e+04 5.052662e-01
2.041600e+04 5.156798e-01
2.042600e+04 5.091898e-01
2.043600e+04 5.097628e-01
2.044600e+04 5.081481e-01
2.045600e+04 5.094153e-01
2.046600e+04 5.087134e-01
2.047600e+04 5.101603e-01
2.048600e+04 5.031761e-01
2.049600e+04 4.979745e-01
2.050600e+04 5.163649e-01
2.051600e+04 5.046491e-01
2.052600e+04 5.067428e-01
2.053600e+04 5.082709e-01
2.054600e+04 5.042140e-01
2.055600e+04 5.023786e-01
2.056600e+04 5.076700e-01
2.057600e+04 5.059973e-01
2.058600e+04 5.085211e-01
2.059600e+04 5.042943e-01
2.060600e+04 5.144012e-01
2.061600e+04 5.086335e-01
2.062600e+04 5.177289e-01
2.063600e+04 5.069607e-01
2.064600e+04 5.096783e-01
2.065600e+04 5.138296e-01
2.066600e+04 5.123367e-01
2.067600e+04 5.136091e-01
2.068600e+04 5.208470e-01
2.069600e+04 5.174369e-01
2.070600e+04 5.205822e-01
2.071600e+04 5.220439e-01
2.072600e+04 5.191678e-01
2.073600e+04 5.224837e-01
2.074600e+04 5.184516e-01
2.075600e+04 5.216954e-01
2.076600e+04 5.201456e-01
2.077600e+04 5.227497e-01
2.078600e+04 5.220833e-01
2.079600e+04 5.230534e-01
2.080600e+04 5.182566e-01
2.081600e+04 5.272040e-01
2.082600e+04 5.157360e-01
2.083600e+04 5.301340e-01
2.084600e+04 5.221688e-01
2.085600e+04 5.231376e-01
2.086600e+04 5.245360e-01
2.087600e+04 5.215410e-01
2.088600e+04 5.307607e-01
2.089600e+04 5.235178e-01
2.090600e+04 5.224800e-01
2.091600e+04 5.160397e-01
2.092600e+04 5.214285e-01
2.093600e+04 5.239800e-01
2.094600e+04 5.325621e-01
2.095600e+04 5.169614e-01
2.096600e+04 5.272125e-01
2.097600e+04 5.175593e-01
2.098600e+04 5.183618e-01
2.099600e+04 5.303067e-01
2.100600e+04 5.186395e-01
2.101600e+04 5.157347e-01
2.102600e+04 5.169357e-01
2.103600e+04 5.222972e-01
2.104600e+04 5.129692e-01
2.105600e+04 5.191615e-01
2.106600e+04 5.202086e-01
2.107600e+04 5.055170e-01
2.108600e+04 5.255358e-01
2.109600e+04 5.172984e-01
2.110600e+04 5.128938e-01
2.111600e+04 5.148357e-01
2.112600e+04 5.122581e-01
2.113600e+04 5.229818e-01
2.114600e+04 5.132210e-01
2.115600e+04 5.159798e-01
2.116600e+04 5.096010e-01
2.117600e+04 5.211681e-01
2.118600e+04 5.158237e-01
2.119600e+04 5.180517e-01
2.120600e+04 5.142122e-01
2.121600e+04 5.130591e-01
2.122600e+04 5.131605e-01
2.123600e+04 5.132157e-01
2.124600e+04 5.116191e-01
2.125600e+04 5.182885e-01
2.126600e+04 5.173079e-01
2.127600e+04 5.119448e-01
2.128600e+04 5.236973e-01
2.129600e+04 5.163253e-01
2.130600e+04 5.217747e-01
2.131600e+04 5.138911e-01
2.132600e+04 5.133954e-01
2.133600e+04 5.191382e-01
2.134600e+04 5.147119e-01
2.135600e+04 5.211556e-01
2.136600e+04 5.134905e-01
2.137600e+04 5.170529e-01
2.138600e+04 5.145430e-01
2.139600e+04 5.217057e-01
2.140600e+04 5.146716e-01
2.141600e+04 5.131553e-01
2.142600e+04 5.167827e-01
2.143600e+04 5.165931e-01
2.144600e+04 5.106622e-01
2.145600e+04 5.172293e-01
2.146600e+04 5.175520e-01
2.147600e+04 5.152612e-01
2.148600e+04 5.109687e-01
2.149600e+04 5.146582e-01
2.150600e+04 5.114813e-01
2.151600e+04 5.097533e-01
2.152600e+04 5.093953e-01
2.153600e+04 5.106604e-01
2.154600e+04 5.116918e-01
2.155600e+04 5.115971e-01
2.156600e+04 5.155433e-01
2.157600e+04 5.056889e-01
2.158600e+04 5.118066e-01
2.159600e+04 5.060952e-01
2.160600e+04 5.065758e-01
2.161600e+04 5.057442e-01
2.162600e+04 5.088187e-01
2.163600e+04 5.050502e-01
2.164600e+04 4.971248e-01
2.165600e+04 5.084317e-01
2.166600e+04 5.008423e-01
2.167600e+04 5.053704e-01
2.168600e+04 4.979493e-01
2.169600e+04 5.062186e-01
2.170600e+04 4.990245e-01
2.171600e+04 4.977210e-01
2.172600e+04 5.054420e-01
2.173600e+04 4.927605e-01
2.174600e+04 4.979282e-01
2.175600e+04 5.056231e-01
2.176600e+04 4.989509e-01
2.177600e+04 4.993589e-01
2.178600e+04 4.939131e-01
2.179600e+04 4.917898e-01
2.180600e+04 5.028993e-01
2.181600e+04 4.986157e-01
2.182600e+04 4.959323e-01
2.183600e+04 4.964635e-01
2.184600e+04 4.867951e-01
2.185600e+04 4.922147e-01
2.186600e+04 4.835170e-01
2.187600e+04 4.815698e-01
2.188600e+04 4.753497e-01
2.189600e+04 4.720187e-01
2.190600e+04 4.605868e-01
2.191600e+04 4.487743e-01
2.192600e+04 4.371816e-01
2.193600e+04 4.169399e-01
2.194600e+04 4.043032e-01
2.195600e+04 3.821599e-01
2.196600e+04 3.607556e-01
2.197600e+04 3.392265e-01
2.198600e+04 3.135559e-01
2.199600e+04 2.913271e-01
2.200600e+04 2.678638e-01
2.201600e+04 2.551322e-01
2.202600e+04 2.326126e-01
2.203600e+04 2.140642e-01
2.204600e+04 2.005429e-01
2.205600e+04 1.845321e-01
2.206600e+04 1.725129e-01
2.207600e+04 1.570291e-01
2.208600e+04 1.444672e-01
2.209600e+04 1.313893e-01
2.210600e+04 1.194913e-01
2.211600e+04 1.073986e-01
2.212600e+04 9.478678e-02
2.213600e+04 8.649160e-02
2.214600e+04 7.652043e-02
2.215600e+04 6.709947e-02
2.216600e+04 5.850338e-02
2.217600e+04 5.028721e-02
2.218600e+04 4.382088e-02
2.219600e+04 3.846862e-02
2.220600e+04 3.371368e-02
2.221600e+04 2.853229e-02
2.222600e+04 2.474978e-02
2.223600e+04 2.124177e-02
2.224600e+04 1.842680e-02
2.225600e+04 1.598342e-02
2.226600e+04 1.373673e-02
2.227600e+04 1.181499e-02
2.228600e+04 1.048536e-02
2.229600e+04 9.071117e-03
2.230600e+04 7.890620e-03
2.231600e+04 6.865485e-03
2.232600e+04 5.960771e-03
2.233600e+04 5.190528e-03
2.234600e+04 4.543977e-03
2.235600e+04 3.986910e-03
2.236600e+04 3.474871e-03
2.237600e+04 3.066665e-03
2.238600e+04 2.683771e-03
2.239600e+04 2.345022e-03
2.240600e+04 2.075837e-03
2.241600e+04 1.785279e-03
2.242600e+04 1.629463e-03
2.243600e+04 1.412856e-03
2.244600e+04 1.267230e-03
2.245600e+04 1.103935e-03
2.246600e+04 9.727795e-04
2.247600e+04 8.657469e-04
2.248600e+04 7.604809e-04
2.249600e+04 6.933939e-04
2.250600e+04 6.059873e-04
2.251600e+04 5.312375e-04
2.252600e+04 4.803917e-04
2.253600e+04 4.265186e-04
2.254600e+04 3.755596e-04
2.255600e+04 3.334583e-04
2.256600e+04 3.018710e-04
2.257600e+04 2.739368e-04
