# # Wavelength(Angstrom)  Transmission
3.745000e+04 1.014150e-03
3.746000e+04 1.057130e-03
3.747000e+04 1.102110e-03
3.748000e+04 1.150020e-03
3.749000e+04 1.200030e-03
3.750000e+04 1.252040e-03
3.751000e+04 1.306160e-03
3.752000e+04 1.362340e-03
3.753000e+04 1.419640e-03
3.754000e+04 1.478320e-03
3.755000e+04 1.538890e-03
3.756000e+04 1.602210e-03
3.757000e+04 1.667450e-03
3.758000e+04 1.734530e-03
3.759000e+04 1.803650e-03
3.760000e+04 1.874960e-03
3.761000e+04 1.948640e-03
3.762000e+04 2.025060e-03
3.763000e+04 2.105470e-03
3.764000e+04 2.189400e-03
3.765000e+04 2.276220e-03
3.766000e+04 2.365990e-03
3.767000e+04 2.460190e-03
3.768000e+04 2.558390e-03
3.769000e+04 2.660360e-03
3.770000e+04 2.766220e-03
3.771000e+04 2.877600e-03
3.772000e+04 2.992290e-03
3.773000e+04 3.110060e-03
3.774000e+04 3.231040e-03
3.775000e+04 3.358120e-03
3.776000e+04 3.489330e-03
3.777000e+04 3.624640e-03
3.778000e+04 3.764380e-03
3.779000e+04 3.909960e-03
3.780000e+04 4.059700e-03
3.781000e+04 4.214100e-03
3.782000e+04 4.374700e-03
3.783000e+04 4.543990e-03
3.784000e+04 4.719630e-03
3.785000e+04 4.901710e-03
3.786000e+04 5.091630e-03
3.787000e+04 5.289760e-03
3.788000e+04 5.494660e-03
3.789000e+04 5.706710e-03
3.790000e+04 5.929630e-03
3.791000e+04 6.163440e-03
3.792000e+04 6.406240e-03
3.793000e+04 6.658040e-03
3.794000e+04 6.923300e-03
3.795000e+04 7.200340e-03
3.796000e+04 7.488330e-03
3.797000e+04 7.787920e-03
3.798000e+04 8.106900e-03
3.799000e+04 8.440150e-03
3.800000e+04 8.787150e-03
3.801000e+04 9.148550e-03
3.802000e+04 9.532830e-03
3.803000e+04 9.933520e-03
3.804000e+04 1.035150e-02
3.805000e+04 1.078980e-02
3.806000e+04 1.125700e-02
3.807000e+04 1.174530e-02
3.808000e+04 1.225550e-02
3.809000e+04 1.279280e-02
3.810000e+04 1.336400e-02
3.811000e+04 1.396230e-02
3.812000e+04 1.458860e-02
3.813000e+04 1.525320e-02
3.814000e+04 1.595970e-02
3.815000e+04 1.670100e-02
3.816000e+04 1.747790e-02
3.817000e+04 1.830630e-02
3.818000e+04 1.918440e-02
3.819000e+04 2.010640e-02
3.820000e+04 2.107430e-02
3.821000e+04 2.211420e-02
3.822000e+04 2.321410e-02
3.823000e+04 2.437120e-02
3.824000e+04 2.558770e-02
3.825000e+04 2.690160e-02
3.826000e+04 2.828650e-02
3.827000e+04 2.974460e-02
3.828000e+04 3.128410e-02
3.829000e+04 3.294730e-02
3.830000e+04 3.470120e-02
3.831000e+04 3.654980e-02
3.832000e+04 3.851110e-02
3.833000e+04 4.062270e-02
3.834000e+04 4.285060e-02
3.835000e+04 4.519830e-02
3.836000e+04 4.770240e-02
3.837000e+04 5.038780e-02
3.838000e+04 5.322130e-02
3.839000e+04 5.620750e-02
3.840000e+04 5.940650e-02
3.841000e+04 6.282230e-02
3.842000e+04 6.642310e-02
3.843000e+04 7.021650e-02
3.844000e+04 7.429500e-02
3.845000e+04 7.862460e-02
3.846000e+04 8.318370e-02
3.847000e+04 8.798020e-02
3.848000e+04 9.314870e-02
3.849000e+04 9.860300e-02
3.850000e+04 1.043350e-01
3.851000e+04 1.103600e-01
3.852000e+04 1.168430e-01
3.853000e+04 1.236430e-01
3.854000e+04 1.307690e-01
3.855000e+04 1.382600e-01
3.856000e+04 1.462510e-01
3.857000e+04 1.546010e-01
3.858000e+04 1.633120e-01
3.859000e+04 1.724570e-01
3.860000e+04 1.821110e-01
3.861000e+04 1.921450e-01
3.862000e+04 2.025550e-01
3.863000e+04 2.134400e-01
3.864000e+04 2.248040e-01
3.865000e+04 2.365330e-01
3.866000e+04 2.486260e-01
3.867000e+04 2.611910e-01
3.868000e+04 2.741520e-01
3.869000e+04 2.874320e-01
3.870000e+04 3.010190e-01
3.871000e+04 3.150100e-01
3.872000e+04 3.292710e-01
3.873000e+04 3.437590e-01
3.874000e+04 3.584600e-01
3.875000e+04 3.734110e-01
3.876000e+04 3.884910e-01
3.877000e+04 4.036750e-01
3.878000e+04 4.189380e-01
3.879000e+04 4.342340e-01
3.880000e+04 4.495140e-01
3.881000e+04 4.647480e-01
3.882000e+04 4.799010e-01
3.883000e+04 4.948970e-01
3.884000e+04 5.097510e-01
3.885000e+04 5.244350e-01
3.886000e+04 5.388810e-01
3.887000e+04 5.530330e-01
3.888000e+04 5.669360e-01
3.889000e+04 5.805800e-01
3.890000e+04 5.938690e-01
3.891000e+04 6.067940e-01
3.892000e+04 6.194160e-01
3.893000e+04 6.317290e-01
3.894000e+04 6.435970e-01
3.895000e+04 6.550870e-01
3.896000e+04 6.662480e-01
3.897000e+04 6.770800e-01
3.898000e+04 6.874170e-01
3.899000e+04 6.974010e-01
3.900000e+04 7.070620e-01
3.901000e+04 7.163940e-01
3.902000e+04 7.252350e-01
3.903000e+04 7.337700e-01
3.904000e+04 7.419990e-01
3.905000e+04 7.499000e-01
3.906000e+04 7.573750e-01
3.907000e+04 7.645740e-01
3.908000e+04 7.714990e-01
3.909000e+04 7.781130e-01
3.910000e+04 7.843720e-01
3.911000e+04 7.903830e-01
3.912000e+04 7.961520e-01
3.913000e+04 8.016220e-01
3.914000e+04 8.067910e-01
3.915000e+04 8.117380e-01
3.916000e+04 8.164670e-01
3.917000e+04 8.209170e-01
3.918000e+04 8.251200e-01
3.919000e+04 8.291250e-01
3.920000e+04 8.329380e-01
3.921000e+04 8.364890e-01
3.922000e+04 8.398400e-01
3.923000e+04 8.430180e-01
3.924000e+04 8.460290e-01
3.925000e+04 8.488080e-01
3.926000e+04 8.514310e-01
3.927000e+04 8.539060e-01
3.928000e+04 8.562280e-01
3.929000e+04 8.583520e-01
3.930000e+04 8.603480e-01
3.931000e+04 8.622170e-01
3.932000e+04 8.639470e-01
3.933000e+04 8.655200e-01
3.934000e+04 8.669860e-01
3.935000e+04 8.683490e-01
3.936000e+04 8.695880e-01
3.937000e+04 8.707080e-01
3.938000e+04 8.717450e-01
3.939000e+04 8.727010e-01
3.940000e+04 8.735540e-01
3.941000e+04 8.743200e-01
3.942000e+04 8.750230e-01
3.943000e+04 8.756650e-01
3.944000e+04 8.762240e-01
3.945000e+04 8.767210e-01
3.946000e+04 8.771700e-01
3.947000e+04 8.775740e-01
3.948000e+04 8.779150e-01
3.949000e+04 8.782130e-01
3.950000e+04 8.784780e-01
3.951000e+04 8.787130e-01
3.952000e+04 8.789080e-01
3.953000e+04 8.790770e-01
3.954000e+04 8.792240e-01
3.955000e+04 8.793540e-01
3.956000e+04 8.794630e-01
3.957000e+04 8.795570e-01
3.958000e+04 8.796400e-01
3.959000e+04 8.797130e-01
3.960000e+04 8.797780e-01
3.961000e+04 8.798360e-01
3.962000e+04 8.798860e-01
3.963000e+04 8.799310e-01
3.964000e+04 8.799770e-01
3.965000e+04 8.800220e-01
3.966000e+04 8.800640e-01
3.967000e+04 8.801030e-01
3.968000e+04 8.801470e-01
3.969000e+04 8.801940e-01
3.970000e+04 8.802430e-01
3.971000e+04 8.802950e-01
3.972000e+04 8.803540e-01
3.973000e+04 8.804190e-01
3.974000e+04 8.804890e-01
3.975000e+04 8.805630e-01
3.976000e+04 8.806440e-01
3.977000e+04 8.807310e-01
3.978000e+04 8.808280e-01
3.979000e+04 8.809250e-01
3.980000e+04 8.810280e-01
3.981000e+04 8.811370e-01
3.982000e+04 8.812520e-01
3.983000e+04 8.813700e-01
3.984000e+04 8.814900e-01
3.985000e+04 8.816140e-01
3.986000e+04 8.817440e-01
3.987000e+04 8.818790e-01
3.988000e+04 8.820140e-01
3.989000e+04 8.821500e-01
3.990000e+04 8.822940e-01
3.991000e+04 8.824410e-01
3.992000e+04 8.825880e-01
3.993000e+04 8.827350e-01
3.994000e+04 8.828850e-01
3.995000e+04 8.830370e-01
3.996000e+04 8.831900e-01
3.997000e+04 8.833420e-01
3.998000e+04 8.834920e-01
3.999000e+04 8.836470e-01
4.000000e+04 8.838010e-01
4.001000e+04 8.839550e-01
4.002000e+04 8.841040e-01
4.003000e+04 8.842570e-01
4.004000e+04 8.844100e-01
4.005000e+04 8.845630e-01
4.006000e+04 8.847140e-01
4.007000e+04 8.848670e-01
4.008000e+04 8.850200e-01
4.009000e+04 8.851760e-01
4.010000e+04 8.853250e-01
4.011000e+04 8.854730e-01
4.012000e+04 8.856190e-01
4.013000e+04 8.857680e-01
4.014000e+04 8.859110e-01
4.015000e+04 8.860530e-01
4.016000e+04 8.861930e-01
4.017000e+04 8.863330e-01
4.018000e+04 8.864710e-01
4.019000e+04 8.866060e-01
4.020000e+04 8.867370e-01
4.021000e+04 8.868690e-01
4.022000e+04 8.870040e-01
4.023000e+04 8.871370e-01
4.024000e+04 8.872650e-01
4.025000e+04 8.873950e-01
4.026000e+04 8.875240e-01
4.027000e+04 8.876510e-01
4.028000e+04 8.877750e-01
4.029000e+04 8.878940e-01
4.030000e+04 8.880130e-01
4.031000e+04 8.881320e-01
4.032000e+04 8.882480e-01
4.033000e+04 8.883570e-01
4.034000e+04 8.884660e-01
4.035000e+04 8.885750e-01
4.036000e+04 8.886810e-01
4.037000e+04 8.887810e-01
4.038000e+04 8.888790e-01
4.039000e+04 8.889760e-01
4.040000e+04 8.890740e-01
4.041000e+04 8.891680e-01
4.042000e+04 8.892580e-01
4.043000e+04 8.893460e-01
4.044000e+04 8.894350e-01
4.045000e+04 8.895200e-01
4.046000e+04 8.896020e-01
4.047000e+04 8.896800e-01
4.048000e+04 8.897550e-01
4.049000e+04 8.898310e-01
4.050000e+04 8.899020e-01
4.051000e+04 8.899660e-01
4.052000e+04 8.900260e-01
4.053000e+04 8.900840e-01
4.054000e+04 8.901400e-01
4.055000e+04 8.901920e-01
4.056000e+04 8.902380e-01
4.057000e+04 8.902820e-01
4.058000e+04 8.903260e-01
4.059000e+04 8.903680e-01
4.060000e+04 8.904030e-01
4.061000e+04 8.904370e-01
4.062000e+04 8.904710e-01
4.063000e+04 8.905030e-01
4.064000e+04 8.905300e-01
4.065000e+04 8.905520e-01
4.066000e+04 8.905710e-01
4.067000e+04 8.905890e-01
4.068000e+04 8.906050e-01
4.069000e+04 8.906150e-01
4.070000e+04 8.906200e-01
4.071000e+04 8.906230e-01
4.072000e+04 8.906240e-01
4.073000e+04 8.906210e-01
4.074000e+04 8.906160e-01
4.075000e+04 8.906090e-01
4.076000e+04 8.906050e-01
4.077000e+04 8.906010e-01
4.078000e+04 8.905930e-01
4.079000e+04 8.905820e-01
4.080000e+04 8.905740e-01
4.081000e+04 8.905680e-01
4.082000e+04 8.905630e-01
4.083000e+04 8.905540e-01
4.084000e+04 8.905440e-01
4.085000e+04 8.905340e-01
4.086000e+04 8.905250e-01
4.087000e+04 8.905120e-01
4.088000e+04 8.905000e-01
4.089000e+04 8.904880e-01
4.090000e+04 8.904800e-01
4.091000e+04 8.904740e-01
4.092000e+04 8.904670e-01
4.093000e+04 8.904610e-01
4.094000e+04 8.904590e-01
4.095000e+04 8.904640e-01
4.096000e+04 8.904700e-01
4.097000e+04 8.904760e-01
4.098000e+04 8.904830e-01
4.099000e+04 8.904940e-01
4.100000e+04 8.905060e-01
4.101000e+04 8.905190e-01
4.102000e+04 8.905290e-01
4.103000e+04 8.905420e-01
4.104000e+04 8.905570e-01
4.105000e+04 8.905740e-01
4.106000e+04 8.905910e-01
4.107000e+04 8.906100e-01
4.108000e+04 8.906330e-01
4.109000e+04 8.906610e-01
4.110000e+04 8.906920e-01
4.111000e+04 8.907220e-01
4.112000e+04 8.907540e-01
4.113000e+04 8.907910e-01
4.114000e+04 8.908310e-01
4.115000e+04 8.908710e-01
4.116000e+04 8.909110e-01
4.117000e+04 8.909490e-01
4.118000e+04 8.909890e-01
4.119000e+04 8.910260e-01
4.120000e+04 8.910600e-01
4.121000e+04 8.910910e-01
4.122000e+04 8.911240e-01
4.123000e+04 8.911560e-01
4.124000e+04 8.911880e-01
4.125000e+04 8.912150e-01
4.126000e+04 8.912400e-01
4.127000e+04 8.912670e-01
4.128000e+04 8.912970e-01
4.129000e+04 8.913240e-01
4.130000e+04 8.913520e-01
4.131000e+04 8.913780e-01
4.132000e+04 8.914060e-01
4.133000e+04 8.914330e-01
4.134000e+04 8.914570e-01
4.135000e+04 8.914760e-01
4.136000e+04 8.914930e-01
4.137000e+04 8.915060e-01
4.138000e+04 8.915150e-01
4.139000e+04 8.915180e-01
4.140000e+04 8.915110e-01
4.141000e+04 8.915010e-01
4.142000e+04 8.914880e-01
4.143000e+04 8.914730e-01
4.144000e+04 8.914520e-01
4.145000e+04 8.914290e-01
4.146000e+04 8.914060e-01
4.147000e+04 8.913830e-01
4.148000e+04 8.913580e-01
4.149000e+04 8.913290e-01
4.150000e+04 8.912980e-01
4.151000e+04 8.912670e-01
4.152000e+04 8.912320e-01
4.153000e+04 8.911910e-01
4.154000e+04 8.911440e-01
4.155000e+04 8.910910e-01
4.156000e+04 8.910350e-01
4.157000e+04 8.909730e-01
4.158000e+04 8.909060e-01
4.159000e+04 8.908340e-01
4.160000e+04 8.907590e-01
4.161000e+04 8.906850e-01
4.162000e+04 8.906110e-01
4.163000e+04 8.905340e-01
4.164000e+04 8.904560e-01
4.165000e+04 8.903790e-01
4.166000e+04 8.903040e-01
4.167000e+04 8.902280e-01
4.168000e+04 8.901480e-01
4.169000e+04 8.900660e-01
4.170000e+04 8.899830e-01
4.171000e+04 8.898990e-01
4.172000e+04 8.898110e-01
4.173000e+04 8.897190e-01
4.174000e+04 8.896240e-01
4.175000e+04 8.895280e-01
4.176000e+04 8.894310e-01
4.177000e+04 8.893320e-01
4.178000e+04 8.892290e-01
4.179000e+04 8.891290e-01
4.180000e+04 8.890300e-01
4.181000e+04 8.889340e-01
4.182000e+04 8.888400e-01
4.183000e+04 8.887460e-01
4.184000e+04 8.886550e-01
4.185000e+04 8.885670e-01
4.186000e+04 8.884830e-01
4.187000e+04 8.884000e-01
4.188000e+04 8.883170e-01
4.189000e+04 8.882360e-01
4.190000e+04 8.881580e-01
4.191000e+04 8.880810e-01
4.192000e+04 8.880020e-01
4.193000e+04 8.879210e-01
4.194000e+04 8.878430e-01
4.195000e+04 8.877690e-01
4.196000e+04 8.876960e-01
4.197000e+04 8.876230e-01
4.198000e+04 8.875530e-01
4.199000e+04 8.874870e-01
4.200000e+04 8.874260e-01
4.201000e+04 8.873680e-01
4.202000e+04 8.873150e-01
4.203000e+04 8.872660e-01
4.204000e+04 8.872220e-01
4.205000e+04 8.871840e-01
4.206000e+04 8.871480e-01
4.207000e+04 8.871130e-01
4.208000e+04 8.870800e-01
4.209000e+04 8.870500e-01
4.210000e+04 8.870250e-01
4.211000e+04 8.870000e-01
4.212000e+04 8.869750e-01
4.213000e+04 8.869510e-01
4.214000e+04 8.869320e-01
4.215000e+04 8.869160e-01
4.216000e+04 8.869020e-01
4.217000e+04 8.868900e-01
4.218000e+04 8.868830e-01
4.219000e+04 8.868810e-01
4.220000e+04 8.868830e-01
4.221000e+04 8.868900e-01
4.222000e+04 8.868990e-01
4.223000e+04 8.869090e-01
4.224000e+04 8.869210e-01
4.225000e+04 8.869350e-01
4.226000e+04 8.869470e-01
4.227000e+04 8.869560e-01
4.228000e+04 8.869630e-01
4.229000e+04 8.869680e-01
4.230000e+04 8.869690e-01
4.231000e+04 8.869640e-01
4.232000e+04 8.869530e-01
4.233000e+04 8.869370e-01
4.234000e+04 8.869220e-01
4.235000e+04 8.869080e-01
4.236000e+04 8.868950e-01
4.237000e+04 8.868840e-01
4.238000e+04 8.868780e-01
4.239000e+04 8.868770e-01
4.240000e+04 8.868850e-01
4.241000e+04 8.869000e-01
4.242000e+04 8.869200e-01
4.243000e+04 8.869460e-01
4.244000e+04 8.869790e-01
4.245000e+04 8.870150e-01
4.246000e+04 8.870500e-01
4.247000e+04 8.870850e-01
4.248000e+04 8.871180e-01
4.249000e+04 8.871510e-01
4.250000e+04 8.871820e-01
4.251000e+04 8.872100e-01
4.252000e+04 8.872340e-01
4.253000e+04 8.872610e-01
4.254000e+04 8.872890e-01
4.255000e+04 8.873210e-01
4.256000e+04 8.873550e-01
4.257000e+04 8.873910e-01
4.258000e+04 8.874300e-01
4.259000e+04 8.874740e-01
4.260000e+04 8.875210e-01
4.261000e+04 8.875700e-01
4.262000e+04 8.876180e-01
4.263000e+04 8.876660e-01
4.264000e+04 8.877130e-01
4.265000e+04 8.877590e-01
4.266000e+04 8.878030e-01
4.267000e+04 8.878410e-01
4.268000e+04 8.878760e-01
4.269000e+04 8.879100e-01
4.270000e+04 8.879420e-01
4.271000e+04 8.879710e-01
4.272000e+04 8.879970e-01
4.273000e+04 8.880220e-01
4.274000e+04 8.880480e-01
4.275000e+04 8.880760e-01
4.276000e+04 8.881050e-01
4.277000e+04 8.881340e-01
4.278000e+04 8.881640e-01
4.279000e+04 8.881980e-01
4.280000e+04 8.882340e-01
4.281000e+04 8.882690e-01
4.282000e+04 8.883020e-01
4.283000e+04 8.883320e-01
4.284000e+04 8.883590e-01
4.285000e+04 8.883850e-01
4.286000e+04 8.884060e-01
4.287000e+04 8.884210e-01
4.288000e+04 8.884330e-01
4.289000e+04 8.884420e-01
4.290000e+04 8.884500e-01
4.291000e+04 8.884540e-01
4.292000e+04 8.884570e-01
4.293000e+04 8.884600e-01
4.294000e+04 8.884650e-01
4.295000e+04 8.884720e-01
4.296000e+04 8.884820e-01
4.297000e+04 8.884920e-01
4.298000e+04 8.885020e-01
4.299000e+04 8.885130e-01
4.300000e+04 8.885240e-01
4.301000e+04 8.885350e-01
4.302000e+04 8.885430e-01
4.303000e+04 8.885490e-01
4.304000e+04 8.885530e-01
4.305000e+04 8.885560e-01
4.306000e+04 8.885540e-01
4.307000e+04 8.885480e-01
4.308000e+04 8.885390e-01
4.309000e+04 8.885280e-01
4.310000e+04 8.885190e-01
4.311000e+04 8.885090e-01
4.312000e+04 8.885000e-01
4.313000e+04 8.884890e-01
4.314000e+04 8.884780e-01
4.315000e+04 8.884670e-01
4.316000e+04 8.884580e-01
4.317000e+04 8.884490e-01
4.318000e+04 8.884400e-01
4.319000e+04 8.884300e-01
4.320000e+04 8.884200e-01
4.321000e+04 8.884070e-01
4.322000e+04 8.883890e-01
4.323000e+04 8.883680e-01
4.324000e+04 8.883440e-01
4.325000e+04 8.883160e-01
4.326000e+04 8.882850e-01
4.327000e+04 8.882520e-01
4.328000e+04 8.882140e-01
4.329000e+04 8.881710e-01
4.330000e+04 8.881260e-01
4.331000e+04 8.880790e-01
4.332000e+04 8.880330e-01
4.333000e+04 8.879850e-01
4.334000e+04 8.879360e-01
4.335000e+04 8.878860e-01
4.336000e+04 8.878360e-01
4.337000e+04 8.877830e-01
4.338000e+04 8.877270e-01
4.339000e+04 8.876690e-01
4.340000e+04 8.876080e-01
4.341000e+04 8.875440e-01
4.342000e+04 8.874770e-01
4.343000e+04 8.874040e-01
4.344000e+04 8.873260e-01
4.345000e+04 8.872410e-01
4.346000e+04 8.871520e-01
4.347000e+04 8.870610e-01
4.348000e+04 8.869640e-01
4.349000e+04 8.868620e-01
4.350000e+04 8.867570e-01
4.351000e+04 8.866480e-01
4.352000e+04 8.865360e-01
4.353000e+04 8.864210e-01
4.354000e+04 8.863040e-01
4.355000e+04 8.861830e-01
4.356000e+04 8.860580e-01
4.357000e+04 8.859290e-01
4.358000e+04 8.857970e-01
4.359000e+04 8.856600e-01
4.360000e+04 8.855170e-01
4.361000e+04 8.853680e-01
4.362000e+04 8.852140e-01
4.363000e+04 8.850520e-01
4.364000e+04 8.848800e-01
4.365000e+04 8.847030e-01
4.366000e+04 8.845190e-01
4.367000e+04 8.843290e-01
4.368000e+04 8.841330e-01
4.369000e+04 8.839330e-01
4.370000e+04 8.837280e-01
4.371000e+04 8.835190e-01
4.372000e+04 8.833070e-01
4.373000e+04 8.830940e-01
4.374000e+04 8.828810e-01
4.375000e+04 8.826660e-01
4.376000e+04 8.824500e-01
4.377000e+04 8.822320e-01
4.378000e+04 8.820150e-01
4.379000e+04 8.817930e-01
4.380000e+04 8.815700e-01
4.381000e+04 8.813450e-01
4.382000e+04 8.811150e-01
4.383000e+04 8.808830e-01
4.384000e+04 8.806500e-01
4.385000e+04 8.804150e-01
4.386000e+04 8.801810e-01
4.387000e+04 8.799460e-01
4.388000e+04 8.797110e-01
4.389000e+04 8.794790e-01
4.390000e+04 8.792480e-01
4.391000e+04 8.790230e-01
4.392000e+04 8.788020e-01
4.393000e+04 8.785850e-01
4.394000e+04 8.783730e-01
4.395000e+04 8.781660e-01
4.396000e+04 8.779620e-01
4.397000e+04 8.777620e-01
4.398000e+04 8.775680e-01
4.399000e+04 8.773800e-01
4.400000e+04 8.771960e-01
4.401000e+04 8.770160e-01
4.402000e+04 8.768410e-01
4.403000e+04 8.766710e-01
4.404000e+04 8.765050e-01
4.405000e+04 8.763440e-01
4.406000e+04 8.761930e-01
4.407000e+04 8.760460e-01
4.408000e+04 8.759050e-01
4.409000e+04 8.757720e-01
4.410000e+04 8.756460e-01
4.411000e+04 8.755270e-01
4.412000e+04 8.754160e-01
4.413000e+04 8.753150e-01
4.414000e+04 8.752240e-01
4.415000e+04 8.751420e-01
4.416000e+04 8.750670e-01
4.417000e+04 8.750020e-01
4.418000e+04 8.749450e-01
4.419000e+04 8.748940e-01
4.420000e+04 8.748490e-01
4.421000e+04 8.748110e-01
4.422000e+04 8.747780e-01
4.423000e+04 8.747490e-01
4.424000e+04 8.747240e-01
4.425000e+04 8.747020e-01
4.426000e+04 8.746850e-01
4.427000e+04 8.746720e-01
4.428000e+04 8.746610e-01
4.429000e+04 8.746590e-01
4.430000e+04 8.746610e-01
4.431000e+04 8.746680e-01
4.432000e+04 8.746800e-01
4.433000e+04 8.746980e-01
4.434000e+04 8.747210e-01
4.435000e+04 8.747500e-01
4.436000e+04 8.747840e-01
4.437000e+04 8.748220e-01
4.438000e+04 8.748630e-01
4.439000e+04 8.749060e-01
4.440000e+04 8.749510e-01
4.441000e+04 8.749980e-01
4.442000e+04 8.750460e-01
4.443000e+04 8.750940e-01
4.444000e+04 8.751430e-01
4.445000e+04 8.751920e-01
4.446000e+04 8.752420e-01
4.447000e+04 8.752920e-01
4.448000e+04 8.753400e-01
4.449000e+04 8.753890e-01
4.450000e+04 8.754380e-01
4.451000e+04 8.754860e-01
4.452000e+04 8.755370e-01
4.453000e+04 8.755870e-01
4.454000e+04 8.756380e-01
4.455000e+04 8.756890e-01
4.456000e+04 8.757410e-01
4.457000e+04 8.757930e-01
4.458000e+04 8.758450e-01
4.459000e+04 8.758960e-01
4.460000e+04 8.759450e-01
4.461000e+04 8.759930e-01
4.462000e+04 8.760400e-01
4.463000e+04 8.760840e-01
4.464000e+04 8.761270e-01
4.465000e+04 8.761660e-01
4.466000e+04 8.762020e-01
4.467000e+04 8.762360e-01
4.468000e+04 8.762650e-01
4.469000e+04 8.762930e-01
4.470000e+04 8.763190e-01
4.471000e+04 8.763400e-01
4.472000e+04 8.763600e-01
4.473000e+04 8.763790e-01
4.474000e+04 8.763960e-01
4.475000e+04 8.764100e-01
4.476000e+04 8.764200e-01
4.477000e+04 8.764290e-01
4.478000e+04 8.764350e-01
4.479000e+04 8.764410e-01
4.480000e+04 8.764430e-01
4.481000e+04 8.764430e-01
4.482000e+04 8.764400e-01
4.483000e+04 8.764310e-01
4.484000e+04 8.764190e-01
4.485000e+04 8.764040e-01
4.486000e+04 8.763840e-01
4.487000e+04 8.763600e-01
4.488000e+04 8.763320e-01
4.489000e+04 8.763020e-01
4.490000e+04 8.762680e-01
4.491000e+04 8.762330e-01
4.492000e+04 8.761940e-01
4.493000e+04 8.761520e-01
4.494000e+04 8.761080e-01
4.495000e+04 8.760610e-01
4.496000e+04 8.760130e-01
4.497000e+04 8.759640e-01
4.498000e+04 8.759100e-01
4.499000e+04 8.758530e-01
4.500000e+04 8.757920e-01
4.501000e+04 8.757280e-01
4.502000e+04 8.756610e-01
4.503000e+04 8.755900e-01
4.504000e+04 8.755150e-01
4.505000e+04 8.754370e-01
4.506000e+04 8.753550e-01
4.507000e+04 8.752690e-01
4.508000e+04 8.751800e-01
4.509000e+04 8.750880e-01
4.510000e+04 8.749870e-01
4.511000e+04 8.748840e-01
4.512000e+04 8.747790e-01
4.513000e+04 8.746700e-01
4.514000e+04 8.745570e-01
4.515000e+04 8.744410e-01
4.516000e+04 8.743210e-01
4.517000e+04 8.741970e-01
4.518000e+04 8.740700e-01
4.519000e+04 8.739420e-01
4.520000e+04 8.738100e-01
4.521000e+04 8.736740e-01
4.522000e+04 8.735340e-01
4.523000e+04 8.733920e-01
4.524000e+04 8.732480e-01
4.525000e+04 8.730990e-01
4.526000e+04 8.729450e-01
4.527000e+04 8.727880e-01
4.528000e+04 8.726270e-01
4.529000e+04 8.724640e-01
4.530000e+04 8.722980e-01
4.531000e+04 8.721300e-01
4.532000e+04 8.719580e-01
4.533000e+04 8.717830e-01
4.534000e+04 8.716050e-01
4.535000e+04 8.714270e-01
4.536000e+04 8.712520e-01
4.537000e+04 8.710730e-01
4.538000e+04 8.708940e-01
4.539000e+04 8.707150e-01
4.540000e+04 8.705340e-01
4.541000e+04 8.703550e-01
4.542000e+04 8.701760e-01
4.543000e+04 8.699960e-01
4.544000e+04 8.698130e-01
4.545000e+04 8.696290e-01
4.546000e+04 8.694440e-01
4.547000e+04 8.692560e-01
4.548000e+04 8.690690e-01
4.549000e+04 8.688780e-01
4.550000e+04 8.686850e-01
4.551000e+04 8.684910e-01
4.552000e+04 8.682970e-01
4.553000e+04 8.681040e-01
4.554000e+04 8.679110e-01
4.555000e+04 8.677190e-01
4.556000e+04 8.675280e-01
4.557000e+04 8.673410e-01
4.558000e+04 8.671570e-01
4.559000e+04 8.669740e-01
4.560000e+04 8.667960e-01
4.561000e+04 8.666170e-01
4.562000e+04 8.664400e-01
4.563000e+04 8.662670e-01
4.564000e+04 8.661000e-01
4.565000e+04 8.659350e-01
4.566000e+04 8.657720e-01
4.567000e+04 8.656100e-01
4.568000e+04 8.654500e-01
4.569000e+04 8.652930e-01
4.570000e+04 8.651400e-01
4.571000e+04 8.649880e-01
4.572000e+04 8.648390e-01
4.573000e+04 8.646890e-01
4.574000e+04 8.645390e-01
4.575000e+04 8.643920e-01
4.576000e+04 8.642480e-01
4.577000e+04 8.641060e-01
4.578000e+04 8.639650e-01
4.579000e+04 8.638270e-01
4.580000e+04 8.636910e-01
4.581000e+04 8.635580e-01
4.582000e+04 8.634320e-01
4.583000e+04 8.633090e-01
4.584000e+04 8.631890e-01
4.585000e+04 8.630710e-01
4.586000e+04 8.629560e-01
4.587000e+04 8.628460e-01
4.588000e+04 8.627390e-01
4.589000e+04 8.626330e-01
4.590000e+04 8.625260e-01
4.591000e+04 8.624200e-01
4.592000e+04 8.623140e-01
4.593000e+04 8.622100e-01
4.594000e+04 8.621100e-01
4.595000e+04 8.620100e-01
4.596000e+04 8.619100e-01
4.597000e+04 8.618110e-01
4.598000e+04 8.617160e-01
4.599000e+04 8.616240e-01
4.600000e+04 8.615340e-01
4.601000e+04 8.614480e-01
4.602000e+04 8.613600e-01
4.603000e+04 8.612750e-01
4.604000e+04 8.611930e-01
4.605000e+04 8.611120e-01
4.606000e+04 8.610340e-01
4.607000e+04 8.609550e-01
4.608000e+04 8.608750e-01
4.609000e+04 8.607910e-01
4.610000e+04 8.607110e-01
4.611000e+04 8.606300e-01
4.612000e+04 8.605490e-01
4.613000e+04 8.604690e-01
4.614000e+04 8.603850e-01
4.615000e+04 8.603010e-01
4.616000e+04 8.602180e-01
4.617000e+04 8.601370e-01
4.618000e+04 8.600560e-01
4.619000e+04 8.599730e-01
4.620000e+04 8.598900e-01
4.621000e+04 8.598040e-01
4.622000e+04 8.597200e-01
4.623000e+04 8.596370e-01
4.624000e+04 8.595540e-01
4.625000e+04 8.594680e-01
4.626000e+04 8.593800e-01
4.627000e+04 8.592900e-01
4.628000e+04 8.592000e-01
4.629000e+04 8.591140e-01
4.630000e+04 8.590250e-01
4.631000e+04 8.589350e-01
4.632000e+04 8.588450e-01
4.633000e+04 8.587520e-01
4.634000e+04 8.586600e-01
4.635000e+04 8.585690e-01
4.636000e+04 8.584770e-01
4.637000e+04 8.583800e-01
4.638000e+04 8.582820e-01
4.639000e+04 8.581830e-01
4.640000e+04 8.580820e-01
4.641000e+04 8.579830e-01
4.642000e+04 8.578820e-01
4.643000e+04 8.577800e-01
4.644000e+04 8.576740e-01
4.645000e+04 8.575680e-01
4.646000e+04 8.574640e-01
4.647000e+04 8.573600e-01
4.648000e+04 8.572600e-01
4.649000e+04 8.571570e-01
4.650000e+04 8.570550e-01
4.651000e+04 8.569530e-01
4.652000e+04 8.568530e-01
4.653000e+04 8.567550e-01
4.654000e+04 8.566580e-01
4.655000e+04 8.565600e-01
4.656000e+04 8.564600e-01
4.657000e+04 8.563610e-01
4.658000e+04 8.562640e-01
4.659000e+04 8.561690e-01
4.660000e+04 8.560750e-01
4.661000e+04 8.559810e-01
4.662000e+04 8.558850e-01
4.663000e+04 8.557900e-01
4.664000e+04 8.556990e-01
4.665000e+04 8.556100e-01
4.666000e+04 8.555230e-01
4.667000e+04 8.554390e-01
4.668000e+04 8.553550e-01
4.669000e+04 8.552740e-01
4.670000e+04 8.551980e-01
4.671000e+04 8.551270e-01
4.672000e+04 8.550590e-01
4.673000e+04 8.549920e-01
4.674000e+04 8.549260e-01
4.675000e+04 8.548620e-01
4.676000e+04 8.548040e-01
4.677000e+04 8.547500e-01
4.678000e+04 8.546990e-01
4.679000e+04 8.546490e-01
4.680000e+04 8.546020e-01
4.681000e+04 8.545590e-01
4.682000e+04 8.545190e-01
4.683000e+04 8.544890e-01
4.684000e+04 8.544640e-01
4.685000e+04 8.544420e-01
4.686000e+04 8.544230e-01
4.687000e+04 8.544090e-01
4.688000e+04 8.544000e-01
4.689000e+04 8.543960e-01
4.690000e+04 8.543990e-01
4.691000e+04 8.544030e-01
4.692000e+04 8.544080e-01
4.693000e+04 8.544150e-01
4.694000e+04 8.544270e-01
4.695000e+04 8.544460e-01
4.696000e+04 8.544700e-01
4.697000e+04 8.544970e-01
4.698000e+04 8.545260e-01
4.699000e+04 8.545600e-01
4.700000e+04 8.545980e-01
4.701000e+04 8.546410e-01
4.702000e+04 8.546920e-01
4.703000e+04 8.547460e-01
4.704000e+04 8.548010e-01
4.705000e+04 8.548560e-01
4.706000e+04 8.549180e-01
4.707000e+04 8.549840e-01
4.708000e+04 8.550540e-01
4.709000e+04 8.551280e-01
4.710000e+04 8.552040e-01
4.711000e+04 8.552810e-01
4.712000e+04 8.553620e-01
4.713000e+04 8.554480e-01
4.714000e+04 8.555410e-01
4.715000e+04 8.556380e-01
4.716000e+04 8.557360e-01
4.717000e+04 8.558360e-01
4.718000e+04 8.559380e-01
4.719000e+04 8.560450e-01
4.720000e+04 8.561550e-01
4.721000e+04 8.562660e-01
4.722000e+04 8.563780e-01
4.723000e+04 8.564880e-01
4.724000e+04 8.565980e-01
4.725000e+04 8.567100e-01
4.726000e+04 8.568240e-01
4.727000e+04 8.569380e-01
4.728000e+04 8.570480e-01
4.729000e+04 8.571570e-01
4.730000e+04 8.572630e-01
4.731000e+04 8.573700e-01
4.732000e+04 8.574800e-01
4.733000e+04 8.575920e-01
4.734000e+04 8.577020e-01
4.735000e+04 8.578110e-01
4.736000e+04 8.579190e-01
4.737000e+04 8.580270e-01
4.738000e+04 8.581380e-01
4.739000e+04 8.582510e-01
4.740000e+04 8.583630e-01
4.741000e+04 8.584710e-01
4.742000e+04 8.585770e-01
4.743000e+04 8.586820e-01
4.744000e+04 8.587850e-01
4.745000e+04 8.588880e-01
4.746000e+04 8.589890e-01
4.747000e+04 8.590850e-01
4.748000e+04 8.591750e-01
4.749000e+04 8.592630e-01
4.750000e+04 8.593500e-01
4.751000e+04 8.594360e-01
4.752000e+04 8.595220e-01
4.753000e+04 8.596020e-01
4.754000e+04 8.596790e-01
4.755000e+04 8.597530e-01
4.756000e+04 8.598260e-01
4.757000e+04 8.598990e-01
4.758000e+04 8.599710e-01
4.759000e+04 8.600410e-01
4.760000e+04 8.601040e-01
4.761000e+04 8.601650e-01
4.762000e+04 8.602240e-01
4.763000e+04 8.602830e-01
4.764000e+04 8.603410e-01
4.765000e+04 8.603960e-01
4.766000e+04 8.604480e-01
4.767000e+04 8.604940e-01
4.768000e+04 8.605380e-01
4.769000e+04 8.605830e-01
4.770000e+04 8.606280e-01
4.771000e+04 8.606710e-01
4.772000e+04 8.607100e-01
4.773000e+04 8.607450e-01
4.774000e+04 8.607770e-01
4.775000e+04 8.608070e-01
4.776000e+04 8.608390e-01
4.777000e+04 8.608690e-01
4.778000e+04 8.608980e-01
4.779000e+04 8.609220e-01
4.780000e+04 8.609440e-01
4.781000e+04 8.609660e-01
4.782000e+04 8.609910e-01
4.783000e+04 8.610180e-01
4.784000e+04 8.610460e-01
4.785000e+04 8.610730e-01
4.786000e+04 8.611000e-01
4.787000e+04 8.611270e-01
4.788000e+04 8.611560e-01
4.789000e+04 8.611870e-01
4.790000e+04 8.612190e-01
4.791000e+04 8.612470e-01
4.792000e+04 8.612720e-01
4.793000e+04 8.612970e-01
4.794000e+04 8.613210e-01
4.795000e+04 8.613470e-01
4.796000e+04 8.613740e-01
4.797000e+04 8.614000e-01
4.798000e+04 8.614230e-01
4.799000e+04 8.614450e-01
4.800000e+04 8.614680e-01
4.801000e+04 8.614940e-01
4.802000e+04 8.615240e-01
4.803000e+04 8.615540e-01
4.804000e+04 8.615840e-01
4.805000e+04 8.616120e-01
4.806000e+04 8.616420e-01
4.807000e+04 8.616760e-01
4.808000e+04 8.617130e-01
4.809000e+04 8.617520e-01
4.810000e+04 8.617920e-01
4.811000e+04 8.618290e-01
4.812000e+04 8.618660e-01
4.813000e+04 8.619040e-01
4.814000e+04 8.619440e-01
4.815000e+04 8.619840e-01
4.816000e+04 8.620230e-01
4.817000e+04 8.620570e-01
4.818000e+04 8.620840e-01
4.819000e+04 8.621090e-01
4.820000e+04 8.621340e-01
4.821000e+04 8.621580e-01
4.822000e+04 8.621780e-01
4.823000e+04 8.621950e-01
4.824000e+04 8.622060e-01
4.825000e+04 8.622120e-01
4.826000e+04 8.622180e-01
4.827000e+04 8.622230e-01
4.828000e+04 8.622280e-01
4.829000e+04 8.622280e-01
4.830000e+04 8.622230e-01
4.831000e+04 8.622130e-01
4.832000e+04 8.621990e-01
4.833000e+04 8.621850e-01
4.834000e+04 8.621700e-01
4.835000e+04 8.621520e-01
4.836000e+04 8.621260e-01
4.837000e+04 8.620900e-01
4.838000e+04 8.620460e-01
4.839000e+04 8.619960e-01
4.840000e+04 8.619410e-01
4.841000e+04 8.618790e-01
4.842000e+04 8.618080e-01
4.843000e+04 8.617260e-01
4.844000e+04 8.616320e-01
4.845000e+04 8.615260e-01
4.846000e+04 8.614130e-01
4.847000e+04 8.612940e-01
4.848000e+04 8.611660e-01
4.849000e+04 8.610230e-01
4.850000e+04 8.608690e-01
4.851000e+04 8.607060e-01
4.852000e+04 8.605300e-01
4.853000e+04 8.603470e-01
4.854000e+04 8.601570e-01
4.855000e+04 8.599590e-01
4.856000e+04 8.597420e-01
4.857000e+04 8.595140e-01
4.858000e+04 8.592760e-01
4.859000e+04 8.590290e-01
4.860000e+04 8.587720e-01
4.861000e+04 8.585060e-01
4.862000e+04 8.582290e-01
4.863000e+04 8.579380e-01
4.864000e+04 8.576310e-01
4.865000e+04 8.573130e-01
4.866000e+04 8.569870e-01
4.867000e+04 8.566510e-01
4.868000e+04 8.563010e-01
4.869000e+04 8.559380e-01
4.870000e+04 8.555620e-01
4.871000e+04 8.551740e-01
4.872000e+04 8.547770e-01
4.873000e+04 8.543730e-01
4.874000e+04 8.539630e-01
4.875000e+04 8.535410e-01
4.876000e+04 8.531070e-01
4.877000e+04 8.526640e-01
4.878000e+04 8.522150e-01
4.879000e+04 8.517600e-01
4.880000e+04 8.513020e-01
4.881000e+04 8.508400e-01
4.882000e+04 8.503730e-01
4.883000e+04 8.498960e-01
4.884000e+04 8.494150e-01
4.885000e+04 8.489300e-01
4.886000e+04 8.484450e-01
4.887000e+04 8.479580e-01
4.888000e+04 8.474660e-01
4.889000e+04 8.469710e-01
4.890000e+04 8.464700e-01
4.891000e+04 8.459660e-01
4.892000e+04 8.454630e-01
4.893000e+04 8.449620e-01
4.894000e+04 8.444620e-01
4.895000e+04 8.439600e-01
4.896000e+04 8.434560e-01
4.897000e+04 8.429520e-01
4.898000e+04 8.424510e-01
4.899000e+04 8.419570e-01
4.900000e+04 8.414670e-01
4.901000e+04 8.409820e-01
4.902000e+04 8.404990e-01
4.903000e+04 8.400190e-01
4.904000e+04 8.395430e-01
4.905000e+04 8.390730e-01
4.906000e+04 8.386140e-01
4.907000e+04 8.381620e-01
4.908000e+04 8.377150e-01
4.909000e+04 8.372710e-01
4.910000e+04 8.368310e-01
4.911000e+04 8.363970e-01
4.912000e+04 8.359680e-01
4.913000e+04 8.355480e-01
4.914000e+04 8.351330e-01
4.915000e+04 8.347200e-01
4.916000e+04 8.343080e-01
4.917000e+04 8.338970e-01
4.918000e+04 8.334890e-01
4.919000e+04 8.330870e-01
4.920000e+04 8.326890e-01
4.921000e+04 8.322930e-01
4.922000e+04 8.318960e-01
4.923000e+04 8.314960e-01
4.924000e+04 8.310940e-01
4.925000e+04 8.306890e-01
4.926000e+04 8.302840e-01
4.927000e+04 8.298760e-01
4.928000e+04 8.294620e-01
4.929000e+04 8.290360e-01
4.930000e+04 8.285980e-01
4.931000e+04 8.281490e-01
4.932000e+04 8.276920e-01
4.933000e+04 8.272200e-01
4.934000e+04 8.267330e-01
4.935000e+04 8.262290e-01
4.936000e+04 8.257060e-01
4.937000e+04 8.251500e-01
4.938000e+04 8.245710e-01
4.939000e+04 8.239710e-01
4.940000e+04 8.233420e-01
4.941000e+04 8.226730e-01
4.942000e+04 8.219700e-01
4.943000e+04 8.212310e-01
4.944000e+04 8.204420e-01
4.945000e+04 8.196060e-01
4.946000e+04 8.187290e-01
4.947000e+04 8.178080e-01
4.948000e+04 8.168280e-01
4.949000e+04 8.157850e-01
4.950000e+04 8.146870e-01
4.951000e+04 8.135330e-01
4.952000e+04 8.123040e-01
4.953000e+04 8.110040e-01
4.954000e+04 8.096430e-01
4.955000e+04 8.082230e-01
4.956000e+04 8.066890e-01
4.957000e+04 8.050810e-01
4.958000e+04 8.033970e-01
4.959000e+04 8.016360e-01
4.960000e+04 7.997550e-01
4.961000e+04 7.977940e-01
4.962000e+04 7.957460e-01
4.963000e+04 7.935930e-01
4.964000e+04 7.913140e-01
4.965000e+04 7.889360e-01
4.966000e+04 7.864600e-01
4.967000e+04 7.838770e-01
4.968000e+04 7.811550e-01
4.969000e+04 7.783260e-01
4.970000e+04 7.753920e-01
4.971000e+04 7.723210e-01
4.972000e+04 7.691080e-01
4.973000e+04 7.657900e-01
4.974000e+04 7.623700e-01
4.975000e+04 7.587860e-01
4.976000e+04 7.550740e-01
4.977000e+04 7.512430e-01
4.978000e+04 7.472940e-01
4.979000e+04 7.431820e-01
4.980000e+04 7.389440e-01
4.981000e+04 7.345890e-01
4.982000e+04 7.301130e-01
4.983000e+04 7.254670e-01
4.984000e+04 7.206860e-01
4.985000e+04 7.157860e-01
4.986000e+04 7.107700e-01
4.987000e+04 7.055690e-01
4.988000e+04 7.002580e-01
4.989000e+04 6.948350e-01
4.990000e+04 6.892720e-01
4.991000e+04 6.835440e-01
4.992000e+04 6.777120e-01
4.993000e+04 6.717700e-01
4.994000e+04 6.656830e-01
4.995000e+04 6.594760e-01
4.996000e+04 6.531580e-01
4.997000e+04 6.467250e-01
4.998000e+04 6.401710e-01
4.999000e+04 6.334850e-01
5.000000e+04 6.267020e-01
5.001000e+04 6.198280e-01
5.002000e+04 6.128210e-01
5.003000e+04 6.057000e-01
5.004000e+04 5.984880e-01
5.005000e+04 5.912000e-01
5.006000e+04 5.837560e-01
5.007000e+04 5.762430e-01
5.008000e+04 5.686530e-01
5.009000e+04 5.609710e-01
5.010000e+04 5.531820e-01
5.011000e+04 5.453180e-01
5.012000e+04 5.373800e-01
5.013000e+04 5.293670e-01
5.014000e+04 5.212700e-01
5.015000e+04 5.131050e-01
5.016000e+04 5.048830e-01
5.017000e+04 4.966090e-01
5.018000e+04 4.882460e-01
5.019000e+04 4.798450e-01
5.020000e+04 4.714090e-01
5.021000e+04 4.629150e-01
5.022000e+04 4.543850e-01
5.023000e+04 4.458270e-01
5.024000e+04 4.372370e-01
5.025000e+04 4.286180e-01
5.026000e+04 4.199880e-01
5.027000e+04 4.113420e-01
5.028000e+04 4.026770e-01
5.029000e+04 3.940250e-01
5.030000e+04 3.853620e-01
5.031000e+04 3.767100e-01
5.032000e+04 3.680760e-01
5.033000e+04 3.594490e-01
5.034000e+04 3.508520e-01
5.035000e+04 3.422820e-01
5.036000e+04 3.337390e-01
5.037000e+04 3.252520e-01
5.038000e+04 3.168180e-01
5.039000e+04 3.084310e-01
5.040000e+04 3.000980e-01
5.041000e+04 2.918590e-01
5.042000e+04 2.836850e-01
5.043000e+04 2.755770e-01
5.044000e+04 2.675790e-01
5.045000e+04 2.596820e-01
5.046000e+04 2.518800e-01
5.047000e+04 2.441780e-01
5.048000e+04 2.365940e-01
5.049000e+04 2.291420e-01
5.050000e+04 2.217960e-01
5.051000e+04 2.145640e-01
5.052000e+04 2.074860e-01
5.053000e+04 2.005500e-01
5.054000e+04 1.937340e-01
5.055000e+04 1.870360e-01
5.056000e+04 1.805310e-01
5.057000e+04 1.741600e-01
5.058000e+04 1.679190e-01
5.059000e+04 1.618200e-01
5.060000e+04 1.559180e-01
5.061000e+04 1.501510e-01
5.062000e+04 1.445210e-01
5.063000e+04 1.390370e-01
5.064000e+04 1.337520e-01
5.065000e+04 1.286040e-01
5.066000e+04 1.235900e-01
5.067000e+04 1.187320e-01
5.068000e+04 1.140600e-01
5.069000e+04 1.095180e-01
5.070000e+04 1.051030e-01
5.071000e+04 1.008570e-01
5.072000e+04 9.677260e-02
5.073000e+04 9.281340e-02
5.074000e+04 8.897750e-02
5.075000e+04 8.530340e-02
5.076000e+04 8.177080e-02
5.077000e+04 7.835450e-02
5.078000e+04 7.505020e-02
5.079000e+04 7.190410e-02
5.080000e+04 6.887590e-02
5.081000e+04 6.595110e-02
5.082000e+04 6.312740e-02
5.083000e+04 6.045040e-02
5.084000e+04 5.787120e-02
5.085000e+04 5.538420e-02
5.086000e+04 5.299250e-02
5.087000e+04 5.072720e-02
5.088000e+04 4.854540e-02
5.089000e+04 4.644350e-02
5.090000e+04 4.443050e-02
5.091000e+04 4.252270e-02
5.092000e+04 4.068720e-02
5.093000e+04 3.892180e-02
5.094000e+04 3.723750e-02
5.095000e+04 3.563790e-02
5.096000e+04 3.409860e-02
5.097000e+04 3.261940e-02
5.098000e+04 3.121440e-02
5.099000e+04 2.987560e-02
5.100000e+04 2.858840e-02
5.101000e+04 2.735160e-02
5.102000e+04 2.618150e-02
5.103000e+04 2.506360e-02
5.104000e+04 2.398950e-02
5.105000e+04 2.295830e-02
5.106000e+04 2.198630e-02
5.107000e+04 2.105500e-02
5.108000e+04 2.016060e-02
5.109000e+04 1.930200e-02
5.110000e+04 1.849560e-02
5.111000e+04 1.772080e-02
5.112000e+04 1.697640e-02
5.113000e+04 1.626390e-02
5.114000e+04 1.559150e-02
5.115000e+04 1.494450e-02
5.116000e+04 1.432190e-02
5.117000e+04 1.372770e-02
5.118000e+04 1.316440e-02
5.119000e+04 1.262230e-02
5.120000e+04 1.210090e-02
5.121000e+04 1.160440e-02
5.122000e+04 1.113190e-02
5.123000e+04 1.067760e-02
5.124000e+04 1.024090e-02
5.125000e+04 9.827190e-03
5.126000e+04 9.432900e-03
5.127000e+04 9.053960e-03
5.128000e+04 8.689820e-03
5.129000e+04 8.345200e-03
5.130000e+04 8.015300e-03
5.131000e+04 7.697770e-03
5.132000e+04 7.392160e-03
5.133000e+04 7.103700e-03
5.134000e+04 6.826510e-03
5.135000e+04 6.559620e-03
5.136000e+04 6.303320e-03
5.137000e+04 6.061490e-03
5.138000e+04 5.829040e-03
5.139000e+04 5.605720e-03
5.140000e+04 5.392380e-03
5.141000e+04 5.190980e-03
5.142000e+04 4.997160e-03
5.143000e+04 4.810770e-03
5.144000e+04 4.632640e-03
5.145000e+04 4.462380e-03
5.146000e+04 4.297580e-03
5.147000e+04 4.138070e-03
5.148000e+04 3.985170e-03
5.149000e+04 3.837850e-03
5.150000e+04 3.695340e-03
5.151000e+04 3.557580e-03
5.152000e+04 3.426030e-03
5.153000e+04 3.300020e-03
5.154000e+04 3.178630e-03
5.155000e+04 3.061750e-03
5.156000e+04 2.951490e-03
5.157000e+04 2.845840e-03
5.158000e+04 2.744210e-03
5.159000e+04 2.646420e-03
5.160000e+04 2.554300e-03
5.161000e+04 2.465160e-03
5.162000e+04 2.378940e-03
5.163000e+04 2.295910e-03
5.164000e+04 2.216650e-03
5.165000e+04 2.139990e-03
5.166000e+04 2.065980e-03
5.167000e+04 1.995150e-03
5.168000e+04 1.927820e-03
5.169000e+04 1.863020e-03
5.170000e+04 1.800550e-03
5.171000e+04 1.740640e-03
5.172000e+04 1.683110e-03
5.173000e+04 1.627410e-03
5.174000e+04 1.573490e-03
5.175000e+04 1.521810e-03
5.176000e+04 1.472090e-03
5.177000e+04 1.423810e-03
5.178000e+04 1.376870e-03
5.179000e+04 1.331580e-03
5.180000e+04 1.287580e-03
5.181000e+04 1.244930e-03
5.182000e+04 1.203810e-03
5.183000e+04 1.164970e-03
5.184000e+04 1.127520e-03
5.185000e+04 1.091340e-03
5.186000e+04 1.056410e-03
5.187000e+04 1.022590e-03
