# # Wavelength(Angstrom)  Transmission
4.080719e+04 2.736269e-04
4.082070e+04 2.982679e-04
4.083421e+04 3.260848e-04
4.084773e+04 3.567870e-04
4.086124e+04 3.899807e-04
4.087475e+04 4.255916e-04
4.088826e+04 4.647725e-04
4.090178e+04 5.097052e-04
4.091529e+04 5.590974e-04
4.092880e+04 6.126528e-04
4.094231e+04 6.711917e-04
4.095582e+04 7.353174e-04
4.096934e+04 8.055320e-04
4.098285e+04 8.830903e-04
4.099636e+04 9.696402e-04
4.100987e+04 1.064782e-03
4.102339e+04 1.169115e-03
4.103690e+04 1.284047e-03
4.105041e+04 1.413362e-03
4.106392e+04 1.559694e-03
4.107744e+04 1.722883e-03
4.109095e+04 1.903976e-03
4.110446e+04 2.104174e-03
4.111797e+04 2.326469e-03
4.113148e+04 2.575130e-03
4.114500e+04 2.855109e-03
4.115851e+04 3.169898e-03
4.117202e+04 3.523238e-03
4.118553e+04 3.918894e-03
4.119905e+04 4.363629e-03
4.121256e+04 4.865998e-03
4.122607e+04 5.433352e-03
4.123958e+04 6.073099e-03
4.125310e+04 6.797080e-03
4.126661e+04 7.614485e-03
4.128012e+04 8.539809e-03
4.129363e+04 9.584935e-03
4.130715e+04 1.077341e-02
4.132066e+04 1.212600e-02
4.133417e+04 1.366143e-02
4.134768e+04 1.540834e-02
4.136119e+04 1.740245e-02
4.137471e+04 1.967782e-02
4.138822e+04 2.227163e-02
4.140173e+04 2.523641e-02
4.141524e+04 2.861966e-02
4.142876e+04 3.248490e-02
4.144227e+04 3.690377e-02
4.145578e+04 4.194712e-02
4.146929e+04 4.769596e-02
4.148281e+04 5.424639e-02
4.149632e+04 6.168271e-02
4.150983e+04 7.012068e-02
4.152334e+04 7.964066e-02
4.153685e+04 9.031824e-02
4.155037e+04 1.022775e-01
4.156388e+04 1.155772e-01
4.157739e+04 1.302902e-01
4.159090e+04 1.463818e-01
4.160442e+04 1.638007e-01
4.161793e+04 1.825495e-01
4.163144e+04 2.025579e-01
4.164495e+04 2.236510e-01
4.165847e+04 2.455255e-01
4.167198e+04 2.677336e-01
4.168549e+04 2.902079e-01
4.169900e+04 3.127084e-01
4.171251e+04 3.349761e-01
4.172603e+04 3.565103e-01
4.173954e+04 3.766879e-01
4.175305e+04 3.958751e-01
4.176656e+04 4.138385e-01
4.178008e+04 4.305106e-01
4.179359e+04 4.457118e-01
4.180710e+04 4.589873e-01
4.182061e+04 4.709186e-01
4.183413e+04 4.814989e-01
4.184764e+04 4.908111e-01
4.186115e+04 4.988908e-01
4.187466e+04 5.054420e-01
4.188817e+04 5.110588e-01
4.190169e+04 5.158255e-01
4.191520e+04 5.197658e-01
4.192871e+04 5.229487e-01
4.194222e+04 5.254389e-01
4.195574e+04 5.274326e-01
4.196925e+04 5.290074e-01
4.198276e+04 5.302486e-01
4.199627e+04 5.312079e-01
4.200979e+04 5.318757e-01
4.202330e+04 5.323839e-01
4.203681e+04 5.327656e-01
4.205032e+04 5.330728e-01
4.206383e+04 5.332563e-01
4.207735e+04 5.333759e-01
4.209086e+04 5.334911e-01
4.210437e+04 5.335781e-01
4.211788e+04 5.336292e-01
4.213140e+04 5.336886e-01
4.214491e+04 5.337795e-01
4.215842e+04 5.338643e-01
4.217193e+04 5.339517e-01
4.218545e+04 5.340715e-01
4.219896e+04 5.342313e-01
4.221247e+04 5.343651e-01
4.222598e+04 5.345139e-01
4.223949e+04 5.346862e-01
4.225301e+04 5.348664e-01
4.226652e+04 5.350092e-01
4.228003e+04 5.351617e-01
4.229354e+04 5.353207e-01
4.230706e+04 5.354633e-01
4.232057e+04 5.355532e-01
4.233408e+04 5.356626e-01
4.234759e+04 5.357516e-01
4.236111e+04 5.358016e-01
4.237462e+04 5.358216e-01
4.238813e+04 5.358673e-01
4.240164e+04 5.358771e-01
4.241515e+04 5.358635e-01
4.242867e+04 5.358286e-01
4.244218e+04 5.357951e-01
4.245569e+04 5.356927e-01
4.246920e+04 5.355407e-01
4.248272e+04 5.353484e-01
4.249623e+04 5.351413e-01
4.250974e+04 5.348277e-01
4.252325e+04 5.344641e-01
4.253677e+04 5.340618e-01
4.255028e+04 5.336074e-01
4.256379e+04 5.330265e-01
4.257730e+04 5.323566e-01
4.259081e+04 5.316004e-01
4.260433e+04 5.307311e-01
4.261784e+04 5.296913e-01
4.263135e+04 5.284559e-01
4.264486e+04 5.270188e-01
4.265838e+04 5.253209e-01
4.267189e+04 5.233125e-01
4.268540e+04 5.208295e-01
4.269891e+04 5.178782e-01
4.271243e+04 5.145633e-01
4.272594e+04 5.110322e-01
4.273945e+04 5.077695e-01
4.275296e+04 5.059367e-01
4.276648e+04 5.059436e-01
4.277999e+04 5.079253e-01
4.279350e+04 5.119743e-01
4.280701e+04 5.165218e-01
4.282052e+04 5.201843e-01
4.283404e+04 5.226740e-01
4.284755e+04 5.238661e-01
4.286106e+04 5.238808e-01
4.287457e+04 5.235789e-01
4.288809e+04 5.231294e-01
4.290160e+04 5.226685e-01
4.291511e+04 5.221642e-01
4.292862e+04 5.216713e-01
4.294214e+04 5.212235e-01
4.295565e+04 5.207807e-01
4.296916e+04 5.203213e-01
4.298267e+04 5.199111e-01
4.299618e+04 5.195114e-01
4.300970e+04 5.191345e-01
4.302321e+04 5.187701e-01
4.303672e+04 5.184333e-01
4.305023e+04 5.181623e-01
4.306375e+04 5.178989e-01
4.307726e+04 5.176455e-01
4.309077e+04 5.174985e-01
4.310428e+04 5.173724e-01
4.311780e+04 5.172762e-01
4.313131e+04 5.172167e-01
4.314482e+04 5.172063e-01
4.315833e+04 5.172260e-01
4.317184e+04 5.172919e-01
4.318536e+04 5.173332e-01
4.319887e+04 5.174430e-01
4.321238e+04 5.175976e-01
4.322589e+04 5.177281e-01
4.323941e+04 5.178557e-01
4.325292e+04 5.180554e-01
4.326643e+04 5.182076e-01
4.327994e+04 5.183358e-01
4.329346e+04 5.184671e-01
4.330697e+04 5.185835e-01
4.332048e+04 5.186901e-01
4.333399e+04 5.187207e-01
4.334750e+04 5.187035e-01
4.336102e+04 5.186822e-01
4.337453e+04 5.185587e-01
4.338804e+04 5.183592e-01
4.340155e+04 5.181154e-01
4.341507e+04 5.177753e-01
4.342858e+04 5.173439e-01
4.344209e+04 5.168483e-01
4.345560e+04 5.162453e-01
4.346912e+04 5.155687e-01
4.348263e+04 5.148347e-01
4.349614e+04 5.139803e-01
4.350965e+04 5.130696e-01
4.352316e+04 5.121160e-01
4.353668e+04 5.110888e-01
4.355019e+04 5.100114e-01
4.356370e+04 5.089090e-01
4.357721e+04 5.077824e-01
4.359073e+04 5.066345e-01
4.360424e+04 5.054383e-01
4.361775e+04 5.042527e-01
4.363126e+04 5.030438e-01
4.364478e+04 5.017852e-01
4.365829e+04 5.004640e-01
4.367180e+04 4.990723e-01
4.368531e+04 4.975427e-01
4.369882e+04 4.958520e-01
4.371234e+04 4.939105e-01
4.372585e+04 4.916199e-01
4.373936e+04 4.889485e-01
4.375287e+04 4.858411e-01
4.376639e+04 4.819756e-01
4.377990e+04 4.773424e-01
4.379341e+04 4.719524e-01
4.380692e+04 4.657484e-01
4.382044e+04 4.580222e-01
4.383395e+04 4.492455e-01
4.384746e+04 4.393979e-01
4.386097e+04 4.281948e-01
4.387448e+04 4.152283e-01
4.388800e+04 4.011212e-01
4.390151e+04 3.859405e-01
4.391502e+04 3.691034e-01
4.392853e+04 3.509629e-01
4.394205e+04 3.320675e-01
4.395556e+04 3.126087e-01
4.396907e+04 2.917802e-01
4.398258e+04 2.708902e-01
4.399610e+04 2.501451e-01
4.400961e+04 2.294980e-01
4.402312e+04 2.090113e-01
4.403663e+04 1.894144e-01
4.405014e+04 1.708516e-01
4.406366e+04 1.531171e-01
4.407717e+04 1.366223e-01
4.409068e+04 1.215091e-01
4.410419e+04 1.077228e-01
4.411771e+04 9.517008e-02
4.413122e+04 8.394778e-02
4.414473e+04 7.394650e-02
4.415824e+04 6.506137e-02
4.417176e+04 5.721557e-02
4.418527e+04 5.030885e-02
4.419878e+04 4.423851e-02
4.421229e+04 3.893315e-02
4.422580e+04 3.428557e-02
4.423932e+04 3.021518e-02
4.425283e+04 2.666019e-02
4.426634e+04 2.355983e-02
4.427985e+04 2.084456e-02
4.429337e+04 1.846418e-02
4.430688e+04 1.638873e-02
4.432039e+04 1.456729e-02
4.433390e+04 1.296466e-02
4.434742e+04 1.155528e-02
4.436093e+04 1.031635e-02
4.437444e+04 9.222810e-03
4.438795e+04 8.257635e-03
4.440147e+04 7.407133e-03
4.441498e+04 6.651648e-03
4.442849e+04 5.980239e-03
4.444200e+04 5.385972e-03
4.445551e+04 4.856850e-03
4.446903e+04 4.385434e-03
4.448254e+04 3.966300e-03
4.449605e+04 3.594119e-03
4.450956e+04 3.258312e-03
4.452308e+04 2.955348e-03
4.453659e+04 2.684745e-03
4.455010e+04 2.442752e-03
4.456361e+04 2.224465e-03
4.457713e+04 2.026593e-03
4.459064e+04 1.849284e-03
4.460415e+04 1.689770e-03
4.461766e+04 1.546223e-03
4.463117e+04 1.416154e-03
4.464469e+04 1.298377e-03
4.465820e+04 1.191564e-03
4.467171e+04 1.094911e-03
4.468522e+04 1.006241e-03
4.469874e+04 9.252771e-04
4.471225e+04 8.517296e-04
4.472576e+04 7.847104e-04
4.473927e+04 7.234431e-04
4.475279e+04 6.674484e-04
4.476630e+04 6.168575e-04
4.477981e+04 5.698387e-04
4.479332e+04 5.264201e-04
4.480683e+04 4.868325e-04
4.482035e+04 4.512903e-04
4.483386e+04 4.183510e-04
4.484737e+04 3.872264e-04
4.486088e+04 3.593455e-04
4.487440e+04 3.346959e-04
4.488791e+04 3.130386e-04
4.490142e+04 2.915242e-04
4.491493e+04 2.702357e-04
