# # Wavelength(Angstrom)  Transmission
4.753000e+04 1.000000e-04
4.758000e+04 1.000000e-04
4.764000e+04 1.000000e-04
4.770000e+04 1.000000e-04
4.776000e+04 1.000000e-04
4.782000e+04 1.000000e-04
4.787000e+04 1.000000e-04
4.793000e+04 1.000000e-04
4.799000e+04 1.000000e-04
4.805000e+04 2.000000e-04
4.811000e+04 2.000000e-04
4.816000e+04 3.000000e-04
4.822000e+04 3.000000e-04
4.828000e+04 4.000000e-04
4.834000e+04 5.000000e-04
4.840000e+04 6.000000e-04
4.845000e+04 9.000000e-04
4.851000e+04 1.100000e-03
4.857000e+04 1.400000e-03
4.863000e+04 1.700000e-03
4.869000e+04 2.200000e-03
4.874000e+04 2.600000e-03
4.880000e+04 3.100000e-03
4.886000e+04 3.500000e-03
4.892000e+04 4.000000e-03
4.898000e+04 4.400000e-03
4.903000e+04 4.700000e-03
4.909000e+04 5.000000e-03
4.915000e+04 5.300000e-03
4.921000e+04 5.600000e-03
4.927000e+04 6.000000e-03
4.932000e+04 6.400000e-03
4.938000e+04 6.800000e-03
4.944000e+04 7.500000e-03
4.950000e+04 8.300000e-03
4.956000e+04 9.200000e-03
4.961000e+04 1.030000e-02
4.967000e+04 1.210000e-02
4.973000e+04 1.390000e-02
4.979000e+04 1.580000e-02
4.985000e+04 1.940000e-02
4.990000e+04 2.340000e-02
4.996000e+04 2.740000e-02
5.002000e+04 3.320000e-02
5.008000e+04 4.210000e-02
5.014000e+04 5.110000e-02
5.019000e+04 6.010000e-02
5.025000e+04 7.640000e-02
5.031000e+04 9.350000e-02
5.037000e+04 1.107000e-01
5.043000e+04 1.302000e-01
5.048000e+04 1.525000e-01
5.054000e+04 1.749000e-01
5.060000e+04 1.974000e-01
5.066000e+04 2.123000e-01
5.072000e+04 2.273000e-01
5.077000e+04 2.424000e-01
5.083000e+04 2.507000e-01
5.089000e+04 2.536000e-01
5.095000e+04 2.565000e-01
5.101000e+04 2.589000e-01
5.106000e+04 2.568000e-01
5.112000e+04 2.547000e-01
5.118000e+04 2.525000e-01
5.124000e+04 2.505000e-01
5.130000e+04 2.486000e-01
5.135000e+04 2.467000e-01
5.141000e+04 2.452000e-01
5.147000e+04 2.453000e-01
5.153000e+04 2.454000e-01
5.159000e+04 2.455000e-01
5.164000e+04 2.476000e-01
5.170000e+04 2.503000e-01
5.176000e+04 2.530000e-01
5.182000e+04 2.562000e-01
5.188000e+04 2.605000e-01
5.193000e+04 2.648000e-01
5.199000e+04 2.692000e-01
5.205000e+04 2.726000e-01
5.211000e+04 2.760000e-01
5.217000e+04 2.794000e-01
5.222000e+04 2.815000e-01
5.228000e+04 2.817000e-01
5.234000e+04 2.820000e-01
5.240000e+04 2.823000e-01
5.246000e+04 2.796000e-01
5.251000e+04 2.767000e-01
5.257000e+04 2.738000e-01
5.263000e+04 2.704000e-01
5.269000e+04 2.664000e-01
5.275000e+04 2.625000e-01
5.280000e+04 2.585000e-01
5.286000e+04 2.551000e-01
5.292000e+04 2.518000e-01
5.298000e+04 2.484000e-01
5.304000e+04 2.459000e-01
5.309000e+04 2.439000e-01
5.315000e+04 2.420000e-01
5.321000e+04 2.404000e-01
5.327000e+04 2.407000e-01
5.333000e+04 2.410000e-01
5.338000e+04 2.413000e-01
5.344000e+04 2.431000e-01
5.350000e+04 2.454000e-01
5.356000e+04 2.478000e-01
5.362000e+04 2.503000e-01
5.367000e+04 2.534000e-01
5.373000e+04 2.564000e-01
5.379000e+04 2.595000e-01
5.385000e+04 2.634000e-01
5.391000e+04 2.674000e-01
5.396000e+04 2.714000e-01
5.402000e+04 2.756000e-01
5.408000e+04 2.800000e-01
5.414000e+04 2.844000e-01
5.420000e+04 2.889000e-01
5.425000e+04 2.901000e-01
5.431000e+04 2.911000e-01
5.437000e+04 2.920000e-01
5.443000e+04 2.923000e-01
5.449000e+04 2.920000e-01
5.454000e+04 2.916000e-01
5.460000e+04 2.911000e-01
5.466000e+04 2.886000e-01
5.472000e+04 2.860000e-01
5.478000e+04 2.834000e-01
5.483000e+04 2.803000e-01
5.489000e+04 2.768000e-01
5.495000e+04 2.732000e-01
5.501000e+04 2.700000e-01
5.507000e+04 2.683000e-01
5.512000e+04 2.667000e-01
5.518000e+04 2.651000e-01
5.524000e+04 2.646000e-01
5.530000e+04 2.646000e-01
5.536000e+04 2.646000e-01
5.541000e+04 2.653000e-01
5.547000e+04 2.682000e-01
5.553000e+04 2.711000e-01
5.559000e+04 2.740000e-01
5.565000e+04 2.787000e-01
5.570000e+04 2.838000e-01
5.576000e+04 2.889000e-01
5.582000e+04 2.936000e-01
5.588000e+04 2.976000e-01
5.594000e+04 3.016000e-01
5.599000e+04 3.056000e-01
5.605000e+04 3.096000e-01
5.611000e+04 3.135000e-01
5.617000e+04 3.175000e-01
5.623000e+04 3.207000e-01
5.628000e+04 3.230000e-01
5.634000e+04 3.254000e-01
5.640000e+04 3.277000e-01
5.646000e+04 3.258000e-01
5.652000e+04 3.240000e-01
5.657000e+04 3.221000e-01
5.663000e+04 3.203000e-01
5.669000e+04 3.185000e-01
5.675000e+04 3.167000e-01
5.681000e+04 3.150000e-01
5.686000e+04 3.133000e-01
5.692000e+04 3.117000e-01
5.698000e+04 3.101000e-01
5.704000e+04 3.101000e-01
5.710000e+04 3.110000e-01
5.715000e+04 3.118000e-01
5.721000e+04 3.127000e-01
5.727000e+04 3.133000e-01
5.733000e+04 3.140000e-01
5.739000e+04 3.147000e-01
5.744000e+04 3.166000e-01
5.750000e+04 3.189000e-01
5.756000e+04 3.212000e-01
5.762000e+04 3.233000e-01
5.768000e+04 3.250000e-01
5.773000e+04 3.267000e-01
5.779000e+04 3.283000e-01
5.785000e+04 3.291000e-01
5.791000e+04 3.298000e-01
5.797000e+04 3.305000e-01
5.802000e+04 3.321000e-01
5.808000e+04 3.350000e-01
5.814000e+04 3.378000e-01
5.820000e+04 3.407000e-01
5.826000e+04 3.399000e-01
5.831000e+04 3.389000e-01
5.837000e+04 3.379000e-01
5.843000e+04 3.375000e-01
5.849000e+04 3.378000e-01
5.855000e+04 3.381000e-01
5.860000e+04 3.385000e-01
5.866000e+04 3.395000e-01
5.872000e+04 3.405000e-01
5.878000e+04 3.416000e-01
5.884000e+04 3.401000e-01
5.889000e+04 3.372000e-01
5.895000e+04 3.343000e-01
5.901000e+04 3.314000e-01
5.907000e+04 3.285000e-01
5.913000e+04 3.255000e-01
5.918000e+04 3.225000e-01
5.924000e+04 3.218000e-01
5.930000e+04 3.218000e-01
5.936000e+04 3.219000e-01
5.942000e+04 3.211000e-01
5.947000e+04 3.181000e-01
5.953000e+04 3.150000e-01
5.959000e+04 3.119000e-01
5.965000e+04 3.121000e-01
5.971000e+04 3.131000e-01
5.976000e+04 3.140000e-01
5.982000e+04 3.150000e-01
5.988000e+04 3.161000e-01
5.994000e+04 3.171000e-01
6.000000e+04 3.182000e-01
6.005000e+04 3.202000e-01
6.011000e+04 3.222000e-01
6.017000e+04 3.243000e-01
6.023000e+04 3.266000e-01
6.029000e+04 3.291000e-01
6.034000e+04 3.317000e-01
6.040000e+04 3.341000e-01
6.046000e+04 3.349000e-01
6.052000e+04 3.356000e-01
6.058000e+04 3.363000e-01
6.063000e+04 3.355000e-01
6.069000e+04 3.338000e-01
6.075000e+04 3.321000e-01
6.081000e+04 3.300000e-01
6.087000e+04 3.257000e-01
6.092000e+04 3.215000e-01
6.098000e+04 3.173000e-01
6.104000e+04 3.120000e-01
6.110000e+04 3.062000e-01
6.116000e+04 3.004000e-01
6.121000e+04 2.930000e-01
6.127000e+04 2.806000e-01
6.133000e+04 2.682000e-01
6.139000e+04 2.558000e-01
6.145000e+04 2.410000e-01
6.150000e+04 2.257000e-01
6.156000e+04 2.103000e-01
6.162000e+04 1.946000e-01
6.168000e+04 1.784000e-01
6.174000e+04 1.622000e-01
6.179000e+04 1.459000e-01
6.185000e+04 1.321000e-01
6.191000e+04 1.186000e-01
6.197000e+04 1.050000e-01
6.203000e+04 9.360000e-02
6.208000e+04 8.480000e-02
6.214000e+04 7.610000e-02
6.220000e+04 6.730000e-02
6.226000e+04 6.180000e-02
6.232000e+04 5.630000e-02
6.237000e+04 5.090000e-02
6.243000e+04 4.660000e-02
6.249000e+04 4.330000e-02
6.255000e+04 4.010000e-02
6.261000e+04 3.690000e-02
6.266000e+04 3.490000e-02
6.272000e+04 3.290000e-02
6.278000e+04 3.090000e-02
6.284000e+04 2.930000e-02
6.290000e+04 2.800000e-02
6.295000e+04 2.660000e-02
6.301000e+04 2.530000e-02
6.307000e+04 2.420000e-02
6.313000e+04 2.300000e-02
6.319000e+04 2.190000e-02
6.324000e+04 2.070000e-02
6.330000e+04 1.950000e-02
6.336000e+04 1.830000e-02
6.342000e+04 1.700000e-02
6.348000e+04 1.560000e-02
6.353000e+04 1.420000e-02
6.359000e+04 1.280000e-02
6.365000e+04 1.150000e-02
6.371000e+04 1.030000e-02
6.377000e+04 9.100000e-03
6.382000e+04 8.100000e-03
6.388000e+04 7.200000e-03
6.394000e+04 6.400000e-03
6.400000e+04 5.500000e-03
6.406000e+04 5.000000e-03
6.411000e+04 4.500000e-03
6.417000e+04 3.900000e-03
6.423000e+04 3.500000e-03
6.429000e+04 3.100000e-03
6.435000e+04 2.700000e-03
6.440000e+04 2.400000e-03
6.446000e+04 2.200000e-03
6.452000e+04 2.000000e-03
6.458000e+04 1.800000e-03
6.464000e+04 1.600000e-03
6.469000e+04 1.500000e-03
6.475000e+04 1.400000e-03
6.481000e+04 1.300000e-03
6.487000e+04 1.200000e-03
6.493000e+04 1.200000e-03
6.498000e+04 1.100000e-03
6.504000e+04 1.100000e-03
6.510000e+04 1.000000e-03
6.516000e+04 1.000000e-03
6.522000e+04 9.000000e-04
6.527000e+04 9.000000e-04
6.533000e+04 9.000000e-04
6.539000e+04 8.000000e-04
6.545000e+04 8.000000e-04
6.551000e+04 8.000000e-04
6.556000e+04 8.000000e-04
6.562000e+04 8.000000e-04
6.568000e+04 8.000000e-04
6.574000e+04 7.000000e-04
6.580000e+04 7.000000e-04
6.585000e+04 7.000000e-04
6.591000e+04 7.000000e-04
6.597000e+04 7.000000e-04
6.603000e+04 7.000000e-04
6.609000e+04 6.000000e-04
6.614000e+04 6.000000e-04
6.620000e+04 5.000000e-04
6.626000e+04 5.000000e-04
6.632000e+04 5.000000e-04
6.638000e+04 4.000000e-04
6.643000e+04 4.000000e-04
6.649000e+04 3.000000e-04
6.655000e+04 3.000000e-04
6.661000e+04 3.000000e-04
6.667000e+04 2.000000e-04
6.672000e+04 2.000000e-04
6.678000e+04 1.000000e-04
6.684000e+04 1.000000e-04
6.690000e+04 1.000000e-04
6.696000e+04 1.000000e-04
