# # Wavelength(Angstrom)  Transmission
1.714100e+05 1.000000e-04
1.714700e+05 1.000000e-04
1.715300e+05 1.000000e-04
1.715900e+05 1.000000e-04
1.716500e+05 1.000000e-04
1.717000e+05 1.000000e-04
1.717600e+05 1.000000e-04
1.718200e+05 1.000000e-04
1.718800e+05 1.000000e-04
1.719400e+05 2.000000e-04
1.719900e+05 2.000000e-04
1.720500e+05 2.000000e-04
1.721100e+05 2.000000e-04
1.721700e+05 2.000000e-04
1.722300e+05 2.000000e-04
1.722800e+05 2.000000e-04
1.723400e+05 3.000000e-04
1.724000e+05 3.000000e-04
1.724600e+05 3.000000e-04
1.725200e+05 3.000000e-04
1.725700e+05 3.000000e-04
1.726300e+05 3.000000e-04
1.726900e+05 3.000000e-04
1.727500e+05 3.000000e-04
1.728100e+05 4.000000e-04
1.728600e+05 4.000000e-04
1.729200e+05 4.000000e-04
1.729800e+05 4.000000e-04
1.730400e+05 4.000000e-04
1.731000e+05 3.000000e-04
1.731500e+05 3.000000e-04
1.732100e+05 3.000000e-04
1.732700e+05 3.000000e-04
1.733300e+05 3.000000e-04
1.733900e+05 3.000000e-04
1.734400e+05 3.000000e-04
1.735000e+05 3.000000e-04
1.735600e+05 3.000000e-04
1.736200e+05 3.000000e-04
1.736800e+05 3.000000e-04
1.737300e+05 3.000000e-04
1.737900e+05 3.000000e-04
1.738500e+05 3.000000e-04
1.739100e+05 3.000000e-04
1.739700e+05 2.000000e-04
1.740200e+05 2.000000e-04
1.740800e+05 2.000000e-04
1.741400e+05 2.000000e-04
1.742000e+05 2.000000e-04
1.742600e+05 2.000000e-04
1.743100e+05 2.000000e-04
1.743700e+05 2.000000e-04
1.744300e+05 2.000000e-04
1.744900e+05 2.000000e-04
1.745500e+05 2.000000e-04
1.746000e+05 2.000000e-04
1.746600e+05 3.000000e-04
1.747200e+05 3.000000e-04
1.747800e+05 3.000000e-04
1.748400e+05 3.000000e-04
1.748900e+05 3.000000e-04
1.749500e+05 3.000000e-04
1.750100e+05 3.000000e-04
1.750700e+05 3.000000e-04
1.751300e+05 3.000000e-04
1.751800e+05 4.000000e-04
1.752400e+05 4.000000e-04
1.753000e+05 4.000000e-04
1.753600e+05 4.000000e-04
1.754200e+05 5.000000e-04
1.754700e+05 5.000000e-04
1.755300e+05 5.000000e-04
1.755900e+05 6.000000e-04
1.756500e+05 6.000000e-04
1.757100e+05 7.000000e-04
1.757600e+05 7.000000e-04
1.758200e+05 8.000000e-04
1.758800e+05 8.000000e-04
1.759400e+05 8.000000e-04
1.760000e+05 9.000000e-04
1.760500e+05 9.000000e-04
1.761100e+05 1.000000e-03
1.761700e+05 1.000000e-03
1.762300e+05 1.100000e-03
1.762900e+05 1.100000e-03
1.763400e+05 1.200000e-03
1.764000e+05 1.200000e-03
1.764600e+05 1.200000e-03
1.765200e+05 1.300000e-03
1.765800e+05 1.300000e-03
1.766300e+05 1.300000e-03
1.766900e+05 1.400000e-03
1.767500e+05 1.400000e-03
1.768100e+05 1.400000e-03
1.768700e+05 1.400000e-03
1.769200e+05 1.400000e-03
1.769800e+05 1.500000e-03
1.770400e+05 1.500000e-03
1.771000e+05 1.500000e-03
1.771600e+05 1.500000e-03
1.772100e+05 1.500000e-03
1.772700e+05 1.600000e-03
1.773300e+05 1.600000e-03
1.773900e+05 1.600000e-03
1.774500e+05 1.600000e-03
1.775000e+05 1.700000e-03
1.775600e+05 1.700000e-03
1.776200e+05 1.700000e-03
1.776800e+05 1.700000e-03
1.777400e+05 1.800000e-03
1.777900e+05 1.800000e-03
1.778500e+05 1.900000e-03
1.779100e+05 1.900000e-03
1.779700e+05 2.000000e-03
1.780300e+05 2.000000e-03
1.780800e+05 2.100000e-03
1.781400e+05 2.200000e-03
1.782000e+05 2.200000e-03
1.782600e+05 2.300000e-03
1.783200e+05 2.400000e-03
1.783700e+05 2.500000e-03
1.784300e+05 2.500000e-03
1.784900e+05 2.600000e-03
1.785500e+05 2.700000e-03
1.786100e+05 2.800000e-03
1.786600e+05 3.000000e-03
1.787200e+05 3.100000e-03
1.787800e+05 3.200000e-03
1.788400e+05 3.300000e-03
1.789000e+05 3.400000e-03
1.789500e+05 3.600000e-03
1.790100e+05 3.700000e-03
1.790700e+05 3.800000e-03
1.791300e+05 4.000000e-03
1.791900e+05 4.100000e-03
1.792400e+05 4.300000e-03
1.793000e+05 4.400000e-03
1.793600e+05 4.600000e-03
1.794200e+05 4.700000e-03
1.794800e+05 4.900000e-03
1.795300e+05 5.100000e-03
1.795900e+05 5.200000e-03
1.796500e+05 5.400000e-03
1.797100e+05 5.600000e-03
1.797700e+05 5.800000e-03
1.798200e+05 6.000000e-03
1.798800e+05 6.200000e-03
1.799400e+05 6.400000e-03
1.800000e+05 6.700000e-03
1.800600e+05 6.900000e-03
1.801100e+05 7.200000e-03
1.801700e+05 7.400000e-03
1.802300e+05 7.700000e-03
1.802900e+05 8.000000e-03
1.803500e+05 8.300000e-03
1.804000e+05 8.600000e-03
1.804600e+05 8.900000e-03
1.805200e+05 9.200000e-03
1.805800e+05 9.600000e-03
1.806400e+05 9.900000e-03
1.806900e+05 1.030000e-02
1.807500e+05 1.070000e-02
1.808100e+05 1.110000e-02
1.808700e+05 1.160000e-02
1.809300e+05 1.210000e-02
1.809800e+05 1.260000e-02
1.810400e+05 1.310000e-02
1.811000e+05 1.360000e-02
1.811600e+05 1.420000e-02
1.812200e+05 1.480000e-02
1.812700e+05 1.540000e-02
1.813300e+05 1.610000e-02
1.813900e+05 1.670000e-02
1.814500e+05 1.750000e-02
1.815100e+05 1.820000e-02
1.815600e+05 1.900000e-02
1.816200e+05 1.980000e-02
1.816800e+05 2.070000e-02
1.817400e+05 2.160000e-02
1.818000e+05 2.240000e-02
1.818500e+05 2.350000e-02
1.819100e+05 2.450000e-02
1.819700e+05 2.550000e-02
1.820300e+05 2.660000e-02
1.820900e+05 2.780000e-02
1.821400e+05 2.900000e-02
1.822000e+05 3.020000e-02
1.822600e+05 3.160000e-02
1.823200e+05 3.290000e-02
1.823800e+05 3.430000e-02
1.824300e+05 3.580000e-02
1.824900e+05 3.730000e-02
1.825500e+05 3.890000e-02
1.826100e+05 4.050000e-02
1.826700e+05 4.230000e-02
1.827200e+05 4.400000e-02
1.827800e+05 4.580000e-02
1.828400e+05 4.780000e-02
1.829000e+05 4.980000e-02
1.829600e+05 5.180000e-02
1.830100e+05 5.390000e-02
1.830700e+05 5.610000e-02
1.831300e+05 5.840000e-02
1.831900e+05 6.070000e-02
1.832500e+05 6.320000e-02
1.833000e+05 6.580000e-02
1.833600e+05 6.840000e-02
1.834200e+05 7.100000e-02
1.834800e+05 7.390000e-02
1.835400e+05 7.680000e-02
1.835900e+05 7.970000e-02
1.836500e+05 8.280000e-02
1.837100e+05 8.600000e-02
1.837700e+05 8.930000e-02
1.838300e+05 9.260000e-02
1.838800e+05 9.610000e-02
1.839400e+05 9.960000e-02
1.840000e+05 1.031000e-01
1.840600e+05 1.070000e-01
1.841200e+05 1.108000e-01
1.841700e+05 1.146000e-01
1.842300e+05 1.186000e-01
1.842900e+05 1.226000e-01
1.843500e+05 1.267000e-01
1.844100e+05 1.308000e-01
1.844600e+05 1.351000e-01
1.845200e+05 1.394000e-01
1.845800e+05 1.437000e-01
1.846400e+05 1.481000e-01
1.847000e+05 1.525000e-01
1.847500e+05 1.570000e-01
1.848100e+05 1.614000e-01
1.848700e+05 1.660000e-01
1.849300e+05 1.705000e-01
1.849900e+05 1.750000e-01
1.850400e+05 1.795000e-01
1.851000e+05 1.840000e-01
1.851600e+05 1.884000e-01
1.852200e+05 1.928000e-01
1.852800e+05 1.972000e-01
1.853300e+05 2.015000e-01
1.853900e+05 2.058000e-01
1.854500e+05 2.101000e-01
1.855100e+05 2.143000e-01
1.855700e+05 2.185000e-01
1.856200e+05 2.227000e-01
1.856800e+05 2.267000e-01
1.857400e+05 2.306000e-01
1.858000e+05 2.346000e-01
1.858600e+05 2.383000e-01
1.859100e+05 2.420000e-01
1.859700e+05 2.458000e-01
1.860300e+05 2.493000e-01
1.860900e+05 2.526000e-01
1.861500e+05 2.560000e-01
1.862000e+05 2.593000e-01
1.862600e+05 2.623000e-01
1.863200e+05 2.653000e-01
1.863800e+05 2.683000e-01
1.864400e+05 2.711000e-01
1.864900e+05 2.737000e-01
1.865500e+05 2.763000e-01
1.866100e+05 2.789000e-01
1.866700e+05 2.811000e-01
1.867300e+05 2.833000e-01
1.867800e+05 2.856000e-01
1.868400e+05 2.876000e-01
1.869000e+05 2.894000e-01
1.869600e+05 2.913000e-01
1.870200e+05 2.931000e-01
1.870700e+05 2.946000e-01
1.871300e+05 2.961000e-01
1.871900e+05 2.977000e-01
1.872500e+05 2.990000e-01
1.873100e+05 3.002000e-01
1.873600e+05 3.014000e-01
1.874200e+05 3.025000e-01
1.874800e+05 3.034000e-01
1.875400e+05 3.043000e-01
1.876000e+05 3.053000e-01
1.876500e+05 3.059000e-01
1.877100e+05 3.066000e-01
1.877700e+05 3.073000e-01
1.878300e+05 3.078000e-01
1.878900e+05 3.082000e-01
1.879400e+05 3.086000e-01
1.880000e+05 3.090000e-01
1.880600e+05 3.093000e-01
1.881200e+05 3.095000e-01
1.881800e+05 3.097000e-01
1.882300e+05 3.098000e-01
1.882900e+05 3.099000e-01
1.883500e+05 3.099000e-01
1.884100e+05 3.099000e-01
1.884700e+05 3.099000e-01
1.885200e+05 3.098000e-01
1.885800e+05 3.098000e-01
1.886400e+05 3.096000e-01
1.887000e+05 3.095000e-01
1.887600e+05 3.093000e-01
1.888100e+05 3.092000e-01
1.888700e+05 3.090000e-01
1.889300e+05 3.089000e-01
1.889900e+05 3.087000e-01
1.890500e+05 3.086000e-01
1.891000e+05 3.084000e-01
1.891600e+05 3.082000e-01
1.892200e+05 3.081000e-01
1.892800e+05 3.079000e-01
1.893400e+05 3.078000e-01
1.893900e+05 3.076000e-01
1.894500e+05 3.075000e-01
1.895100e+05 3.074000e-01
1.895700e+05 3.073000e-01
1.896300e+05 3.072000e-01
1.896800e+05 3.071000e-01
1.897400e+05 3.070000e-01
1.898000e+05 3.068000e-01
1.898600e+05 3.067000e-01
1.899200e+05 3.066000e-01
1.899700e+05 3.065000e-01
1.900300e+05 3.065000e-01
1.900900e+05 3.065000e-01
1.901500e+05 3.065000e-01
1.902100e+05 3.065000e-01
1.902600e+05 3.065000e-01
1.903200e+05 3.065000e-01
1.903800e+05 3.065000e-01
1.904400e+05 3.064000e-01
1.905000e+05 3.063000e-01
1.905500e+05 3.063000e-01
1.906100e+05 3.062000e-01
1.906700e+05 3.060000e-01
1.907300e+05 3.059000e-01
1.907900e+05 3.058000e-01
1.908400e+05 3.056000e-01
1.909000e+05 3.054000e-01
1.909600e+05 3.052000e-01
1.910200e+05 3.050000e-01
1.910800e+05 3.047000e-01
1.911300e+05 3.045000e-01
1.911900e+05 3.043000e-01
1.912500e+05 3.040000e-01
1.913100e+05 3.037000e-01
1.913700e+05 3.035000e-01
1.914200e+05 3.032000e-01
1.914800e+05 3.029000e-01
1.915400e+05 3.027000e-01
1.916000e+05 3.024000e-01
1.916600e+05 3.021000e-01
1.917100e+05 3.018000e-01
1.917700e+05 3.016000e-01
1.918300e+05 3.013000e-01
1.918900e+05 3.011000e-01
1.919500e+05 3.008000e-01
1.920000e+05 3.006000e-01
1.920600e+05 3.004000e-01
1.921200e+05 3.002000e-01
1.921800e+05 3.000000e-01
1.922400e+05 2.998000e-01
1.922900e+05 2.996000e-01
1.923500e+05 2.995000e-01
1.924100e+05 2.993000e-01
1.924700e+05 2.992000e-01
1.925300e+05 2.990000e-01
1.925800e+05 2.989000e-01
1.926400e+05 2.988000e-01
1.927000e+05 2.987000e-01
1.927600e+05 2.986000e-01
1.928200e+05 2.985000e-01
1.928700e+05 2.984000e-01
1.929300e+05 2.983000e-01
1.929900e+05 2.983000e-01
1.930500e+05 2.982000e-01
1.931100e+05 2.981000e-01
1.931600e+05 2.980000e-01
1.932200e+05 2.979000e-01
1.932800e+05 2.978000e-01
1.933400e+05 2.978000e-01
1.934000e+05 2.977000e-01
1.934500e+05 2.975000e-01
1.935100e+05 2.974000e-01
1.935700e+05 2.973000e-01
1.936300e+05 2.972000e-01
1.936900e+05 2.971000e-01
1.937400e+05 2.969000e-01
1.938000e+05 2.968000e-01
1.938600e+05 2.966000e-01
1.939200e+05 2.964000e-01
1.939800e+05 2.962000e-01
1.940300e+05 2.960000e-01
1.940900e+05 2.958000e-01
1.941500e+05 2.956000e-01
1.942100e+05 2.954000e-01
1.942700e+05 2.952000e-01
1.943200e+05 2.949000e-01
1.943800e+05 2.947000e-01
1.944400e+05 2.945000e-01
1.945000e+05 2.942000e-01
1.945600e+05 2.940000e-01
1.946100e+05 2.937000e-01
1.946700e+05 2.934000e-01
1.947300e+05 2.932000e-01
1.947900e+05 2.929000e-01
1.948500e+05 2.927000e-01
1.949000e+05 2.924000e-01
1.949600e+05 2.922000e-01
1.950200e+05 2.920000e-01
1.950800e+05 2.919000e-01
1.951400e+05 2.918000e-01
1.951900e+05 2.917000e-01
1.952500e+05 2.916000e-01
1.953100e+05 2.915000e-01
1.953700e+05 2.914000e-01
1.954300e+05 2.913000e-01
1.954800e+05 2.913000e-01
1.955400e+05 2.912000e-01
1.956000e+05 2.911000e-01
1.956600e+05 2.911000e-01
1.957200e+05 2.910000e-01
1.957700e+05 2.910000e-01
1.958300e+05 2.909000e-01
1.958900e+05 2.909000e-01
1.959500e+05 2.908000e-01
1.960100e+05 2.908000e-01
1.960600e+05 2.908000e-01
1.961200e+05 2.908000e-01
1.961800e+05 2.908000e-01
1.962400e+05 2.908000e-01
1.963000e+05 2.908000e-01
1.963500e+05 2.908000e-01
1.964100e+05 2.908000e-01
1.964700e+05 2.908000e-01
1.965300e+05 2.909000e-01
1.965900e+05 2.909000e-01
1.966400e+05 2.909000e-01
1.967000e+05 2.910000e-01
1.967600e+05 2.910000e-01
1.968200e+05 2.910000e-01
1.968800e+05 2.911000e-01
1.969300e+05 2.911000e-01
1.969900e+05 2.912000e-01
1.970500e+05 2.912000e-01
1.971100e+05 2.913000e-01
1.971700e+05 2.913000e-01
1.972200e+05 2.914000e-01
1.972800e+05 2.915000e-01
1.973400e+05 2.915000e-01
1.974000e+05 2.916000e-01
1.974600e+05 2.917000e-01
1.975100e+05 2.917000e-01
1.975700e+05 2.918000e-01
1.976300e+05 2.919000e-01
1.976900e+05 2.920000e-01
1.977500e+05 2.921000e-01
1.978000e+05 2.923000e-01
1.978600e+05 2.924000e-01
1.979200e+05 2.926000e-01
1.979800e+05 2.927000e-01
1.980400e+05 2.929000e-01
1.980900e+05 2.931000e-01
1.981500e+05 2.933000e-01
1.982100e+05 2.936000e-01
1.982700e+05 2.938000e-01
1.983300e+05 2.941000e-01
1.983800e+05 2.943000e-01
1.984400e+05 2.946000e-01
1.985000e+05 2.949000e-01
1.985600e+05 2.952000e-01
1.986200e+05 2.955000e-01
1.986700e+05 2.959000e-01
1.987300e+05 2.962000e-01
1.987900e+05 2.965000e-01
1.988500e+05 2.969000e-01
1.989100e+05 2.973000e-01
1.989600e+05 2.976000e-01
1.990200e+05 2.980000e-01
1.990800e+05 2.983000e-01
1.991400e+05 2.987000e-01
1.992000e+05 2.990000e-01
1.992500e+05 2.994000e-01
1.993100e+05 2.997000e-01
1.993700e+05 3.000000e-01
1.994300e+05 3.004000e-01
1.994900e+05 3.007000e-01
1.995400e+05 3.010000e-01
1.996000e+05 3.013000e-01
1.996600e+05 3.016000e-01
1.997200e+05 3.019000e-01
1.997800e+05 3.022000e-01
1.998300e+05 3.024000e-01
1.998900e+05 3.027000e-01
1.999500e+05 3.030000e-01
2.000100e+05 3.032000e-01
2.000700e+05 3.035000e-01
2.001200e+05 3.037000e-01
2.001800e+05 3.040000e-01
2.002400e+05 3.042000e-01
2.003000e+05 3.044000e-01
2.003600e+05 3.046000e-01
2.004100e+05 3.049000e-01
2.004700e+05 3.051000e-01
2.005300e+05 3.053000e-01
2.005900e+05 3.055000e-01
2.006500e+05 3.057000e-01
2.007000e+05 3.059000e-01
2.007600e+05 3.061000e-01
2.008200e+05 3.063000e-01
2.008800e+05 3.065000e-01
2.009400e+05 3.067000e-01
2.009900e+05 3.069000e-01
2.010500e+05 3.071000e-01
2.011100e+05 3.073000e-01
2.011700e+05 3.075000e-01
2.012300e+05 3.076000e-01
2.012800e+05 3.078000e-01
2.013400e+05 3.080000e-01
2.014000e+05 3.081000e-01
2.014600e+05 3.083000e-01
2.015200e+05 3.085000e-01
2.015700e+05 3.086000e-01
2.016300e+05 3.088000e-01
2.016900e+05 3.089000e-01
2.017500e+05 3.091000e-01
2.018100e+05 3.092000e-01
2.018600e+05 3.094000e-01
2.019200e+05 3.095000e-01
2.019800e+05 3.097000e-01
2.020400e+05 3.099000e-01
2.021000e+05 3.100000e-01
2.021500e+05 3.102000e-01
2.022100e+05 3.104000e-01
2.022700e+05 3.105000e-01
2.023300e+05 3.107000e-01
2.023900e+05 3.109000e-01
2.024400e+05 3.111000e-01
2.025000e+05 3.113000e-01
2.025600e+05 3.115000e-01
2.026200e+05 3.117000e-01
2.026800e+05 3.119000e-01
2.027300e+05 3.121000e-01
2.027900e+05 3.123000e-01
2.028500e+05 3.125000e-01
2.029100e+05 3.127000e-01
2.029700e+05 3.129000e-01
2.030200e+05 3.131000e-01
2.030800e+05 3.133000e-01
2.031400e+05 3.135000e-01
2.032000e+05 3.137000e-01
2.032600e+05 3.139000e-01
2.033100e+05 3.141000e-01
2.033700e+05 3.142000e-01
2.034300e+05 3.144000e-01
2.034900e+05 3.146000e-01
2.035500e+05 3.148000e-01
2.036000e+05 3.149000e-01
2.036600e+05 3.151000e-01
2.037200e+05 3.152000e-01
2.037800e+05 3.153000e-01
2.038400e+05 3.155000e-01
2.038900e+05 3.156000e-01
2.039500e+05 3.157000e-01
2.040100e+05 3.158000e-01
2.040700e+05 3.159000e-01
2.041300e+05 3.159000e-01
2.041800e+05 3.160000e-01
2.042400e+05 3.161000e-01
2.043000e+05 3.161000e-01
2.043600e+05 3.162000e-01
2.044200e+05 3.162000e-01
2.044700e+05 3.163000e-01
2.045300e+05 3.163000e-01
2.045900e+05 3.164000e-01
2.046500e+05 3.164000e-01
2.047100e+05 3.164000e-01
2.047600e+05 3.164000e-01
2.048200e+05 3.164000e-01
2.048800e+05 3.165000e-01
2.049400e+05 3.165000e-01
2.050000e+05 3.165000e-01
2.050500e+05 3.162000e-01
2.051100e+05 3.159000e-01
2.051700e+05 3.157000e-01
2.052300e+05 3.154000e-01
2.052900e+05 3.151000e-01
2.053400e+05 3.149000e-01
2.054000e+05 3.146000e-01
2.054600e+05 3.143000e-01
2.055200e+05 3.141000e-01
2.055800e+05 3.138000e-01
2.056300e+05 3.135000e-01
2.056900e+05 3.133000e-01
2.057500e+05 3.130000e-01
2.058100e+05 3.128000e-01
2.058700e+05 3.125000e-01
2.059200e+05 3.123000e-01
2.059800e+05 3.121000e-01
2.060400e+05 3.118000e-01
2.061000e+05 3.116000e-01
2.061600e+05 3.114000e-01
2.062100e+05 3.111000e-01
2.062700e+05 3.109000e-01
2.063300e+05 3.107000e-01
2.063900e+05 3.105000e-01
2.064500e+05 3.103000e-01
2.065000e+05 3.100000e-01
2.065600e+05 3.098000e-01
2.066200e+05 3.096000e-01
2.066800e+05 3.094000e-01
2.067400e+05 3.092000e-01
2.067900e+05 3.089000e-01
2.068500e+05 3.087000e-01
2.069100e+05 3.085000e-01
2.069700e+05 3.082000e-01
2.070300e+05 3.080000e-01
2.070800e+05 3.078000e-01
2.071400e+05 3.075000e-01
2.072000e+05 3.073000e-01
2.072600e+05 3.070000e-01
2.073200e+05 3.067000e-01
2.073700e+05 3.065000e-01
2.074300e+05 3.062000e-01
2.074900e+05 3.059000e-01
2.075500e+05 3.057000e-01
2.076100e+05 3.054000e-01
2.076600e+05 3.051000e-01
2.077200e+05 3.048000e-01
2.077800e+05 3.045000e-01
2.078400e+05 3.042000e-01
2.079000e+05 3.038000e-01
2.079500e+05 3.035000e-01
2.080100e+05 3.032000e-01
2.080700e+05 3.029000e-01
2.081300e+05 3.025000e-01
2.081900e+05 3.022000e-01
2.082400e+05 3.018000e-01
2.083000e+05 3.015000e-01
2.083600e+05 3.011000e-01
2.084200e+05 3.008000e-01
2.084800e+05 3.004000e-01
2.085300e+05 3.000000e-01
2.085900e+05 2.997000e-01
2.086500e+05 2.993000e-01
2.087100e+05 2.989000e-01
2.087700e+05 2.985000e-01
2.088200e+05 2.982000e-01
2.088800e+05 2.978000e-01
2.089400e+05 2.974000e-01
2.090000e+05 2.970000e-01
2.090600e+05 2.966000e-01
2.091100e+05 2.962000e-01
2.091700e+05 2.958000e-01
2.092300e+05 2.953000e-01
2.092900e+05 2.949000e-01
2.093500e+05 2.945000e-01
2.094000e+05 2.941000e-01
2.094600e+05 2.936000e-01
2.095200e+05 2.932000e-01
2.095800e+05 2.928000e-01
2.096400e+05 2.924000e-01
2.096900e+05 2.919000e-01
2.097500e+05 2.915000e-01
2.098100e+05 2.910000e-01
2.098700e+05 2.906000e-01
2.099300e+05 2.902000e-01
2.099800e+05 2.897000e-01
2.100400e+05 2.896000e-01
2.101000e+05 2.896000e-01
2.101600e+05 2.896000e-01
2.102200e+05 2.896000e-01
2.102700e+05 2.896000e-01
2.103300e+05 2.897000e-01
2.103900e+05 2.897000e-01
2.104500e+05 2.897000e-01
2.105100e+05 2.898000e-01
2.105600e+05 2.899000e-01
2.106200e+05 2.900000e-01
2.106800e+05 2.901000e-01
2.107400e+05 2.902000e-01
2.108000e+05 2.904000e-01
2.108500e+05 2.905000e-01
2.109100e+05 2.907000e-01
2.109700e+05 2.909000e-01
2.110300e+05 2.911000e-01
2.110900e+05 2.913000e-01
2.111400e+05 2.916000e-01
2.112000e+05 2.918000e-01
2.112600e+05 2.921000e-01
2.113200e+05 2.923000e-01
2.113800e+05 2.926000e-01
2.114300e+05 2.929000e-01
2.114900e+05 2.932000e-01
2.115500e+05 2.935000e-01
2.116100e+05 2.937000e-01
2.116700e+05 2.940000e-01
2.117200e+05 2.943000e-01
2.117800e+05 2.946000e-01
2.118400e+05 2.949000e-01
2.119000e+05 2.952000e-01
2.119600e+05 2.955000e-01
2.120100e+05 2.958000e-01
2.120700e+05 2.961000e-01
2.121300e+05 2.964000e-01
2.121900e+05 2.967000e-01
2.122500e+05 2.969000e-01
2.123000e+05 2.972000e-01
2.123600e+05 2.975000e-01
2.124200e+05 2.978000e-01
2.124800e+05 2.981000e-01
2.125400e+05 2.983000e-01
2.125900e+05 2.986000e-01
2.126500e+05 2.989000e-01
2.127100e+05 2.992000e-01
2.127700e+05 2.994000e-01
2.128300e+05 2.997000e-01
2.128800e+05 3.000000e-01
2.129400e+05 3.003000e-01
2.130000e+05 3.006000e-01
2.130600e+05 3.009000e-01
2.131200e+05 3.012000e-01
2.131700e+05 3.015000e-01
2.132300e+05 3.018000e-01
2.132900e+05 3.022000e-01
2.133500e+05 3.025000e-01
2.134100e+05 3.028000e-01
2.134600e+05 3.031000e-01
2.135200e+05 3.035000e-01
2.135800e+05 3.038000e-01
2.136400e+05 3.041000e-01
2.137000e+05 3.044000e-01
2.137500e+05 3.048000e-01
2.138100e+05 3.051000e-01
2.138700e+05 3.054000e-01
2.139300e+05 3.058000e-01
2.139900e+05 3.061000e-01
2.140400e+05 3.064000e-01
2.141000e+05 3.067000e-01
2.141600e+05 3.070000e-01
2.142200e+05 3.074000e-01
2.142800e+05 3.077000e-01
2.143300e+05 3.080000e-01
2.143900e+05 3.083000e-01
2.144500e+05 3.086000e-01
2.145100e+05 3.088000e-01
2.145700e+05 3.091000e-01
2.146200e+05 3.094000e-01
2.146800e+05 3.097000e-01
2.147400e+05 3.100000e-01
2.148000e+05 3.102000e-01
2.148600e+05 3.105000e-01
2.149100e+05 3.107000e-01
2.149700e+05 3.110000e-01
2.150300e+05 3.111000e-01
2.150900e+05 3.112000e-01
2.151500e+05 3.112000e-01
2.152000e+05 3.112000e-01
2.152600e+05 3.112000e-01
2.153200e+05 3.112000e-01
2.153800e+05 3.113000e-01
2.154400e+05 3.113000e-01
2.154900e+05 3.113000e-01
2.155500e+05 3.112000e-01
2.156100e+05 3.112000e-01
2.156700e+05 3.112000e-01
2.157300e+05 3.112000e-01
2.157800e+05 3.112000e-01
2.158400e+05 3.111000e-01
2.159000e+05 3.111000e-01
2.159600e+05 3.110000e-01
2.160200e+05 3.109000e-01
2.160700e+05 3.109000e-01
2.161300e+05 3.108000e-01
2.161900e+05 3.107000e-01
2.162500e+05 3.106000e-01
2.163100e+05 3.105000e-01
2.163600e+05 3.104000e-01
2.164200e+05 3.103000e-01
2.164800e+05 3.102000e-01
2.165400e+05 3.101000e-01
2.166000e+05 3.101000e-01
2.166500e+05 3.099000e-01
2.167100e+05 3.098000e-01
2.167700e+05 3.097000e-01
2.168300e+05 3.096000e-01
2.168900e+05 3.095000e-01
2.169400e+05 3.095000e-01
2.170000e+05 3.094000e-01
2.170600e+05 3.093000e-01
2.171200e+05 3.092000e-01
2.171800e+05 3.092000e-01
2.172300e+05 3.091000e-01
2.172900e+05 3.091000e-01
2.173500e+05 3.091000e-01
2.174100e+05 3.091000e-01
2.174700e+05 3.091000e-01
2.175200e+05 3.091000e-01
2.175800e+05 3.091000e-01
2.176400e+05 3.092000e-01
2.177000e+05 3.092000e-01
2.177600e+05 3.093000e-01
2.178100e+05 3.094000e-01
2.178700e+05 3.095000e-01
2.179300e+05 3.096000e-01
2.179900e+05 3.097000e-01
2.180500e+05 3.098000e-01
2.181000e+05 3.099000e-01
2.181600e+05 3.100000e-01
2.182200e+05 3.102000e-01
2.182800e+05 3.103000e-01
2.183400e+05 3.104000e-01
2.183900e+05 3.106000e-01
2.184500e+05 3.107000e-01
2.185100e+05 3.108000e-01
2.185700e+05 3.109000e-01
2.186300e+05 3.110000e-01
2.186800e+05 3.112000e-01
2.187400e+05 3.113000e-01
2.188000e+05 3.114000e-01
2.188600e+05 3.114000e-01
2.189200e+05 3.115000e-01
2.189700e+05 3.116000e-01
2.190300e+05 3.116000e-01
2.190900e+05 3.117000e-01
2.191500e+05 3.117000e-01
2.192100e+05 3.118000e-01
2.192600e+05 3.118000e-01
2.193200e+05 3.118000e-01
2.193800e+05 3.118000e-01
2.194400e+05 3.118000e-01
2.195000e+05 3.118000e-01
2.195500e+05 3.117000e-01
2.196100e+05 3.117000e-01
2.196700e+05 3.117000e-01
2.197300e+05 3.116000e-01
2.197900e+05 3.116000e-01
2.198400e+05 3.116000e-01
2.199000e+05 3.115000e-01
2.199600e+05 3.115000e-01
2.200200e+05 3.114000e-01
2.200800e+05 3.113000e-01
2.201300e+05 3.111000e-01
2.201900e+05 3.110000e-01
2.202500e+05 3.109000e-01
2.203100e+05 3.107000e-01
2.203700e+05 3.106000e-01
2.204200e+05 3.105000e-01
2.204800e+05 3.103000e-01
2.205400e+05 3.102000e-01
2.206000e+05 3.101000e-01
2.206600e+05 3.100000e-01
2.207100e+05 3.098000e-01
2.207700e+05 3.097000e-01
2.208300e+05 3.095000e-01
2.208900e+05 3.094000e-01
2.209500e+05 3.092000e-01
2.210000e+05 3.091000e-01
2.210600e+05 3.089000e-01
2.211200e+05 3.088000e-01
2.211800e+05 3.086000e-01
2.212400e+05 3.084000e-01
2.212900e+05 3.082000e-01
2.213500e+05 3.081000e-01
2.214100e+05 3.079000e-01
2.214700e+05 3.077000e-01
2.215300e+05 3.075000e-01
2.215800e+05 3.073000e-01
2.216400e+05 3.071000e-01
2.217000e+05 3.069000e-01
2.217600e+05 3.066000e-01
2.218200e+05 3.064000e-01
2.218700e+05 3.062000e-01
2.219300e+05 3.060000e-01
2.219900e+05 3.058000e-01
2.220500e+05 3.055000e-01
2.221100e+05 3.053000e-01
2.221600e+05 3.051000e-01
2.222200e+05 3.048000e-01
2.222800e+05 3.046000e-01
2.223400e+05 3.044000e-01
2.224000e+05 3.041000e-01
2.224500e+05 3.039000e-01
2.225100e+05 3.037000e-01
2.225700e+05 3.035000e-01
2.226300e+05 3.032000e-01
2.226900e+05 3.030000e-01
2.227400e+05 3.028000e-01
2.228000e+05 3.026000e-01
2.228600e+05 3.024000e-01
2.229200e+05 3.022000e-01
2.229800e+05 3.020000e-01
2.230300e+05 3.018000e-01
2.230900e+05 3.016000e-01
2.231500e+05 3.014000e-01
2.232100e+05 3.012000e-01
2.232700e+05 3.011000e-01
2.233200e+05 3.009000e-01
2.233800e+05 3.007000e-01
2.234400e+05 3.005000e-01
2.235000e+05 3.004000e-01
2.235600e+05 3.002000e-01
2.236100e+05 3.000000e-01
2.236700e+05 2.999000e-01
2.237300e+05 2.997000e-01
2.237900e+05 2.995000e-01
2.238500e+05 2.994000e-01
2.239000e+05 2.992000e-01
2.239600e+05 2.991000e-01
2.240200e+05 2.989000e-01
2.240800e+05 2.988000e-01
2.241400e+05 2.986000e-01
2.241900e+05 2.985000e-01
2.242500e+05 2.984000e-01
2.243100e+05 2.982000e-01
2.243700e+05 2.981000e-01
2.244300e+05 2.980000e-01
2.244800e+05 2.978000e-01
2.245400e+05 2.977000e-01
2.246000e+05 2.976000e-01
2.246600e+05 2.975000e-01
2.247200e+05 2.974000e-01
2.247700e+05 2.972000e-01
2.248300e+05 2.971000e-01
2.248900e+05 2.970000e-01
2.249500e+05 2.970000e-01
2.250100e+05 2.969000e-01
2.250600e+05 2.968000e-01
2.251200e+05 2.967000e-01
2.251800e+05 2.966000e-01
2.252400e+05 2.965000e-01
2.253000e+05 2.965000e-01
2.253500e+05 2.964000e-01
2.254100e+05 2.963000e-01
2.254700e+05 2.962000e-01
2.255300e+05 2.962000e-01
2.255900e+05 2.961000e-01
2.256400e+05 2.961000e-01
2.257000e+05 2.960000e-01
2.257600e+05 2.959000e-01
2.258200e+05 2.958000e-01
2.258800e+05 2.958000e-01
2.259300e+05 2.957000e-01
2.259900e+05 2.956000e-01
2.260500e+05 2.955000e-01
2.261100e+05 2.954000e-01
2.261700e+05 2.953000e-01
2.262200e+05 2.951000e-01
2.262800e+05 2.950000e-01
2.263400e+05 2.948000e-01
2.264000e+05 2.947000e-01
2.264600e+05 2.945000e-01
2.265100e+05 2.942000e-01
2.265700e+05 2.940000e-01
2.266300e+05 2.938000e-01
2.266900e+05 2.935000e-01
2.267500e+05 2.933000e-01
2.268000e+05 2.930000e-01
2.268600e+05 2.926000e-01
2.269200e+05 2.922000e-01
2.269800e+05 2.919000e-01
2.270400e+05 2.915000e-01
2.270900e+05 2.910000e-01
2.271500e+05 2.906000e-01
2.272100e+05 2.901000e-01
2.272700e+05 2.895000e-01
2.273300e+05 2.890000e-01
2.273800e+05 2.884000e-01
2.274400e+05 2.878000e-01
2.275000e+05 2.871000e-01
2.275600e+05 2.864000e-01
2.276200e+05 2.857000e-01
2.276700e+05 2.849000e-01
2.277300e+05 2.841000e-01
2.277900e+05 2.833000e-01
2.278500e+05 2.824000e-01
2.279100e+05 2.815000e-01
2.279600e+05 2.806000e-01
2.280200e+05 2.797000e-01
2.280800e+05 2.786000e-01
2.281400e+05 2.776000e-01
2.282000e+05 2.766000e-01
2.282500e+05 2.754000e-01
2.283100e+05 2.742000e-01
2.283700e+05 2.731000e-01
2.284300e+05 2.719000e-01
2.284900e+05 2.706000e-01
2.285400e+05 2.693000e-01
2.286000e+05 2.680000e-01
2.286600e+05 2.666000e-01
2.287200e+05 2.652000e-01
2.287800e+05 2.639000e-01
2.288300e+05 2.624000e-01
2.288900e+05 2.609000e-01
2.289500e+05 2.594000e-01
2.290100e+05 2.578000e-01
2.290700e+05 2.562000e-01
2.291200e+05 2.546000e-01
2.291800e+05 2.529000e-01
2.292400e+05 2.512000e-01
2.293000e+05 2.495000e-01
2.293600e+05 2.477000e-01
2.294100e+05 2.459000e-01
2.294700e+05 2.441000e-01
2.295300e+05 2.422000e-01
2.295900e+05 2.404000e-01
2.296500e+05 2.384000e-01
2.297000e+05 2.364000e-01
2.297600e+05 2.344000e-01
2.298200e+05 2.324000e-01
2.298800e+05 2.303000e-01
2.299400e+05 2.282000e-01
2.299900e+05 2.261000e-01
2.300500e+05 2.239000e-01
2.301100e+05 2.216000e-01
2.301700e+05 2.194000e-01
2.302300e+05 2.171000e-01
2.302800e+05 2.147000e-01
2.303400e+05 2.123000e-01
2.304000e+05 2.100000e-01
2.304600e+05 2.075000e-01
2.305200e+05 2.051000e-01
2.305700e+05 2.027000e-01
2.306300e+05 2.002000e-01
2.306900e+05 1.977000e-01
2.307500e+05 1.952000e-01
2.308100e+05 1.926000e-01
2.308600e+05 1.901000e-01
2.309200e+05 1.875000e-01
2.309800e+05 1.850000e-01
2.310400e+05 1.824000e-01
2.311000e+05 1.798000e-01
2.311500e+05 1.773000e-01
2.312100e+05 1.747000e-01
2.312700e+05 1.721000e-01
2.313300e+05 1.695000e-01
2.313900e+05 1.670000e-01
2.314400e+05 1.644000e-01
2.315000e+05 1.618000e-01
2.315600e+05 1.593000e-01
2.316200e+05 1.568000e-01
2.316800e+05 1.543000e-01
2.317300e+05 1.518000e-01
2.317900e+05 1.493000e-01
2.318500e+05 1.468000e-01
2.319100e+05 1.444000e-01
2.319700e+05 1.419000e-01
2.320200e+05 1.395000e-01
2.320800e+05 1.372000e-01
2.321400e+05 1.348000e-01
2.322000e+05 1.324000e-01
2.322600e+05 1.301000e-01
2.323100e+05 1.279000e-01
2.323700e+05 1.256000e-01
2.324300e+05 1.233000e-01
2.324900e+05 1.211000e-01
2.325500e+05 1.189000e-01
2.326000e+05 1.168000e-01
2.326600e+05 1.146000e-01
2.327200e+05 1.125000e-01
2.327800e+05 1.104000e-01
2.328400e+05 1.083000e-01
2.328900e+05 1.063000e-01
2.329500e+05 1.043000e-01
2.330100e+05 1.023000e-01
2.330700e+05 1.003000e-01
2.331300e+05 9.840000e-02
2.331800e+05 9.640000e-02
2.332400e+05 9.450000e-02
2.333000e+05 9.260000e-02
2.333600e+05 9.080000e-02
2.334200e+05 8.890000e-02
2.334700e+05 8.710000e-02
2.335300e+05 8.540000e-02
2.335900e+05 8.360000e-02
2.336500e+05 8.180000e-02
2.337100e+05 8.010000e-02
2.337600e+05 7.840000e-02
2.338200e+05 7.680000e-02
2.338800e+05 7.510000e-02
2.339400e+05 7.350000e-02
2.340000e+05 7.190000e-02
2.340500e+05 7.040000e-02
2.341100e+05 6.880000e-02
2.341700e+05 6.730000e-02
2.342300e+05 6.580000e-02
2.342900e+05 6.430000e-02
2.343400e+05 6.290000e-02
2.344000e+05 6.150000e-02
2.344600e+05 6.010000e-02
2.345200e+05 5.880000e-02
2.345800e+05 5.740000e-02
2.346300e+05 5.610000e-02
2.346900e+05 5.490000e-02
2.347500e+05 5.360000e-02
2.348100e+05 5.240000e-02
2.348700e+05 5.130000e-02
2.349200e+05 5.010000e-02
2.349800e+05 4.900000e-02
2.350400e+05 4.790000e-02
2.351000e+05 4.690000e-02
2.351600e+05 4.590000e-02
2.352100e+05 4.490000e-02
2.352700e+05 4.400000e-02
2.353300e+05 4.310000e-02
2.353900e+05 4.220000e-02
2.354500e+05 4.130000e-02
2.355000e+05 4.050000e-02
2.355600e+05 3.960000e-02
2.356200e+05 3.890000e-02
2.356800e+05 3.810000e-02
2.357400e+05 3.740000e-02
2.357900e+05 3.670000e-02
2.358500e+05 3.600000e-02
2.359100e+05 3.530000e-02
2.359700e+05 3.460000e-02
2.360300e+05 3.400000e-02
2.360800e+05 3.340000e-02
2.361400e+05 3.270000e-02
2.362000e+05 3.210000e-02
2.362600e+05 3.150000e-02
2.363200e+05 3.100000e-02
2.363700e+05 3.040000e-02
2.364300e+05 2.980000e-02
2.364900e+05 2.930000e-02
2.365500e+05 2.870000e-02
2.366100e+05 2.820000e-02
2.366600e+05 2.760000e-02
2.367200e+05 2.710000e-02
2.367800e+05 2.650000e-02
2.368400e+05 2.600000e-02
2.369000e+05 2.550000e-02
2.369500e+05 2.490000e-02
2.370100e+05 2.440000e-02
2.370700e+05 2.390000e-02
2.371300e+05 2.330000e-02
2.371900e+05 2.280000e-02
2.372400e+05 2.230000e-02
2.373000e+05 2.170000e-02
2.373600e+05 2.120000e-02
2.374200e+05 2.070000e-02
2.374800e+05 2.020000e-02
2.375300e+05 1.960000e-02
2.375900e+05 1.910000e-02
2.376500e+05 1.860000e-02
2.377100e+05 1.820000e-02
2.377700e+05 1.770000e-02
2.378200e+05 1.720000e-02
2.378800e+05 1.670000e-02
2.379400e+05 1.630000e-02
2.380000e+05 1.580000e-02
2.380600e+05 1.540000e-02
2.381100e+05 1.500000e-02
2.381700e+05 1.460000e-02
2.382300e+05 1.420000e-02
2.382900e+05 1.380000e-02
2.383500e+05 1.350000e-02
2.384000e+05 1.310000e-02
2.384600e+05 1.280000e-02
2.385200e+05 1.250000e-02
2.385800e+05 1.220000e-02
2.386400e+05 1.190000e-02
2.386900e+05 1.160000e-02
2.387500e+05 1.140000e-02
2.388100e+05 1.110000e-02
2.388700e+05 1.090000e-02
2.389300e+05 1.070000e-02
2.389800e+05 1.040000e-02
2.390400e+05 1.020000e-02
2.391000e+05 1.000000e-02
2.391600e+05 9.900000e-03
2.392200e+05 9.700000e-03
2.392700e+05 9.500000e-03
2.393300e+05 9.300000e-03
2.393900e+05 9.200000e-03
2.394500e+05 9.000000e-03
2.395100e+05 8.900000e-03
2.395600e+05 8.700000e-03
2.396200e+05 8.600000e-03
2.396800e+05 8.500000e-03
2.397400e+05 8.300000e-03
2.398000e+05 8.200000e-03
2.398500e+05 8.100000e-03
2.399100e+05 7.900000e-03
2.399700e+05 7.800000e-03
2.400300e+05 7.700000e-03
2.400900e+05 7.600000e-03
2.401400e+05 7.400000e-03
2.402000e+05 7.300000e-03
2.402600e+05 7.200000e-03
2.403200e+05 7.100000e-03
2.403800e+05 6.900000e-03
2.404300e+05 6.800000e-03
2.404900e+05 6.700000e-03
2.405500e+05 6.600000e-03
2.406100e+05 6.500000e-03
2.406700e+05 6.400000e-03
2.407200e+05 6.300000e-03
2.407800e+05 6.100000e-03
2.408400e+05 6.000000e-03
2.409000e+05 5.900000e-03
2.409600e+05 5.800000e-03
2.410100e+05 5.700000e-03
2.410700e+05 5.600000e-03
2.411300e+05 5.500000e-03
2.411900e+05 5.500000e-03
2.412500e+05 5.400000e-03
2.413000e+05 5.300000e-03
2.413600e+05 5.200000e-03
2.414200e+05 5.100000e-03
2.414800e+05 5.000000e-03
2.415400e+05 4.900000e-03
2.415900e+05 4.900000e-03
2.416500e+05 4.800000e-03
2.417100e+05 4.700000e-03
2.417700e+05 4.700000e-03
2.418300e+05 4.600000e-03
2.418800e+05 4.500000e-03
2.419400e+05 4.500000e-03
2.420000e+05 4.400000e-03
2.420600e+05 4.400000e-03
2.421200e+05 4.300000e-03
2.421700e+05 4.300000e-03
2.422300e+05 4.200000e-03
2.422900e+05 4.200000e-03
2.423500e+05 4.100000e-03
2.424100e+05 4.100000e-03
2.424600e+05 4.000000e-03
2.425200e+05 4.000000e-03
2.425800e+05 3.900000e-03
2.426400e+05 3.900000e-03
2.427000e+05 3.900000e-03
2.427500e+05 3.800000e-03
2.428100e+05 3.800000e-03
2.428700e+05 3.800000e-03
2.429300e+05 3.700000e-03
2.429900e+05 3.700000e-03
2.430400e+05 3.700000e-03
2.431000e+05 3.600000e-03
2.431600e+05 3.600000e-03
2.432200e+05 3.600000e-03
2.432800e+05 3.500000e-03
2.433300e+05 3.500000e-03
2.433900e+05 3.500000e-03
2.434500e+05 3.500000e-03
2.435100e+05 3.400000e-03
2.435700e+05 3.400000e-03
2.436200e+05 3.400000e-03
2.436800e+05 3.300000e-03
2.437400e+05 3.300000e-03
2.438000e+05 3.300000e-03
2.438600e+05 3.300000e-03
2.439100e+05 3.200000e-03
2.439700e+05 3.200000e-03
2.440300e+05 3.200000e-03
2.440900e+05 3.100000e-03
2.441500e+05 3.100000e-03
2.442000e+05 3.100000e-03
2.442600e+05 3.000000e-03
2.443200e+05 3.000000e-03
2.443800e+05 3.000000e-03
2.444400e+05 3.000000e-03
2.444900e+05 2.900000e-03
2.445500e+05 2.900000e-03
2.446100e+05 2.900000e-03
2.446700e+05 2.800000e-03
2.447300e+05 2.800000e-03
2.447800e+05 2.800000e-03
2.448400e+05 2.700000e-03
2.449000e+05 2.700000e-03
2.449600e+05 2.700000e-03
2.450200e+05 2.600000e-03
2.450700e+05 2.600000e-03
2.451300e+05 2.600000e-03
2.451900e+05 2.600000e-03
2.452500e+05 2.500000e-03
2.453100e+05 2.500000e-03
2.453600e+05 2.500000e-03
2.454200e+05 2.400000e-03
2.454800e+05 2.400000e-03
2.455400e+05 2.400000e-03
2.456000e+05 2.300000e-03
2.456500e+05 2.300000e-03
2.457100e+05 2.200000e-03
2.457700e+05 2.200000e-03
2.458300e+05 2.200000e-03
2.458900e+05 2.100000e-03
2.459400e+05 2.100000e-03
2.460000e+05 2.100000e-03
2.460600e+05 2.000000e-03
2.461200e+05 2.000000e-03
2.461800e+05 2.000000e-03
2.462300e+05 1.900000e-03
2.462900e+05 1.900000e-03
2.463500e+05 1.900000e-03
2.464100e+05 1.800000e-03
2.464700e+05 1.800000e-03
2.465200e+05 1.700000e-03
2.465800e+05 1.700000e-03
2.466400e+05 1.700000e-03
2.467000e+05 1.600000e-03
2.467600e+05 1.600000e-03
2.468100e+05 1.500000e-03
2.468700e+05 1.500000e-03
2.469300e+05 1.500000e-03
2.469900e+05 1.400000e-03
2.470500e+05 1.400000e-03
2.471000e+05 1.400000e-03
2.471600e+05 1.300000e-03
2.472200e+05 1.300000e-03
2.472800e+05 1.200000e-03
2.473400e+05 1.200000e-03
2.473900e+05 1.200000e-03
2.474500e+05 1.100000e-03
2.475100e+05 1.100000e-03
2.475700e+05 1.000000e-03
2.476300e+05 1.000000e-03
2.476800e+05 9.000000e-04
2.477400e+05 9.000000e-04
2.478000e+05 9.000000e-04
2.478600e+05 8.000000e-04
2.479200e+05 8.000000e-04
2.479700e+05 7.000000e-04
2.480300e+05 7.000000e-04
2.480900e+05 7.000000e-04
2.481500e+05 6.000000e-04
2.482100e+05 6.000000e-04
2.482600e+05 5.000000e-04
2.483200e+05 5.000000e-04
2.483800e+05 5.000000e-04
2.484400e+05 4.000000e-04
2.485000e+05 4.000000e-04
2.485500e+05 4.000000e-04
2.486100e+05 3.000000e-04
2.486700e+05 3.000000e-04
2.487300e+05 3.000000e-04
2.487900e+05 3.000000e-04
2.488400e+05 2.000000e-04
2.489000e+05 2.000000e-04
2.489600e+05 2.000000e-04
2.490200e+05 2.000000e-04
2.490800e+05 2.000000e-04
2.491300e+05 1.000000e-04
2.491900e+05 1.000000e-04
2.492500e+05 1.000000e-04
2.493100e+05 1.000000e-04
2.493700e+05 1.000000e-04
2.494200e+05 1.000000e-04
2.494800e+05 1.000000e-04
2.495400e+05 1.000000e-04
2.496000e+05 1.000000e-04
2.496600e+05 2.000000e-04
2.497100e+05 2.000000e-04
2.497700e+05 2.000000e-04
2.498300e+05 2.000000e-04
2.498900e+05 2.000000e-04
2.499500e+05 2.000000e-04
2.500000e+05 2.000000e-04
2.500600e+05 3.000000e-04
2.501200e+05 3.000000e-04
2.501800e+05 3.000000e-04
2.502400e+05 3.000000e-04
2.502900e+05 4.000000e-04
2.503500e+05 4.000000e-04
2.504100e+05 4.000000e-04
2.504700e+05 4.000000e-04
2.505300e+05 4.000000e-04
2.505800e+05 5.000000e-04
2.506400e+05 5.000000e-04
2.507000e+05 5.000000e-04
2.507600e+05 5.000000e-04
2.508200e+05 5.000000e-04
2.508700e+05 6.000000e-04
2.509300e+05 6.000000e-04
2.509900e+05 6.000000e-04
2.510500e+05 6.000000e-04
2.511100e+05 6.000000e-04
2.511600e+05 6.000000e-04
2.512200e+05 6.000000e-04
2.512800e+05 6.000000e-04
2.513400e+05 6.000000e-04
2.514000e+05 6.000000e-04
2.514500e+05 6.000000e-04
2.515100e+05 6.000000e-04
2.515700e+05 6.000000e-04
2.516300e+05 6.000000e-04
2.516900e+05 6.000000e-04
2.517400e+05 6.000000e-04
2.518000e+05 6.000000e-04
2.518600e+05 6.000000e-04
2.519200e+05 5.000000e-04
2.519800e+05 5.000000e-04
2.520300e+05 5.000000e-04
2.520900e+05 5.000000e-04
2.521500e+05 5.000000e-04
2.522100e+05 5.000000e-04
2.522700e+05 5.000000e-04
2.523200e+05 5.000000e-04
2.523800e+05 5.000000e-04
2.524400e+05 4.000000e-04
2.525000e+05 4.000000e-04
2.525600e+05 4.000000e-04
2.526100e+05 4.000000e-04
2.526700e+05 4.000000e-04
2.527300e+05 4.000000e-04
2.527900e+05 4.000000e-04
2.528500e+05 4.000000e-04
2.529000e+05 4.000000e-04
2.529600e+05 4.000000e-04
2.530200e+05 4.000000e-04
2.530800e+05 4.000000e-04
2.531400e+05 4.000000e-04
2.531900e+05 4.000000e-04
2.532500e+05 4.000000e-04
2.533100e+05 4.000000e-04
2.533700e+05 4.000000e-04
2.534300e+05 4.000000e-04
2.534800e+05 4.000000e-04
2.535400e+05 4.000000e-04
2.536000e+05 4.000000e-04
2.536600e+05 4.000000e-04
2.537200e+05 4.000000e-04
2.537700e+05 4.000000e-04
2.538300e+05 4.000000e-04
2.538900e+05 4.000000e-04
2.539500e+05 3.000000e-04
2.540100e+05 3.000000e-04
2.540600e+05 3.000000e-04
2.541200e+05 3.000000e-04
2.541800e+05 3.000000e-04
2.542400e+05 3.000000e-04
2.543000e+05 3.000000e-04
2.543500e+05 3.000000e-04
2.544100e+05 3.000000e-04
2.544700e+05 3.000000e-04
2.545300e+05 3.000000e-04
2.545900e+05 3.000000e-04
2.546400e+05 3.000000e-04
2.547000e+05 3.000000e-04
2.547600e+05 3.000000e-04
2.548200e+05 3.000000e-04
2.548800e+05 3.000000e-04
2.549300e+05 2.000000e-04
2.549900e+05 2.000000e-04
2.550500e+05 2.000000e-04
2.551100e+05 2.000000e-04
2.551700e+05 2.000000e-04
2.552200e+05 2.000000e-04
2.552800e+05 2.000000e-04
2.553400e+05 2.000000e-04
2.554000e+05 1.000000e-04
2.554600e+05 1.000000e-04
2.555100e+05 1.000000e-04
2.555700e+05 1.000000e-04
2.556300e+05 1.000000e-04
2.556900e+05 1.000000e-04
2.557500e+05 1.000000e-04
