# # Wavelength(Angstrom)  Transmission
1.433000e+04 1.014530e-03
1.434000e+04 1.117990e-03
1.435000e+04 1.228310e-03
1.436000e+04 1.343560e-03
1.437000e+04 1.478630e-03
1.438000e+04 1.622460e-03
1.439000e+04 1.780630e-03
1.440000e+04 1.957140e-03
1.441000e+04 2.144770e-03
1.442000e+04 2.362400e-03
1.443000e+04 2.599920e-03
1.444000e+04 2.854300e-03
1.445000e+04 3.139470e-03
1.446000e+04 3.438940e-03
1.447000e+04 3.763610e-03
1.448000e+04 4.126860e-03
1.449000e+04 4.512900e-03
1.450000e+04 4.960440e-03
1.451000e+04 5.451010e-03
1.452000e+04 5.984570e-03
1.453000e+04 6.630630e-03
1.454000e+04 7.339830e-03
1.455000e+04 8.173330e-03
1.456000e+04 9.144830e-03
1.457000e+04 1.019980e-02
1.458000e+04 1.149040e-02
1.459000e+04 1.294350e-02
1.460000e+04 1.458650e-02
1.461000e+04 1.662460e-02
1.462000e+04 1.887500e-02
1.463000e+04 2.157110e-02
1.464000e+04 2.474850e-02
1.465000e+04 2.822920e-02
1.466000e+04 3.265380e-02
1.467000e+04 3.758990e-02
1.468000e+04 4.323140e-02
1.469000e+04 5.009640e-02
1.470000e+04 5.762140e-02
1.471000e+04 6.661110e-02
1.472000e+04 7.689370e-02
1.473000e+04 8.805240e-02
1.474000e+04 1.016510e-01
1.475000e+04 1.163430e-01
1.476000e+04 1.327690e-01
1.477000e+04 1.515080e-01
1.478000e+04 1.714470e-01
1.479000e+04 1.940350e-01
1.480000e+04 2.184140e-01
1.481000e+04 2.442230e-01
1.482000e+04 2.730700e-01
1.483000e+04 3.031210e-01
1.484000e+04 3.351860e-01
1.485000e+04 3.692520e-01
1.486000e+04 4.043200e-01
1.487000e+04 4.413320e-01
1.488000e+04 4.791020e-01
1.489000e+04 5.175820e-01
1.490000e+04 5.564710e-01
1.491000e+04 5.951420e-01
1.492000e+04 6.332030e-01
1.493000e+04 6.696410e-01
1.494000e+04 7.050260e-01
1.495000e+04 7.368870e-01
1.496000e+04 7.663620e-01
1.497000e+04 7.931850e-01
1.498000e+04 8.150040e-01
1.499000e+04 8.345260e-01
1.500000e+04 8.496850e-01
1.501000e+04 8.613190e-01
1.502000e+04 8.708590e-01
1.503000e+04 8.759200e-01
1.504000e+04 8.795430e-01
1.505000e+04 8.812940e-01
1.506000e+04 8.814570e-01
1.507000e+04 8.810980e-01
1.508000e+04 8.800650e-01
1.509000e+04 8.790160e-01
1.510000e+04 8.779580e-01
1.511000e+04 8.774880e-01
1.512000e+04 8.773940e-01
1.513000e+04 8.778800e-01
1.514000e+04 8.792170e-01
1.515000e+04 8.809640e-01
1.516000e+04 8.835310e-01
1.517000e+04 8.865150e-01
1.518000e+04 8.898160e-01
1.519000e+04 8.934360e-01
1.520000e+04 8.970190e-01
1.521000e+04 9.005120e-01
1.522000e+04 9.034640e-01
1.523000e+04 9.060970e-01
1.524000e+04 9.078930e-01
1.525000e+04 9.091470e-01
1.526000e+04 9.099190e-01
1.527000e+04 9.099020e-01
1.528000e+04 9.096470e-01
1.529000e+04 9.090170e-01
1.530000e+04 9.082810e-01
1.531000e+04 9.075250e-01
1.532000e+04 9.069910e-01
1.533000e+04 9.067250e-01
1.534000e+04 9.067410e-01
1.535000e+04 9.073510e-01
1.536000e+04 9.082280e-01
1.537000e+04 9.096000e-01
1.538000e+04 9.111210e-01
1.539000e+04 9.127020e-01
1.540000e+04 9.140560e-01
1.541000e+04 9.150930e-01
1.542000e+04 9.157380e-01
1.543000e+04 9.154790e-01
1.544000e+04 9.147570e-01
1.545000e+04 9.130740e-01
1.546000e+04 9.106440e-01
1.547000e+04 9.077490e-01
1.548000e+04 9.039370e-01
1.549000e+04 8.999690e-01
1.550000e+04 8.957720e-01
1.551000e+04 8.919000e-01
1.552000e+04 8.882990e-01
1.553000e+04 8.854950e-01
1.554000e+04 8.834950e-01
1.555000e+04 8.820710e-01
1.556000e+04 8.822030e-01
1.557000e+04 8.829700e-01
1.558000e+04 8.847650e-01
1.559000e+04 8.876500e-01
1.560000e+04 8.910380e-01
1.561000e+04 8.953120e-01
1.562000e+04 8.997260e-01
1.563000e+04 9.042560e-01
1.564000e+04 9.083730e-01
1.565000e+04 9.121470e-01
1.566000e+04 9.152780e-01
1.567000e+04 9.174790e-01
1.568000e+04 9.191530e-01
1.569000e+04 9.195380e-01
1.570000e+04 9.192270e-01
1.571000e+04 9.182250e-01
1.572000e+04 9.161670e-01
1.573000e+04 9.138740e-01
1.574000e+04 9.113060e-01
1.575000e+04 9.088160e-01
1.576000e+04 9.063990e-01
1.577000e+04 9.044410e-01
1.578000e+04 9.028360e-01
1.579000e+04 9.016420e-01
1.580000e+04 9.012260e-01
1.581000e+04 9.011790e-01
1.582000e+04 9.018560e-01
1.583000e+04 9.028540e-01
1.584000e+04 9.040360e-01
1.585000e+04 9.052410e-01
1.586000e+04 9.062760e-01
1.587000e+04 9.070770e-01
1.588000e+04 9.072260e-01
1.589000e+04 9.069920e-01
1.590000e+04 9.058550e-01
1.591000e+04 9.037230e-01
1.592000e+04 9.009190e-01
1.593000e+04 8.968100e-01
1.594000e+04 8.923260e-01
1.595000e+04 8.872550e-01
1.596000e+04 8.817840e-01
1.597000e+04 8.761890e-01
1.598000e+04 8.705730e-01
1.599000e+04 8.652870e-01
1.600000e+04 8.602630e-01
1.601000e+04 8.566200e-01
1.602000e+04 8.536200e-01
1.603000e+04 8.517260e-01
1.604000e+04 8.512180e-01
1.605000e+04 8.514660e-01
1.606000e+04 8.534580e-01
1.607000e+04 8.565090e-01
1.608000e+04 8.605520e-01
1.609000e+04 8.665790e-01
1.610000e+04 8.731340e-01
1.611000e+04 8.804450e-01
1.612000e+04 8.881030e-01
1.613000e+04 8.959030e-01
1.614000e+04 9.035850e-01
1.615000e+04 9.108890e-01
1.616000e+04 9.177740e-01
1.617000e+04 9.227000e-01
1.618000e+04 9.267460e-01
1.619000e+04 9.291250e-01
1.620000e+04 9.300100e-01
1.621000e+04 9.300000e-01
1.622000e+04 9.279130e-01
1.623000e+04 9.249830e-01
1.624000e+04 9.209610e-01
1.625000e+04 9.158180e-01
1.626000e+04 9.104120e-01
1.627000e+04 9.049060e-01
1.628000e+04 8.996450e-01
1.629000e+04 8.945440e-01
1.630000e+04 8.902970e-01
1.631000e+04 8.866450e-01
1.632000e+04 8.839040e-01
1.633000e+04 8.826400e-01
1.634000e+04 8.820430e-01
1.635000e+04 8.826670e-01
1.636000e+04 8.840410e-01
1.637000e+04 8.859800e-01
1.638000e+04 8.889810e-01
1.639000e+04 8.923380e-01
1.640000e+04 8.962640e-01
1.641000e+04 9.002820e-01
1.642000e+04 9.043070e-01
1.643000e+04 9.081870e-01
1.644000e+04 9.118550e-01
1.645000e+04 9.153350e-01
1.646000e+04 9.181030e-01
1.647000e+04 9.205380e-01
1.648000e+04 9.223800e-01
1.649000e+04 9.237540e-01
1.650000e+04 9.248740e-01
1.651000e+04 9.254530e-01
1.652000e+04 9.257560e-01
1.653000e+04 9.257720e-01
1.654000e+04 9.253410e-01
1.655000e+04 9.247530e-01
1.656000e+04 9.239100e-01
1.657000e+04 9.228160e-01
1.658000e+04 9.215710e-01
1.659000e+04 9.199240e-01
1.660000e+04 9.179050e-01
1.661000e+04 9.154310e-01
1.662000e+04 9.123230e-01
1.663000e+04 9.088940e-01
1.664000e+04 9.048100e-01
1.665000e+04 9.001350e-01
1.666000e+04 8.950740e-01
1.667000e+04 8.882740e-01
1.668000e+04 8.809290e-01
1.669000e+04 8.727950e-01
1.670000e+04 8.635440e-01
1.671000e+04 8.537310e-01
1.672000e+04 8.427260e-01
1.673000e+04 8.302430e-01
1.674000e+04 8.167050e-01
1.675000e+04 8.014160e-01
1.676000e+04 7.854080e-01
1.677000e+04 7.682420e-01
1.678000e+04 7.495210e-01
1.679000e+04 7.297740e-01
1.680000e+04 7.070480e-01
1.681000e+04 6.830680e-01
1.682000e+04 6.580380e-01
1.683000e+04 6.310520e-01
1.684000e+04 6.030590e-01
1.685000e+04 5.732850e-01
1.686000e+04 5.411760e-01
1.687000e+04 5.080680e-01
1.688000e+04 4.742450e-01
1.689000e+04 4.404370e-01
1.690000e+04 4.066490e-01
1.691000e+04 3.726410e-01
1.692000e+04 3.390650e-01
1.693000e+04 3.066400e-01
1.694000e+04 2.762700e-01
1.695000e+04 2.471090e-01
1.696000e+04 2.210170e-01
1.697000e+04 1.963280e-01
1.698000e+04 1.732740e-01
1.699000e+04 1.533670e-01
1.700000e+04 1.348000e-01
1.701000e+04 1.186930e-01
1.702000e+04 1.043800e-01
1.703000e+04 9.115870e-02
1.704000e+04 8.028860e-02
1.705000e+04 7.028570e-02
1.706000e+04 6.146660e-02
1.707000e+04 5.400100e-02
1.708000e+04 4.712410e-02
1.709000e+04 4.131860e-02
1.710000e+04 3.618040e-02
1.711000e+04 3.149130e-02
1.712000e+04 2.769730e-02
1.713000e+04 2.419160e-02
1.714000e+04 2.113780e-02
1.715000e+04 1.854150e-02
1.716000e+04 1.615890e-02
1.717000e+04 1.417730e-02
1.718000e+04 1.241180e-02
1.719000e+04 1.081760e-02
1.720000e+04 9.529610e-03
1.721000e+04 8.344430e-03
1.722000e+04 7.325650e-03
1.723000e+04 6.454810e-03
1.724000e+04 5.658060e-03
1.725000e+04 5.004100e-03
1.726000e+04 4.420680e-03
1.727000e+04 3.903050e-03
1.728000e+04 3.477090e-03
1.729000e+04 3.084410e-03
1.730000e+04 2.747540e-03
1.731000e+04 2.453220e-03
1.732000e+04 2.181820e-03
1.733000e+04 1.954910e-03
1.734000e+04 1.746970e-03
1.735000e+04 1.559780e-03
1.736000e+04 1.402560e-03
1.737000e+04 1.256200e-03
1.738000e+04 1.127880e-03
1.739000e+04 1.012840e-03
