# # Wavelength(Angstrom)  Transmission
2.355000e+04 1.035360e-03
2.356000e+04 1.182410e-03
2.357000e+04 1.351570e-03
2.358000e+04 1.547080e-03
2.359000e+04 1.773590e-03
2.360000e+04 2.036070e-03
2.361000e+04 2.349560e-03
2.362000e+04 2.722560e-03
2.363000e+04 3.160170e-03
2.364000e+04 3.673110e-03
2.365000e+04 4.272710e-03
2.366000e+04 4.971910e-03
2.367000e+04 5.803280e-03
2.368000e+04 6.782250e-03
2.369000e+04 7.909880e-03
2.370000e+04 9.198940e-03
2.371000e+04 1.066210e-02
2.372000e+04 1.230880e-02
2.373000e+04 1.416550e-02
2.374000e+04 1.622240e-02
2.375000e+04 1.844570e-02
2.376000e+04 2.081930e-02
2.377000e+04 2.332500e-02
2.378000e+04 2.594020e-02
2.379000e+04 2.864170e-02
2.380000e+04 3.139060e-02
2.381000e+04 3.415550e-02
2.382000e+04 3.692300e-02
2.383000e+04 3.968430e-02
2.384000e+04 4.243760e-02
2.385000e+04 4.519400e-02
2.386000e+04 4.798390e-02
2.387000e+04 5.083940e-02
2.388000e+04 5.379890e-02
2.389000e+04 5.690850e-02
2.390000e+04 6.021860e-02
2.391000e+04 6.383830e-02
2.392000e+04 6.785060e-02
2.393000e+04 7.230320e-02
2.394000e+04 7.727590e-02
2.395000e+04 8.285170e-02
2.396000e+04 8.912540e-02
2.397000e+04 9.636130e-02
2.398000e+04 1.046750e-01
2.399000e+04 1.141350e-01
2.400000e+04 1.249040e-01
2.401000e+04 1.371420e-01
2.402000e+04 1.510300e-01
2.403000e+04 1.671230e-01
2.404000e+04 1.855460e-01
2.405000e+04 2.063280e-01
2.406000e+04 2.296250e-01
2.407000e+04 2.555620e-01
2.408000e+04 2.842030e-01
2.409000e+04 3.159720e-01
2.410000e+04 3.503710e-01
2.411000e+04 3.868070e-01
2.412000e+04 4.248070e-01
2.413000e+04 4.637930e-01
2.414000e+04 5.030680e-01
2.415000e+04 5.415790e-01
2.416000e+04 5.782970e-01
2.417000e+04 6.125920e-01
2.418000e+04 6.438650e-01
2.419000e+04 6.716610e-01
2.420000e+04 6.956550e-01
2.421000e+04 7.149470e-01
2.422000e+04 7.301340e-01
2.423000e+04 7.417900e-01
2.424000e+04 7.502880e-01
2.425000e+04 7.560720e-01
2.426000e+04 7.596260e-01
2.427000e+04 7.612340e-01
2.428000e+04 7.617130e-01
2.429000e+04 7.615190e-01
2.430000e+04 7.609570e-01
2.431000e+04 7.602810e-01
2.432000e+04 7.596930e-01
2.433000e+04 7.594280e-01
2.434000e+04 7.595670e-01
2.435000e+04 7.601270e-01
2.436000e+04 7.611150e-01
2.437000e+04 7.625230e-01
2.438000e+04 7.643230e-01
2.439000e+04 7.665360e-01
2.440000e+04 7.690260e-01
2.441000e+04 7.717160e-01
2.442000e+04 7.745480e-01
2.443000e+04 7.774670e-01
2.444000e+04 7.804140e-01
2.445000e+04 7.833240e-01
2.446000e+04 7.861480e-01
2.447000e+04 7.888570e-01
2.448000e+04 7.914280e-01
2.449000e+04 7.938440e-01
2.450000e+04 7.961000e-01
2.451000e+04 7.981620e-01
2.452000e+04 8.000720e-01
2.453000e+04 8.018490e-01
2.454000e+04 8.035130e-01
2.455000e+04 8.050830e-01
2.456000e+04 8.065850e-01
2.457000e+04 8.080410e-01
2.458000e+04 8.094930e-01
2.459000e+04 8.109600e-01
2.460000e+04 8.124600e-01
2.461000e+04 8.140090e-01
2.462000e+04 8.156210e-01
2.463000e+04 8.173280e-01
2.464000e+04 8.191210e-01
2.465000e+04 8.209960e-01
2.466000e+04 8.229500e-01
2.467000e+04 8.249740e-01
2.468000e+04 8.270590e-01
2.469000e+04 8.292080e-01
2.470000e+04 8.313850e-01
2.471000e+04 8.335680e-01
2.472000e+04 8.357390e-01
2.473000e+04 8.378800e-01
2.474000e+04 8.399760e-01
2.475000e+04 8.419830e-01
2.476000e+04 8.438910e-01
2.477000e+04 8.456860e-01
2.478000e+04 8.473510e-01
2.479000e+04 8.488750e-01
2.480000e+04 8.502480e-01
2.481000e+04 8.514230e-01
2.482000e+04 8.524260e-01
2.483000e+04 8.532550e-01
2.484000e+04 8.539120e-01
2.485000e+04 8.544020e-01
2.486000e+04 8.547270e-01
2.487000e+04 8.548560e-01
2.488000e+04 8.548410e-01
2.489000e+04 8.546970e-01
2.490000e+04 8.544360e-01
2.491000e+04 8.540700e-01
2.492000e+04 8.536090e-01
2.493000e+04 8.530560e-01
2.494000e+04 8.524420e-01
2.495000e+04 8.517790e-01
2.496000e+04 8.510810e-01
2.497000e+04 8.503600e-01
2.498000e+04 8.496230e-01
2.499000e+04 8.488760e-01
2.500000e+04 8.481290e-01
2.501000e+04 8.473970e-01
2.502000e+04 8.466800e-01
2.503000e+04 8.459770e-01
2.504000e+04 8.452860e-01
2.505000e+04 8.446210e-01
2.506000e+04 8.439770e-01
2.507000e+04 8.433510e-01
2.508000e+04 8.427430e-01
2.509000e+04 8.421510e-01
2.510000e+04 8.415700e-01
2.511000e+04 8.410000e-01
2.512000e+04 8.404400e-01
2.513000e+04 8.398930e-01
2.514000e+04 8.393520e-01
2.515000e+04 8.388110e-01
2.516000e+04 8.382720e-01
2.517000e+04 8.377300e-01
2.518000e+04 8.371880e-01
2.519000e+04 8.366560e-01
2.520000e+04 8.361360e-01
2.521000e+04 8.356260e-01
2.522000e+04 8.351210e-01
2.523000e+04 8.346350e-01
2.524000e+04 8.341760e-01
2.525000e+04 8.337450e-01
2.526000e+04 8.333560e-01
2.527000e+04 8.330220e-01
2.528000e+04 8.327620e-01
2.529000e+04 8.325600e-01
2.530000e+04 8.324010e-01
2.531000e+04 8.323140e-01
2.532000e+04 8.323220e-01
2.533000e+04 8.324240e-01
2.534000e+04 8.325830e-01
2.535000e+04 8.328460e-01
2.536000e+04 8.331900e-01
2.537000e+04 8.336190e-01
2.538000e+04 8.341590e-01
2.539000e+04 8.348410e-01
2.540000e+04 8.356540e-01
2.541000e+04 8.365450e-01
2.542000e+04 8.374950e-01
2.543000e+04 8.385670e-01
2.544000e+04 8.397680e-01
2.545000e+04 8.410640e-01
2.546000e+04 8.424320e-01
2.547000e+04 8.439180e-01
2.548000e+04 8.454500e-01
2.549000e+04 8.470430e-01
2.550000e+04 8.486790e-01
2.551000e+04 8.503260e-01
2.552000e+04 8.520060e-01
2.553000e+04 8.536900e-01
2.554000e+04 8.553810e-01
2.555000e+04 8.571080e-01
2.556000e+04 8.588930e-01
2.557000e+04 8.607460e-01
2.558000e+04 8.626490e-01
2.559000e+04 8.644910e-01
2.560000e+04 8.663450e-01
2.561000e+04 8.681380e-01
2.562000e+04 8.698080e-01
2.563000e+04 8.713390e-01
2.564000e+04 8.728060e-01
2.565000e+04 8.742680e-01
2.566000e+04 8.756300e-01
2.567000e+04 8.767770e-01
2.568000e+04 8.777640e-01
2.569000e+04 8.787560e-01
2.570000e+04 8.798500e-01
2.571000e+04 8.807770e-01
2.572000e+04 8.817190e-01
2.573000e+04 8.826760e-01
2.574000e+04 8.835350e-01
2.575000e+04 8.841680e-01
2.576000e+04 8.846470e-01
2.577000e+04 8.853040e-01
2.578000e+04 8.858720e-01
2.579000e+04 8.863780e-01
2.580000e+04 8.869410e-01
2.581000e+04 8.876340e-01
2.582000e+04 8.880670e-01
2.583000e+04 8.884890e-01
2.584000e+04 8.889810e-01
2.585000e+04 8.894670e-01
2.586000e+04 8.898600e-01
2.587000e+04 8.901170e-01
2.588000e+04 8.903620e-01
2.589000e+04 8.905000e-01
2.590000e+04 8.910330e-01
2.591000e+04 8.919600e-01
2.592000e+04 8.929260e-01
2.593000e+04 8.934530e-01
2.594000e+04 8.936230e-01
2.595000e+04 8.937550e-01
2.596000e+04 8.939290e-01
2.597000e+04 8.941770e-01
2.598000e+04 8.944520e-01
2.599000e+04 8.945990e-01
2.600000e+04 8.941870e-01
2.601000e+04 8.937940e-01
2.602000e+04 8.937650e-01
2.603000e+04 8.939450e-01
2.604000e+04 8.941630e-01
2.605000e+04 8.943330e-01
2.606000e+04 8.944840e-01
2.607000e+04 8.944220e-01
2.608000e+04 8.942710e-01
2.609000e+04 8.940530e-01
2.610000e+04 8.936950e-01
2.611000e+04 8.931000e-01
2.612000e+04 8.925080e-01
2.613000e+04 8.923070e-01
2.614000e+04 8.920740e-01
2.615000e+04 8.917590e-01
2.616000e+04 8.914960e-01
2.617000e+04 8.914370e-01
2.618000e+04 8.910740e-01
2.619000e+04 8.904690e-01
2.620000e+04 8.898210e-01
2.621000e+04 8.891270e-01
2.622000e+04 8.883890e-01
2.623000e+04 8.876530e-01
2.624000e+04 8.869270e-01
2.625000e+04 8.861380e-01
2.626000e+04 8.853600e-01
2.627000e+04 8.847090e-01
2.628000e+04 8.841520e-01
2.629000e+04 8.835210e-01
2.630000e+04 8.829410e-01
2.631000e+04 8.822520e-01
2.632000e+04 8.813220e-01
2.633000e+04 8.803580e-01
2.634000e+04 8.795000e-01
2.635000e+04 8.786910e-01
2.636000e+04 8.775930e-01
2.637000e+04 8.766010e-01
2.638000e+04 8.758660e-01
2.639000e+04 8.752410e-01
2.640000e+04 8.746420e-01
2.641000e+04 8.741370e-01
2.642000e+04 8.738220e-01
2.643000e+04 8.735150e-01
2.644000e+04 8.731990e-01
2.645000e+04 8.728970e-01
2.646000e+04 8.726260e-01
2.647000e+04 8.723960e-01
2.648000e+04 8.722910e-01
2.649000e+04 8.723020e-01
2.650000e+04 8.722880e-01
2.651000e+04 8.722540e-01
2.652000e+04 8.722330e-01
2.653000e+04 8.722530e-01
2.654000e+04 8.723220e-01
2.655000e+04 8.725080e-01
2.656000e+04 8.727740e-01
2.657000e+04 8.730130e-01
2.658000e+04 8.731720e-01
2.659000e+04 8.733120e-01
2.660000e+04 8.736790e-01
2.661000e+04 8.743920e-01
2.662000e+04 8.752360e-01
2.663000e+04 8.761270e-01
2.664000e+04 8.769320e-01
2.665000e+04 8.774810e-01
2.666000e+04 8.783210e-01
2.667000e+04 8.793950e-01
2.668000e+04 8.801660e-01
2.669000e+04 8.806180e-01
2.670000e+04 8.808080e-01
2.671000e+04 8.807290e-01
2.672000e+04 8.808390e-01
2.673000e+04 8.810830e-01
2.674000e+04 8.814920e-01
2.675000e+04 8.818340e-01
2.676000e+04 8.818990e-01
2.677000e+04 8.816780e-01
2.678000e+04 8.818720e-01
2.679000e+04 8.822880e-01
2.680000e+04 8.827280e-01
2.681000e+04 8.830310e-01
2.682000e+04 8.831490e-01
2.683000e+04 8.831860e-01
2.684000e+04 8.832430e-01
2.685000e+04 8.832370e-01
2.686000e+04 8.833090e-01
2.687000e+04 8.834720e-01
2.688000e+04 8.836950e-01
2.689000e+04 8.839410e-01
2.690000e+04 8.843870e-01
2.691000e+04 8.847860e-01
2.692000e+04 8.850880e-01
2.693000e+04 8.852980e-01
2.694000e+04 8.854440e-01
2.695000e+04 8.855670e-01
2.696000e+04 8.857380e-01
2.697000e+04 8.859920e-01
2.698000e+04 8.861780e-01
2.699000e+04 8.861790e-01
2.700000e+04 8.860140e-01
2.701000e+04 8.859060e-01
2.702000e+04 8.859160e-01
2.703000e+04 8.860560e-01
2.704000e+04 8.863070e-01
2.705000e+04 8.866600e-01
2.706000e+04 8.871120e-01
2.707000e+04 8.876670e-01
2.708000e+04 8.881970e-01
2.709000e+04 8.885070e-01
2.710000e+04 8.887190e-01
2.711000e+04 8.888930e-01
2.712000e+04 8.890560e-01
2.713000e+04 8.892180e-01
2.714000e+04 8.893360e-01
2.715000e+04 8.894260e-01
2.716000e+04 8.895920e-01
2.717000e+04 8.897880e-01
2.718000e+04 8.899650e-01
2.719000e+04 8.901820e-01
2.720000e+04 8.906550e-01
2.721000e+04 8.911610e-01
2.722000e+04 8.915030e-01
2.723000e+04 8.916310e-01
2.724000e+04 8.915720e-01
2.725000e+04 8.913770e-01
2.726000e+04 8.907790e-01
2.727000e+04 8.902320e-01
2.728000e+04 8.898590e-01
2.729000e+04 8.895250e-01
2.730000e+04 8.891170e-01
2.731000e+04 8.887960e-01
2.732000e+04 8.886460e-01
2.733000e+04 8.885270e-01
2.734000e+04 8.885020e-01
2.735000e+04 8.886380e-01
2.736000e+04 8.889380e-01
2.737000e+04 8.892630e-01
2.738000e+04 8.893920e-01
2.739000e+04 8.892920e-01
2.740000e+04 8.889580e-01
2.741000e+04 8.885160e-01
2.742000e+04 8.881120e-01
2.743000e+04 8.877890e-01
2.744000e+04 8.873290e-01
2.745000e+04 8.866420e-01
2.746000e+04 8.858590e-01
2.747000e+04 8.851360e-01
2.748000e+04 8.845860e-01
2.749000e+04 8.842150e-01
2.750000e+04 8.840380e-01
2.751000e+04 8.841320e-01
2.752000e+04 8.843050e-01
2.753000e+04 8.843660e-01
2.754000e+04 8.842190e-01
2.755000e+04 8.839590e-01
2.756000e+04 8.836960e-01
2.757000e+04 8.834540e-01
2.758000e+04 8.833160e-01
2.759000e+04 8.832300e-01
2.760000e+04 8.830400e-01
2.761000e+04 8.825110e-01
2.762000e+04 8.819530e-01
2.763000e+04 8.816970e-01
2.764000e+04 8.816460e-01
2.765000e+04 8.816910e-01
2.766000e+04 8.817620e-01
2.767000e+04 8.818810e-01
2.768000e+04 8.818330e-01
2.769000e+04 8.817070e-01
2.770000e+04 8.816030e-01
2.771000e+04 8.815640e-01
2.772000e+04 8.815850e-01
2.773000e+04 8.816080e-01
2.774000e+04 8.816370e-01
2.775000e+04 8.816990e-01
2.776000e+04 8.817460e-01
2.777000e+04 8.818150e-01
2.778000e+04 8.819710e-01
2.779000e+04 8.822130e-01
2.780000e+04 8.825080e-01
2.781000e+04 8.828220e-01
2.782000e+04 8.832060e-01
2.783000e+04 8.836630e-01
2.784000e+04 8.841460e-01
2.785000e+04 8.845810e-01
2.786000e+04 8.849150e-01
2.787000e+04 8.851940e-01
2.788000e+04 8.854660e-01
2.789000e+04 8.857570e-01
2.790000e+04 8.860680e-01
2.791000e+04 8.863660e-01
2.792000e+04 8.865340e-01
2.793000e+04 8.866450e-01
2.794000e+04 8.867700e-01
2.795000e+04 8.869480e-01
2.796000e+04 8.871820e-01
2.797000e+04 8.874460e-01
2.798000e+04 8.877770e-01
2.799000e+04 8.881560e-01
2.800000e+04 8.885150e-01
2.801000e+04 8.888070e-01
2.802000e+04 8.890160e-01
2.803000e+04 8.891670e-01
2.804000e+04 8.892900e-01
2.805000e+04 8.893930e-01
2.806000e+04 8.894580e-01
2.807000e+04 8.894560e-01
2.808000e+04 8.893570e-01
2.809000e+04 8.891600e-01
2.810000e+04 8.889970e-01
2.811000e+04 8.888990e-01
2.812000e+04 8.888290e-01
2.813000e+04 8.887570e-01
2.814000e+04 8.886750e-01
2.815000e+04 8.886130e-01
2.816000e+04 8.885760e-01
2.817000e+04 8.885320e-01
2.818000e+04 8.884660e-01
2.819000e+04 8.883700e-01
2.820000e+04 8.882450e-01
2.821000e+04 8.881010e-01
2.822000e+04 8.879810e-01
2.823000e+04 8.878850e-01
2.824000e+04 8.877890e-01
2.825000e+04 8.876760e-01
2.826000e+04 8.875520e-01
2.827000e+04 8.874480e-01
2.828000e+04 8.874030e-01
2.829000e+04 8.874020e-01
2.830000e+04 8.874400e-01
2.831000e+04 8.875060e-01
2.832000e+04 8.875860e-01
2.833000e+04 8.876770e-01
2.834000e+04 8.877960e-01
2.835000e+04 8.879400e-01
2.836000e+04 8.881000e-01
2.837000e+04 8.882720e-01
2.838000e+04 8.884570e-01
2.839000e+04 8.886510e-01
2.840000e+04 8.888560e-01
2.841000e+04 8.890850e-01
2.842000e+04 8.893390e-01
2.843000e+04 8.896180e-01
2.844000e+04 8.899220e-01
2.845000e+04 8.902670e-01
2.846000e+04 8.906510e-01
2.847000e+04 8.910430e-01
2.848000e+04 8.914480e-01
2.849000e+04 8.918750e-01
2.850000e+04 8.923300e-01
2.851000e+04 8.928050e-01
2.852000e+04 8.932730e-01
2.853000e+04 8.937290e-01
2.854000e+04 8.941740e-01
2.855000e+04 8.946130e-01
2.856000e+04 8.950590e-01
2.857000e+04 8.955220e-01
2.858000e+04 8.959760e-01
2.859000e+04 8.964090e-01
2.860000e+04 8.968250e-01
2.861000e+04 8.972330e-01
2.862000e+04 8.976500e-01
2.863000e+04 8.980760e-01
2.864000e+04 8.984910e-01
2.865000e+04 8.988880e-01
2.866000e+04 8.992700e-01
2.867000e+04 8.996470e-01
2.868000e+04 9.000210e-01
2.869000e+04 9.003850e-01
2.870000e+04 9.007230e-01
2.871000e+04 9.010380e-01
2.872000e+04 9.013320e-01
2.873000e+04 9.016110e-01
2.874000e+04 9.018820e-01
2.875000e+04 9.021430e-01
2.876000e+04 9.023820e-01
2.877000e+04 9.026000e-01
2.878000e+04 9.028020e-01
2.879000e+04 9.029970e-01
2.880000e+04 9.031900e-01
2.881000e+04 9.033750e-01
2.882000e+04 9.035440e-01
2.883000e+04 9.037020e-01
2.884000e+04 9.038520e-01
2.885000e+04 9.039940e-01
2.886000e+04 9.041270e-01
2.887000e+04 9.042480e-01
2.888000e+04 9.043550e-01
2.889000e+04 9.044510e-01
2.890000e+04 9.045380e-01
2.891000e+04 9.046170e-01
2.892000e+04 9.046920e-01
2.893000e+04 9.047550e-01
2.894000e+04 9.048100e-01
2.895000e+04 9.048630e-01
2.896000e+04 9.049210e-01
2.897000e+04 9.049830e-01
2.898000e+04 9.050400e-01
2.899000e+04 9.050770e-01
2.900000e+04 9.051040e-01
2.901000e+04 9.051240e-01
2.902000e+04 9.051330e-01
2.903000e+04 9.051280e-01
2.904000e+04 9.051090e-01
2.905000e+04 9.050720e-01
2.906000e+04 9.050080e-01
2.907000e+04 9.049260e-01
2.908000e+04 9.048370e-01
2.909000e+04 9.047420e-01
2.910000e+04 9.046350e-01
2.911000e+04 9.045110e-01
2.912000e+04 9.043750e-01
2.913000e+04 9.042270e-01
2.914000e+04 9.040630e-01
2.915000e+04 9.038820e-01
2.916000e+04 9.036840e-01
2.917000e+04 9.034710e-01
2.918000e+04 9.032480e-01
2.919000e+04 9.030170e-01
2.920000e+04 9.027720e-01
2.921000e+04 9.025100e-01
2.922000e+04 9.022310e-01
2.923000e+04 9.019330e-01
2.924000e+04 9.016230e-01
2.925000e+04 9.013070e-01
2.926000e+04 9.009830e-01
2.927000e+04 9.006490e-01
2.928000e+04 9.003020e-01
2.929000e+04 8.999420e-01
2.930000e+04 8.995840e-01
2.931000e+04 8.992290e-01
2.932000e+04 8.988770e-01
2.933000e+04 8.985280e-01
2.934000e+04 8.981840e-01
2.935000e+04 8.978470e-01
2.936000e+04 8.975200e-01
2.937000e+04 8.972050e-01
2.938000e+04 8.969040e-01
2.939000e+04 8.966150e-01
2.940000e+04 8.963400e-01
2.941000e+04 8.960830e-01
2.942000e+04 8.958460e-01
2.943000e+04 8.956310e-01
2.944000e+04 8.954390e-01
2.945000e+04 8.952650e-01
2.946000e+04 8.951070e-01
2.947000e+04 8.949740e-01
2.948000e+04 8.948680e-01
2.949000e+04 8.947880e-01
2.950000e+04 8.947340e-01
2.951000e+04 8.947070e-01
2.952000e+04 8.947020e-01
2.953000e+04 8.947190e-01
2.954000e+04 8.947620e-01
2.955000e+04 8.948320e-01
2.956000e+04 8.949290e-01
2.957000e+04 8.950470e-01
2.958000e+04 8.951850e-01
2.959000e+04 8.953410e-01
2.960000e+04 8.955100e-01
2.961000e+04 8.956950e-01
2.962000e+04 8.958970e-01
2.963000e+04 8.961130e-01
2.964000e+04 8.963390e-01
2.965000e+04 8.965730e-01
2.966000e+04 8.968110e-01
2.967000e+04 8.970480e-01
2.968000e+04 8.972840e-01
2.969000e+04 8.975170e-01
2.970000e+04 8.977450e-01
2.971000e+04 8.979620e-01
2.972000e+04 8.981660e-01
2.973000e+04 8.983540e-01
2.974000e+04 8.985250e-01
2.975000e+04 8.986800e-01
2.976000e+04 8.988180e-01
2.977000e+04 8.989310e-01
2.978000e+04 8.990200e-01
2.979000e+04 8.990850e-01
2.980000e+04 8.991240e-01
2.981000e+04 8.991380e-01
2.982000e+04 8.991260e-01
2.983000e+04 8.990800e-01
2.984000e+04 8.990090e-01
2.985000e+04 8.989070e-01
2.986000e+04 8.987760e-01
2.987000e+04 8.986180e-01
2.988000e+04 8.984330e-01
2.989000e+04 8.982200e-01
2.990000e+04 8.979850e-01
2.991000e+04 8.977300e-01
2.992000e+04 8.974560e-01
2.993000e+04 8.971650e-01
2.994000e+04 8.968570e-01
2.995000e+04 8.965300e-01
2.996000e+04 8.961900e-01
2.997000e+04 8.958390e-01
2.998000e+04 8.954810e-01
2.999000e+04 8.951200e-01
3.000000e+04 8.947580e-01
3.001000e+04 8.944000e-01
3.002000e+04 8.940460e-01
3.003000e+04 8.937000e-01
3.004000e+04 8.933650e-01
3.005000e+04 8.930440e-01
3.006000e+04 8.927410e-01
3.007000e+04 8.924620e-01
3.008000e+04 8.922060e-01
3.009000e+04 8.919720e-01
3.010000e+04 8.917650e-01
3.011000e+04 8.915850e-01
3.012000e+04 8.914360e-01
3.013000e+04 8.913260e-01
3.014000e+04 8.912520e-01
3.015000e+04 8.912120e-01
3.016000e+04 8.912080e-01
3.017000e+04 8.912410e-01
3.018000e+04 8.913140e-01
3.019000e+04 8.914330e-01
3.020000e+04 8.915850e-01
3.021000e+04 8.917710e-01
3.022000e+04 8.919890e-01
3.023000e+04 8.922370e-01
3.024000e+04 8.925170e-01
3.025000e+04 8.928320e-01
3.026000e+04 8.931760e-01
3.027000e+04 8.935440e-01
3.028000e+04 8.939350e-01
3.029000e+04 8.943480e-01
3.030000e+04 8.947810e-01
3.031000e+04 8.952350e-01
3.032000e+04 8.957030e-01
3.033000e+04 8.961820e-01
3.034000e+04 8.966700e-01
3.035000e+04 8.971610e-01
3.036000e+04 8.976490e-01
3.037000e+04 8.981330e-01
3.038000e+04 8.986060e-01
3.039000e+04 8.990700e-01
3.040000e+04 8.995200e-01
3.041000e+04 8.999550e-01
3.042000e+04 9.003720e-01
3.043000e+04 9.007600e-01
3.044000e+04 9.011270e-01
3.045000e+04 9.014690e-01
3.046000e+04 9.017840e-01
3.047000e+04 9.020720e-01
3.048000e+04 9.023300e-01
3.049000e+04 9.025500e-01
3.050000e+04 9.027370e-01
3.051000e+04 9.028910e-01
3.052000e+04 9.030110e-01
3.053000e+04 9.030980e-01
3.054000e+04 9.031480e-01
3.055000e+04 9.031600e-01
3.056000e+04 9.031370e-01
3.057000e+04 9.030840e-01
3.058000e+04 9.030030e-01
3.059000e+04 9.028940e-01
3.060000e+04 9.027600e-01
3.061000e+04 9.025980e-01
3.062000e+04 9.024180e-01
3.063000e+04 9.022210e-01
3.064000e+04 9.020110e-01
3.065000e+04 9.017910e-01
3.066000e+04 9.015630e-01
3.067000e+04 9.013270e-01
3.068000e+04 9.010880e-01
3.069000e+04 9.008500e-01
3.070000e+04 9.006150e-01
3.071000e+04 9.003850e-01
3.072000e+04 9.001600e-01
3.073000e+04 8.999500e-01
3.074000e+04 8.997530e-01
3.075000e+04 8.995730e-01
3.076000e+04 8.994110e-01
3.077000e+04 8.992690e-01
3.078000e+04 8.991570e-01
3.079000e+04 8.990720e-01
3.080000e+04 8.990110e-01
3.081000e+04 8.989780e-01
3.082000e+04 8.989750e-01
3.083000e+04 8.989990e-01
3.084000e+04 8.990540e-01
3.085000e+04 8.991390e-01
3.086000e+04 8.992530e-01
3.087000e+04 8.993890e-01
3.088000e+04 8.995480e-01
3.089000e+04 8.997330e-01
3.090000e+04 8.999360e-01
3.091000e+04 9.001540e-01
3.092000e+04 9.003780e-01
3.093000e+04 9.006040e-01
3.094000e+04 9.008250e-01
3.095000e+04 9.010330e-01
3.096000e+04 9.012130e-01
3.097000e+04 9.013520e-01
3.098000e+04 9.014380e-01
3.099000e+04 9.014650e-01
3.100000e+04 9.014220e-01
3.101000e+04 9.012910e-01
3.102000e+04 9.010420e-01
3.103000e+04 9.006410e-01
3.104000e+04 9.000840e-01
3.105000e+04 8.993490e-01
3.106000e+04 8.984120e-01
3.107000e+04 8.972450e-01
3.108000e+04 8.957860e-01
3.109000e+04 8.939830e-01
3.110000e+04 8.918350e-01
3.111000e+04 8.893060e-01
3.112000e+04 8.863660e-01
3.113000e+04 8.829810e-01
3.114000e+04 8.790300e-01
3.115000e+04 8.744600e-01
3.116000e+04 8.692930e-01
3.117000e+04 8.634920e-01
3.118000e+04 8.570170e-01
3.119000e+04 8.498210e-01
3.120000e+04 8.417670e-01
3.121000e+04 8.328290e-01
3.122000e+04 8.230630e-01
3.123000e+04 8.124430e-01
3.124000e+04 8.009490e-01
3.125000e+04 7.885780e-01
3.126000e+04 7.751980e-01
3.127000e+04 7.608230e-01
3.128000e+04 7.455870e-01
3.129000e+04 7.295120e-01
3.130000e+04 7.126250e-01
3.131000e+04 6.949680e-01
3.132000e+04 6.764770e-01
3.133000e+04 6.572820e-01
3.134000e+04 6.375250e-01
3.135000e+04 6.172860e-01
3.136000e+04 5.966320e-01
3.137000e+04 5.756340e-01
3.138000e+04 5.543760e-01
3.139000e+04 5.329850e-01
3.140000e+04 5.115620e-01
3.141000e+04 4.902030e-01
3.142000e+04 4.689850e-01
3.143000e+04 4.479860e-01
3.144000e+04 4.273340e-01
3.145000e+04 4.071060e-01
3.146000e+04 3.873300e-01
3.147000e+04 3.680540e-01
3.148000e+04 3.493270e-01
3.149000e+04 3.311840e-01
3.150000e+04 3.137540e-01
3.151000e+04 2.970400e-01
3.152000e+04 2.809870e-01
3.153000e+04 2.656020e-01
3.154000e+04 2.508950e-01
3.155000e+04 2.368630e-01
3.156000e+04 2.236130e-01
3.157000e+04 2.110670e-01
3.158000e+04 1.991590e-01
3.159000e+04 1.878720e-01
3.160000e+04 1.771880e-01
3.161000e+04 1.670860e-01
3.162000e+04 1.576430e-01
3.163000e+04 1.487630e-01
3.164000e+04 1.403880e-01
3.165000e+04 1.324950e-01
3.166000e+04 1.250630e-01
3.167000e+04 1.180630e-01
3.168000e+04 1.115530e-01
3.169000e+04 1.054490e-01
3.170000e+04 9.970430e-02
3.171000e+04 9.430300e-02
3.172000e+04 8.922360e-02
3.173000e+04 8.444790e-02
3.174000e+04 8.001350e-02
3.175000e+04 7.585200e-02
3.176000e+04 7.193540e-02
3.177000e+04 6.825070e-02
3.178000e+04 6.478310e-02
3.179000e+04 6.152270e-02
3.180000e+04 5.848840e-02
3.181000e+04 5.563820e-02
3.182000e+04 5.295280e-02
3.183000e+04 5.042010e-02
3.184000e+04 4.803200e-02
3.185000e+04 4.578310e-02
3.186000e+04 4.368510e-02
3.187000e+04 4.171110e-02
3.188000e+04 3.984570e-02
3.189000e+04 3.808260e-02
3.190000e+04 3.641650e-02
3.191000e+04 3.484470e-02
3.192000e+04 3.337230e-02
3.193000e+04 3.198200e-02
3.194000e+04 3.066380e-02
3.195000e+04 2.941420e-02
3.196000e+04 2.823060e-02
3.197000e+04 2.710930e-02
3.198000e+04 2.605600e-02
3.199000e+04 2.505760e-02
3.200000e+04 2.410500e-02
3.201000e+04 2.319860e-02
3.202000e+04 2.233840e-02
3.203000e+04 2.152020e-02
3.204000e+04 2.075050e-02
3.205000e+04 2.001780e-02
3.206000e+04 1.931680e-02
3.207000e+04 1.864780e-02
3.208000e+04 1.801020e-02
3.209000e+04 1.739930e-02
3.210000e+04 1.682280e-02
3.211000e+04 1.626960e-02
3.212000e+04 1.573760e-02
3.213000e+04 1.522710e-02
3.214000e+04 1.473790e-02
3.215000e+04 1.426630e-02
3.216000e+04 1.381940e-02
3.217000e+04 1.338730e-02
3.218000e+04 1.297080e-02
3.219000e+04 1.256980e-02
3.220000e+04 1.218350e-02
3.221000e+04 1.180960e-02
3.222000e+04 1.145370e-02
3.223000e+04 1.110700e-02
3.224000e+04 1.077190e-02
3.225000e+04 1.044750e-02
3.226000e+04 1.013260e-02
3.227000e+04 9.827220e-03
3.228000e+04 9.535210e-03
3.229000e+04 9.249910e-03
3.230000e+04 8.973860e-03
3.231000e+04 8.705780e-03
3.232000e+04 8.443890e-03
3.233000e+04 8.189080e-03
3.234000e+04 7.942490e-03
3.235000e+04 7.700840e-03
3.236000e+04 7.466000e-03
3.237000e+04 7.236480e-03
3.238000e+04 7.010810e-03
3.239000e+04 6.791570e-03
3.240000e+04 6.579290e-03
3.241000e+04 6.372100e-03
3.242000e+04 6.171010e-03
3.243000e+04 5.974360e-03
3.244000e+04 5.780700e-03
3.245000e+04 5.592630e-03
3.246000e+04 5.408780e-03
3.247000e+04 5.229090e-03
3.248000e+04 5.053910e-03
3.249000e+04 4.882190e-03
3.250000e+04 4.713590e-03
3.251000e+04 4.550940e-03
3.252000e+04 4.391510e-03
3.253000e+04 4.236500e-03
3.254000e+04 4.085360e-03
3.255000e+04 3.937030e-03
3.256000e+04 3.791600e-03
3.257000e+04 3.652210e-03
3.258000e+04 3.516150e-03
3.259000e+04 3.383930e-03
3.260000e+04 3.254670e-03
3.261000e+04 3.127940e-03
3.262000e+04 3.004420e-03
3.263000e+04 2.886940e-03
3.264000e+04 2.773120e-03
3.265000e+04 2.664010e-03
3.266000e+04 2.558390e-03
3.267000e+04 2.455230e-03
3.268000e+04 2.354470e-03
3.269000e+04 2.257930e-03
3.270000e+04 2.163700e-03
3.271000e+04 2.073980e-03
3.272000e+04 1.987570e-03
3.273000e+04 1.903440e-03
3.274000e+04 1.821320e-03
3.275000e+04 1.742910e-03
3.276000e+04 1.666650e-03
3.277000e+04 1.594650e-03
3.278000e+04 1.525640e-03
3.279000e+04 1.458980e-03
3.280000e+04 1.394870e-03
3.281000e+04 1.334760e-03
3.282000e+04 1.275630e-03
3.283000e+04 1.220290e-03
3.284000e+04 1.167550e-03
3.285000e+04 1.116850e-03
3.286000e+04 1.068450e-03
3.287000e+04 1.023430e-03
