# # Wavelength(Angstrom)  Transmission
9.960000e+03 1.067200e-03
9.970000e+03 1.271650e-03
9.980000e+03 2.631530e-02
9.990000e+03 6.024420e-02
1.000000e+04 9.815210e-02
1.001000e+04 1.147090e-01
1.002000e+04 1.279280e-01
1.003000e+04 1.418100e-01
1.004000e+04 1.586880e-01
1.005000e+04 1.767930e-01
1.006000e+04 1.993430e-01
1.007000e+04 2.244860e-01
1.008000e+04 2.544690e-01
1.009000e+04 2.898740e-01
1.010000e+04 3.315020e-01
1.011000e+04 3.793100e-01
1.012000e+04 4.303400e-01
1.013000e+04 4.863490e-01
1.014000e+04 5.439760e-01
1.015000e+04 5.988750e-01
1.016000e+04 6.489310e-01
1.017000e+04 6.899680e-01
1.018000e+04 7.228720e-01
1.019000e+04 7.429020e-01
1.020000e+04 7.538560e-01
1.021000e+04 7.570760e-01
1.022000e+04 7.572460e-01
1.023000e+04 7.560080e-01
1.024000e+04 7.564580e-01
1.025000e+04 7.575260e-01
1.026000e+04 7.570320e-01
1.027000e+04 7.552050e-01
1.028000e+04 7.538090e-01
1.029000e+04 7.524660e-01
1.030000e+04 7.499510e-01
1.031000e+04 7.477990e-01
1.032000e+04 7.475860e-01
1.033000e+04 7.500610e-01
1.034000e+04 7.535730e-01
1.035000e+04 7.608100e-01
1.036000e+04 7.681990e-01
1.037000e+04 7.762820e-01
1.038000e+04 7.823830e-01
1.039000e+04 7.888870e-01
1.040000e+04 7.932930e-01
1.041000e+04 7.955020e-01
1.042000e+04 7.951100e-01
1.043000e+04 7.952090e-01
1.044000e+04 7.960760e-01
1.045000e+04 7.971810e-01
1.046000e+04 7.973750e-01
1.047000e+04 7.957950e-01
1.048000e+04 7.962220e-01
1.049000e+04 7.968310e-01
1.050000e+04 7.969350e-01
1.051000e+04 7.959130e-01
1.052000e+04 7.964470e-01
1.053000e+04 7.993710e-01
1.054000e+04 8.047490e-01
1.055000e+04 8.102520e-01
1.056000e+04 8.168000e-01
1.057000e+04 8.206410e-01
1.058000e+04 8.229250e-01
1.059000e+04 8.224120e-01
1.060000e+04 8.204840e-01
1.061000e+04 8.181580e-01
1.062000e+04 8.156600e-01
1.063000e+04 8.113090e-01
1.064000e+04 8.065790e-01
1.065000e+04 8.000880e-01
1.066000e+04 7.952730e-01
1.067000e+04 7.884290e-01
1.068000e+04 7.829040e-01
1.069000e+04 7.750150e-01
1.070000e+04 7.680060e-01
1.071000e+04 7.611050e-01
1.072000e+04 7.549510e-01
1.073000e+04 7.504640e-01
1.074000e+04 7.460900e-01
1.075000e+04 7.420740e-01
1.076000e+04 7.396590e-01
1.077000e+04 7.355830e-01
1.078000e+04 7.321030e-01
1.079000e+04 7.258580e-01
1.080000e+04 7.219260e-01
1.081000e+04 7.186330e-01
1.082000e+04 7.163370e-01
1.083000e+04 7.155350e-01
1.084000e+04 7.155410e-01
1.085000e+04 7.193250e-01
1.086000e+04 7.229700e-01
1.087000e+04 7.280210e-01
1.088000e+04 7.330930e-01
1.089000e+04 7.376040e-01
1.090000e+04 7.422740e-01
1.091000e+04 7.453510e-01
1.092000e+04 7.523030e-01
1.093000e+04 7.584760e-01
1.094000e+04 7.670380e-01
1.095000e+04 7.725490e-01
1.096000e+04 7.767790e-01
1.097000e+04 7.802710e-01
1.098000e+04 7.823770e-01
1.099000e+04 7.855450e-01
1.100000e+04 7.884980e-01
1.101000e+04 7.918650e-01
1.102000e+04 7.948650e-01
1.103000e+04 7.955460e-01
1.104000e+04 7.970350e-01
1.105000e+04 7.980830e-01
1.106000e+04 8.006740e-01
1.107000e+04 8.015990e-01
1.108000e+04 8.030280e-01
1.109000e+04 8.031940e-01
1.110000e+04 8.027510e-01
1.111000e+04 8.012740e-01
1.112000e+04 8.000260e-01
1.113000e+04 8.008950e-01
1.114000e+04 7.984290e-01
1.115000e+04 7.954070e-01
1.116000e+04 7.905140e-01
1.117000e+04 7.842280e-01
1.118000e+04 7.793700e-01
1.119000e+04 7.745850e-01
1.120000e+04 7.732710e-01
1.121000e+04 7.708870e-01
1.122000e+04 7.677320e-01
1.123000e+04 7.679200e-01
1.124000e+04 7.682830e-01
1.125000e+04 7.713990e-01
1.126000e+04 7.731680e-01
1.127000e+04 7.758890e-01
1.128000e+04 7.789780e-01
1.129000e+04 7.803000e-01
1.130000e+04 7.826720e-01
1.131000e+04 7.853770e-01
1.132000e+04 7.912730e-01
1.133000e+04 7.951070e-01
1.134000e+04 7.986000e-01
1.135000e+04 8.009250e-01
1.136000e+04 8.031340e-01
1.137000e+04 8.037270e-01
1.138000e+04 8.040550e-01
1.139000e+04 8.056540e-01
1.140000e+04 8.072490e-01
1.141000e+04 8.089800e-01
1.142000e+04 8.104780e-01
1.143000e+04 8.125990e-01
1.144000e+04 8.159310e-01
1.145000e+04 8.175030e-01
1.146000e+04 8.248990e-01
1.147000e+04 8.278210e-01
1.148000e+04 8.312200e-01
1.149000e+04 8.333890e-01
1.150000e+04 8.378150e-01
1.151000e+04 8.425590e-01
1.152000e+04 8.436100e-01
1.153000e+04 8.487080e-01
1.154000e+04 8.534360e-01
1.155000e+04 8.595950e-01
1.156000e+04 8.613090e-01
1.157000e+04 8.659030e-01
1.158000e+04 8.695130e-01
1.159000e+04 8.721310e-01
1.160000e+04 8.742300e-01
1.161000e+04 8.762380e-01
1.162000e+04 8.788800e-01
1.163000e+04 8.812890e-01
1.164000e+04 8.836570e-01
1.165000e+04 8.862130e-01
1.166000e+04 8.885100e-01
1.167000e+04 8.903840e-01
1.168000e+04 8.934650e-01
1.169000e+04 8.983740e-01
1.170000e+04 9.022450e-01
1.171000e+04 9.049190e-01
1.172000e+04 9.050380e-01
1.173000e+04 9.053650e-01
1.174000e+04 9.062700e-01
1.175000e+04 9.077140e-01
1.176000e+04 9.094340e-01
1.177000e+04 9.093740e-01
1.178000e+04 9.086740e-01
1.179000e+04 9.072370e-01
1.180000e+04 9.060450e-01
1.181000e+04 9.065760e-01
1.182000e+04 9.034480e-01
1.183000e+04 9.050120e-01
1.184000e+04 9.023610e-01
1.185000e+04 9.012480e-01
1.186000e+04 8.951360e-01
1.187000e+04 8.921880e-01
1.188000e+04 8.913580e-01
1.189000e+04 8.918230e-01
1.190000e+04 8.902100e-01
1.191000e+04 8.884940e-01
1.192000e+04 8.863960e-01
1.193000e+04 8.866920e-01
1.194000e+04 8.855150e-01
1.195000e+04 8.848460e-01
1.196000e+04 8.830990e-01
1.197000e+04 8.799440e-01
1.198000e+04 8.776450e-01
1.199000e+04 8.758440e-01
1.200000e+04 8.775820e-01
1.201000e+04 8.765790e-01
1.202000e+04 8.760100e-01
1.203000e+04 8.744640e-01
1.204000e+04 8.731190e-01
1.205000e+04 8.723000e-01
1.206000e+04 8.697690e-01
1.207000e+04 8.675300e-01
1.208000e+04 8.645700e-01
1.209000e+04 8.630930e-01
1.210000e+04 8.625470e-01
1.211000e+04 8.613260e-01
1.212000e+04 8.609760e-01
1.213000e+04 8.598020e-01
1.214000e+04 8.597670e-01
1.215000e+04 8.586960e-01
1.216000e+04 8.582370e-01
1.217000e+04 8.603680e-01
1.218000e+04 8.622970e-01
1.219000e+04 8.650550e-01
1.220000e+04 8.651580e-01
1.221000e+04 8.675010e-01
1.222000e+04 8.707010e-01
1.223000e+04 8.755600e-01
1.224000e+04 8.787650e-01
1.225000e+04 8.859620e-01
1.226000e+04 8.911090e-01
1.227000e+04 8.980790e-01
1.228000e+04 9.009660e-01
1.229000e+04 9.051460e-01
1.230000e+04 9.091950e-01
1.231000e+04 9.105190e-01
1.232000e+04 9.113500e-01
1.233000e+04 9.097160e-01
1.234000e+04 9.100100e-01
1.235000e+04 9.089340e-01
1.236000e+04 9.110420e-01
1.237000e+04 9.111210e-01
1.238000e+04 9.085410e-01
1.239000e+04 9.065590e-01
1.240000e+04 9.068580e-01
1.241000e+04 9.104780e-01
1.242000e+04 9.135860e-01
1.243000e+04 9.167180e-01
1.244000e+04 9.186210e-01
1.245000e+04 9.205790e-01
1.246000e+04 9.220250e-01
1.247000e+04 9.257340e-01
1.248000e+04 9.279600e-01
1.249000e+04 9.315020e-01
1.250000e+04 9.346120e-01
1.251000e+04 9.388280e-01
1.252000e+04 9.416790e-01
1.253000e+04 9.451880e-01
1.254000e+04 9.482730e-01
1.255000e+04 9.504530e-01
1.256000e+04 9.505880e-01
1.257000e+04 9.502030e-01
1.258000e+04 9.492320e-01
1.259000e+04 9.487580e-01
1.260000e+04 9.456810e-01
1.261000e+04 9.460260e-01
1.262000e+04 9.486970e-01
1.263000e+04 9.508940e-01
1.264000e+04 9.501080e-01
1.265000e+04 9.469010e-01
1.266000e+04 9.457390e-01
1.267000e+04 9.492540e-01
1.268000e+04 9.528060e-01
1.269000e+04 9.543960e-01
1.270000e+04 9.512380e-01
1.271000e+04 9.483320e-01
1.272000e+04 9.441740e-01
1.273000e+04 9.371230e-01
1.274000e+04 9.270510e-01
1.275000e+04 9.104280e-01
1.276000e+04 8.840680e-01
1.277000e+04 8.460050e-01
1.278000e+04 7.970630e-01
1.279000e+04 7.420520e-01
1.280000e+04 6.781070e-01
1.281000e+04 6.100160e-01
1.282000e+04 5.363650e-01
1.283000e+04 4.664210e-01
1.284000e+04 3.999700e-01
1.285000e+04 3.412610e-01
1.286000e+04 2.885560e-01
1.287000e+04 2.452420e-01
1.288000e+04 2.089400e-01
1.289000e+04 1.790660e-01
1.290000e+04 1.544990e-01
1.291000e+04 1.344160e-01
1.292000e+04 1.175010e-01
1.293000e+04 1.034670e-01
1.294000e+04 9.165170e-02
1.295000e+04 8.134700e-02
1.296000e+04 7.164170e-02
1.297000e+04 6.229870e-02
1.298000e+04 5.326020e-02
1.299000e+04 4.439380e-02
1.300000e+04 3.612400e-02
1.301000e+04 2.909980e-02
1.302000e+04 2.334050e-02
1.303000e+04 1.870990e-02
1.304000e+04 1.508100e-02
1.305000e+04 1.212770e-02
1.306000e+04 9.761810e-03
1.307000e+04 7.883660e-03
1.308000e+04 6.416190e-03
1.309000e+04 5.269850e-03
1.310000e+04 4.351260e-03
1.311000e+04 3.615980e-03
1.312000e+04 3.001170e-03
1.313000e+04 2.517490e-03
1.314000e+04 2.113110e-03
1.315000e+04 1.784850e-03
1.316000e+04 1.503840e-03
1.317000e+04 1.278370e-03
1.318000e+04 1.090340e-03
