# # Wavelength(Angstrom)  Transmission
1.193000e+04 0.000000e+00
1.194000e+04 0.000000e+00
1.195000e+04 6.000000e-04
1.196000e+04 1.400000e-03
1.197000e+04 2.400000e-03
1.198000e+04 3.600000e-03
1.199000e+04 5.100000e-03
1.200000e+04 6.900000e-03
1.201000e+04 9.100000e-03
1.202000e+04 1.180000e-02
1.203000e+04 1.500000e-02
1.204000e+04 1.870000e-02
1.205000e+04 2.320000e-02
1.206000e+04 2.860000e-02
1.207000e+04 3.510000e-02
1.208000e+04 4.310000e-02
1.209000e+04 5.300000e-02
1.210000e+04 6.560000e-02
1.211000e+04 8.150000e-02
1.212000e+04 1.017000e-01
1.213000e+04 1.275000e-01
1.214000e+04 1.606000e-01
1.215000e+04 2.024000e-01
1.216000e+04 2.541000e-01
1.217000e+04 3.155000e-01
1.218000e+04 3.849000e-01
1.219000e+04 4.591000e-01
1.220000e+04 5.321000e-01
1.221000e+04 5.965000e-01
1.222000e+04 6.476000e-01
1.223000e+04 6.824000e-01
1.224000e+04 7.021000e-01
1.225000e+04 7.112000e-01
1.226000e+04 7.137000e-01
1.227000e+04 7.126000e-01
1.228000e+04 7.105000e-01
1.229000e+04 7.089000e-01
1.230000e+04 7.085000e-01
1.231000e+04 7.094000e-01
1.232000e+04 7.112000e-01
1.233000e+04 7.138000e-01
1.234000e+04 7.169000e-01
1.235000e+04 7.201000e-01
1.236000e+04 7.228000e-01
1.237000e+04 7.251000e-01
1.238000e+04 7.274000e-01
1.239000e+04 7.288000e-01
1.240000e+04 7.300000e-01
1.241000e+04 7.308000e-01
1.242000e+04 7.313000e-01
1.243000e+04 7.314000e-01
1.244000e+04 7.310000e-01
1.245000e+04 7.309000e-01
1.246000e+04 7.304000e-01
1.247000e+04 7.301000e-01
1.248000e+04 7.295000e-01
1.249000e+04 7.285000e-01
1.250000e+04 7.273000e-01
1.251000e+04 7.256000e-01
1.252000e+04 7.236000e-01
1.253000e+04 7.211000e-01
1.254000e+04 7.185000e-01
1.255000e+04 7.159000e-01
1.256000e+04 7.132000e-01
1.257000e+04 7.109000e-01
1.258000e+04 7.088000e-01
1.259000e+04 7.071000e-01
1.260000e+04 7.055000e-01
1.261000e+04 7.043000e-01
1.262000e+04 7.029000e-01
1.263000e+04 7.022000e-01
1.264000e+04 7.012000e-01
1.265000e+04 7.002000e-01
1.266000e+04 6.991000e-01
1.267000e+04 6.981000e-01
1.268000e+04 6.966000e-01
1.269000e+04 6.946000e-01
1.270000e+04 6.918000e-01
1.271000e+04 6.886000e-01
1.272000e+04 6.843000e-01
1.273000e+04 6.797000e-01
1.274000e+04 6.743000e-01
1.275000e+04 6.686000e-01
1.276000e+04 6.626000e-01
1.277000e+04 6.568000e-01
1.278000e+04 6.511000e-01
1.279000e+04 6.453000e-01
1.280000e+04 6.400000e-01
1.281000e+04 6.351000e-01
1.282000e+04 6.308000e-01
1.283000e+04 6.270000e-01
1.284000e+04 6.239000e-01
1.285000e+04 6.219000e-01
1.286000e+04 6.207000e-01
1.287000e+04 6.205000e-01
1.288000e+04 6.215000e-01
1.289000e+04 6.234000e-01
1.290000e+04 6.259000e-01
1.291000e+04 6.291000e-01
1.292000e+04 6.333000e-01
1.293000e+04 6.376000e-01
1.294000e+04 6.427000e-01
1.295000e+04 6.480000e-01
1.296000e+04 6.534000e-01
1.297000e+04 6.595000e-01
1.298000e+04 6.654000e-01
1.299000e+04 6.710000e-01
1.300000e+04 6.764000e-01
1.301000e+04 6.812000e-01
1.302000e+04 6.854000e-01
1.303000e+04 6.890000e-01
1.304000e+04 6.920000e-01
1.305000e+04 6.943000e-01
1.306000e+04 6.962000e-01
1.307000e+04 6.976000e-01
1.308000e+04 6.989000e-01
1.309000e+04 7.000000e-01
1.310000e+04 7.009000e-01
1.311000e+04 7.018000e-01
1.312000e+04 7.026000e-01
1.313000e+04 7.036000e-01
1.314000e+04 7.050000e-01
1.315000e+04 7.068000e-01
1.316000e+04 7.089000e-01
1.317000e+04 7.114000e-01
1.318000e+04 7.149000e-01
1.319000e+04 7.187000e-01
1.320000e+04 7.232000e-01
1.321000e+04 7.278000e-01
1.322000e+04 7.321000e-01
1.323000e+04 7.369000e-01
1.324000e+04 7.413000e-01
1.325000e+04 7.455000e-01
1.326000e+04 7.490000e-01
1.327000e+04 7.519000e-01
1.328000e+04 7.545000e-01
1.329000e+04 7.564000e-01
1.330000e+04 7.577000e-01
1.331000e+04 7.583000e-01
1.332000e+04 7.582000e-01
1.333000e+04 7.575000e-01
1.334000e+04 7.563000e-01
1.335000e+04 7.546000e-01
1.336000e+04 7.533000e-01
1.337000e+04 7.514000e-01
1.338000e+04 7.497000e-01
1.339000e+04 7.482000e-01
1.340000e+04 7.471000e-01
1.341000e+04 7.463000e-01
1.342000e+04 7.459000e-01
1.343000e+04 7.452000e-01
1.344000e+04 7.447000e-01
1.345000e+04 7.435000e-01
1.346000e+04 7.414000e-01
1.347000e+04 7.372000e-01
1.348000e+04 7.306000e-01
1.349000e+04 7.200000e-01
1.350000e+04 7.048000e-01
1.351000e+04 6.837000e-01
1.352000e+04 6.567000e-01
1.353000e+04 6.227000e-01
1.354000e+04 5.822000e-01
1.355000e+04 5.355000e-01
1.356000e+04 4.839000e-01
1.357000e+04 4.291000e-01
1.358000e+04 3.736000e-01
1.359000e+04 3.201000e-01
1.360000e+04 2.703000e-01
1.361000e+04 2.255000e-01
1.362000e+04 1.864000e-01
1.363000e+04 1.525000e-01
1.364000e+04 1.241000e-01
1.365000e+04 1.005000e-01
1.366000e+04 8.140000e-02
1.367000e+04 6.590000e-02
1.368000e+04 5.340000e-02
1.369000e+04 4.330000e-02
1.370000e+04 3.520000e-02
1.371000e+04 2.880000e-02
1.372000e+04 2.350000e-02
1.373000e+04 1.930000e-02
1.374000e+04 1.590000e-02
1.375000e+04 1.310000e-02
1.376000e+04 1.080000e-02
1.377000e+04 9.000000e-03
1.378000e+04 7.500000e-03
1.379000e+04 6.200000e-03
1.380000e+04 5.200000e-03
1.381000e+04 4.300000e-03
1.382000e+04 3.600000e-03
1.383000e+04 3.100000e-03
1.384000e+04 2.600000e-03
1.385000e+04 2.200000e-03
1.386000e+04 1.900000e-03
1.387000e+04 1.600000e-03
1.388000e+04 1.400000e-03
1.389000e+04 1.300000e-03
1.390000e+04 1.100000e-03
1.391000e+04 1.000000e-03
1.392000e+04 9.000000e-04
1.393000e+04 8.000000e-04
1.394000e+04 8.000000e-04
1.395000e+04 7.000000e-04
1.396000e+04 6.000000e-04
1.397000e+04 6.000000e-04
1.398000e+04 5.000000e-04
1.399000e+04 5.000000e-04
1.400000e+04 5.000000e-04
