# # Wavelength(Angstrom)  Transmission
1.900000e+04 2.000000e-04
1.901000e+04 2.000000e-04
1.902000e+04 4.000000e-04
1.903000e+04 2.000000e-04
1.904000e+04 3.000000e-04
1.905000e+04 4.000000e-04
1.906000e+04 3.000000e-04
1.907000e+04 4.000000e-04
1.908000e+04 4.000000e-04
1.909000e+04 4.000000e-04
1.910000e+04 2.000000e-04
1.911000e+04 2.000000e-04
1.912000e+04 4.000000e-04
1.913000e+04 4.000000e-04
1.914000e+04 3.000000e-04
1.915000e+04 4.000000e-04
1.916000e+04 4.000000e-04
1.917000e+04 4.000000e-04
1.918000e+04 5.000000e-04
1.919000e+04 5.000000e-04
1.920000e+04 3.000000e-04
1.921000e+04 4.000000e-04
1.922000e+04 6.000000e-04
1.923000e+04 7.000000e-04
1.924000e+04 6.000000e-04
1.925000e+04 6.000000e-04
1.926000e+04 6.000000e-04
1.927000e+04 7.000000e-04
1.928000e+04 7.000000e-04
1.929000e+04 9.000000e-04
1.930000e+04 1.000000e-03
1.931000e+04 1.100000e-03
1.932000e+04 1.200000e-03
1.933000e+04 1.300000e-03
1.934000e+04 1.300000e-03
1.935000e+04 1.400000e-03
1.936000e+04 1.400000e-03
1.937000e+04 1.700000e-03
1.938000e+04 1.800000e-03
1.939000e+04 1.900000e-03
1.940000e+04 2.100000e-03
1.941000e+04 2.200000e-03
1.942000e+04 2.400000e-03
1.943000e+04 2.500000e-03
1.944000e+04 2.700000e-03
1.945000e+04 3.100000e-03
1.946000e+04 3.200000e-03
1.947000e+04 3.600000e-03
1.948000e+04 3.900000e-03
1.949000e+04 4.200000e-03
1.950000e+04 4.600000e-03
1.951000e+04 5.100000e-03
1.952000e+04 5.600000e-03
1.953000e+04 6.300000e-03
1.954000e+04 7.000000e-03
1.955000e+04 7.800000e-03
1.956000e+04 8.700000e-03
1.957000e+04 1.010000e-02
1.958000e+04 1.130000e-02
1.959000e+04 1.290000e-02
1.960000e+04 1.480000e-02
1.961000e+04 1.690000e-02
1.962000e+04 1.950000e-02
1.963000e+04 2.260000e-02
1.964000e+04 2.650000e-02
1.965000e+04 3.090000e-02
1.966000e+04 3.610000e-02
1.967000e+04 4.250000e-02
1.968000e+04 5.020000e-02
1.969000e+04 5.900000e-02
1.970000e+04 6.990000e-02
1.971000e+04 8.240000e-02
1.972000e+04 9.650000e-02
1.973000e+04 1.138000e-01
1.974000e+04 1.325000e-01
1.975000e+04 1.534000e-01
1.976000e+04 1.774000e-01
1.977000e+04 2.023000e-01
1.978000e+04 2.292000e-01
1.979000e+04 2.572000e-01
1.980000e+04 2.874000e-01
1.981000e+04 3.164000e-01
1.982000e+04 3.463000e-01
1.983000e+04 3.770000e-01
1.984000e+04 4.060000e-01
1.985000e+04 4.355000e-01
1.986000e+04 4.655000e-01
1.987000e+04 4.947000e-01
1.988000e+04 5.238000e-01
1.989000e+04 5.532000e-01
1.990000e+04 5.823000e-01
1.991000e+04 6.103000e-01
1.992000e+04 6.390000e-01
1.993000e+04 6.664000e-01
1.994000e+04 6.919000e-01
1.995000e+04 7.175000e-01
1.996000e+04 7.396000e-01
1.997000e+04 7.603000e-01
1.998000e+04 7.781000e-01
1.999000e+04 7.931000e-01
2.000000e+04 8.057000e-01
2.001000e+04 8.157000e-01
2.002000e+04 8.240000e-01
2.003000e+04 8.289000e-01
2.004000e+04 8.320000e-01
2.005000e+04 8.336000e-01
2.006000e+04 8.342000e-01
2.007000e+04 8.335000e-01
2.008000e+04 8.323000e-01
2.009000e+04 8.303000e-01
2.010000e+04 8.289000e-01
2.011000e+04 8.270000e-01
2.012000e+04 8.258000e-01
2.013000e+04 8.248000e-01
2.014000e+04 8.241000e-01
2.015000e+04 8.241000e-01
2.016000e+04 8.247000e-01
2.017000e+04 8.258000e-01
2.018000e+04 8.273000e-01
2.019000e+04 8.291000e-01
2.020000e+04 8.314000e-01
2.021000e+04 8.340000e-01
2.022000e+04 8.365000e-01
2.023000e+04 8.394000e-01
2.024000e+04 8.421000e-01
2.025000e+04 8.452000e-01
2.026000e+04 8.476000e-01
2.027000e+04 8.503000e-01
2.028000e+04 8.528000e-01
2.029000e+04 8.551000e-01
2.030000e+04 8.571000e-01
2.031000e+04 8.588000e-01
2.032000e+04 8.603000e-01
2.033000e+04 8.617000e-01
2.034000e+04 8.624000e-01
2.035000e+04 8.633000e-01
2.036000e+04 8.637000e-01
2.037000e+04 8.643000e-01
2.038000e+04 8.647000e-01
2.039000e+04 8.648000e-01
2.040000e+04 8.646000e-01
2.041000e+04 8.648000e-01
2.042000e+04 8.644000e-01
2.043000e+04 8.646000e-01
2.044000e+04 8.640000e-01
2.045000e+04 8.639000e-01
2.046000e+04 8.637000e-01
2.047000e+04 8.635000e-01
2.048000e+04 8.625000e-01
2.049000e+04 8.623000e-01
2.050000e+04 8.620000e-01
2.051000e+04 8.614000e-01
2.052000e+04 8.611000e-01
2.053000e+04 8.605000e-01
2.054000e+04 8.602000e-01
2.055000e+04 8.600000e-01
2.056000e+04 8.599000e-01
2.057000e+04 8.595000e-01
2.058000e+04 8.596000e-01
2.059000e+04 8.592000e-01
2.060000e+04 8.595000e-01
2.061000e+04 8.598000e-01
2.062000e+04 8.600000e-01
2.063000e+04 8.603000e-01
2.064000e+04 8.605000e-01
2.065000e+04 8.609000e-01
2.066000e+04 8.616000e-01
2.067000e+04 8.627000e-01
2.068000e+04 8.634000e-01
2.069000e+04 8.640000e-01
2.070000e+04 8.648000e-01
2.071000e+04 8.654000e-01
2.072000e+04 8.662000e-01
2.073000e+04 8.669000e-01
2.074000e+04 8.676000e-01
2.075000e+04 8.677000e-01
2.076000e+04 8.682000e-01
2.077000e+04 8.683000e-01
2.078000e+04 8.686000e-01
2.079000e+04 8.685000e-01
2.080000e+04 8.683000e-01
2.081000e+04 8.680000e-01
2.082000e+04 8.677000e-01
2.083000e+04 8.673000e-01
2.084000e+04 8.661000e-01
2.085000e+04 8.656000e-01
2.086000e+04 8.646000e-01
2.087000e+04 8.637000e-01
2.088000e+04 8.629000e-01
2.089000e+04 8.618000e-01
2.090000e+04 8.610000e-01
2.091000e+04 8.602000e-01
2.092000e+04 8.595000e-01
2.093000e+04 8.586000e-01
2.094000e+04 8.581000e-01
2.095000e+04 8.577000e-01
2.096000e+04 8.571000e-01
2.097000e+04 8.569000e-01
2.098000e+04 8.563000e-01
2.099000e+04 8.563000e-01
2.100000e+04 8.563000e-01
2.101000e+04 8.564000e-01
2.102000e+04 8.568000e-01
2.103000e+04 8.566000e-01
2.104000e+04 8.569000e-01
2.105000e+04 8.573000e-01
2.106000e+04 8.576000e-01
2.107000e+04 8.579000e-01
2.108000e+04 8.579000e-01
2.109000e+04 8.581000e-01
2.110000e+04 8.582000e-01
2.111000e+04 8.582000e-01
2.112000e+04 8.579000e-01
2.113000e+04 8.577000e-01
2.114000e+04 8.567000e-01
2.115000e+04 8.559000e-01
2.116000e+04 8.553000e-01
2.117000e+04 8.540000e-01
2.118000e+04 8.529000e-01
2.119000e+04 8.515000e-01
2.120000e+04 8.499000e-01
2.121000e+04 8.481000e-01
2.122000e+04 8.465000e-01
2.123000e+04 8.448000e-01
2.124000e+04 8.426000e-01
2.125000e+04 8.410000e-01
2.126000e+04 8.395000e-01
2.127000e+04 8.379000e-01
2.128000e+04 8.358000e-01
2.129000e+04 8.343000e-01
2.130000e+04 8.331000e-01
2.131000e+04 8.318000e-01
2.132000e+04 8.309000e-01
2.133000e+04 8.297000e-01
2.134000e+04 8.292000e-01
2.135000e+04 8.287000e-01
2.136000e+04 8.286000e-01
2.137000e+04 8.287000e-01
2.138000e+04 8.287000e-01
2.139000e+04 8.292000e-01
2.140000e+04 8.299000e-01
2.141000e+04 8.305000e-01
2.142000e+04 8.315000e-01
2.143000e+04 8.324000e-01
2.144000e+04 8.335000e-01
2.145000e+04 8.349000e-01
2.146000e+04 8.364000e-01
2.147000e+04 8.379000e-01
2.148000e+04 8.391000e-01
2.149000e+04 8.402000e-01
2.150000e+04 8.416000e-01
2.151000e+04 8.428000e-01
2.152000e+04 8.438000e-01
2.153000e+04 8.446000e-01
2.154000e+04 8.454000e-01
2.155000e+04 8.460000e-01
2.156000e+04 8.459000e-01
2.157000e+04 8.464000e-01
2.158000e+04 8.464000e-01
2.159000e+04 8.460000e-01
2.160000e+04 8.452000e-01
2.161000e+04 8.446000e-01
2.162000e+04 8.434000e-01
2.163000e+04 8.425000e-01
2.164000e+04 8.412000e-01
2.165000e+04 8.397000e-01
2.166000e+04 8.377000e-01
2.167000e+04 8.360000e-01
2.168000e+04 8.342000e-01
2.169000e+04 8.320000e-01
2.170000e+04 8.297000e-01
2.171000e+04 8.274000e-01
2.172000e+04 8.253000e-01
2.173000e+04 8.227000e-01
2.174000e+04 8.205000e-01
2.175000e+04 8.182000e-01
2.176000e+04 8.157000e-01
2.177000e+04 8.137000e-01
2.178000e+04 8.111000e-01
2.179000e+04 8.091000e-01
2.180000e+04 8.067000e-01
2.181000e+04 8.047000e-01
2.182000e+04 8.025000e-01
2.183000e+04 8.006000e-01
2.184000e+04 7.990000e-01
2.185000e+04 7.971000e-01
2.186000e+04 7.951000e-01
2.187000e+04 7.936000e-01
2.188000e+04 7.918000e-01
2.189000e+04 7.906000e-01
2.190000e+04 7.890000e-01
2.191000e+04 7.879000e-01
2.192000e+04 7.865000e-01
2.193000e+04 7.856000e-01
2.194000e+04 7.842000e-01
2.195000e+04 7.831000e-01
2.196000e+04 7.824000e-01
2.197000e+04 7.813000e-01
2.198000e+04 7.808000e-01
2.199000e+04 7.799000e-01
2.200000e+04 7.791000e-01
2.201000e+04 7.785000e-01
2.202000e+04 7.778000e-01
2.203000e+04 7.776000e-01
2.204000e+04 7.771000e-01
2.205000e+04 7.768000e-01
2.206000e+04 7.762000e-01
2.207000e+04 7.762000e-01
2.208000e+04 7.760000e-01
2.209000e+04 7.759000e-01
2.210000e+04 7.762000e-01
2.211000e+04 7.761000e-01
2.212000e+04 7.759000e-01
2.213000e+04 7.761000e-01
2.214000e+04 7.764000e-01
2.215000e+04 7.766000e-01
2.216000e+04 7.772000e-01
2.217000e+04 7.774000e-01
2.218000e+04 7.778000e-01
2.219000e+04 7.783000e-01
2.220000e+04 7.791000e-01
2.221000e+04 7.795000e-01
2.222000e+04 7.802000e-01
2.223000e+04 7.806000e-01
2.224000e+04 7.815000e-01
2.225000e+04 7.820000e-01
2.226000e+04 7.826000e-01
2.227000e+04 7.832000e-01
2.228000e+04 7.836000e-01
2.229000e+04 7.843000e-01
2.230000e+04 7.850000e-01
2.231000e+04 7.856000e-01
2.232000e+04 7.857000e-01
2.233000e+04 7.864000e-01
2.234000e+04 7.868000e-01
2.235000e+04 7.873000e-01
2.236000e+04 7.876000e-01
2.237000e+04 7.878000e-01
2.238000e+04 7.880000e-01
2.239000e+04 7.886000e-01
2.240000e+04 7.888000e-01
2.241000e+04 7.891000e-01
2.242000e+04 7.893000e-01
2.243000e+04 7.894000e-01
2.244000e+04 7.896000e-01
2.245000e+04 7.896000e-01
2.246000e+04 7.895000e-01
2.247000e+04 7.897000e-01
2.248000e+04 7.897000e-01
2.249000e+04 7.898000e-01
2.250000e+04 7.894000e-01
2.251000e+04 7.894000e-01
2.252000e+04 7.895000e-01
2.253000e+04 7.896000e-01
2.254000e+04 7.897000e-01
2.255000e+04 7.897000e-01
2.256000e+04 7.898000e-01
2.257000e+04 7.894000e-01
2.258000e+04 7.894000e-01
2.259000e+04 7.897000e-01
2.260000e+04 7.896000e-01
2.261000e+04 7.895000e-01
2.262000e+04 7.895000e-01
2.263000e+04 7.894000e-01
2.264000e+04 7.892000e-01
2.265000e+04 7.890000e-01
2.266000e+04 7.891000e-01
2.267000e+04 7.888000e-01
2.268000e+04 7.883000e-01
2.269000e+04 7.877000e-01
2.270000e+04 7.872000e-01
2.271000e+04 7.863000e-01
2.272000e+04 7.853000e-01
2.273000e+04 7.845000e-01
2.274000e+04 7.829000e-01
2.275000e+04 7.815000e-01
2.276000e+04 7.802000e-01
2.277000e+04 7.781000e-01
2.278000e+04 7.761000e-01
2.279000e+04 7.741000e-01
2.280000e+04 7.713000e-01
2.281000e+04 7.691000e-01
2.282000e+04 7.663000e-01
2.283000e+04 7.635000e-01
2.284000e+04 7.609000e-01
2.285000e+04 7.580000e-01
2.286000e+04 7.552000e-01
2.287000e+04 7.521000e-01
2.288000e+04 7.493000e-01
2.289000e+04 7.465000e-01
2.290000e+04 7.440000e-01
2.291000e+04 7.415000e-01
2.292000e+04 7.395000e-01
2.293000e+04 7.374000e-01
2.294000e+04 7.357000e-01
2.295000e+04 7.342000e-01
2.296000e+04 7.328000e-01
2.297000e+04 7.319000e-01
2.298000e+04 7.308000e-01
2.299000e+04 7.297000e-01
2.300000e+04 7.288000e-01
2.301000e+04 7.272000e-01
2.302000e+04 7.257000e-01
2.303000e+04 7.230000e-01
2.304000e+04 7.199000e-01
2.305000e+04 7.150000e-01
2.306000e+04 7.086000e-01
2.307000e+04 7.003000e-01
2.308000e+04 6.890000e-01
2.309000e+04 6.755000e-01
2.310000e+04 6.589000e-01
2.311000e+04 6.380000e-01
2.312000e+04 6.142000e-01
2.313000e+04 5.870000e-01
2.314000e+04 5.575000e-01
2.315000e+04 5.234000e-01
2.316000e+04 4.891000e-01
2.317000e+04 4.532000e-01
2.318000e+04 4.149000e-01
2.319000e+04 3.796000e-01
2.320000e+04 3.441000e-01
2.321000e+04 3.096000e-01
2.322000e+04 2.772000e-01
2.323000e+04 2.478000e-01
2.324000e+04 2.199000e-01
2.325000e+04 1.946000e-01
2.326000e+04 1.729000e-01
2.327000e+04 1.523000e-01
2.328000e+04 1.343000e-01
2.329000e+04 1.187000e-01
2.330000e+04 1.045000e-01
2.331000e+04 9.210000e-02
2.332000e+04 8.130000e-02
2.333000e+04 7.180000e-02
2.334000e+04 6.320000e-02
2.335000e+04 5.600000e-02
2.336000e+04 4.970000e-02
2.337000e+04 4.390000e-02
2.338000e+04 3.900000e-02
2.339000e+04 3.480000e-02
2.340000e+04 3.080000e-02
2.341000e+04 2.730000e-02
2.342000e+04 2.440000e-02
2.343000e+04 2.180000e-02
2.344000e+04 1.950000e-02
2.345000e+04 1.750000e-02
2.346000e+04 1.560000e-02
2.347000e+04 1.400000e-02
2.348000e+04 1.270000e-02
2.349000e+04 1.140000e-02
2.350000e+04 1.020000e-02
2.351000e+04 9.200000e-03
2.352000e+04 8.300000e-03
2.353000e+04 7.400000e-03
2.354000e+04 6.700000e-03
2.355000e+04 6.200000e-03
2.356000e+04 5.500000e-03
2.357000e+04 5.000000e-03
2.358000e+04 4.500000e-03
2.359000e+04 4.000000e-03
2.360000e+04 3.700000e-03
2.361000e+04 3.500000e-03
2.362000e+04 3.000000e-03
2.363000e+04 2.700000e-03
2.364000e+04 2.500000e-03
2.365000e+04 2.400000e-03
2.366000e+04 2.100000e-03
2.367000e+04 1.800000e-03
2.368000e+04 1.700000e-03
2.369000e+04 1.700000e-03
2.370000e+04 1.400000e-03
2.371000e+04 1.400000e-03
2.372000e+04 1.100000e-03
2.373000e+04 1.000000e-03
2.374000e+04 1.000000e-03
2.375000e+04 9.000000e-04
2.376000e+04 8.000000e-04
2.377000e+04 8.000000e-04
2.378000e+04 7.000000e-04
2.379000e+04 7.000000e-04
2.380000e+04 6.000000e-04
2.381000e+04 6.000000e-04
2.382000e+04 4.000000e-04
2.383000e+04 4.000000e-04
2.384000e+04 4.000000e-04
2.385000e+04 4.000000e-04
2.386000e+04 4.000000e-04
2.387000e+04 4.000000e-04
2.388000e+04 3.000000e-04
2.389000e+04 2.000000e-04
2.390000e+04 3.000000e-04
2.391000e+04 2.000000e-04
2.392000e+04 3.000000e-04
2.393000e+04 3.000000e-04
2.394000e+04 1.000000e-04
2.395000e+04 1.000000e-04
2.396000e+04 1.000000e-04
2.397000e+04 2.000000e-04
2.398000e+04 2.000000e-04
2.399000e+04 2.000000e-04
2.400000e+04 0.000000e+00
