# # Wavelength(Angstrom)  Transmission
9.700000e+03 0.000000e+00
9.710000e+03 0.000000e+00
9.720000e+03 3.000000e-04
9.730000e+03 3.000000e-04
9.740000e+03 3.000000e-04
9.750000e+03 3.000000e-04
9.760000e+03 3.000000e-04
9.770000e+03 3.000000e-04
9.780000e+03 3.000000e-04
9.790000e+03 3.000000e-04
9.800000e+03 2.000000e-04
9.810000e+03 2.000000e-04
9.820000e+03 3.000000e-04
9.830000e+03 3.000000e-04
9.840000e+03 3.000000e-04
9.850000e+03 4.000000e-04
9.860000e+03 4.000000e-04
9.870000e+03 3.000000e-04
9.880000e+03 3.000000e-04
9.890000e+03 3.000000e-04
9.900000e+03 2.000000e-04
9.910000e+03 3.000000e-04
9.920000e+03 3.000000e-04
9.930000e+03 3.000000e-04
9.940000e+03 3.000000e-04
9.950000e+03 3.000000e-04
9.960000e+03 3.000000e-04
9.970000e+03 3.000000e-04
9.980000e+03 3.000000e-04
9.990000e+03 3.000000e-04
1.000000e+04 3.000000e-04
1.001000e+04 3.000000e-04
1.002000e+04 3.000000e-04
1.003000e+04 3.000000e-04
1.004000e+04 3.000000e-04
1.005000e+04 3.000000e-04
1.006000e+04 3.000000e-04
1.007000e+04 4.000000e-04
1.008000e+04 3.000000e-04
1.009000e+04 3.000000e-04
1.010000e+04 3.000000e-04
1.011000e+04 3.000000e-04
1.012000e+04 4.000000e-04
1.013000e+04 2.000000e-04
1.014000e+04 3.000000e-04
1.015000e+04 3.000000e-04
1.016000e+04 3.000000e-04
1.017000e+04 3.000000e-04
1.018000e+04 3.000000e-04
1.019000e+04 3.000000e-04
1.020000e+04 3.000000e-04
1.021000e+04 4.000000e-04
1.022000e+04 4.000000e-04
1.023000e+04 3.000000e-04
1.024000e+04 3.000000e-04
1.025000e+04 3.000000e-04
1.026000e+04 3.000000e-04
1.027000e+04 4.000000e-04
1.028000e+04 3.000000e-04
1.029000e+04 3.000000e-04
1.030000e+04 3.000000e-04
1.031000e+04 4.000000e-04
1.032000e+04 4.000000e-04
1.033000e+04 3.000000e-04
1.034000e+04 4.000000e-04
1.035000e+04 4.000000e-04
1.036000e+04 4.000000e-04
1.037000e+04 5.000000e-04
1.038000e+04 4.000000e-04
1.039000e+04 6.000000e-04
1.040000e+04 6.000000e-04
1.041000e+04 7.000000e-04
1.042000e+04 6.000000e-04
1.043000e+04 7.000000e-04
1.044000e+04 7.000000e-04
1.045000e+04 7.000000e-04
1.046000e+04 8.000000e-04
1.047000e+04 8.000000e-04
1.048000e+04 9.000000e-04
1.049000e+04 1.000000e-03
1.050000e+04 1.200000e-03
1.051000e+04 1.100000e-03
1.052000e+04 1.500000e-03
1.053000e+04 1.600000e-03
1.054000e+04 1.900000e-03
1.055000e+04 2.300000e-03
1.056000e+04 2.800000e-03
1.057000e+04 3.600000e-03
1.058000e+04 4.700000e-03
1.059000e+04 6.000000e-03
1.060000e+04 8.300000e-03
1.061000e+04 1.110000e-02
1.062000e+04 1.580000e-02
1.063000e+04 2.040000e-02
1.064000e+04 2.930000e-02
1.065000e+04 4.160000e-02
1.066000e+04 5.390000e-02
1.067000e+04 7.100000e-02
1.068000e+04 9.120000e-02
1.069000e+04 1.187000e-01
1.070000e+04 1.425000e-01
1.071000e+04 1.729000e-01
1.072000e+04 2.051000e-01
1.073000e+04 2.565000e-01
1.074000e+04 3.093000e-01
1.075000e+04 3.824000e-01
1.076000e+04 4.555000e-01
1.077000e+04 5.369000e-01
1.078000e+04 6.236000e-01
1.079000e+04 7.013000e-01
1.080000e+04 7.610000e-01
1.081000e+04 7.968000e-01
1.082000e+04 8.044000e-01
1.083000e+04 7.988000e-01
1.084000e+04 7.858000e-01
1.085000e+04 7.663000e-01
1.086000e+04 7.471000e-01
1.087000e+04 7.333000e-01
1.088000e+04 7.223000e-01
1.089000e+04 7.177000e-01
1.090000e+04 7.173000e-01
1.091000e+04 7.183000e-01
1.092000e+04 7.201000e-01
1.093000e+04 7.209000e-01
1.094000e+04 7.212000e-01
1.095000e+04 7.199000e-01
1.096000e+04 7.188000e-01
1.097000e+04 7.196000e-01
1.098000e+04 7.220000e-01
1.099000e+04 7.258000e-01
1.100000e+04 7.332000e-01
1.101000e+04 7.383000e-01
1.102000e+04 7.455000e-01
1.103000e+04 7.531000e-01
1.104000e+04 7.643000e-01
1.105000e+04 7.767000e-01
1.106000e+04 7.889000e-01
1.107000e+04 8.028000e-01
1.108000e+04 8.114000e-01
1.109000e+04 8.197000e-01
1.110000e+04 8.237000e-01
1.111000e+04 8.260000e-01
1.112000e+04 8.266000e-01
1.113000e+04 8.261000e-01
1.114000e+04 8.233000e-01
1.115000e+04 8.205000e-01
1.116000e+04 8.178000e-01
1.117000e+04 8.154000e-01
1.118000e+04 8.131000e-01
1.119000e+04 8.118000e-01
1.120000e+04 8.136000e-01
1.121000e+04 8.136000e-01
1.122000e+04 8.173000e-01
1.123000e+04 8.168000e-01
1.124000e+04 8.171000e-01
1.125000e+04 8.169000e-01
1.126000e+04 8.165000e-01
1.127000e+04 8.148000e-01
1.128000e+04 8.137000e-01
1.129000e+04 8.120000e-01
1.130000e+04 8.083000e-01
1.131000e+04 8.061000e-01
1.132000e+04 8.028000e-01
1.133000e+04 7.978000e-01
1.134000e+04 7.942000e-01
1.135000e+04 7.912000e-01
1.136000e+04 7.890000e-01
1.137000e+04 7.885000e-01
1.138000e+04 7.901000e-01
1.139000e+04 7.923000e-01
1.140000e+04 7.956000e-01
1.141000e+04 7.998000e-01
1.142000e+04 8.044000e-01
1.143000e+04 8.092000e-01
1.144000e+04 8.153000e-01
1.145000e+04 8.210000e-01
1.146000e+04 8.268000e-01
1.147000e+04 8.328000e-01
1.148000e+04 8.354000e-01
1.149000e+04 8.397000e-01
1.150000e+04 8.430000e-01
1.151000e+04 8.451000e-01
1.152000e+04 8.463000e-01
1.153000e+04 8.481000e-01
1.154000e+04 8.480000e-01
1.155000e+04 8.479000e-01
1.156000e+04 8.477000e-01
1.157000e+04 8.467000e-01
1.158000e+04 8.446000e-01
1.159000e+04 8.426000e-01
1.160000e+04 8.409000e-01
1.161000e+04 8.390000e-01
1.162000e+04 8.381000e-01
1.163000e+04 8.368000e-01
1.164000e+04 8.356000e-01
1.165000e+04 8.345000e-01
1.166000e+04 8.335000e-01
1.167000e+04 8.325000e-01
1.168000e+04 8.310000e-01
1.169000e+04 8.295000e-01
1.170000e+04 8.275000e-01
1.171000e+04 8.262000e-01
1.172000e+04 8.243000e-01
1.173000e+04 8.218000e-01
1.174000e+04 8.203000e-01
1.175000e+04 8.184000e-01
1.176000e+04 8.167000e-01
1.177000e+04 8.160000e-01
1.178000e+04 8.154000e-01
1.179000e+04 8.148000e-01
1.180000e+04 8.152000e-01
1.181000e+04 8.153000e-01
1.182000e+04 8.161000e-01
1.183000e+04 8.170000e-01
1.184000e+04 8.183000e-01
1.185000e+04 8.196000e-01
1.186000e+04 8.210000e-01
1.187000e+04 8.239000e-01
1.188000e+04 8.262000e-01
1.189000e+04 8.298000e-01
1.190000e+04 8.335000e-01
1.191000e+04 8.370000e-01
1.192000e+04 8.402000e-01
1.193000e+04 8.431000e-01
1.194000e+04 8.450000e-01
1.195000e+04 8.459000e-01
1.196000e+04 8.467000e-01
1.197000e+04 8.450000e-01
1.198000e+04 8.423000e-01
1.199000e+04 8.356000e-01
1.200000e+04 8.276000e-01
1.201000e+04 8.168000e-01
1.202000e+04 8.009000e-01
1.203000e+04 7.826000e-01
1.204000e+04 7.600000e-01
1.205000e+04 7.307000e-01
1.206000e+04 7.013000e-01
1.207000e+04 6.617000e-01
1.208000e+04 6.263000e-01
1.209000e+04 5.821000e-01
1.210000e+04 5.378000e-01
1.211000e+04 4.892000e-01
1.212000e+04 4.432000e-01
1.213000e+04 3.974000e-01
1.214000e+04 3.532000e-01
1.215000e+04 3.136000e-01
1.216000e+04 2.734000e-01
1.217000e+04 2.380000e-01
1.218000e+04 2.066000e-01
1.219000e+04 1.789000e-01
1.220000e+04 1.548000e-01
1.221000e+04 1.320000e-01
1.222000e+04 1.137000e-01
1.223000e+04 9.690000e-02
1.224000e+04 8.270000e-02
1.225000e+04 4.430000e-02
1.226000e+04 5.900000e-02
1.227000e+04 5.190000e-02
1.228000e+04 4.320000e-02
1.229000e+04 3.710000e-02
1.230000e+04 3.110000e-02
1.231000e+04 2.630000e-02
1.232000e+04 2.250000e-02
1.233000e+04 1.870000e-02
1.234000e+04 1.650000e-02
1.235000e+04 1.410000e-02
1.236000e+04 1.180000e-02
1.237000e+04 1.000000e-02
1.238000e+04 8.600000e-03
1.239000e+04 7.300000e-03
1.240000e+04 6.300000e-03
1.241000e+04 5.500000e-03
1.242000e+04 4.700000e-03
1.243000e+04 4.000000e-03
1.244000e+04 3.500000e-03
1.245000e+04 3.100000e-03
1.246000e+04 2.800000e-03
1.247000e+04 2.400000e-03
1.248000e+04 2.200000e-03
1.249000e+04 1.900000e-03
1.250000e+04 1.700000e-03
1.251000e+04 1.500000e-03
1.252000e+04 1.400000e-03
1.253000e+04 1.200000e-03
1.254000e+04 1.200000e-03
1.255000e+04 1.100000e-03
1.256000e+04 1.000000e-03
1.257000e+04 9.000000e-04
1.258000e+04 8.000000e-04
1.259000e+04 7.000000e-04
1.260000e+04 7.000000e-04
1.261000e+04 6.000000e-04
1.262000e+04 7.000000e-04
1.263000e+04 5.000000e-04
1.264000e+04 6.000000e-04
1.265000e+04 6.000000e-04
1.266000e+04 6.000000e-04
1.267000e+04 5.000000e-04
1.268000e+04 5.000000e-04
1.269000e+04 4.000000e-04
1.270000e+04 4.000000e-04
1.271000e+04 4.000000e-04
1.272000e+04 4.000000e-04
1.273000e+04 3.000000e-04
1.274000e+04 4.000000e-04
1.275000e+04 4.000000e-04
1.276000e+04 4.000000e-04
1.277000e+04 3.000000e-04
1.278000e+04 3.000000e-04
1.279000e+04 3.000000e-04
1.280000e+04 3.000000e-04
1.281000e+04 4.000000e-04
1.282000e+04 3.000000e-04
1.283000e+04 3.000000e-04
1.284000e+04 3.000000e-04
1.285000e+04 3.000000e-04
1.286000e+04 3.000000e-04
1.287000e+04 4.000000e-04
1.288000e+04 3.000000e-04
1.289000e+04 3.000000e-04
1.290000e+04 3.000000e-04
1.291000e+04 3.000000e-04
1.292000e+04 3.000000e-04
1.293000e+04 2.000000e-04
1.294000e+04 3.000000e-04
1.295000e+04 3.000000e-04
1.296000e+04 3.000000e-04
1.297000e+04 4.000000e-04
1.298000e+04 3.000000e-04
1.299000e+04 2.000000e-04
1.300000e+04 3.000000e-04
1.301000e+04 3.000000e-04
1.302000e+04 4.000000e-04
1.303000e+04 2.000000e-04
1.304000e+04 3.000000e-04
1.305000e+04 3.000000e-04
1.306000e+04 3.000000e-04
1.307000e+04 2.000000e-04
1.308000e+04 3.000000e-04
1.309000e+04 0.000000e+00
1.310000e+04 0.000000e+00
