# # Wavelength(Angstrom)  Transmission
8.030000e+03 1.039400e-12
8.031000e+03 9.090250e-04
8.032000e+03 1.818470e-03
8.033000e+03 2.704420e-03
8.034000e+03 3.590770e-03
8.035000e+03 4.501480e-03
8.036000e+03 5.411500e-03
8.037000e+03 6.297630e-03
8.038000e+03 7.183810e-03
8.039000e+03 8.093980e-03
8.040000e+03 9.004210e-03
8.041000e+03 9.890220e-03
8.042000e+03 1.077620e-02
8.043000e+03 1.168620e-02
8.044000e+03 1.259610e-02
8.045000e+03 1.348210e-02
8.046000e+03 1.437400e-02
8.047000e+03 1.529050e-02
8.048000e+03 1.620780e-02
8.049000e+03 1.712580e-02
8.050000e+03 1.804460e-02
8.051000e+03 1.893960e-02
8.052000e+03 1.983520e-02
8.053000e+03 2.075560e-02
8.054000e+03 2.167660e-02
8.055000e+03 2.257420e-02
8.056000e+03 2.346300e-02
8.057000e+03 2.437570e-02
8.058000e+03 2.528840e-02
8.059000e+03 2.617690e-02
8.060000e+03 2.706540e-02
8.061000e+03 2.797750e-02
8.062000e+03 2.888960e-02
8.063000e+03 2.980150e-02
8.064000e+03 3.071340e-02
8.065000e+03 3.160110e-02
8.066000e+03 3.248880e-02
8.067000e+03 3.340040e-02
8.068000e+03 3.431190e-02
8.069000e+03 3.519930e-02
8.070000e+03 3.608670e-02
8.071000e+03 3.699930e-02
8.072000e+03 3.791180e-02
8.073000e+03 3.880040e-02
8.074000e+03 3.968890e-02
8.075000e+03 4.060140e-02
8.076000e+03 4.151390e-02
8.077000e+03 4.240230e-02
8.078000e+03 4.329070e-02
8.079000e+03 4.420320e-02
8.080000e+03 4.511560e-02
8.081000e+03 4.690480e-02
8.082000e+03 4.869310e-02
8.083000e+03 5.048040e-02
8.084000e+03 5.226670e-02
8.085000e+03 5.405210e-02
8.086000e+03 5.583650e-02
8.087000e+03 5.762000e-02
8.088000e+03 5.940240e-02
8.089000e+03 6.120790e-02
8.090000e+03 6.301250e-02
8.091000e+03 6.479810e-02
8.092000e+03 6.658300e-02
8.093000e+03 6.836730e-02
8.094000e+03 7.015100e-02
8.095000e+03 7.193410e-02
8.096000e+03 7.373170e-02
8.097000e+03 7.552930e-02
8.098000e+03 7.732710e-02
8.099000e+03 7.912500e-02
8.100000e+03 8.092290e-02
8.101000e+03 8.271870e-02
8.102000e+03 8.451450e-02
8.103000e+03 8.631030e-02
8.104000e+03 8.810610e-02
8.105000e+03 8.992590e-02
8.106000e+03 9.170800e-02
8.107000e+03 9.346470e-02
8.108000e+03 9.521990e-02
8.109000e+03 9.697370e-02
8.110000e+03 9.872600e-02
8.111000e+03 1.004570e-01
8.112000e+03 1.021860e-01
8.113000e+03 1.039120e-01
8.114000e+03 1.056370e-01
8.115000e+03 1.073590e-01
8.116000e+03 1.091020e-01
8.117000e+03 1.108430e-01
8.118000e+03 1.125820e-01
8.119000e+03 1.143210e-01
8.120000e+03 1.160570e-01
8.121000e+03 1.178440e-01
8.122000e+03 1.196300e-01
8.123000e+03 1.213920e-01
8.124000e+03 1.231530e-01
8.125000e+03 1.249140e-01
8.126000e+03 1.264900e-01
8.127000e+03 1.280610e-01
8.128000e+03 1.296260e-01
8.129000e+03 1.311850e-01
8.130000e+03 1.327390e-01
8.131000e+03 1.340750e-01
8.132000e+03 1.354010e-01
8.133000e+03 1.367150e-01
8.134000e+03 1.380180e-01
8.135000e+03 1.393090e-01
8.136000e+03 1.408580e-01
8.137000e+03 1.424030e-01
8.138000e+03 1.439430e-01
8.139000e+03 1.455010e-01
8.140000e+03 1.470550e-01
8.141000e+03 1.486930e-01
8.142000e+03 1.503290e-01
8.143000e+03 1.519630e-01
8.144000e+03 1.535950e-01
8.145000e+03 1.552250e-01
8.146000e+03 1.566170e-01
8.147000e+03 1.580030e-01
8.148000e+03 1.593810e-01
8.149000e+03 1.607520e-01
8.150000e+03 1.621150e-01
8.151000e+03 1.634170e-01
8.152000e+03 1.647110e-01
8.153000e+03 1.659970e-01
8.154000e+03 1.672740e-01
8.155000e+03 1.685650e-01
8.156000e+03 1.698860e-01
8.157000e+03 1.711760e-01
8.158000e+03 1.724580e-01
8.159000e+03 1.737330e-01
8.160000e+03 1.750010e-01
8.161000e+03 1.764360e-01
8.162000e+03 1.778670e-01
8.163000e+03 1.792930e-01
8.164000e+03 1.807150e-01
8.165000e+03 1.821330e-01
8.166000e+03 1.843650e-01
8.167000e+03 1.866070e-01
8.168000e+03 1.888600e-01
8.169000e+03 1.911230e-01
8.170000e+03 1.933970e-01
8.171000e+03 1.951030e-01
8.172000e+03 1.968100e-01
8.173000e+03 1.984940e-01
8.174000e+03 2.001780e-01
8.175000e+03 2.018620e-01
8.176000e+03 2.027430e-01
8.177000e+03 2.036100e-01
8.178000e+03 2.044650e-01
8.179000e+03 2.053060e-01
8.180000e+03 2.061330e-01
8.181000e+03 2.084170e-01
8.182000e+03 2.107110e-01
8.183000e+03 2.130150e-01
8.184000e+03 2.153290e-01
8.185000e+03 2.176530e-01
8.186000e+03 2.198420e-01
8.187000e+03 2.220390e-01
8.188000e+03 2.242440e-01
8.189000e+03 2.264790e-01
8.190000e+03 2.287220e-01
8.191000e+03 2.304620e-01
8.192000e+03 2.322030e-01
8.193000e+03 2.339440e-01
8.194000e+03 2.356860e-01
8.195000e+03 2.374290e-01
8.196000e+03 2.391210e-01
8.197000e+03 2.408130e-01
8.198000e+03 2.425040e-01
8.199000e+03 2.441960e-01
8.200000e+03 2.458880e-01
8.201000e+03 2.488770e-01
8.202000e+03 2.518840e-01
8.203000e+03 2.549090e-01
8.204000e+03 2.579520e-01
8.205000e+03 2.610360e-01
8.206000e+03 2.638030e-01
8.207000e+03 2.665610e-01
8.208000e+03 2.693320e-01
8.209000e+03 2.721170e-01
8.210000e+03 2.749140e-01
8.211000e+03 2.765580e-01
8.212000e+03 2.782000e-01
8.213000e+03 2.798410e-01
8.214000e+03 2.814800e-01
8.215000e+03 2.831170e-01
8.216000e+03 2.842190e-01
8.217000e+03 2.853120e-01
8.218000e+03 2.863970e-01
8.219000e+03 2.874740e-01
8.220000e+03 2.885430e-01
8.221000e+03 2.878820e-01
8.222000e+03 2.871910e-01
8.223000e+03 2.864470e-01
8.224000e+03 2.856740e-01
8.225000e+03 2.848710e-01
8.226000e+03 2.832190e-01
8.227000e+03 2.815280e-01
8.228000e+03 2.797980e-01
8.229000e+03 2.780280e-01
8.230000e+03 2.762190e-01
8.231000e+03 2.792690e-01
8.232000e+03 2.823360e-01
8.233000e+03 2.854190e-01
8.234000e+03 2.885190e-01
8.235000e+03 2.916350e-01
8.236000e+03 2.967030e-01
8.237000e+03 3.018080e-01
8.238000e+03 3.069510e-01
8.239000e+03 3.121540e-01
8.240000e+03 3.173960e-01
8.241000e+03 3.204810e-01
8.242000e+03 3.235810e-01
8.243000e+03 3.266960e-01
8.244000e+03 3.298250e-01
8.245000e+03 3.329690e-01
8.246000e+03 3.350720e-01
8.247000e+03 3.371790e-01
8.248000e+03 3.392900e-01
8.249000e+03 3.414040e-01
8.250000e+03 3.435220e-01
8.251000e+03 3.449380e-01
8.252000e+03 3.463520e-01
8.253000e+03 3.477610e-01
8.254000e+03 3.491670e-01
8.255000e+03 3.505930e-01
8.256000e+03 3.520160e-01
8.257000e+03 3.534110e-01
8.258000e+03 3.548030e-01
8.259000e+03 3.561920e-01
8.260000e+03 3.575760e-01
8.261000e+03 3.602130e-01
8.262000e+03 3.628580e-01
8.263000e+03 3.655120e-01
8.264000e+03 3.681740e-01
8.265000e+03 3.708450e-01
8.266000e+03 3.729020e-01
8.267000e+03 3.749630e-01
8.268000e+03 3.770250e-01
8.269000e+03 3.790910e-01
8.270000e+03 3.811590e-01
8.271000e+03 3.810060e-01
8.272000e+03 3.808360e-01
8.273000e+03 3.806240e-01
8.274000e+03 3.803940e-01
8.275000e+03 3.801470e-01
8.276000e+03 3.806970e-01
8.277000e+03 3.812360e-01
8.278000e+03 3.817650e-01
8.279000e+03 3.822830e-01
8.280000e+03 3.827910e-01
8.281000e+03 3.852650e-01
8.282000e+03 3.877460e-01
8.283000e+03 3.902340e-01
8.284000e+03 3.927290e-01
8.285000e+03 3.952300e-01
8.286000e+03 3.969730e-01
8.287000e+03 3.985110e-01
8.288000e+03 4.000480e-01
8.289000e+03 4.009450e-01
8.290000e+03 4.018420e-01
8.291000e+03 4.029780e-01
8.292000e+03 4.041150e-01
8.293000e+03 4.052760e-01
8.294000e+03 4.064380e-01
8.295000e+03 4.075790e-01
8.296000e+03 4.092430e-01
8.297000e+03 4.109340e-01
8.298000e+03 4.126280e-01
8.299000e+03 4.143020e-01
8.300000e+03 4.159790e-01
8.301000e+03 4.170730e-01
8.302000e+03 4.181680e-01
8.303000e+03 4.192630e-01
8.304000e+03 4.203600e-01
8.305000e+03 4.214340e-01
8.306000e+03 4.231320e-01
8.307000e+03 4.248570e-01
8.308000e+03 4.265860e-01
8.309000e+03 4.282950e-01
8.310000e+03 4.300070e-01
8.311000e+03 4.307690e-01
8.312000e+03 4.315310e-01
8.313000e+03 4.322680e-01
8.314000e+03 4.330050e-01
8.315000e+03 4.337650e-01
8.316000e+03 4.335260e-01
8.317000e+03 4.332580e-01
8.318000e+03 4.329870e-01
8.319000e+03 4.327340e-01
8.320000e+03 4.324770e-01
8.321000e+03 4.340590e-01
8.322000e+03 4.356440e-01
8.323000e+03 4.365570e-01
8.324000e+03 4.374700e-01
8.325000e+03 4.381750e-01
8.326000e+03 4.391550e-01
8.327000e+03 4.401350e-01
8.328000e+03 4.411140e-01
8.329000e+03 4.420940e-01
8.330000e+03 4.430730e-01
8.331000e+03 4.428890e-01
8.332000e+03 4.427040e-01
8.333000e+03 4.425190e-01
8.334000e+03 4.423340e-01
8.335000e+03 4.421490e-01
8.336000e+03 4.422400e-01
8.337000e+03 4.423320e-01
8.338000e+03 4.424240e-01
8.339000e+03 4.425160e-01
8.340000e+03 4.426080e-01
8.341000e+03 4.433070e-01
8.342000e+03 4.440050e-01
8.343000e+03 4.447030e-01
8.344000e+03 4.454000e-01
8.345000e+03 4.460960e-01
8.346000e+03 4.463320e-01
8.347000e+03 4.465670e-01
8.348000e+03 4.468010e-01
8.349000e+03 4.470340e-01
8.350000e+03 4.472660e-01
8.351000e+03 4.470510e-01
8.352000e+03 4.468350e-01
8.353000e+03 4.466180e-01
8.354000e+03 4.464000e-01
8.355000e+03 4.461810e-01
8.356000e+03 4.461450e-01
8.357000e+03 4.461090e-01
8.358000e+03 4.460710e-01
8.359000e+03 4.460330e-01
8.360000e+03 4.459950e-01
8.361000e+03 4.461220e-01
8.362000e+03 4.462490e-01
8.363000e+03 4.463760e-01
8.364000e+03 4.465040e-01
8.365000e+03 4.466310e-01
8.366000e+03 4.467590e-01
8.367000e+03 4.468870e-01
8.368000e+03 4.470160e-01
8.369000e+03 4.471440e-01
8.370000e+03 4.472720e-01
8.371000e+03 4.473440e-01
8.372000e+03 4.474170e-01
8.373000e+03 4.474890e-01
8.374000e+03 4.475610e-01
8.375000e+03 4.476330e-01
8.376000e+03 4.476130e-01
8.377000e+03 4.475920e-01
8.378000e+03 4.475710e-01
8.379000e+03 4.475500e-01
8.380000e+03 4.475290e-01
8.381000e+03 4.476340e-01
8.382000e+03 4.477380e-01
8.383000e+03 4.478420e-01
8.384000e+03 4.479460e-01
8.385000e+03 4.480490e-01
8.386000e+03 4.480610e-01
8.387000e+03 4.480720e-01
8.388000e+03 4.480830e-01
8.389000e+03 4.480930e-01
8.390000e+03 4.481030e-01
8.391000e+03 4.480650e-01
8.392000e+03 4.480280e-01
8.393000e+03 4.479900e-01
8.394000e+03 4.479520e-01
8.395000e+03 4.479150e-01
8.396000e+03 4.479700e-01
8.397000e+03 4.480250e-01
8.398000e+03 4.480800e-01
8.399000e+03 4.481360e-01
8.400000e+03 4.481920e-01
8.401000e+03 4.480460e-01
8.402000e+03 4.479000e-01
8.403000e+03 4.477550e-01
8.404000e+03 4.476090e-01
8.405000e+03 4.474650e-01
8.406000e+03 4.473200e-01
8.407000e+03 4.471760e-01
8.408000e+03 4.470320e-01
8.409000e+03 4.468880e-01
8.410000e+03 4.467440e-01
8.411000e+03 4.467870e-01
8.412000e+03 4.468290e-01
8.413000e+03 4.468710e-01
8.414000e+03 4.469140e-01
8.415000e+03 4.469560e-01
8.416000e+03 4.469980e-01
8.417000e+03 4.470400e-01
8.418000e+03 4.470820e-01
8.419000e+03 4.471240e-01
8.420000e+03 4.471650e-01
8.421000e+03 4.472590e-01
8.422000e+03 4.473530e-01
8.423000e+03 4.474470e-01
8.424000e+03 4.475410e-01
8.425000e+03 4.476350e-01
8.426000e+03 4.476370e-01
8.427000e+03 4.476400e-01
8.428000e+03 4.476430e-01
8.429000e+03 4.476450e-01
8.430000e+03 4.476480e-01
8.431000e+03 4.475220e-01
8.432000e+03 4.473970e-01
8.433000e+03 4.472710e-01
8.434000e+03 4.471450e-01
8.435000e+03 4.470200e-01
8.436000e+03 4.470760e-01
8.437000e+03 4.471300e-01
8.438000e+03 4.471850e-01
8.439000e+03 4.472390e-01
8.440000e+03 4.472940e-01
8.441000e+03 4.472300e-01
8.442000e+03 4.471670e-01
8.443000e+03 4.471040e-01
8.444000e+03 4.470430e-01
8.445000e+03 4.469840e-01
8.446000e+03 4.470170e-01
8.447000e+03 4.470510e-01
8.448000e+03 4.470880e-01
8.449000e+03 4.471270e-01
8.450000e+03 4.471670e-01
8.451000e+03 4.472030e-01
8.452000e+03 4.472420e-01
8.453000e+03 4.472820e-01
8.454000e+03 4.473240e-01
8.455000e+03 4.473680e-01
8.456000e+03 4.473220e-01
8.457000e+03 4.472780e-01
8.458000e+03 4.472350e-01
8.459000e+03 4.471940e-01
8.460000e+03 4.471530e-01
8.461000e+03 4.470450e-01
8.462000e+03 4.469380e-01
8.463000e+03 4.468300e-01
8.464000e+03 4.467230e-01
8.465000e+03 4.466140e-01
8.466000e+03 4.466870e-01
8.467000e+03 4.467590e-01
8.468000e+03 4.468310e-01
8.469000e+03 4.469030e-01
8.470000e+03 4.469750e-01
8.471000e+03 4.469730e-01
8.472000e+03 4.469710e-01
8.473000e+03 4.469680e-01
8.474000e+03 4.469660e-01
8.475000e+03 4.469640e-01
8.476000e+03 4.468710e-01
8.477000e+03 4.467780e-01
8.478000e+03 4.466840e-01
8.479000e+03 4.465910e-01
8.480000e+03 4.464980e-01
8.481000e+03 4.464960e-01
8.482000e+03 4.464930e-01
8.483000e+03 4.464910e-01
8.484000e+03 4.464880e-01
8.485000e+03 4.464860e-01
8.486000e+03 4.464840e-01
8.487000e+03 4.464840e-01
8.488000e+03 4.464840e-01
8.489000e+03 4.464830e-01
8.490000e+03 4.464830e-01
8.491000e+03 4.464290e-01
8.492000e+03 4.463750e-01
8.493000e+03 4.463200e-01
8.494000e+03 4.462630e-01
8.495000e+03 4.462050e-01
8.496000e+03 4.461450e-01
8.497000e+03 4.460840e-01
8.498000e+03 4.460210e-01
8.499000e+03 4.459550e-01
8.500000e+03 4.458880e-01
8.501000e+03 4.459140e-01
8.502000e+03 4.459370e-01
8.503000e+03 4.459590e-01
8.504000e+03 4.459790e-01
8.505000e+03 4.459970e-01
8.506000e+03 4.460130e-01
8.507000e+03 4.460280e-01
8.508000e+03 4.460420e-01
8.509000e+03 4.460540e-01
8.510000e+03 4.460660e-01
8.511000e+03 4.459780e-01
8.512000e+03 4.458890e-01
8.513000e+03 4.458010e-01
8.514000e+03 4.457130e-01
8.515000e+03 4.456260e-01
8.516000e+03 4.457210e-01
8.517000e+03 4.458160e-01
8.518000e+03 4.459120e-01
8.519000e+03 4.460070e-01
8.520000e+03 4.461020e-01
8.521000e+03 4.461240e-01
8.522000e+03 4.461460e-01
8.523000e+03 4.461680e-01
8.524000e+03 4.461900e-01
8.525000e+03 4.462120e-01
8.526000e+03 4.463240e-01
8.527000e+03 4.464370e-01
8.528000e+03 4.465500e-01
8.529000e+03 4.466620e-01
8.530000e+03 4.467750e-01
8.531000e+03 4.467410e-01
8.532000e+03 4.467060e-01
8.533000e+03 4.466710e-01
8.534000e+03 4.466370e-01
8.535000e+03 4.466020e-01
8.536000e+03 4.464760e-01
8.537000e+03 4.463490e-01
8.538000e+03 4.462210e-01
8.539000e+03 4.460940e-01
8.540000e+03 4.459670e-01
8.541000e+03 4.459770e-01
8.542000e+03 4.459890e-01
8.543000e+03 4.460010e-01
8.544000e+03 4.460150e-01
8.545000e+03 4.460300e-01
8.546000e+03 4.461380e-01
8.547000e+03 4.462470e-01
8.548000e+03 4.463580e-01
8.549000e+03 4.464710e-01
8.550000e+03 4.465860e-01
8.551000e+03 4.466460e-01
8.552000e+03 4.467070e-01
8.553000e+03 4.467700e-01
8.554000e+03 4.468350e-01
8.555000e+03 4.469020e-01
8.556000e+03 4.469700e-01
8.557000e+03 4.470400e-01
8.558000e+03 4.471110e-01
8.559000e+03 4.471840e-01
8.560000e+03 4.472570e-01
8.561000e+03 4.472180e-01
8.562000e+03 4.471800e-01
8.563000e+03 4.471420e-01
8.564000e+03 4.471040e-01
8.565000e+03 4.470650e-01
8.566000e+03 4.470250e-01
8.567000e+03 4.469840e-01
8.568000e+03 4.469440e-01
8.569000e+03 4.469040e-01
8.570000e+03 4.468640e-01
8.571000e+03 4.468740e-01
8.572000e+03 4.468850e-01
8.573000e+03 4.468960e-01
8.574000e+03 4.469060e-01
8.575000e+03 4.469170e-01
8.576000e+03 4.470190e-01
8.577000e+03 4.471200e-01
8.578000e+03 4.472220e-01
8.579000e+03 4.473230e-01
8.580000e+03 4.474250e-01
8.581000e+03 4.474290e-01
8.582000e+03 4.474330e-01
8.583000e+03 4.474370e-01
8.584000e+03 4.474420e-01
8.585000e+03 4.474460e-01
8.586000e+03 4.474510e-01
8.587000e+03 4.474570e-01
8.588000e+03 4.474630e-01
8.589000e+03 4.474700e-01
8.590000e+03 4.474760e-01
8.591000e+03 4.475080e-01
8.592000e+03 4.475390e-01
8.593000e+03 4.475690e-01
8.594000e+03 4.475980e-01
8.595000e+03 4.476250e-01
8.596000e+03 4.476510e-01
8.597000e+03 4.476750e-01
8.598000e+03 4.476970e-01
8.599000e+03 4.477170e-01
8.600000e+03 4.477350e-01
8.601000e+03 4.477060e-01
8.602000e+03 4.476760e-01
8.603000e+03 4.476430e-01
8.604000e+03 4.476080e-01
8.605000e+03 4.475710e-01
8.606000e+03 4.475330e-01
8.607000e+03 4.474940e-01
8.608000e+03 4.474530e-01
8.609000e+03 4.474110e-01
8.610000e+03 4.473680e-01
8.611000e+03 4.473510e-01
8.612000e+03 4.473350e-01
8.613000e+03 4.473180e-01
8.614000e+03 4.473010e-01
8.615000e+03 4.472850e-01
8.616000e+03 4.472700e-01
8.617000e+03 4.472550e-01
8.618000e+03 4.472410e-01
8.619000e+03 4.472260e-01
8.620000e+03 4.472110e-01
8.621000e+03 4.472780e-01
8.622000e+03 4.473440e-01
8.623000e+03 4.474110e-01
8.624000e+03 4.474780e-01
8.625000e+03 4.475450e-01
8.626000e+03 4.475210e-01
8.627000e+03 4.474960e-01
8.628000e+03 4.474720e-01
8.629000e+03 4.474480e-01
8.630000e+03 4.474240e-01
8.631000e+03 4.474340e-01
8.632000e+03 4.474440e-01
8.633000e+03 4.474550e-01
8.634000e+03 4.474650e-01
8.635000e+03 4.474750e-01
8.636000e+03 4.474840e-01
8.637000e+03 4.474920e-01
8.638000e+03 4.475000e-01
8.639000e+03 4.475080e-01
8.640000e+03 4.475160e-01
8.641000e+03 4.475050e-01
8.642000e+03 4.474940e-01
8.643000e+03 4.474850e-01
8.644000e+03 4.474770e-01
8.645000e+03 4.474700e-01
8.646000e+03 4.474650e-01
8.647000e+03 4.474620e-01
8.648000e+03 4.474610e-01
8.649000e+03 4.474610e-01
8.650000e+03 4.474640e-01
8.651000e+03 4.474420e-01
8.652000e+03 4.474210e-01
8.653000e+03 4.474030e-01
8.654000e+03 4.473860e-01
8.655000e+03 4.473710e-01
8.656000e+03 4.473580e-01
8.657000e+03 4.473460e-01
8.658000e+03 4.473360e-01
8.659000e+03 4.473260e-01
8.660000e+03 4.473180e-01
8.661000e+03 4.473240e-01
8.662000e+03 4.473310e-01
8.663000e+03 4.473390e-01
8.664000e+03 4.473450e-01
8.665000e+03 4.473510e-01
8.666000e+03 4.473560e-01
8.667000e+03 4.473610e-01
8.668000e+03 4.473660e-01
8.669000e+03 4.473710e-01
8.670000e+03 4.473750e-01
8.671000e+03 4.473370e-01
8.672000e+03 4.472990e-01
8.673000e+03 4.472600e-01
8.674000e+03 4.472220e-01
8.675000e+03 4.471830e-01
8.676000e+03 4.471450e-01
8.677000e+03 4.471060e-01
8.678000e+03 4.470680e-01
8.679000e+03 4.470290e-01
8.680000e+03 4.469910e-01
8.681000e+03 4.470020e-01
8.682000e+03 4.470140e-01
8.683000e+03 4.470250e-01
8.684000e+03 4.470370e-01
8.685000e+03 4.470480e-01
8.686000e+03 4.470620e-01
8.687000e+03 4.470770e-01
8.688000e+03 4.470930e-01
8.689000e+03 4.471090e-01
8.690000e+03 4.471240e-01
8.691000e+03 4.470820e-01
8.692000e+03 4.470370e-01
8.693000e+03 4.469910e-01
8.694000e+03 4.469420e-01
8.695000e+03 4.468900e-01
8.696000e+03 4.469260e-01
8.697000e+03 4.469580e-01
8.698000e+03 4.469870e-01
8.699000e+03 4.470120e-01
8.700000e+03 4.470320e-01
8.701000e+03 4.469860e-01
8.702000e+03 4.469350e-01
8.703000e+03 4.468800e-01
8.704000e+03 4.468210e-01
8.705000e+03 4.467580e-01
8.706000e+03 4.466920e-01
8.707000e+03 4.466230e-01
8.708000e+03 4.465510e-01
8.709000e+03 4.464760e-01
8.710000e+03 4.464000e-01
8.711000e+03 4.463010e-01
8.712000e+03 4.462010e-01
8.713000e+03 4.461010e-01
8.714000e+03 4.460010e-01
8.715000e+03 4.459020e-01
8.716000e+03 4.458060e-01
8.717000e+03 4.457090e-01
8.718000e+03 4.456110e-01
8.719000e+03 4.455140e-01
8.720000e+03 4.454170e-01
8.721000e+03 4.453810e-01
8.722000e+03 4.453450e-01
8.723000e+03 4.453090e-01
8.724000e+03 4.452730e-01
8.725000e+03 4.452370e-01
8.726000e+03 4.452010e-01
8.727000e+03 4.451650e-01
8.728000e+03 4.451300e-01
8.729000e+03 4.450940e-01
8.730000e+03 4.450580e-01
8.731000e+03 4.449730e-01
8.732000e+03 4.448870e-01
8.733000e+03 4.448020e-01
8.734000e+03 4.447160e-01
8.735000e+03 4.446310e-01
8.736000e+03 4.445430e-01
8.737000e+03 4.444550e-01
8.738000e+03 4.443660e-01
8.739000e+03 4.442770e-01
8.740000e+03 4.441880e-01
8.741000e+03 4.441420e-01
8.742000e+03 4.440980e-01
8.743000e+03 4.440560e-01
8.744000e+03 4.440150e-01
8.745000e+03 4.439770e-01
8.746000e+03 4.439420e-01
8.747000e+03 4.439100e-01
8.748000e+03 4.438800e-01
8.749000e+03 4.438540e-01
8.750000e+03 4.438310e-01
8.751000e+03 4.437290e-01
8.752000e+03 4.436310e-01
8.753000e+03 4.435360e-01
8.754000e+03 4.434430e-01
8.755000e+03 4.433540e-01
8.756000e+03 4.432670e-01
8.757000e+03 4.431830e-01
8.758000e+03 4.431010e-01
8.759000e+03 4.430210e-01
8.760000e+03 4.429420e-01
8.761000e+03 4.429190e-01
8.762000e+03 4.428960e-01
8.763000e+03 4.428740e-01
8.764000e+03 4.428510e-01
8.765000e+03 4.428270e-01
8.766000e+03 4.428010e-01
8.767000e+03 4.427740e-01
8.768000e+03 4.427480e-01
8.769000e+03 4.427220e-01
8.770000e+03 4.426960e-01
8.771000e+03 4.426130e-01
8.772000e+03 4.425290e-01
8.773000e+03 4.424460e-01
8.774000e+03 4.423620e-01
8.775000e+03 4.422790e-01
8.776000e+03 4.421950e-01
8.777000e+03 4.421120e-01
8.778000e+03 4.420290e-01
8.779000e+03 4.419450e-01
8.780000e+03 4.418620e-01
8.781000e+03 4.417690e-01
8.782000e+03 4.416760e-01
8.783000e+03 4.415840e-01
8.784000e+03 4.414910e-01
8.785000e+03 4.413980e-01
8.786000e+03 4.413040e-01
8.787000e+03 4.412100e-01
8.788000e+03 4.411140e-01
8.789000e+03 4.410190e-01
8.790000e+03 4.409240e-01
8.791000e+03 4.409330e-01
8.792000e+03 4.409430e-01
8.793000e+03 4.409530e-01
8.794000e+03 4.409650e-01
8.795000e+03 4.409790e-01
8.796000e+03 4.409950e-01
8.797000e+03 4.410130e-01
8.798000e+03 4.410320e-01
8.799000e+03 4.410540e-01
8.800000e+03 4.410780e-01
8.801000e+03 4.410270e-01
8.802000e+03 4.409770e-01
8.803000e+03 4.409300e-01
8.804000e+03 4.408850e-01
8.805000e+03 4.408420e-01
8.806000e+03 4.408010e-01
8.807000e+03 4.407620e-01
8.808000e+03 4.407240e-01
8.809000e+03 4.406870e-01
8.810000e+03 4.406520e-01
8.811000e+03 4.407040e-01
8.812000e+03 4.407570e-01
8.813000e+03 4.408100e-01
8.814000e+03 4.408620e-01
8.815000e+03 4.409130e-01
8.816000e+03 4.408730e-01
8.817000e+03 4.408330e-01
8.818000e+03 4.407920e-01
8.819000e+03 4.407500e-01
8.820000e+03 4.407090e-01
8.821000e+03 4.407040e-01
8.822000e+03 4.406990e-01
8.823000e+03 4.406940e-01
8.824000e+03 4.406880e-01
8.825000e+03 4.406830e-01
8.826000e+03 4.405880e-01
8.827000e+03 4.404930e-01
8.828000e+03 4.403980e-01
8.829000e+03 4.403040e-01
8.830000e+03 4.402090e-01
8.831000e+03 4.402090e-01
8.832000e+03 4.402080e-01
8.833000e+03 4.402080e-01
8.834000e+03 4.402080e-01
8.835000e+03 4.402090e-01
8.836000e+03 4.402090e-01
8.837000e+03 4.402100e-01
8.838000e+03 4.402100e-01
8.839000e+03 4.402110e-01
8.840000e+03 4.402120e-01
8.841000e+03 4.401940e-01
8.842000e+03 4.401760e-01
8.843000e+03 4.401580e-01
8.844000e+03 4.401400e-01
8.845000e+03 4.401230e-01
8.846000e+03 4.401070e-01
8.847000e+03 4.400900e-01
8.848000e+03 4.400740e-01
8.849000e+03 4.400590e-01
8.850000e+03 4.400440e-01
8.851000e+03 4.398600e-01
8.852000e+03 4.396770e-01
8.853000e+03 4.394940e-01
8.854000e+03 4.393120e-01
8.855000e+03 4.391310e-01
8.856000e+03 4.389510e-01
8.857000e+03 4.387720e-01
8.858000e+03 4.385930e-01
8.859000e+03 4.384150e-01
8.860000e+03 4.382380e-01
8.861000e+03 4.382190e-01
8.862000e+03 4.382000e-01
8.863000e+03 4.381820e-01
8.864000e+03 4.381640e-01
8.865000e+03 4.381460e-01
8.866000e+03 4.382160e-01
8.867000e+03 4.382870e-01
8.868000e+03 4.383580e-01
8.869000e+03 4.384290e-01
8.870000e+03 4.385000e-01
8.871000e+03 4.384930e-01
8.872000e+03 4.384870e-01
8.873000e+03 4.384800e-01
8.874000e+03 4.384740e-01
8.875000e+03 4.384680e-01
8.876000e+03 4.383730e-01
8.877000e+03 4.382790e-01
8.878000e+03 4.381850e-01
8.879000e+03 4.380910e-01
8.880000e+03 4.379980e-01
8.881000e+03 4.380210e-01
8.882000e+03 4.380440e-01
8.883000e+03 4.380670e-01
8.884000e+03 4.380900e-01
8.885000e+03 4.381120e-01
8.886000e+03 4.383160e-01
8.887000e+03 4.385230e-01
8.888000e+03 4.387300e-01
8.889000e+03 4.389370e-01
8.890000e+03 4.391430e-01
8.891000e+03 4.389740e-01
8.892000e+03 4.388020e-01
8.893000e+03 4.386250e-01
8.894000e+03 4.384430e-01
8.895000e+03 4.382540e-01
8.896000e+03 4.381480e-01
8.897000e+03 4.380340e-01
8.898000e+03 4.379120e-01
8.899000e+03 4.377830e-01
8.900000e+03 4.376470e-01
8.901000e+03 4.374040e-01
8.902000e+03 4.371550e-01
8.903000e+03 4.368990e-01
8.904000e+03 4.366360e-01
8.905000e+03 4.363680e-01
8.906000e+03 4.362720e-01
8.907000e+03 4.361720e-01
8.908000e+03 4.360670e-01
8.909000e+03 4.359590e-01
8.910000e+03 4.358490e-01
8.911000e+03 4.356840e-01
8.912000e+03 4.355190e-01
8.913000e+03 4.353540e-01
8.914000e+03 4.351910e-01
8.915000e+03 4.350300e-01
8.916000e+03 4.348740e-01
8.917000e+03 4.347170e-01
8.918000e+03 4.345590e-01
8.919000e+03 4.344020e-01
8.920000e+03 4.342440e-01
8.921000e+03 4.339200e-01
8.922000e+03 4.335960e-01
8.923000e+03 4.332720e-01
8.924000e+03 4.329470e-01
8.925000e+03 4.326220e-01
8.926000e+03 4.319440e-01
8.927000e+03 4.312660e-01
8.928000e+03 4.305890e-01
8.929000e+03 4.299110e-01
8.930000e+03 4.292350e-01
8.931000e+03 4.288090e-01
8.932000e+03 4.283840e-01
8.933000e+03 4.279590e-01
8.934000e+03 4.275350e-01
8.935000e+03 4.271120e-01
8.936000e+03 4.270350e-01
8.937000e+03 4.269550e-01
8.938000e+03 4.268740e-01
8.939000e+03 4.267920e-01
8.940000e+03 4.267120e-01
8.941000e+03 4.260250e-01
8.942000e+03 4.253430e-01
8.943000e+03 4.246660e-01
8.944000e+03 4.239960e-01
8.945000e+03 4.233320e-01
8.946000e+03 4.221530e-01
8.947000e+03 4.209820e-01
8.948000e+03 4.198210e-01
8.949000e+03 4.186690e-01
8.950000e+03 4.175270e-01
8.951000e+03 4.160160e-01
8.952000e+03 4.145160e-01
8.953000e+03 4.130240e-01
8.954000e+03 4.115410e-01
8.955000e+03 4.100660e-01
8.956000e+03 4.090350e-01
8.957000e+03 4.080090e-01
8.958000e+03 4.069900e-01
8.959000e+03 4.059740e-01
8.960000e+03 4.049630e-01
8.961000e+03 4.035610e-01
8.962000e+03 4.021600e-01
8.963000e+03 4.007590e-01
8.964000e+03 3.993560e-01
8.965000e+03 3.979500e-01
8.966000e+03 3.974110e-01
8.967000e+03 3.968710e-01
8.968000e+03 3.963320e-01
8.969000e+03 3.957940e-01
8.970000e+03 3.952550e-01
8.971000e+03 3.961630e-01
8.972000e+03 3.970710e-01
8.973000e+03 3.979790e-01
8.974000e+03 3.988880e-01
8.975000e+03 3.997970e-01
8.976000e+03 4.003580e-01
8.977000e+03 4.009190e-01
8.978000e+03 4.014810e-01
8.979000e+03 4.020430e-01
8.980000e+03 4.026040e-01
8.981000e+03 3.992530e-01
8.982000e+03 3.959020e-01
8.983000e+03 3.925520e-01
8.984000e+03 3.892030e-01
8.985000e+03 3.858540e-01
8.986000e+03 3.813790e-01
8.987000e+03 3.769070e-01
8.988000e+03 3.724370e-01
8.989000e+03 3.679680e-01
8.990000e+03 3.634990e-01
8.991000e+03 3.655180e-01
8.992000e+03 3.675340e-01
8.993000e+03 3.695450e-01
8.994000e+03 3.715530e-01
8.995000e+03 3.735540e-01
8.996000e+03 3.764190e-01
8.997000e+03 3.792780e-01
8.998000e+03 3.821290e-01
8.999000e+03 3.849720e-01
9.000000e+03 3.878080e-01
9.001000e+03 3.867170e-01
9.002000e+03 3.856190e-01
9.003000e+03 3.845150e-01
9.004000e+03 3.834040e-01
9.005000e+03 3.822880e-01
9.006000e+03 3.824670e-01
9.007000e+03 3.826410e-01
9.008000e+03 3.828090e-01
9.009000e+03 3.829730e-01
9.010000e+03 3.831340e-01
9.011000e+03 3.839160e-01
9.012000e+03 3.846960e-01
9.013000e+03 3.854760e-01
9.014000e+03 3.862550e-01
9.015000e+03 3.870370e-01
9.016000e+03 3.866980e-01
9.017000e+03 3.863600e-01
9.018000e+03 3.860210e-01
9.019000e+03 3.856820e-01
9.020000e+03 3.853430e-01
9.021000e+03 3.847140e-01
9.022000e+03 3.840850e-01
9.023000e+03 3.834570e-01
9.024000e+03 3.828290e-01
9.025000e+03 3.822010e-01
9.026000e+03 3.832090e-01
9.027000e+03 3.842170e-01
9.028000e+03 3.852250e-01
9.029000e+03 3.862320e-01
9.030000e+03 3.872390e-01
9.031000e+03 3.900700e-01
9.032000e+03 3.928980e-01
9.033000e+03 3.957230e-01
9.034000e+03 3.985460e-01
9.035000e+03 4.013670e-01
9.036000e+03 4.031550e-01
9.037000e+03 4.049400e-01
9.038000e+03 4.067230e-01
9.039000e+03 4.085030e-01
9.040000e+03 4.102820e-01
9.041000e+03 4.097990e-01
9.042000e+03 4.093170e-01
9.043000e+03 4.088350e-01
9.044000e+03 4.083550e-01
9.045000e+03 4.078760e-01
9.046000e+03 4.073130e-01
9.047000e+03 4.067520e-01
9.048000e+03 4.061920e-01
9.049000e+03 4.056360e-01
9.050000e+03 4.050810e-01
9.051000e+03 4.050170e-01
9.052000e+03 4.049550e-01
9.053000e+03 4.048960e-01
9.054000e+03 4.048380e-01
9.055000e+03 4.047830e-01
9.056000e+03 4.043040e-01
9.057000e+03 4.038270e-01
9.058000e+03 4.033510e-01
9.059000e+03 4.028770e-01
9.060000e+03 4.024030e-01
9.061000e+03 4.002820e-01
9.062000e+03 3.981620e-01
9.063000e+03 3.960420e-01
9.064000e+03 3.939230e-01
9.065000e+03 3.918040e-01
9.066000e+03 3.895140e-01
9.067000e+03 3.872240e-01
9.068000e+03 3.849360e-01
9.069000e+03 3.826480e-01
9.070000e+03 3.803620e-01
9.071000e+03 3.794790e-01
9.072000e+03 3.785960e-01
9.073000e+03 3.777140e-01
9.074000e+03 3.768330e-01
9.075000e+03 3.759520e-01
9.076000e+03 3.755800e-01
9.077000e+03 3.752090e-01
9.078000e+03 3.748370e-01
9.079000e+03 3.744660e-01
9.080000e+03 3.740950e-01
9.081000e+03 3.742620e-01
9.082000e+03 3.744280e-01
9.083000e+03 3.745940e-01
9.084000e+03 3.747600e-01
9.085000e+03 3.749260e-01
9.086000e+03 3.749220e-01
9.087000e+03 3.749170e-01
9.088000e+03 3.749120e-01
9.089000e+03 3.749070e-01
9.090000e+03 3.749020e-01
9.091000e+03 3.752500e-01
9.092000e+03 3.755980e-01
9.093000e+03 3.753860e-01
9.094000e+03 3.751730e-01
9.095000e+03 3.747580e-01
9.096000e+03 3.741750e-01
9.097000e+03 3.736120e-01
9.098000e+03 3.730480e-01
9.099000e+03 3.724650e-01
9.100000e+03 3.718810e-01
9.101000e+03 3.704210e-01
9.102000e+03 3.689650e-01
9.103000e+03 3.674930e-01
9.104000e+03 3.660250e-01
9.105000e+03 3.645610e-01
9.106000e+03 3.647320e-01
9.107000e+03 3.649190e-01
9.108000e+03 3.651010e-01
9.109000e+03 3.652600e-01
9.110000e+03 3.654140e-01
9.111000e+03 3.650050e-01
9.112000e+03 3.645940e-01
9.113000e+03 3.641600e-01
9.114000e+03 3.637250e-01
9.115000e+03 3.633080e-01
9.116000e+03 3.615360e-01
9.117000e+03 3.597490e-01
9.118000e+03 3.579670e-01
9.119000e+03 3.562100e-01
9.120000e+03 3.544580e-01
9.121000e+03 3.545780e-01
9.122000e+03 3.546930e-01
9.123000e+03 3.548040e-01
9.124000e+03 3.549100e-01
9.125000e+03 3.550320e-01
9.126000e+03 3.522020e-01
9.127000e+03 3.491820e-01
9.128000e+03 3.461740e-01
9.129000e+03 3.426270e-01
9.130000e+03 3.390980e-01
9.131000e+03 3.354030e-01
9.132000e+03 3.317280e-01
9.133000e+03 3.280730e-01
9.134000e+03 3.244390e-01
9.135000e+03 3.208070e-01
9.136000e+03 3.210560e-01
9.137000e+03 3.213090e-01
9.138000e+03 3.215460e-01
9.139000e+03 3.217670e-01
9.140000e+03 3.219710e-01
9.141000e+03 3.228800e-01
9.142000e+03 3.237640e-01
9.143000e+03 3.246230e-01
9.144000e+03 3.254580e-01
9.145000e+03 3.262680e-01
9.146000e+03 3.238740e-01
9.147000e+03 3.214880e-01
9.148000e+03 3.191100e-01
9.149000e+03 3.167400e-01
9.150000e+03 3.143780e-01
9.151000e+03 3.093700e-01
9.152000e+03 3.043990e-01
9.153000e+03 2.994820e-01
9.154000e+03 2.946000e-01
9.155000e+03 2.897530e-01
9.156000e+03 2.891650e-01
9.157000e+03 2.885680e-01
9.158000e+03 2.879610e-01
9.159000e+03 2.873460e-01
9.160000e+03 2.867210e-01
9.161000e+03 2.884250e-01
9.162000e+03 2.900940e-01
9.163000e+03 2.917300e-01
9.164000e+03 2.933310e-01
9.165000e+03 2.948990e-01
9.166000e+03 2.934500e-01
9.167000e+03 2.920000e-01
9.168000e+03 2.905500e-01
9.169000e+03 2.890780e-01
9.170000e+03 2.876060e-01
9.171000e+03 2.839200e-01
9.172000e+03 2.802580e-01
9.173000e+03 2.766210e-01
9.174000e+03 2.730080e-01
9.175000e+03 2.694210e-01
9.176000e+03 2.670560e-01
9.177000e+03 2.647010e-01
9.178000e+03 2.623570e-01
9.179000e+03 2.600230e-01
9.180000e+03 2.577000e-01
9.181000e+03 2.576990e-01
9.182000e+03 2.576810e-01
9.183000e+03 2.576450e-01
9.184000e+03 2.575910e-01
9.185000e+03 2.575000e-01
9.186000e+03 2.574480e-01
9.187000e+03 2.573980e-01
9.188000e+03 2.573290e-01
9.189000e+03 2.572430e-01
9.190000e+03 2.571380e-01
9.191000e+03 2.560320e-01
9.192000e+03 2.549210e-01
9.193000e+03 2.538050e-01
9.194000e+03 2.526830e-01
9.195000e+03 2.515560e-01
9.196000e+03 2.500000e-01
9.197000e+03 2.484440e-01
9.198000e+03 2.468880e-01
9.199000e+03 2.453310e-01
9.200000e+03 2.437740e-01
9.201000e+03 2.428380e-01
9.202000e+03 2.418940e-01
9.203000e+03 2.409610e-01
9.204000e+03 2.400190e-01
9.205000e+03 2.390690e-01
9.206000e+03 2.373660e-01
9.207000e+03 2.356650e-01
9.208000e+03 2.339670e-01
9.209000e+03 2.322700e-01
9.210000e+03 2.305740e-01
9.211000e+03 2.283250e-01
9.212000e+03 2.260860e-01
9.213000e+03 2.238570e-01
9.214000e+03 2.216390e-01
9.215000e+03 2.194310e-01
9.216000e+03 2.177410e-01
9.217000e+03 2.160530e-01
9.218000e+03 2.143680e-01
9.219000e+03 2.126650e-01
9.220000e+03 2.109640e-01
9.221000e+03 2.098100e-01
9.222000e+03 2.086500e-01
9.223000e+03 2.074850e-01
9.224000e+03 2.063130e-01
9.225000e+03 2.051360e-01
9.226000e+03 2.034420e-01
9.227000e+03 2.017500e-01
9.228000e+03 2.000610e-01
9.229000e+03 1.983740e-01
9.230000e+03 1.966900e-01
9.231000e+03 1.949130e-01
9.232000e+03 1.931390e-01
9.233000e+03 1.913700e-01
9.234000e+03 1.896050e-01
9.235000e+03 1.878240e-01
9.236000e+03 1.859710e-01
9.237000e+03 1.841430e-01
9.238000e+03 1.823210e-01
9.239000e+03 1.805050e-01
9.240000e+03 1.786940e-01
9.241000e+03 1.769180e-01
9.242000e+03 1.751460e-01
9.243000e+03 1.733780e-01
9.244000e+03 1.716150e-01
9.245000e+03 1.698550e-01
9.246000e+03 1.682430e-01
9.247000e+03 1.666310e-01
9.248000e+03 1.650210e-01
9.249000e+03 1.634130e-01
9.250000e+03 1.618050e-01
9.251000e+03 1.604120e-01
9.252000e+03 1.590160e-01
9.253000e+03 1.576370e-01
9.254000e+03 1.562540e-01
9.255000e+03 1.548670e-01
9.256000e+03 1.534130e-01
9.257000e+03 1.519570e-01
9.258000e+03 1.505000e-01
9.259000e+03 1.490410e-01
9.260000e+03 1.475810e-01
9.261000e+03 1.460890e-01
9.262000e+03 1.445970e-01
9.263000e+03 1.431050e-01
9.264000e+03 1.416130e-01
9.265000e+03 1.401230e-01
9.266000e+03 1.387200e-01
9.267000e+03 1.373160e-01
9.268000e+03 1.359100e-01
9.269000e+03 1.344820e-01
9.270000e+03 1.330530e-01
9.271000e+03 1.307940e-01
9.272000e+03 1.285540e-01
9.273000e+03 1.263320e-01
9.274000e+03 1.241290e-01
9.275000e+03 1.219440e-01
9.276000e+03 1.195190e-01
9.277000e+03 1.171190e-01
9.278000e+03 1.147440e-01
9.279000e+03 1.123930e-01
9.280000e+03 1.100680e-01
9.281000e+03 1.084620e-01
9.282000e+03 1.068630e-01
9.283000e+03 1.052700e-01
9.284000e+03 1.036830e-01
9.285000e+03 1.020840e-01
9.286000e+03 1.003790e-01
9.287000e+03 9.870080e-02
9.288000e+03 9.703250e-02
9.289000e+03 9.537340e-02
9.290000e+03 9.372330e-02
9.291000e+03 9.189730e-02
9.292000e+03 9.008560e-02
9.293000e+03 8.828810e-02
9.294000e+03 8.650460e-02
9.295000e+03 8.473510e-02
9.296000e+03 8.262980e-02
9.297000e+03 8.055000e-02
9.298000e+03 7.849550e-02
9.299000e+03 7.646630e-02
9.300000e+03 7.446250e-02
9.301000e+03 7.254460e-02
9.302000e+03 7.064940e-02
9.303000e+03 6.879320e-02
9.304000e+03 6.695960e-02
9.305000e+03 6.514850e-02
9.306000e+03 6.337640e-02
9.307000e+03 6.162640e-02
9.308000e+03 5.989850e-02
9.309000e+03 5.819280e-02
9.310000e+03 5.650930e-02
9.311000e+03 5.478090e-02
9.312000e+03 5.307790e-02
9.313000e+03 5.140030e-02
9.314000e+03 4.974830e-02
9.315000e+03 4.812170e-02
9.316000e+03 4.608740e-02
9.317000e+03 4.409880e-02
9.318000e+03 4.215580e-02
9.319000e+03 4.024510e-02
9.320000e+03 3.838030e-02
9.321000e+03 3.708450e-02
9.322000e+03 3.580660e-02
9.323000e+03 3.454650e-02
9.324000e+03 3.330420e-02
9.325000e+03 3.207970e-02
9.326000e+03 3.119430e-02
9.327000e+03 3.030710e-02
9.328000e+03 2.941810e-02
9.329000e+03 2.852720e-02
9.330000e+03 2.763450e-02
9.331000e+03 2.652540e-02
9.332000e+03 2.542970e-02
9.333000e+03 2.434740e-02
9.334000e+03 2.327830e-02
9.335000e+03 2.243550e-02
9.336000e+03 2.123020e-02
9.337000e+03 2.028380e-02
9.338000e+03 1.935970e-02
9.339000e+03 1.844720e-02
9.340000e+03 1.755760e-02
9.341000e+03 1.698840e-02
9.342000e+03 1.642780e-02
9.343000e+03 1.586590e-02
9.344000e+03 1.531290e-02
9.345000e+03 1.476870e-02
9.346000e+03 1.484230e-02
9.347000e+03 1.490230e-02
9.348000e+03 1.493890e-02
9.349000e+03 1.494110e-02
9.350000e+03 1.491950e-02
9.351000e+03 1.461200e-02
9.352000e+03 1.429790e-02
9.353000e+03 1.396550e-02
9.354000e+03 1.362650e-02
9.355000e+03 1.329240e-02
9.356000e+03 1.274360e-02
9.357000e+03 1.219100e-02
9.358000e+03 1.164640e-02
9.359000e+03 1.112120e-02
9.360000e+03 1.060370e-02
9.361000e+03 1.020370e-02
9.362000e+03 9.801210e-03
9.363000e+03 9.396260e-03
9.364000e+03 8.988840e-03
9.365000e+03 8.590390e-03
9.366000e+03 8.116470e-03
9.367000e+03 7.636580e-03
9.368000e+03 7.162160e-03
9.369000e+03 6.704330e-03
9.370000e+03 6.251810e-03
9.371000e+03 5.886520e-03
9.372000e+03 5.513040e-03
9.373000e+03 5.142800e-03
9.374000e+03 4.764630e-03
9.375000e+03 4.366940e-03
9.376000e+03 3.937050e-03
9.377000e+03 3.504560e-03
9.378000e+03 3.069470e-03
9.379000e+03 2.643560e-03
9.380000e+03 2.215150e-03
9.381000e+03 1.773780e-03
9.382000e+03 1.329170e-03
9.383000e+03 8.932460e-04
9.384000e+03 4.541840e-04
9.385000e+03 2.278930e-04
