# # Wavelength(Angstrom)  Transmission
5.370000e+03 4.419110e-13
5.371000e+03 8.201270e-04
5.372000e+03 1.640390e-03
5.373000e+03 2.460780e-03
5.374000e+03 3.281300e-03
5.375000e+03 4.101960e-03
5.376000e+03 4.923860e-03
5.377000e+03 5.767870e-03
5.378000e+03 6.612400e-03
5.379000e+03 7.435830e-03
5.380000e+03 8.259760e-03
5.381000e+03 9.081410e-03
5.382000e+03 9.903060e-03
5.383000e+03 1.072470e-02
5.384000e+03 1.154640e-02
5.385000e+03 1.236800e-02
5.386000e+03 1.318970e-02
5.387000e+03 1.401140e-02
5.388000e+03 1.483300e-02
5.389000e+03 1.567630e-02
5.390000e+03 1.651970e-02
5.391000e+03 1.734210e-02
5.392000e+03 1.816450e-02
5.393000e+03 1.898700e-02
5.394000e+03 1.980950e-02
5.395000e+03 2.063210e-02
5.396000e+03 2.145470e-02
5.397000e+03 2.227730e-02
5.398000e+03 2.309990e-02
5.399000e+03 2.392250e-02
5.400000e+03 2.474520e-02
5.401000e+03 2.558830e-02
5.402000e+03 2.643140e-02
5.403000e+03 2.725270e-02
5.404000e+03 2.807400e-02
5.405000e+03 2.889510e-02
5.406000e+03 2.970940e-02
5.407000e+03 3.052310e-02
5.408000e+03 3.133640e-02
5.409000e+03 3.214920e-02
5.410000e+03 3.296150e-02
5.411000e+03 3.378250e-02
5.412000e+03 3.460340e-02
5.413000e+03 3.544600e-02
5.414000e+03 3.628850e-02
5.415000e+03 3.710950e-02
5.416000e+03 3.793060e-02
5.417000e+03 3.875160e-02
5.418000e+03 3.957270e-02
5.419000e+03 4.039390e-02
5.420000e+03 4.121500e-02
5.421000e+03 4.285650e-02
5.422000e+03 4.449800e-02
5.423000e+03 4.616110e-02
5.424000e+03 4.782420e-02
5.425000e+03 4.946580e-02
5.426000e+03 5.111880e-02
5.427000e+03 5.277260e-02
5.428000e+03 5.442700e-02
5.429000e+03 5.610380e-02
5.430000e+03 5.778130e-02
5.431000e+03 5.942500e-02
5.432000e+03 6.106860e-02
5.433000e+03 6.271230e-02
5.434000e+03 6.435600e-02
5.435000e+03 6.602140e-02
5.436000e+03 6.768670e-02
5.437000e+03 6.933050e-02
5.438000e+03 7.097420e-02
5.439000e+03 7.261810e-02
5.440000e+03 7.426210e-02
5.441000e+03 7.592970e-02
5.442000e+03 7.759750e-02
5.443000e+03 7.924400e-02
5.444000e+03 8.089090e-02
5.445000e+03 8.253800e-02
5.446000e+03 8.418560e-02
5.447000e+03 8.583350e-02
5.448000e+03 8.748170e-02
5.449000e+03 8.915190e-02
5.450000e+03 9.082250e-02
5.451000e+03 9.246510e-02
5.452000e+03 9.410770e-02
5.453000e+03 9.575040e-02
5.454000e+03 9.739320e-02
5.455000e+03 9.905770e-02
5.456000e+03 1.007220e-01
5.457000e+03 1.023650e-01
5.458000e+03 1.040080e-01
5.459000e+03 1.056510e-01
5.460000e+03 1.072940e-01
5.461000e+03 1.089690e-01
5.462000e+03 1.106440e-01
5.463000e+03 1.122970e-01
5.464000e+03 1.139510e-01
5.465000e+03 1.156050e-01
5.466000e+03 1.172590e-01
5.467000e+03 1.189350e-01
5.468000e+03 1.206120e-01
5.469000e+03 1.222670e-01
5.470000e+03 1.239220e-01
5.471000e+03 1.256070e-01
5.472000e+03 1.272920e-01
5.473000e+03 1.290000e-01
5.474000e+03 1.307100e-01
5.475000e+03 1.323980e-01
5.476000e+03 1.340580e-01
5.477000e+03 1.357170e-01
5.478000e+03 1.373770e-01
5.479000e+03 1.390590e-01
5.480000e+03 1.407410e-01
5.481000e+03 1.423930e-01
5.482000e+03 1.440460e-01
5.483000e+03 1.456980e-01
5.484000e+03 1.473500e-01
5.485000e+03 1.490240e-01
5.486000e+03 1.506990e-01
5.487000e+03 1.523510e-01
5.488000e+03 1.540040e-01
5.489000e+03 1.556570e-01
5.490000e+03 1.573090e-01
5.491000e+03 1.589840e-01
5.492000e+03 1.606590e-01
5.493000e+03 1.623120e-01
5.494000e+03 1.639660e-01
5.495000e+03 1.656190e-01
5.496000e+03 1.673100e-01
5.497000e+03 1.690020e-01
5.498000e+03 1.706950e-01
5.499000e+03 1.724110e-01
5.500000e+03 1.741270e-01
5.501000e+03 1.757880e-01
5.502000e+03 1.774490e-01
5.503000e+03 1.791110e-01
5.504000e+03 1.807730e-01
5.505000e+03 1.824560e-01
5.506000e+03 1.841400e-01
5.507000e+03 1.858020e-01
5.508000e+03 1.874640e-01
5.509000e+03 1.891270e-01
5.510000e+03 1.907900e-01
5.511000e+03 1.924740e-01
5.512000e+03 1.941580e-01
5.513000e+03 1.958210e-01
5.514000e+03 1.974840e-01
5.515000e+03 1.991480e-01
5.516000e+03 2.008110e-01
5.517000e+03 2.024970e-01
5.518000e+03 2.041820e-01
5.519000e+03 2.058460e-01
5.520000e+03 2.075100e-01
5.521000e+03 2.091730e-01
5.522000e+03 2.108350e-01
5.523000e+03 2.125190e-01
5.524000e+03 2.142040e-01
5.525000e+03 2.158660e-01
5.526000e+03 2.175290e-01
5.527000e+03 2.191920e-01
5.528000e+03 2.208560e-01
5.529000e+03 2.225410e-01
5.530000e+03 2.242260e-01
5.531000e+03 2.258930e-01
5.532000e+03 2.275610e-01
5.533000e+03 2.292290e-01
5.534000e+03 2.308970e-01
5.535000e+03 2.325870e-01
5.536000e+03 2.342780e-01
5.537000e+03 2.359460e-01
5.538000e+03 2.376150e-01
5.539000e+03 2.392840e-01
5.540000e+03 2.409540e-01
5.541000e+03 2.426460e-01
5.542000e+03 2.443390e-01
5.543000e+03 2.460090e-01
5.544000e+03 2.476810e-01
5.545000e+03 2.493520e-01
5.546000e+03 2.510800e-01
5.547000e+03 2.528090e-01
5.548000e+03 2.545390e-01
5.549000e+03 2.562920e-01
5.550000e+03 2.580460e-01
5.551000e+03 2.597130e-01
5.552000e+03 2.613800e-01
5.553000e+03 2.630470e-01
5.554000e+03 2.647140e-01
5.555000e+03 2.664030e-01
5.556000e+03 2.680930e-01
5.557000e+03 2.697600e-01
5.558000e+03 2.714280e-01
5.559000e+03 2.730960e-01
5.560000e+03 2.747640e-01
5.561000e+03 2.764080e-01
5.562000e+03 2.780510e-01
5.563000e+03 2.796720e-01
5.564000e+03 2.812920e-01
5.565000e+03 2.829120e-01
5.566000e+03 2.845960e-01
5.567000e+03 2.863020e-01
5.568000e+03 2.880080e-01
5.569000e+03 2.896930e-01
5.570000e+03 2.913780e-01
5.571000e+03 2.930670e-01
5.572000e+03 2.947560e-01
5.573000e+03 2.964680e-01
5.574000e+03 2.981790e-01
5.575000e+03 2.998700e-01
5.576000e+03 3.015610e-01
5.577000e+03 3.032520e-01
5.578000e+03 3.049430e-01
5.579000e+03 3.066570e-01
5.580000e+03 3.083710e-01
5.581000e+03 3.100340e-01
5.582000e+03 3.116960e-01
5.583000e+03 3.133580e-01
5.584000e+03 3.150210e-01
5.585000e+03 3.167050e-01
5.586000e+03 3.183900e-01
5.587000e+03 3.200520e-01
5.588000e+03 3.217150e-01
5.589000e+03 3.233770e-01
5.590000e+03 3.250400e-01
5.591000e+03 3.267390e-01
5.592000e+03 3.284380e-01
5.593000e+03 3.301150e-01
5.594000e+03 3.317920e-01
5.595000e+03 3.334700e-01
5.596000e+03 3.350720e-01
5.597000e+03 3.366740e-01
5.598000e+03 3.382750e-01
5.599000e+03 3.398970e-01
5.600000e+03 3.415190e-01
5.601000e+03 3.432170e-01
5.602000e+03 3.449170e-01
5.603000e+03 3.466160e-01
5.604000e+03 3.483160e-01
5.605000e+03 3.500380e-01
5.606000e+03 3.517610e-01
5.607000e+03 3.534620e-01
5.608000e+03 3.551630e-01
5.609000e+03 3.568650e-01
5.610000e+03 3.585670e-01
5.611000e+03 3.602630e-01
5.612000e+03 3.619590e-01
5.613000e+03 3.636330e-01
5.614000e+03 3.653070e-01
5.615000e+03 3.669820e-01
5.616000e+03 3.685730e-01
5.617000e+03 3.701850e-01
5.618000e+03 3.717970e-01
5.619000e+03 3.733860e-01
5.620000e+03 3.749750e-01
5.621000e+03 3.766460e-01
5.622000e+03 3.783180e-01
5.623000e+03 3.800110e-01
5.624000e+03 3.817040e-01
5.625000e+03 3.833760e-01
5.626000e+03 3.850470e-01
5.627000e+03 3.865220e-01
5.628000e+03 3.879980e-01
5.629000e+03 3.888400e-01
5.630000e+03 3.896820e-01
5.631000e+03 3.905520e-01
5.632000e+03 3.914230e-01
5.633000e+03 3.922940e-01
5.634000e+03 3.931660e-01
5.635000e+03 3.940370e-01
5.636000e+03 3.949090e-01
5.637000e+03 3.958020e-01
5.638000e+03 3.966960e-01
5.639000e+03 3.975680e-01
5.640000e+03 3.984410e-01
5.641000e+03 3.992120e-01
5.642000e+03 3.999820e-01
5.643000e+03 4.007530e-01
5.644000e+03 4.015230e-01
5.645000e+03 4.022930e-01
5.646000e+03 4.031540e-01
5.647000e+03 4.040150e-01
5.648000e+03 4.048760e-01
5.649000e+03 4.057370e-01
5.650000e+03 4.065990e-01
5.651000e+03 4.074820e-01
5.652000e+03 4.083660e-01
5.653000e+03 4.092280e-01
5.654000e+03 4.100900e-01
5.655000e+03 4.109520e-01
5.656000e+03 4.118140e-01
5.657000e+03 4.126770e-01
5.658000e+03 4.135390e-01
5.659000e+03 4.144020e-01
5.660000e+03 4.152650e-01
5.661000e+03 4.161430e-01
5.662000e+03 4.170220e-01
5.663000e+03 4.172880e-01
5.664000e+03 4.175550e-01
5.665000e+03 4.176020e-01
5.666000e+03 4.176500e-01
5.667000e+03 4.176970e-01
5.668000e+03 4.177450e-01
5.669000e+03 4.177920e-01
5.670000e+03 4.178400e-01
5.671000e+03 4.178500e-01
5.672000e+03 4.178600e-01
5.673000e+03 4.178690e-01
5.674000e+03 4.178790e-01
5.675000e+03 4.178890e-01
5.676000e+03 4.178990e-01
5.677000e+03 4.179090e-01
5.678000e+03 4.179190e-01
5.679000e+03 4.179290e-01
5.680000e+03 4.179390e-01
5.681000e+03 4.178810e-01
5.682000e+03 4.178240e-01
5.683000e+03 4.177670e-01
5.684000e+03 4.177100e-01
5.685000e+03 4.176530e-01
5.686000e+03 4.175960e-01
5.687000e+03 4.175390e-01
5.688000e+03 4.174820e-01
5.689000e+03 4.174250e-01
5.690000e+03 4.173680e-01
5.691000e+03 4.173980e-01
5.692000e+03 4.174280e-01
5.693000e+03 4.174580e-01
5.694000e+03 4.174890e-01
5.695000e+03 4.175190e-01
5.696000e+03 4.175490e-01
5.697000e+03 4.175790e-01
5.698000e+03 4.176090e-01
5.699000e+03 4.176400e-01
5.700000e+03 4.176700e-01
5.701000e+03 4.178020e-01
5.702000e+03 4.179340e-01
5.703000e+03 4.180660e-01
5.704000e+03 4.181980e-01
5.705000e+03 4.183300e-01
5.706000e+03 4.183680e-01
5.707000e+03 4.184050e-01
5.708000e+03 4.184430e-01
5.709000e+03 4.184800e-01
5.710000e+03 4.185170e-01
5.711000e+03 4.185660e-01
5.712000e+03 4.186150e-01
5.713000e+03 4.186640e-01
5.714000e+03 4.187130e-01
5.715000e+03 4.187620e-01
5.716000e+03 4.188100e-01
5.717000e+03 4.188590e-01
5.718000e+03 4.189080e-01
5.719000e+03 4.189570e-01
5.720000e+03 4.190060e-01
5.721000e+03 4.190240e-01
5.722000e+03 4.190430e-01
5.723000e+03 4.190610e-01
5.724000e+03 4.190790e-01
5.725000e+03 4.190980e-01
5.726000e+03 4.191160e-01
5.727000e+03 4.191350e-01
5.728000e+03 4.191530e-01
5.729000e+03 4.191720e-01
5.730000e+03 4.191900e-01
5.731000e+03 4.193160e-01
5.732000e+03 4.194430e-01
5.733000e+03 4.195690e-01
5.734000e+03 4.196950e-01
5.735000e+03 4.198220e-01
5.736000e+03 4.198530e-01
5.737000e+03 4.198850e-01
5.738000e+03 4.199160e-01
5.739000e+03 4.199480e-01
5.740000e+03 4.199790e-01
5.741000e+03 4.200110e-01
5.742000e+03 4.200420e-01
5.743000e+03 4.200740e-01
5.744000e+03 4.201060e-01
5.745000e+03 4.201380e-01
5.746000e+03 4.201690e-01
5.747000e+03 4.202010e-01
5.748000e+03 4.202330e-01
5.749000e+03 4.202640e-01
5.750000e+03 4.202960e-01
5.751000e+03 4.204240e-01
5.752000e+03 4.205520e-01
5.753000e+03 4.206800e-01
5.754000e+03 4.208080e-01
5.755000e+03 4.209360e-01
5.756000e+03 4.209680e-01
5.757000e+03 4.210010e-01
5.758000e+03 4.210340e-01
5.759000e+03 4.210670e-01
5.760000e+03 4.210990e-01
5.761000e+03 4.212260e-01
5.762000e+03 4.213530e-01
5.763000e+03 4.214800e-01
5.764000e+03 4.216070e-01
5.765000e+03 4.217340e-01
5.766000e+03 4.217650e-01
5.767000e+03 4.217970e-01
5.768000e+03 4.218290e-01
5.769000e+03 4.218600e-01
5.770000e+03 4.218920e-01
5.771000e+03 4.220050e-01
5.772000e+03 4.221180e-01
5.773000e+03 4.222320e-01
5.774000e+03 4.223450e-01
5.775000e+03 4.224580e-01
5.776000e+03 4.224760e-01
5.777000e+03 4.224940e-01
5.778000e+03 4.225120e-01
5.779000e+03 4.225300e-01
5.780000e+03 4.225480e-01
5.781000e+03 4.226840e-01
5.782000e+03 4.228200e-01
5.783000e+03 4.229560e-01
5.784000e+03 4.230930e-01
5.785000e+03 4.232290e-01
5.786000e+03 4.232690e-01
5.787000e+03 4.233100e-01
5.788000e+03 4.233510e-01
5.789000e+03 4.233920e-01
5.790000e+03 4.234330e-01
5.791000e+03 4.235590e-01
5.792000e+03 4.236860e-01
5.793000e+03 4.238120e-01
5.794000e+03 4.239390e-01
5.795000e+03 4.240650e-01
5.796000e+03 4.240970e-01
5.797000e+03 4.241280e-01
5.798000e+03 4.241590e-01
5.799000e+03 4.241900e-01
5.800000e+03 4.242210e-01
5.801000e+03 4.242380e-01
5.802000e+03 4.242550e-01
5.803000e+03 4.242730e-01
5.804000e+03 4.242900e-01
5.805000e+03 4.243070e-01
5.806000e+03 4.244190e-01
5.807000e+03 4.245320e-01
5.808000e+03 4.246440e-01
5.809000e+03 4.247570e-01
5.810000e+03 4.248700e-01
5.811000e+03 4.248900e-01
5.812000e+03 4.249100e-01
5.813000e+03 4.249300e-01
5.814000e+03 4.249500e-01
5.815000e+03 4.249700e-01
5.816000e+03 4.250860e-01
5.817000e+03 4.252020e-01
5.818000e+03 4.253180e-01
5.819000e+03 4.254330e-01
5.820000e+03 4.255490e-01
5.821000e+03 4.255650e-01
5.822000e+03 4.255810e-01
5.823000e+03 4.255970e-01
5.824000e+03 4.256130e-01
5.825000e+03 4.256290e-01
5.826000e+03 4.257400e-01
5.827000e+03 4.258520e-01
5.828000e+03 4.259640e-01
5.829000e+03 4.260750e-01
5.830000e+03 4.261870e-01
5.831000e+03 4.262160e-01
5.832000e+03 4.262450e-01
5.833000e+03 4.262740e-01
5.834000e+03 4.263030e-01
5.835000e+03 4.263320e-01
5.836000e+03 4.263610e-01
5.837000e+03 4.263890e-01
5.838000e+03 4.264180e-01
5.839000e+03 4.264460e-01
5.840000e+03 4.264750e-01
5.841000e+03 4.265220e-01
5.842000e+03 4.265690e-01
5.843000e+03 4.266170e-01
5.844000e+03 4.266650e-01
5.845000e+03 4.267140e-01
5.846000e+03 4.268580e-01
5.847000e+03 4.270030e-01
5.848000e+03 4.271480e-01
5.849000e+03 4.272940e-01
5.850000e+03 4.274410e-01
5.851000e+03 4.274680e-01
5.852000e+03 4.274950e-01
5.853000e+03 4.275230e-01
5.854000e+03 4.275530e-01
5.855000e+03 4.275830e-01
5.856000e+03 4.276140e-01
5.857000e+03 4.276470e-01
5.858000e+03 4.276810e-01
5.859000e+03 4.277150e-01
5.860000e+03 4.277510e-01
5.861000e+03 4.277750e-01
5.862000e+03 4.278000e-01
5.863000e+03 4.278260e-01
5.864000e+03 4.278510e-01
5.865000e+03 4.278770e-01
5.866000e+03 4.279020e-01
5.867000e+03 4.279280e-01
5.868000e+03 4.279530e-01
5.869000e+03 4.279790e-01
5.870000e+03 4.280050e-01
5.871000e+03 4.279590e-01
5.872000e+03 4.279140e-01
5.873000e+03 4.278680e-01
5.874000e+03 4.278230e-01
5.875000e+03 4.277770e-01
5.876000e+03 4.276340e-01
5.877000e+03 4.274920e-01
5.878000e+03 4.273500e-01
5.879000e+03 4.272090e-01
5.880000e+03 4.270670e-01
5.881000e+03 4.268240e-01
5.882000e+03 4.265800e-01
5.883000e+03 4.263370e-01
5.884000e+03 4.260940e-01
5.885000e+03 4.258520e-01
5.886000e+03 4.257060e-01
5.887000e+03 4.255610e-01
5.888000e+03 4.254160e-01
5.889000e+03 4.252710e-01
5.890000e+03 4.251250e-01
5.891000e+03 4.251640e-01
5.892000e+03 4.252010e-01
5.893000e+03 4.252370e-01
5.894000e+03 4.252710e-01
5.895000e+03 4.253040e-01
5.896000e+03 4.252390e-01
5.897000e+03 4.251720e-01
5.898000e+03 4.251030e-01
5.899000e+03 4.250320e-01
5.900000e+03 4.249590e-01
5.901000e+03 4.251740e-01
5.902000e+03 4.253870e-01
5.903000e+03 4.255990e-01
5.904000e+03 4.258080e-01
5.905000e+03 4.260160e-01
5.906000e+03 4.262210e-01
5.907000e+03 4.264260e-01
5.908000e+03 4.266280e-01
5.909000e+03 4.268290e-01
5.910000e+03 4.270290e-01
5.911000e+03 4.269390e-01
5.912000e+03 4.268490e-01
5.913000e+03 4.267580e-01
5.914000e+03 4.266670e-01
5.915000e+03 4.265780e-01
5.916000e+03 4.263930e-01
5.917000e+03 4.262080e-01
5.918000e+03 4.260230e-01
5.919000e+03 4.258390e-01
5.920000e+03 4.256550e-01
5.921000e+03 4.256750e-01
5.922000e+03 4.256960e-01
5.923000e+03 4.257160e-01
5.924000e+03 4.257370e-01
5.925000e+03 4.257580e-01
5.926000e+03 4.260680e-01
5.927000e+03 4.263770e-01
5.928000e+03 4.266860e-01
5.929000e+03 4.269950e-01
5.930000e+03 4.273040e-01
5.931000e+03 4.274260e-01
5.932000e+03 4.275490e-01
5.933000e+03 4.276710e-01
5.934000e+03 4.277940e-01
5.935000e+03 4.279170e-01
5.936000e+03 4.277500e-01
5.937000e+03 4.275830e-01
5.938000e+03 4.274170e-01
5.939000e+03 4.272500e-01
5.940000e+03 4.270850e-01
5.941000e+03 4.267090e-01
5.942000e+03 4.263350e-01
5.943000e+03 4.259610e-01
5.944000e+03 4.255900e-01
5.945000e+03 4.252190e-01
5.946000e+03 4.254280e-01
5.947000e+03 4.256390e-01
5.948000e+03 4.258510e-01
5.949000e+03 4.260640e-01
5.950000e+03 4.262790e-01
5.951000e+03 4.266000e-01
5.952000e+03 4.269230e-01
5.953000e+03 4.272480e-01
5.954000e+03 4.275740e-01
5.955000e+03 4.279010e-01
5.956000e+03 4.280380e-01
5.957000e+03 4.281750e-01
5.958000e+03 4.283150e-01
5.959000e+03 4.284550e-01
5.960000e+03 4.285970e-01
5.961000e+03 4.286460e-01
5.962000e+03 4.286960e-01
5.963000e+03 4.287460e-01
5.964000e+03 4.287960e-01
5.965000e+03 4.288470e-01
5.966000e+03 4.288000e-01
5.967000e+03 4.287530e-01
5.968000e+03 4.287060e-01
5.969000e+03 4.286600e-01
5.970000e+03 4.286130e-01
5.971000e+03 4.286710e-01
5.972000e+03 4.287280e-01
5.973000e+03 4.287860e-01
5.974000e+03 4.288430e-01
5.975000e+03 4.289000e-01
5.976000e+03 4.290540e-01
5.977000e+03 4.292080e-01
5.978000e+03 4.293620e-01
5.979000e+03 4.295160e-01
5.980000e+03 4.296700e-01
5.981000e+03 4.297050e-01
5.982000e+03 4.297410e-01
5.983000e+03 4.297770e-01
5.984000e+03 4.298130e-01
5.985000e+03 4.298490e-01
5.986000e+03 4.298860e-01
5.987000e+03 4.299240e-01
5.988000e+03 4.299620e-01
5.989000e+03 4.300000e-01
5.990000e+03 4.300380e-01
5.991000e+03 4.301880e-01
5.992000e+03 4.303370e-01
5.993000e+03 4.304850e-01
5.994000e+03 4.306310e-01
5.995000e+03 4.307750e-01
5.996000e+03 4.308210e-01
5.997000e+03 4.308650e-01
5.998000e+03 4.309070e-01
5.999000e+03 4.309470e-01
6.000000e+03 4.309850e-01
6.001000e+03 4.311120e-01
6.002000e+03 4.312370e-01
6.003000e+03 4.313600e-01
6.004000e+03 4.314810e-01
6.005000e+03 4.316000e-01
6.006000e+03 4.316210e-01
6.007000e+03 4.316390e-01
6.008000e+03 4.316560e-01
6.009000e+03 4.316720e-01
6.010000e+03 4.316870e-01
6.011000e+03 4.317160e-01
6.012000e+03 4.317450e-01
6.013000e+03 4.317740e-01
6.014000e+03 4.318030e-01
6.015000e+03 4.318330e-01
6.016000e+03 4.318640e-01
6.017000e+03 4.318950e-01
6.018000e+03 4.319260e-01
6.019000e+03 4.319580e-01
6.020000e+03 4.319890e-01
6.021000e+03 4.320940e-01
6.022000e+03 4.321990e-01
6.023000e+03 4.323040e-01
6.024000e+03 4.324100e-01
6.025000e+03 4.325150e-01
6.026000e+03 4.325230e-01
6.027000e+03 4.325310e-01
6.028000e+03 4.325390e-01
6.029000e+03 4.325470e-01
6.030000e+03 4.325550e-01
6.031000e+03 4.325790e-01
6.032000e+03 4.326040e-01
6.033000e+03 4.326290e-01
6.034000e+03 4.326540e-01
6.035000e+03 4.326790e-01
6.036000e+03 4.328010e-01
6.037000e+03 4.329220e-01
6.038000e+03 4.330440e-01
6.039000e+03 4.331670e-01
6.040000e+03 4.332900e-01
6.041000e+03 4.332910e-01
6.042000e+03 4.332920e-01
6.043000e+03 4.332940e-01
6.044000e+03 4.332980e-01
6.045000e+03 4.333020e-01
6.046000e+03 4.334050e-01
6.047000e+03 4.335090e-01
6.048000e+03 4.336140e-01
6.049000e+03 4.337190e-01
6.050000e+03 4.338260e-01
6.051000e+03 4.338610e-01
6.052000e+03 4.338960e-01
6.053000e+03 4.339320e-01
6.054000e+03 4.339680e-01
6.055000e+03 4.340050e-01
6.056000e+03 4.341390e-01
6.057000e+03 4.342740e-01
6.058000e+03 4.344090e-01
6.059000e+03 4.345440e-01
6.060000e+03 4.346800e-01
6.061000e+03 4.347240e-01
6.062000e+03 4.347680e-01
6.063000e+03 4.348120e-01
6.064000e+03 4.348550e-01
6.065000e+03 4.348990e-01
6.066000e+03 4.350400e-01
6.067000e+03 4.351800e-01
6.068000e+03 4.353200e-01
6.069000e+03 4.354610e-01
6.070000e+03 4.356020e-01
6.071000e+03 4.356310e-01
6.072000e+03 4.356600e-01
6.073000e+03 4.356890e-01
6.074000e+03 4.357180e-01
6.075000e+03 4.357470e-01
6.076000e+03 4.358730e-01
6.077000e+03 4.359990e-01
6.078000e+03 4.361250e-01
6.079000e+03 4.362520e-01
6.080000e+03 4.363780e-01
6.081000e+03 4.364020e-01
6.082000e+03 4.364270e-01
6.083000e+03 4.364510e-01
6.084000e+03 4.364760e-01
6.085000e+03 4.365000e-01
6.086000e+03 4.366220e-01
6.087000e+03 4.367440e-01
6.088000e+03 4.368660e-01
6.089000e+03 4.369870e-01
6.090000e+03 4.371090e-01
6.091000e+03 4.371500e-01
6.092000e+03 4.371910e-01
6.093000e+03 4.372330e-01
6.094000e+03 4.372740e-01
6.095000e+03 4.373150e-01
6.096000e+03 4.374540e-01
6.097000e+03 4.375920e-01
6.098000e+03 4.377310e-01
6.099000e+03 4.378690e-01
6.100000e+03 4.380080e-01
6.101000e+03 4.381500e-01
6.102000e+03 4.382920e-01
6.103000e+03 4.384340e-01
6.104000e+03 4.385750e-01
6.105000e+03 4.387170e-01
6.106000e+03 4.387620e-01
6.107000e+03 4.388060e-01
6.108000e+03 4.388510e-01
6.109000e+03 4.388950e-01
6.110000e+03 4.389400e-01
6.111000e+03 4.390570e-01
6.112000e+03 4.391740e-01
6.113000e+03 4.392910e-01
6.114000e+03 4.394080e-01
6.115000e+03 4.395250e-01
6.116000e+03 4.395440e-01
6.117000e+03 4.395630e-01
6.118000e+03 4.395830e-01
6.119000e+03 4.396020e-01
6.120000e+03 4.396220e-01
6.121000e+03 4.397620e-01
6.122000e+03 4.399030e-01
6.123000e+03 4.400430e-01
6.124000e+03 4.401840e-01
6.125000e+03 4.403240e-01
6.126000e+03 4.403670e-01
6.127000e+03 4.404100e-01
6.128000e+03 4.404530e-01
6.129000e+03 4.404960e-01
6.130000e+03 4.405390e-01
6.131000e+03 4.406690e-01
6.132000e+03 4.407980e-01
6.133000e+03 4.409280e-01
6.134000e+03 4.410570e-01
6.135000e+03 4.411870e-01
6.136000e+03 4.413160e-01
6.137000e+03 4.414460e-01
6.138000e+03 4.415750e-01
6.139000e+03 4.417050e-01
6.140000e+03 4.418350e-01
6.141000e+03 4.418550e-01
6.142000e+03 4.418750e-01
6.143000e+03 4.418950e-01
6.144000e+03 4.419150e-01
6.145000e+03 4.419350e-01
6.146000e+03 4.420530e-01
6.147000e+03 4.421710e-01
6.148000e+03 4.422890e-01
6.149000e+03 4.424070e-01
6.150000e+03 4.425240e-01
6.151000e+03 4.425610e-01
6.152000e+03 4.425970e-01
6.153000e+03 4.426330e-01
6.154000e+03 4.426690e-01
6.155000e+03 4.427050e-01
6.156000e+03 4.428390e-01
6.157000e+03 4.429730e-01
6.158000e+03 4.431070e-01
6.159000e+03 4.432410e-01
6.160000e+03 4.433750e-01
6.161000e+03 4.434260e-01
6.162000e+03 4.434780e-01
6.163000e+03 4.435290e-01
6.164000e+03 4.435810e-01
6.165000e+03 4.436320e-01
6.166000e+03 4.437820e-01
6.167000e+03 4.439310e-01
6.168000e+03 4.440810e-01
6.169000e+03 4.442300e-01
6.170000e+03 4.443800e-01
6.171000e+03 4.444110e-01
6.172000e+03 4.444430e-01
6.173000e+03 4.444750e-01
6.174000e+03 4.445060e-01
6.175000e+03 4.445380e-01
6.176000e+03 4.446680e-01
6.177000e+03 4.447970e-01
6.178000e+03 4.449270e-01
6.179000e+03 4.450560e-01
6.180000e+03 4.451860e-01
6.181000e+03 4.452130e-01
6.182000e+03 4.452390e-01
6.183000e+03 4.452660e-01
6.184000e+03 4.452930e-01
6.185000e+03 4.453190e-01
6.186000e+03 4.453460e-01
6.187000e+03 4.453720e-01
6.188000e+03 4.453990e-01
6.189000e+03 4.454250e-01
6.190000e+03 4.454520e-01
6.191000e+03 4.455830e-01
6.192000e+03 4.457150e-01
6.193000e+03 4.458460e-01
6.194000e+03 4.459770e-01
6.195000e+03 4.461080e-01
6.196000e+03 4.461410e-01
6.197000e+03 4.461750e-01
6.198000e+03 4.462080e-01
6.199000e+03 4.462410e-01
6.200000e+03 4.462740e-01
6.201000e+03 4.463930e-01
6.202000e+03 4.465120e-01
6.203000e+03 4.466300e-01
6.204000e+03 4.467490e-01
6.205000e+03 4.468680e-01
6.206000e+03 4.468890e-01
6.207000e+03 4.469090e-01
6.208000e+03 4.469300e-01
6.209000e+03 4.469510e-01
6.210000e+03 4.469710e-01
6.211000e+03 4.470170e-01
6.212000e+03 4.470620e-01
6.213000e+03 4.471080e-01
6.214000e+03 4.471530e-01
6.215000e+03 4.471990e-01
6.216000e+03 4.473430e-01
6.217000e+03 4.474860e-01
6.218000e+03 4.476300e-01
6.219000e+03 4.477740e-01
6.220000e+03 4.479180e-01
6.221000e+03 4.479530e-01
6.222000e+03 4.479870e-01
6.223000e+03 4.480210e-01
6.224000e+03 4.480560e-01
6.225000e+03 4.480900e-01
6.226000e+03 4.482230e-01
6.227000e+03 4.483560e-01
6.228000e+03 4.484890e-01
6.229000e+03 4.486220e-01
6.230000e+03 4.487550e-01
6.231000e+03 4.487820e-01
6.232000e+03 4.488090e-01
6.233000e+03 4.488360e-01
6.234000e+03 4.488640e-01
6.235000e+03 4.488910e-01
6.236000e+03 4.489180e-01
6.237000e+03 4.489440e-01
6.238000e+03 4.489710e-01
6.239000e+03 4.489970e-01
6.240000e+03 4.490240e-01
6.241000e+03 4.491500e-01
6.242000e+03 4.492750e-01
6.243000e+03 4.494020e-01
6.244000e+03 4.495280e-01
6.245000e+03 4.496560e-01
6.246000e+03 4.496850e-01
6.247000e+03 4.497140e-01
6.248000e+03 4.497440e-01
6.249000e+03 4.497740e-01
6.250000e+03 4.498050e-01
6.251000e+03 4.498480e-01
6.252000e+03 4.498910e-01
6.253000e+03 4.499350e-01
6.254000e+03 4.499810e-01
6.255000e+03 4.500270e-01
6.256000e+03 4.501740e-01
6.257000e+03 4.503210e-01
6.258000e+03 4.504700e-01
6.259000e+03 4.506200e-01
6.260000e+03 4.507710e-01
6.261000e+03 4.508160e-01
6.262000e+03 4.508610e-01
6.263000e+03 4.509080e-01
6.264000e+03 4.509540e-01
6.265000e+03 4.510010e-01
6.266000e+03 4.509480e-01
6.267000e+03 4.508960e-01
6.268000e+03 4.508430e-01
6.269000e+03 4.507910e-01
6.270000e+03 4.507390e-01
6.271000e+03 4.498840e-01
6.272000e+03 4.490280e-01
6.273000e+03 4.481730e-01
6.274000e+03 4.473170e-01
6.275000e+03 4.464600e-01
6.276000e+03 4.451100e-01
6.277000e+03 4.437590e-01
6.278000e+03 4.424090e-01
6.279000e+03 4.410580e-01
6.280000e+03 4.397070e-01
6.281000e+03 4.402520e-01
6.282000e+03 4.407970e-01
6.283000e+03 4.413420e-01
6.284000e+03 4.418870e-01
6.285000e+03 4.424330e-01
6.286000e+03 4.432760e-01
6.287000e+03 4.441210e-01
6.288000e+03 4.449660e-01
6.289000e+03 4.458110e-01
6.290000e+03 4.466550e-01
6.291000e+03 4.467100e-01
6.292000e+03 4.467630e-01
6.293000e+03 4.468140e-01
6.294000e+03 4.468640e-01
6.295000e+03 4.469120e-01
6.296000e+03 4.470570e-01
6.297000e+03 4.472010e-01
6.298000e+03 4.473420e-01
6.299000e+03 4.474820e-01
6.300000e+03 4.476190e-01
6.301000e+03 4.480400e-01
6.302000e+03 4.484590e-01
6.303000e+03 4.488750e-01
6.304000e+03 4.492900e-01
6.305000e+03 4.497030e-01
6.306000e+03 4.500150e-01
6.307000e+03 4.503250e-01
6.308000e+03 4.506340e-01
6.309000e+03 4.509410e-01
6.310000e+03 4.512470e-01
6.311000e+03 4.514590e-01
6.312000e+03 4.516700e-01
6.313000e+03 4.518820e-01
6.314000e+03 4.520930e-01
6.315000e+03 4.523050e-01
6.316000e+03 4.525190e-01
6.317000e+03 4.527320e-01
6.318000e+03 4.529460e-01
6.319000e+03 4.531600e-01
6.320000e+03 4.533740e-01
6.321000e+03 4.535870e-01
6.322000e+03 4.538000e-01
6.323000e+03 4.540130e-01
6.324000e+03 4.542260e-01
6.325000e+03 4.544390e-01
6.326000e+03 4.545530e-01
6.327000e+03 4.546670e-01
6.328000e+03 4.547800e-01
6.329000e+03 4.548930e-01
6.330000e+03 4.550070e-01
6.331000e+03 4.551210e-01
6.332000e+03 4.552360e-01
6.333000e+03 4.553500e-01
6.334000e+03 4.554650e-01
6.335000e+03 4.555800e-01
6.336000e+03 4.556950e-01
6.337000e+03 4.558090e-01
6.338000e+03 4.559240e-01
6.339000e+03 4.560400e-01
6.340000e+03 4.561560e-01
6.341000e+03 4.561740e-01
6.342000e+03 4.561930e-01
6.343000e+03 4.562140e-01
6.344000e+03 4.562350e-01
6.345000e+03 4.562580e-01
6.346000e+03 4.563810e-01
6.347000e+03 4.565050e-01
6.348000e+03 4.566310e-01
6.349000e+03 4.567570e-01
6.350000e+03 4.568850e-01
6.351000e+03 4.569160e-01
6.352000e+03 4.569490e-01
6.353000e+03 4.569820e-01
6.354000e+03 4.570150e-01
6.355000e+03 4.570490e-01
6.356000e+03 4.571830e-01
6.357000e+03 4.573170e-01
6.358000e+03 4.574510e-01
6.359000e+03 4.575860e-01
6.360000e+03 4.577210e-01
6.361000e+03 4.577460e-01
6.362000e+03 4.577710e-01
6.363000e+03 4.577960e-01
6.364000e+03 4.578210e-01
6.365000e+03 4.578460e-01
6.366000e+03 4.579690e-01
6.367000e+03 4.580930e-01
6.368000e+03 4.582160e-01
6.369000e+03 4.583400e-01
6.370000e+03 4.584640e-01
6.371000e+03 4.584970e-01
6.372000e+03 4.585310e-01
6.373000e+03 4.585650e-01
6.374000e+03 4.585980e-01
6.375000e+03 4.586320e-01
6.376000e+03 4.587650e-01
6.377000e+03 4.588980e-01
6.378000e+03 4.590310e-01
6.379000e+03 4.591640e-01
6.380000e+03 4.592970e-01
6.381000e+03 4.593210e-01
6.382000e+03 4.593440e-01
6.383000e+03 4.593680e-01
6.384000e+03 4.593920e-01
6.385000e+03 4.594150e-01
6.386000e+03 4.595390e-01
6.387000e+03 4.596620e-01
6.388000e+03 4.597850e-01
6.389000e+03 4.599080e-01
6.390000e+03 4.600310e-01
6.391000e+03 4.600570e-01
6.392000e+03 4.600820e-01
6.393000e+03 4.601080e-01
6.394000e+03 4.601330e-01
6.395000e+03 4.601590e-01
6.396000e+03 4.601840e-01
6.397000e+03 4.602100e-01
6.398000e+03 4.602350e-01
6.399000e+03 4.602610e-01
6.400000e+03 4.602860e-01
6.401000e+03 4.604140e-01
6.402000e+03 4.605410e-01
6.403000e+03 4.606680e-01
6.404000e+03 4.607950e-01
6.405000e+03 4.609220e-01
6.406000e+03 4.609500e-01
6.407000e+03 4.609780e-01
6.408000e+03 4.610050e-01
6.409000e+03 4.610330e-01
6.410000e+03 4.610610e-01
6.411000e+03 4.611950e-01
6.412000e+03 4.613290e-01
6.413000e+03 4.614630e-01
6.414000e+03 4.615980e-01
6.415000e+03 4.617320e-01
6.416000e+03 4.617670e-01
6.417000e+03 4.618020e-01
6.418000e+03 4.618360e-01
6.419000e+03 4.618710e-01
6.420000e+03 4.619060e-01
6.421000e+03 4.619360e-01
6.422000e+03 4.619670e-01
6.423000e+03 4.619970e-01
6.424000e+03 4.620280e-01
6.425000e+03 4.620590e-01
6.426000e+03 4.621890e-01
6.427000e+03 4.623190e-01
6.428000e+03 4.624490e-01
6.429000e+03 4.625800e-01
6.430000e+03 4.627100e-01
6.431000e+03 4.627360e-01
6.432000e+03 4.627620e-01
6.433000e+03 4.627880e-01
6.434000e+03 4.628140e-01
6.435000e+03 4.628400e-01
6.436000e+03 4.628660e-01
6.437000e+03 4.628920e-01
6.438000e+03 4.629180e-01
6.439000e+03 4.629440e-01
6.440000e+03 4.629700e-01
6.441000e+03 4.631040e-01
6.442000e+03 4.632390e-01
6.443000e+03 4.633740e-01
6.444000e+03 4.635090e-01
6.445000e+03 4.636440e-01
6.446000e+03 4.636790e-01
6.447000e+03 4.637140e-01
6.448000e+03 4.637500e-01
6.449000e+03 4.637850e-01
6.450000e+03 4.638200e-01
6.451000e+03 4.638470e-01
6.452000e+03 4.638740e-01
6.453000e+03 4.639010e-01
6.454000e+03 4.639280e-01
6.455000e+03 4.639550e-01
6.456000e+03 4.638830e-01
6.457000e+03 4.638100e-01
6.458000e+03 4.637370e-01
6.459000e+03 4.636640e-01
6.460000e+03 4.635910e-01
6.461000e+03 4.635100e-01
6.462000e+03 4.634280e-01
6.463000e+03 4.633460e-01
6.464000e+03 4.632640e-01
6.465000e+03 4.631820e-01
6.466000e+03 4.630000e-01
6.467000e+03 4.628180e-01
6.468000e+03 4.626360e-01
6.469000e+03 4.624550e-01
6.470000e+03 4.622730e-01
6.471000e+03 4.622090e-01
6.472000e+03 4.621460e-01
6.473000e+03 4.620830e-01
6.474000e+03 4.620200e-01
6.475000e+03 4.619570e-01
6.476000e+03 4.618930e-01
6.477000e+03 4.618300e-01
6.478000e+03 4.617670e-01
6.479000e+03 4.617040e-01
6.480000e+03 4.616400e-01
6.481000e+03 4.618670e-01
6.482000e+03 4.620940e-01
6.483000e+03 4.623210e-01
6.484000e+03 4.625480e-01
6.485000e+03 4.627750e-01
6.486000e+03 4.629030e-01
6.487000e+03 4.630300e-01
6.488000e+03 4.631590e-01
6.489000e+03 4.632870e-01
6.490000e+03 4.634150e-01
6.491000e+03 4.634420e-01
6.492000e+03 4.634680e-01
6.493000e+03 4.634940e-01
6.494000e+03 4.635200e-01
6.495000e+03 4.635440e-01
6.496000e+03 4.638680e-01
6.497000e+03 4.641920e-01
6.498000e+03 4.645140e-01
6.499000e+03 4.648350e-01
6.500000e+03 4.651560e-01
6.501000e+03 4.653250e-01
6.502000e+03 4.654940e-01
6.503000e+03 4.656620e-01
6.504000e+03 4.658280e-01
6.505000e+03 4.659940e-01
6.506000e+03 4.658590e-01
6.507000e+03 4.657230e-01
6.508000e+03 4.655860e-01
6.509000e+03 4.654490e-01
6.510000e+03 4.653110e-01
6.511000e+03 4.650030e-01
6.512000e+03 4.646950e-01
6.513000e+03 4.643860e-01
6.514000e+03 4.640770e-01
6.515000e+03 4.637690e-01
6.516000e+03 4.636610e-01
6.517000e+03 4.635520e-01
6.518000e+03 4.634430e-01
6.519000e+03 4.633340e-01
6.520000e+03 4.632250e-01
6.521000e+03 4.635880e-01
6.522000e+03 4.639510e-01
6.523000e+03 4.643140e-01
6.524000e+03 4.646760e-01
6.525000e+03 4.650380e-01
6.526000e+03 4.651990e-01
6.527000e+03 4.653600e-01
6.528000e+03 4.655210e-01
6.529000e+03 4.656810e-01
6.530000e+03 4.658420e-01
6.531000e+03 4.657920e-01
6.532000e+03 4.657430e-01
6.533000e+03 4.656940e-01
6.534000e+03 4.656460e-01
6.535000e+03 4.655970e-01
6.536000e+03 4.656490e-01
6.537000e+03 4.657000e-01
6.538000e+03 4.657520e-01
6.539000e+03 4.658040e-01
6.540000e+03 4.658560e-01
6.541000e+03 4.657370e-01
6.542000e+03 4.656180e-01
6.543000e+03 4.655010e-01
6.544000e+03 4.653840e-01
6.545000e+03 4.652690e-01
6.546000e+03 4.652550e-01
6.547000e+03 4.652410e-01
6.548000e+03 4.652290e-01
6.549000e+03 4.652180e-01
6.550000e+03 4.652090e-01
6.551000e+03 4.651980e-01
6.552000e+03 4.651880e-01
6.553000e+03 4.651800e-01
6.554000e+03 4.651720e-01
6.555000e+03 4.651660e-01
6.556000e+03 4.652590e-01
6.557000e+03 4.653540e-01
6.558000e+03 4.654490e-01
6.559000e+03 4.655440e-01
6.560000e+03 4.656400e-01
6.561000e+03 4.657170e-01
6.562000e+03 4.657930e-01
6.563000e+03 4.658690e-01
6.564000e+03 4.659460e-01
6.565000e+03 4.660220e-01
6.566000e+03 4.660970e-01
6.567000e+03 4.661720e-01
6.568000e+03 4.662470e-01
6.569000e+03 4.663230e-01
6.570000e+03 4.663980e-01
6.571000e+03 4.663850e-01
6.572000e+03 4.663710e-01
6.573000e+03 4.663580e-01
6.574000e+03 4.663450e-01
6.575000e+03 4.663310e-01
6.576000e+03 4.664180e-01
6.577000e+03 4.665040e-01
6.578000e+03 4.665900e-01
6.579000e+03 4.666770e-01
6.580000e+03 4.667630e-01
6.581000e+03 4.668990e-01
6.582000e+03 4.670340e-01
6.583000e+03 4.671700e-01
6.584000e+03 4.673060e-01
6.585000e+03 4.674420e-01
6.586000e+03 4.675780e-01
6.587000e+03 4.677140e-01
6.588000e+03 4.678500e-01
6.589000e+03 4.679860e-01
6.590000e+03 4.681220e-01
6.591000e+03 4.681640e-01
6.592000e+03 4.682060e-01
6.593000e+03 4.682480e-01
6.594000e+03 4.682890e-01
6.595000e+03 4.683310e-01
6.596000e+03 4.684730e-01
6.597000e+03 4.686150e-01
6.598000e+03 4.687570e-01
6.599000e+03 4.688990e-01
6.600000e+03 4.690410e-01
6.601000e+03 4.690050e-01
6.602000e+03 4.689700e-01
6.603000e+03 4.689350e-01
6.604000e+03 4.689000e-01
6.605000e+03 4.688640e-01
6.606000e+03 4.689290e-01
6.607000e+03 4.689930e-01
6.608000e+03 4.690580e-01
6.609000e+03 4.691230e-01
6.610000e+03 4.691870e-01
6.611000e+03 4.691740e-01
6.612000e+03 4.691610e-01
6.613000e+03 4.691480e-01
6.614000e+03 4.691350e-01
6.615000e+03 4.691220e-01
6.616000e+03 4.692090e-01
6.617000e+03 4.692950e-01
6.618000e+03 4.693820e-01
6.619000e+03 4.694690e-01
6.620000e+03 4.695550e-01
6.621000e+03 4.695380e-01
6.622000e+03 4.695210e-01
6.623000e+03 4.695040e-01
6.624000e+03 4.694870e-01
6.625000e+03 4.694700e-01
6.626000e+03 4.694530e-01
6.627000e+03 4.694360e-01
6.628000e+03 4.694190e-01
6.629000e+03 4.694020e-01
6.630000e+03 4.693850e-01
6.631000e+03 4.694580e-01
6.632000e+03 4.695310e-01
6.633000e+03 4.696040e-01
6.634000e+03 4.696770e-01
6.635000e+03 4.697500e-01
6.636000e+03 4.697230e-01
6.637000e+03 4.696980e-01
6.638000e+03 4.696720e-01
6.639000e+03 4.696460e-01
6.640000e+03 4.696200e-01
6.641000e+03 4.696210e-01
6.642000e+03 4.696220e-01
6.643000e+03 4.696220e-01
6.644000e+03 4.696210e-01
6.645000e+03 4.696200e-01
6.646000e+03 4.697170e-01
6.647000e+03 4.698130e-01
6.648000e+03 4.699090e-01
6.649000e+03 4.700030e-01
6.650000e+03 4.700970e-01
6.651000e+03 4.700580e-01
6.652000e+03 4.700180e-01
6.653000e+03 4.699770e-01
6.654000e+03 4.699350e-01
6.655000e+03 4.698920e-01
6.656000e+03 4.698480e-01
6.657000e+03 4.698040e-01
6.658000e+03 4.697590e-01
6.659000e+03 4.697130e-01
6.660000e+03 4.696670e-01
6.661000e+03 4.697370e-01
6.662000e+03 4.698060e-01
6.663000e+03 4.698760e-01
6.664000e+03 4.699460e-01
6.665000e+03 4.700160e-01
6.666000e+03 4.699870e-01
6.667000e+03 4.699590e-01
6.668000e+03 4.699310e-01
6.669000e+03 4.699030e-01
6.670000e+03 4.698750e-01
6.671000e+03 4.698410e-01
6.672000e+03 4.698060e-01
6.673000e+03 4.697710e-01
6.674000e+03 4.697360e-01
6.675000e+03 4.697000e-01
6.676000e+03 4.697630e-01
6.677000e+03 4.698250e-01
6.678000e+03 4.698860e-01
6.679000e+03 4.699460e-01
6.680000e+03 4.700060e-01
6.681000e+03 4.700210e-01
6.682000e+03 4.700360e-01
6.683000e+03 4.700510e-01
6.684000e+03 4.700660e-01
6.685000e+03 4.700800e-01
6.686000e+03 4.700940e-01
6.687000e+03 4.701070e-01
6.688000e+03 4.701210e-01
6.689000e+03 4.701350e-01
6.690000e+03 4.701490e-01
6.691000e+03 4.702630e-01
6.692000e+03 4.703780e-01
6.693000e+03 4.704940e-01
6.694000e+03 4.706120e-01
6.695000e+03 4.707320e-01
6.696000e+03 4.707530e-01
6.697000e+03 4.707760e-01
6.698000e+03 4.708010e-01
6.699000e+03 4.708270e-01
6.700000e+03 4.708540e-01
6.701000e+03 4.708100e-01
6.702000e+03 4.707670e-01
6.703000e+03 4.707250e-01
6.704000e+03 4.706840e-01
6.705000e+03 4.706440e-01
6.706000e+03 4.707030e-01
6.707000e+03 4.707640e-01
6.708000e+03 4.708250e-01
6.709000e+03 4.708860e-01
6.710000e+03 4.709480e-01
6.711000e+03 4.709500e-01
6.712000e+03 4.709520e-01
6.713000e+03 4.709530e-01
6.714000e+03 4.709550e-01
6.715000e+03 4.709560e-01
6.716000e+03 4.709560e-01
6.717000e+03 4.709570e-01
6.718000e+03 4.709570e-01
6.719000e+03 4.709580e-01
6.720000e+03 4.709580e-01
6.721000e+03 4.710100e-01
6.722000e+03 4.710620e-01
6.723000e+03 4.711140e-01
6.724000e+03 4.711660e-01
6.725000e+03 4.712180e-01
6.726000e+03 4.711710e-01
6.727000e+03 4.711230e-01
6.728000e+03 4.710760e-01
6.729000e+03 4.710280e-01
6.730000e+03 4.709810e-01
6.731000e+03 4.709580e-01
6.732000e+03 4.709360e-01
6.733000e+03 4.709130e-01
6.734000e+03 4.708910e-01
6.735000e+03 4.708680e-01
6.736000e+03 4.708450e-01
6.737000e+03 4.708230e-01
6.738000e+03 4.708000e-01
6.739000e+03 4.707770e-01
6.740000e+03 4.707550e-01
6.741000e+03 4.708560e-01
6.742000e+03 4.709580e-01
6.743000e+03 4.710600e-01
6.744000e+03 4.711620e-01
6.745000e+03 4.712630e-01
6.746000e+03 4.712660e-01
6.747000e+03 4.712680e-01
6.748000e+03 4.712710e-01
6.749000e+03 4.712730e-01
6.750000e+03 4.712750e-01
6.751000e+03 4.712360e-01
6.752000e+03 4.711970e-01
6.753000e+03 4.711580e-01
6.754000e+03 4.711190e-01
6.755000e+03 4.710800e-01
6.756000e+03 4.710410e-01
6.757000e+03 4.710020e-01
6.758000e+03 4.709630e-01
6.759000e+03 4.709240e-01
6.760000e+03 4.708850e-01
6.761000e+03 4.709810e-01
6.762000e+03 4.710760e-01
6.763000e+03 4.711710e-01
6.764000e+03 4.712660e-01
6.765000e+03 4.713610e-01
6.766000e+03 4.713570e-01
6.767000e+03 4.711060e-01
6.768000e+03 4.708550e-01
6.769000e+03 4.699120e-01
6.770000e+03 4.689690e-01
6.771000e+03 4.680360e-01
6.772000e+03 4.671030e-01
6.773000e+03 4.661700e-01
6.774000e+03 4.652370e-01
6.775000e+03 4.643030e-01
6.776000e+03 4.634680e-01
6.777000e+03 4.626320e-01
6.778000e+03 4.617950e-01
6.779000e+03 4.609580e-01
6.780000e+03 4.601210e-01
6.781000e+03 4.591600e-01
6.782000e+03 4.582000e-01
6.783000e+03 4.572640e-01
6.784000e+03 4.563280e-01
6.785000e+03 4.553920e-01
6.786000e+03 4.544560e-01
6.787000e+03 4.535200e-01
6.788000e+03 4.525840e-01
6.789000e+03 4.516480e-01
6.790000e+03 4.507120e-01
6.791000e+03 4.497710e-01
6.792000e+03 4.488300e-01
6.793000e+03 4.478650e-01
6.794000e+03 4.469000e-01
6.795000e+03 4.459590e-01
6.796000e+03 4.450180e-01
6.797000e+03 4.440780e-01
6.798000e+03 4.431370e-01
6.799000e+03 4.421960e-01
6.800000e+03 4.412560e-01
6.801000e+03 4.403810e-01
6.802000e+03 4.395050e-01
6.803000e+03 4.379120e-01
6.804000e+03 4.363180e-01
6.805000e+03 4.345000e-01
6.806000e+03 4.325920e-01
6.807000e+03 4.306590e-01
6.808000e+03 4.287260e-01
6.809000e+03 4.268180e-01
6.810000e+03 4.249100e-01
6.811000e+03 4.230160e-01
6.812000e+03 4.211220e-01
6.813000e+03 4.192040e-01
6.814000e+03 4.172850e-01
6.815000e+03 4.153920e-01
6.816000e+03 4.134980e-01
6.817000e+03 4.116050e-01
6.818000e+03 4.097120e-01
6.819000e+03 4.077940e-01
6.820000e+03 4.058760e-01
6.821000e+03 4.039680e-01
6.822000e+03 4.020590e-01
6.823000e+03 4.001510e-01
6.824000e+03 3.982440e-01
6.825000e+03 3.963110e-01
6.826000e+03 3.944620e-01
6.827000e+03 3.926370e-01
6.828000e+03 3.908120e-01
6.829000e+03 3.889860e-01
6.830000e+03 3.871590e-01
6.831000e+03 3.852270e-01
6.832000e+03 3.832960e-01
6.833000e+03 3.813890e-01
6.834000e+03 3.794830e-01
6.835000e+03 3.775770e-01
6.836000e+03 3.756720e-01
6.837000e+03 3.737670e-01
6.838000e+03 3.718630e-01
6.839000e+03 3.699340e-01
6.840000e+03 3.680050e-01
6.841000e+03 3.661030e-01
6.842000e+03 3.642000e-01
6.843000e+03 3.622970e-01
6.844000e+03 3.603940e-01
6.845000e+03 3.584660e-01
6.846000e+03 3.565370e-01
6.847000e+03 3.546330e-01
6.848000e+03 3.527280e-01
6.849000e+03 3.508230e-01
6.850000e+03 3.489170e-01
6.851000e+03 3.469890e-01
6.852000e+03 3.450590e-01
6.853000e+03 3.431550e-01
6.854000e+03 3.412490e-01
6.855000e+03 3.393440e-01
6.856000e+03 3.370830e-01
6.857000e+03 3.348030e-01
6.858000e+03 3.325260e-01
6.859000e+03 3.302770e-01
6.860000e+03 3.280330e-01
6.861000e+03 3.229890e-01
6.862000e+03 3.179810e-01
6.863000e+03 3.129860e-01
6.864000e+03 3.080280e-01
6.865000e+03 3.031310e-01
6.866000e+03 2.937280e-01
6.867000e+03 2.844150e-01
6.868000e+03 2.751930e-01
6.869000e+03 2.660390e-01
6.870000e+03 2.569780e-01
6.871000e+03 2.519150e-01
6.872000e+03 2.468950e-01
6.873000e+03 2.419180e-01
6.874000e+03 2.369840e-01
6.875000e+03 2.320740e-01
6.876000e+03 2.344960e-01
6.877000e+03 2.368870e-01
6.878000e+03 2.392300e-01
6.879000e+03 2.415230e-01
6.880000e+03 2.437670e-01
6.881000e+03 2.452790e-01
6.882000e+03 2.467500e-01
6.883000e+03 2.482020e-01
6.884000e+03 2.496130e-01
6.885000e+03 2.509840e-01
6.886000e+03 2.484880e-01
6.887000e+03 2.460020e-01
6.888000e+03 2.435270e-01
6.889000e+03 2.410420e-01
6.890000e+03 2.385680e-01
6.891000e+03 2.369140e-01
6.892000e+03 2.352600e-01
6.893000e+03 2.336070e-01
6.894000e+03 2.319550e-01
6.895000e+03 2.302820e-01
6.896000e+03 2.296520e-01
6.897000e+03 2.290300e-01
6.898000e+03 2.283940e-01
6.899000e+03 2.277430e-01
6.900000e+03 2.270780e-01
6.901000e+03 2.262060e-01
6.902000e+03 2.253220e-01
6.903000e+03 2.244480e-01
6.904000e+03 2.235630e-01
6.905000e+03 2.226650e-01
6.906000e+03 2.218570e-01
6.907000e+03 2.210140e-01
6.908000e+03 2.201560e-01
6.909000e+03 2.193080e-01
6.910000e+03 2.184450e-01
6.911000e+03 2.173380e-01
6.912000e+03 2.162210e-01
6.913000e+03 2.150710e-01
6.914000e+03 2.139100e-01
6.915000e+03 2.127620e-01
6.916000e+03 2.115560e-01
6.917000e+03 2.103410e-01
6.918000e+03 2.091170e-01
6.919000e+03 2.078590e-01
6.920000e+03 2.065920e-01
6.921000e+03 2.052690e-01
6.922000e+03 2.039380e-01
6.923000e+03 2.025980e-01
6.924000e+03 2.012500e-01
6.925000e+03 1.998690e-01
6.926000e+03 1.983950e-01
6.927000e+03 1.969380e-01
6.928000e+03 1.954740e-01
6.929000e+03 1.940030e-01
6.930000e+03 1.925260e-01
6.931000e+03 1.908040e-01
6.932000e+03 1.890800e-01
6.933000e+03 1.873770e-01
6.934000e+03 1.856720e-01
6.935000e+03 1.839650e-01
6.936000e+03 1.821380e-01
6.937000e+03 1.803110e-01
6.938000e+03 1.784840e-01
6.939000e+03 1.766330e-01
6.940000e+03 1.747810e-01
6.941000e+03 1.729760e-01
6.942000e+03 1.711700e-01
6.943000e+03 1.693630e-01
6.944000e+03 1.675560e-01
6.945000e+03 1.657240e-01
6.946000e+03 1.639960e-01
6.947000e+03 1.622900e-01
6.948000e+03 1.605810e-01
6.949000e+03 1.588690e-01
6.950000e+03 1.571540e-01
6.951000e+03 1.553520e-01
6.952000e+03 1.535490e-01
6.953000e+03 1.517690e-01
6.954000e+03 1.499870e-01
6.955000e+03 1.482030e-01
6.956000e+03 1.463560e-01
6.957000e+03 1.444850e-01
6.958000e+03 1.426130e-01
6.959000e+03 1.407660e-01
6.960000e+03 1.389190e-01
6.961000e+03 1.372400e-01
6.962000e+03 1.355560e-01
6.963000e+03 1.338430e-01
6.964000e+03 1.321260e-01
6.965000e+03 1.304280e-01
6.966000e+03 1.287540e-01
6.967000e+03 1.270740e-01
6.968000e+03 1.253890e-01
6.969000e+03 1.236740e-01
6.970000e+03 1.219530e-01
6.971000e+03 1.201080e-01
6.972000e+03 1.182620e-01
6.973000e+03 1.164150e-01
6.974000e+03 1.145680e-01
6.975000e+03 1.126950e-01
6.976000e+03 1.107750e-01
6.977000e+03 1.088810e-01
6.978000e+03 1.069870e-01
6.979000e+03 1.050940e-01
6.980000e+03 1.032020e-01
6.981000e+03 1.012380e-01
6.982000e+03 9.927590e-02
6.983000e+03 9.734130e-02
6.984000e+03 9.540930e-02
6.985000e+03 9.348000e-02
6.986000e+03 9.151490e-02
6.987000e+03 8.955390e-02
6.988000e+03 8.759720e-02
6.989000e+03 8.562020e-02
6.990000e+03 8.364760e-02
6.991000e+03 8.179350e-02
6.992000e+03 7.993960e-02
6.993000e+03 7.808580e-02
6.994000e+03 7.623220e-02
6.995000e+03 7.435430e-02
6.996000e+03 7.250710e-02
6.997000e+03 7.068290e-02
6.998000e+03 6.885730e-02
6.999000e+03 6.703020e-02
7.000000e+03 6.520160e-02
7.001000e+03 6.332250e-02
7.002000e+03 6.144330e-02
7.003000e+03 5.958860e-02
7.004000e+03 5.773390e-02
7.005000e+03 5.587920e-02
7.006000e+03 5.402450e-02
7.007000e+03 5.214540e-02
7.008000e+03 5.026630e-02
7.009000e+03 4.841170e-02
7.010000e+03 4.655700e-02
7.011000e+03 4.562840e-02
7.012000e+03 4.469970e-02
7.013000e+03 4.377120e-02
7.014000e+03 4.284270e-02
7.015000e+03 4.191420e-02
7.016000e+03 4.099450e-02
7.017000e+03 4.005000e-02
7.018000e+03 3.910520e-02
7.019000e+03 3.818450e-02
7.020000e+03 3.726340e-02
7.021000e+03 3.633510e-02
7.022000e+03 3.540690e-02
7.023000e+03 3.447860e-02
7.024000e+03 3.355040e-02
7.025000e+03 3.262220e-02
7.026000e+03 3.170740e-02
7.027000e+03 3.079180e-02
7.028000e+03 2.987550e-02
7.029000e+03 2.893390e-02
7.030000e+03 2.799150e-02
7.031000e+03 2.708510e-02
7.032000e+03 2.617700e-02
7.033000e+03 2.526740e-02
7.034000e+03 2.435610e-02
7.035000e+03 2.344320e-02
7.036000e+03 2.250990e-02
7.037000e+03 2.157660e-02
7.038000e+03 2.064320e-02
7.039000e+03 1.970970e-02
7.040000e+03 1.877620e-02
7.041000e+03 1.781710e-02
7.042000e+03 1.685800e-02
7.043000e+03 1.592360e-02
7.044000e+03 1.498920e-02
7.045000e+03 1.405490e-02
7.046000e+03 1.312070e-02
7.047000e+03 1.218650e-02
7.048000e+03 1.125250e-02
7.049000e+03 1.031850e-02
7.050000e+03 9.384530e-03
7.051000e+03 8.450710e-03
7.052000e+03 7.516960e-03
7.053000e+03 6.558700e-03
7.054000e+03 5.600500e-03
7.055000e+03 4.666930e-03
7.056000e+03 3.734210e-03
7.057000e+03 2.801150e-03
7.058000e+03 1.867760e-03
7.059000e+03 9.340470e-04
