# # Wavelength(Angstrom)  Transmission
6.760000e+03 8.017680e-13
6.761000e+03 9.380120e-04
6.762000e+03 1.876400e-03
6.763000e+03 2.815170e-03
6.764000e+03 3.754320e-03
6.765000e+03 4.669140e-03
6.766000e+03 5.583160e-03
6.767000e+03 6.521870e-03
6.768000e+03 7.460550e-03
6.769000e+03 8.399230e-03
6.770000e+03 9.337880e-03
6.771000e+03 1.027670e-02
6.772000e+03 1.121560e-02
6.773000e+03 1.212980e-02
6.774000e+03 1.304400e-02
6.775000e+03 1.398300e-02
6.776000e+03 1.492510e-02
6.777000e+03 1.586760e-02
6.778000e+03 1.681050e-02
6.779000e+03 1.775390e-02
6.780000e+03 1.869770e-02
6.781000e+03 1.961290e-02
6.782000e+03 2.052820e-02
6.783000e+03 2.146820e-02
6.784000e+03 2.240830e-02
6.785000e+03 2.334830e-02
6.786000e+03 2.428840e-02
6.787000e+03 2.522850e-02
6.788000e+03 2.616860e-02
6.789000e+03 2.708400e-02
6.790000e+03 2.799940e-02
6.791000e+03 2.893930e-02
6.792000e+03 2.987920e-02
6.793000e+03 3.081900e-02
6.794000e+03 3.175890e-02
6.795000e+03 3.269870e-02
6.796000e+03 3.363860e-02
6.797000e+03 3.455370e-02
6.798000e+03 3.546880e-02
6.799000e+03 3.640860e-02
6.800000e+03 3.734840e-02
6.801000e+03 3.829400e-02
6.802000e+03 3.923980e-02
6.803000e+03 4.018580e-02
6.804000e+03 4.113220e-02
6.805000e+03 4.205400e-02
6.806000e+03 4.296710e-02
6.807000e+03 4.390490e-02
6.808000e+03 4.484250e-02
6.809000e+03 4.578000e-02
6.810000e+03 4.671730e-02
6.811000e+03 4.859640e-02
6.812000e+03 5.047530e-02
6.813000e+03 5.232930e-02
6.814000e+03 5.418330e-02
6.815000e+03 5.606180e-02
6.816000e+03 5.794020e-02
6.817000e+03 5.979380e-02
6.818000e+03 6.164730e-02
6.819000e+03 6.352530e-02
6.820000e+03 6.540330e-02
6.821000e+03 6.725380e-02
6.822000e+03 6.910400e-02
6.823000e+03 7.097860e-02
6.824000e+03 7.285310e-02
6.825000e+03 7.470250e-02
6.826000e+03 7.656770e-02
6.827000e+03 7.845820e-02
6.828000e+03 8.034920e-02
6.829000e+03 8.221590e-02
6.830000e+03 8.408320e-02
6.831000e+03 8.595790e-02
6.832000e+03 8.783240e-02
6.833000e+03 8.968190e-02
6.834000e+03 9.153110e-02
6.835000e+03 9.340480e-02
6.836000e+03 9.527830e-02
6.837000e+03 9.712700e-02
6.838000e+03 9.897540e-02
6.839000e+03 1.008480e-01
6.840000e+03 1.027210e-01
6.841000e+03 1.045690e-01
6.842000e+03 1.064170e-01
6.843000e+03 1.082890e-01
6.844000e+03 1.101600e-01
6.845000e+03 1.120070e-01
6.846000e+03 1.138530e-01
6.847000e+03 1.157230e-01
6.848000e+03 1.175930e-01
6.849000e+03 1.194370e-01
6.850000e+03 1.212810e-01
6.851000e+03 1.231500e-01
6.852000e+03 1.250180e-01
6.853000e+03 1.268610e-01
6.854000e+03 1.287030e-01
6.855000e+03 1.305700e-01
6.856000e+03 1.322970e-01
6.857000e+03 1.339950e-01
6.858000e+03 1.356890e-01
6.859000e+03 1.374020e-01
6.860000e+03 1.391120e-01
6.861000e+03 1.396050e-01
6.862000e+03 1.400620e-01
6.863000e+03 1.404590e-01
6.864000e+03 1.408200e-01
6.865000e+03 1.411690e-01
6.866000e+03 1.393260e-01
6.867000e+03 1.373720e-01
6.868000e+03 1.353290e-01
6.869000e+03 1.332190e-01
6.870000e+03 1.310200e-01
6.871000e+03 1.307280e-01
6.872000e+03 1.303940e-01
6.873000e+03 1.300380e-01
6.874000e+03 1.296390e-01
6.875000e+03 1.291790e-01
6.876000e+03 1.328050e-01
6.877000e+03 1.364980e-01
6.878000e+03 1.402400e-01
6.879000e+03 1.440090e-01
6.880000e+03 1.478260e-01
6.881000e+03 1.513040e-01
6.882000e+03 1.548210e-01
6.883000e+03 1.583570e-01
6.884000e+03 1.619320e-01
6.885000e+03 1.655690e-01
6.886000e+03 1.666780e-01
6.887000e+03 1.677540e-01
6.888000e+03 1.688200e-01
6.889000e+03 1.698950e-01
6.890000e+03 1.709600e-01
6.891000e+03 1.725660e-01
6.892000e+03 1.741710e-01
6.893000e+03 1.757980e-01
6.894000e+03 1.774250e-01
6.895000e+03 1.790310e-01
6.896000e+03 1.814620e-01
6.897000e+03 1.839290e-01
6.898000e+03 1.864110e-01
6.899000e+03 1.888870e-01
6.900000e+03 1.913770e-01
6.901000e+03 1.937580e-01
6.902000e+03 1.961520e-01
6.903000e+03 1.985370e-01
6.904000e+03 2.009330e-01
6.905000e+03 2.033650e-01
6.906000e+03 2.059040e-01
6.907000e+03 2.084350e-01
6.908000e+03 2.109790e-01
6.909000e+03 2.135600e-01
6.910000e+03 2.161560e-01
6.911000e+03 2.185320e-01
6.912000e+03 2.209200e-01
6.913000e+03 2.232940e-01
6.914000e+03 2.256780e-01
6.915000e+03 2.280950e-01
6.916000e+03 2.304710e-01
6.917000e+03 2.328330e-01
6.918000e+03 2.352030e-01
6.919000e+03 2.376070e-01
6.920000e+03 2.400200e-01
6.921000e+03 2.423360e-01
6.922000e+03 2.446590e-01
6.923000e+03 2.470140e-01
6.924000e+03 2.493770e-01
6.925000e+03 2.517240e-01
6.926000e+03 2.539680e-01
6.927000e+03 2.562430e-01
6.928000e+03 2.585250e-01
6.929000e+03 2.607890e-01
6.930000e+03 2.630590e-01
6.931000e+03 2.650630e-01
6.932000e+03 2.670690e-01
6.933000e+03 2.690540e-01
6.934000e+03 2.710410e-01
6.935000e+03 2.730550e-01
6.936000e+03 2.748950e-01
6.937000e+03 2.767100e-01
6.938000e+03 2.785260e-01
6.939000e+03 2.803660e-01
6.940000e+03 2.822060e-01
6.941000e+03 2.840570e-01
6.942000e+03 2.859100e-01
6.943000e+03 2.877870e-01
6.944000e+03 2.896640e-01
6.945000e+03 2.915180e-01
6.946000e+03 2.935610e-01
6.947000e+03 2.956310e-01
6.948000e+03 2.977040e-01
6.949000e+03 2.997550e-01
6.950000e+03 3.018090e-01
6.951000e+03 3.037740e-01
6.952000e+03 3.057410e-01
6.953000e+03 3.076840e-01
6.954000e+03 3.096290e-01
6.955000e+03 3.116000e-01
6.956000e+03 3.134400e-01
6.957000e+03 3.152550e-01
6.958000e+03 3.170690e-01
6.959000e+03 3.189080e-01
6.960000e+03 3.207470e-01
6.961000e+03 3.229800e-01
6.962000e+03 3.252170e-01
6.963000e+03 3.274350e-01
6.964000e+03 3.296560e-01
6.965000e+03 3.319070e-01
6.966000e+03 3.342320e-01
6.967000e+03 3.365380e-01
6.968000e+03 3.388480e-01
6.969000e+03 3.411890e-01
6.970000e+03 3.435350e-01
6.971000e+03 3.454460e-01
6.972000e+03 3.473580e-01
6.973000e+03 3.492950e-01
6.974000e+03 3.512330e-01
6.975000e+03 3.531470e-01
6.976000e+03 3.549130e-01
6.977000e+03 3.567030e-01
6.978000e+03 3.584920e-01
6.979000e+03 3.602560e-01
6.980000e+03 3.620190e-01
6.981000e+03 3.636300e-01
6.982000e+03 3.652390e-01
6.983000e+03 3.668210e-01
6.984000e+03 3.684000e-01
6.985000e+03 3.700010e-01
6.986000e+03 3.714430e-01
6.987000e+03 3.728560e-01
6.988000e+03 3.742650e-01
6.989000e+03 3.756950e-01
6.990000e+03 3.771210e-01
6.991000e+03 3.789350e-01
6.992000e+03 3.807480e-01
6.993000e+03 3.825860e-01
6.994000e+03 3.844240e-01
6.995000e+03 3.862380e-01
6.996000e+03 3.882150e-01
6.997000e+03 3.902180e-01
6.998000e+03 3.922230e-01
6.999000e+03 3.942050e-01
7.000000e+03 3.961880e-01
7.001000e+03 3.980410e-01
7.002000e+03 3.998940e-01
7.003000e+03 4.017230e-01
7.004000e+03 4.035520e-01
7.005000e+03 4.054050e-01
7.006000e+03 4.072580e-01
7.007000e+03 4.090860e-01
7.008000e+03 4.109150e-01
7.009000e+03 4.127680e-01
7.010000e+03 4.146210e-01
7.011000e+03 4.164620e-01
7.012000e+03 4.183040e-01
7.013000e+03 4.201200e-01
7.014000e+03 4.219370e-01
7.015000e+03 4.237780e-01
7.016000e+03 4.257090e-01
7.017000e+03 4.273960e-01
7.018000e+03 4.290830e-01
7.019000e+03 4.300640e-01
7.020000e+03 4.310440e-01
7.021000e+03 4.319680e-01
7.022000e+03 4.328920e-01
7.023000e+03 4.338160e-01
7.024000e+03 4.347390e-01
7.025000e+03 4.356630e-01
7.026000e+03 4.367710e-01
7.027000e+03 4.378550e-01
7.028000e+03 4.389390e-01
7.029000e+03 4.400490e-01
7.030000e+03 4.411600e-01
7.031000e+03 4.424710e-01
7.032000e+03 4.437840e-01
7.033000e+03 4.450980e-01
7.034000e+03 4.464140e-01
7.035000e+03 4.477070e-01
7.036000e+03 4.486260e-01
7.037000e+03 4.495690e-01
7.038000e+03 4.505120e-01
7.039000e+03 4.514560e-01
7.040000e+03 4.523990e-01
7.041000e+03 4.533160e-01
7.042000e+03 4.542320e-01
7.043000e+03 4.551490e-01
7.044000e+03 4.560650e-01
7.045000e+03 4.569570e-01
7.046000e+03 4.578480e-01
7.047000e+03 4.587640e-01
7.048000e+03 4.596800e-01
7.049000e+03 4.605960e-01
7.050000e+03 4.615120e-01
7.051000e+03 4.624310e-01
7.052000e+03 4.633490e-01
7.053000e+03 4.635550e-01
7.054000e+03 4.637610e-01
7.055000e+03 4.637460e-01
7.056000e+03 4.638280e-01
7.057000e+03 4.639100e-01
7.058000e+03 4.639920e-01
7.059000e+03 4.640740e-01
7.060000e+03 4.641560e-01
7.061000e+03 4.642420e-01
7.062000e+03 4.643270e-01
7.063000e+03 4.644130e-01
7.064000e+03 4.644990e-01
7.065000e+03 4.645850e-01
7.066000e+03 4.646710e-01
7.067000e+03 4.647570e-01
7.068000e+03 4.648430e-01
7.069000e+03 4.649290e-01
7.070000e+03 4.650150e-01
7.071000e+03 4.649920e-01
7.072000e+03 4.649700e-01
7.073000e+03 4.649480e-01
7.074000e+03 4.649260e-01
7.075000e+03 4.649040e-01
7.076000e+03 4.648820e-01
7.077000e+03 4.648600e-01
7.078000e+03 4.648370e-01
7.079000e+03 4.648150e-01
7.080000e+03 4.647930e-01
7.081000e+03 4.648880e-01
7.082000e+03 4.649820e-01
7.083000e+03 4.650770e-01
7.084000e+03 4.651720e-01
7.085000e+03 4.652660e-01
7.086000e+03 4.653610e-01
7.087000e+03 4.654560e-01
7.088000e+03 4.655500e-01
7.089000e+03 4.656450e-01
7.090000e+03 4.657390e-01
7.091000e+03 4.657360e-01
7.092000e+03 4.657320e-01
7.093000e+03 4.657280e-01
7.094000e+03 4.657250e-01
7.095000e+03 4.657210e-01
7.096000e+03 4.657170e-01
7.097000e+03 4.657140e-01
7.098000e+03 4.657100e-01
7.099000e+03 4.657060e-01
7.100000e+03 4.657030e-01
7.101000e+03 4.656840e-01
7.102000e+03 4.656650e-01
7.103000e+03 4.656470e-01
7.104000e+03 4.656280e-01
7.105000e+03 4.656090e-01
7.106000e+03 4.655910e-01
7.107000e+03 4.655720e-01
7.108000e+03 4.655540e-01
7.109000e+03 4.655350e-01
7.110000e+03 4.655160e-01
7.111000e+03 4.656320e-01
7.112000e+03 4.657470e-01
7.113000e+03 4.658620e-01
7.114000e+03 4.659780e-01
7.115000e+03 4.660930e-01
7.116000e+03 4.662090e-01
7.117000e+03 4.663240e-01
7.118000e+03 4.664390e-01
7.119000e+03 4.665550e-01
7.120000e+03 4.666700e-01
7.121000e+03 4.665340e-01
7.122000e+03 4.663970e-01
7.123000e+03 4.662610e-01
7.124000e+03 4.661240e-01
7.125000e+03 4.659880e-01
7.126000e+03 4.659480e-01
7.127000e+03 4.659090e-01
7.128000e+03 4.658700e-01
7.129000e+03 4.658300e-01
7.130000e+03 4.657910e-01
7.131000e+03 4.657860e-01
7.132000e+03 4.657820e-01
7.133000e+03 4.657770e-01
7.134000e+03 4.657730e-01
7.135000e+03 4.657680e-01
7.136000e+03 4.657640e-01
7.137000e+03 4.657600e-01
7.138000e+03 4.657570e-01
7.139000e+03 4.657530e-01
7.140000e+03 4.657500e-01
7.141000e+03 4.656490e-01
7.142000e+03 4.655480e-01
7.143000e+03 4.654460e-01
7.144000e+03 4.653440e-01
7.145000e+03 4.652410e-01
7.146000e+03 4.651370e-01
7.147000e+03 4.650320e-01
7.148000e+03 4.649260e-01
7.149000e+03 4.648190e-01
7.150000e+03 4.647110e-01
7.151000e+03 4.645880e-01
7.152000e+03 4.644630e-01
7.153000e+03 4.643380e-01
7.154000e+03 4.642120e-01
7.155000e+03 4.640850e-01
7.156000e+03 4.638600e-01
7.157000e+03 4.636340e-01
7.158000e+03 4.634080e-01
7.159000e+03 4.631810e-01
7.160000e+03 4.629540e-01
7.161000e+03 4.620590e-01
7.162000e+03 4.611650e-01
7.163000e+03 4.602710e-01
7.164000e+03 4.593760e-01
7.165000e+03 4.584830e-01
7.166000e+03 4.565250e-01
7.167000e+03 4.545670e-01
7.168000e+03 4.526090e-01
7.169000e+03 4.506520e-01
7.170000e+03 4.486940e-01
7.171000e+03 4.468420e-01
7.172000e+03 4.449910e-01
7.173000e+03 4.431390e-01
7.174000e+03 4.412870e-01
7.175000e+03 4.394360e-01
7.176000e+03 4.386490e-01
7.177000e+03 4.378630e-01
7.178000e+03 4.370760e-01
7.179000e+03 4.362890e-01
7.180000e+03 4.355030e-01
7.181000e+03 4.341150e-01
7.182000e+03 4.327280e-01
7.183000e+03 4.313400e-01
7.184000e+03 4.299530e-01
7.185000e+03 4.285660e-01
7.186000e+03 4.276630e-01
7.187000e+03 4.267610e-01
7.188000e+03 4.258580e-01
7.189000e+03 4.249560e-01
7.190000e+03 4.240540e-01
7.191000e+03 4.241110e-01
7.192000e+03 4.241680e-01
7.193000e+03 4.242240e-01
7.194000e+03 4.242810e-01
7.195000e+03 4.243370e-01
7.196000e+03 4.245860e-01
7.197000e+03 4.248350e-01
7.198000e+03 4.250830e-01
7.199000e+03 4.253310e-01
7.200000e+03 4.255790e-01
7.201000e+03 4.265230e-01
7.202000e+03 4.274670e-01
7.203000e+03 4.284110e-01
7.204000e+03 4.293550e-01
7.205000e+03 4.302990e-01
7.206000e+03 4.326910e-01
7.207000e+03 4.350830e-01
7.208000e+03 4.374750e-01
7.209000e+03 4.398670e-01
7.210000e+03 4.422580e-01
7.211000e+03 4.445620e-01
7.212000e+03 4.468650e-01
7.213000e+03 4.491690e-01
7.214000e+03 4.514730e-01
7.215000e+03 4.537770e-01
7.216000e+03 4.545370e-01
7.217000e+03 4.552970e-01
7.218000e+03 4.560570e-01
7.219000e+03 4.568180e-01
7.220000e+03 4.575790e-01
7.221000e+03 4.573590e-01
7.222000e+03 4.571400e-01
7.223000e+03 4.569200e-01
7.224000e+03 4.567010e-01
7.225000e+03 4.564800e-01
7.226000e+03 4.549090e-01
7.227000e+03 4.533370e-01
7.228000e+03 4.517640e-01
7.229000e+03 4.501920e-01
7.230000e+03 4.486200e-01
7.231000e+03 4.462570e-01
7.232000e+03 4.438960e-01
7.233000e+03 4.415340e-01
7.234000e+03 4.391730e-01
7.235000e+03 4.368120e-01
7.236000e+03 4.364770e-01
7.237000e+03 4.361400e-01
7.238000e+03 4.358040e-01
7.239000e+03 4.354680e-01
7.240000e+03 4.351330e-01
7.241000e+03 4.352960e-01
7.242000e+03 4.354610e-01
7.243000e+03 4.356260e-01
7.244000e+03 4.357920e-01
7.245000e+03 4.359590e-01
7.246000e+03 4.363210e-01
7.247000e+03 4.366830e-01
7.248000e+03 4.370460e-01
7.249000e+03 4.374110e-01
7.250000e+03 4.377760e-01
7.251000e+03 4.381520e-01
7.252000e+03 4.385290e-01
7.253000e+03 4.389070e-01
7.254000e+03 4.392850e-01
7.255000e+03 4.396650e-01
7.256000e+03 4.404300e-01
7.257000e+03 4.411960e-01
7.258000e+03 4.419620e-01
7.259000e+03 4.427290e-01
7.260000e+03 4.434970e-01
7.261000e+03 4.434940e-01
7.262000e+03 4.434910e-01
7.263000e+03 4.434890e-01
7.264000e+03 4.434860e-01
7.265000e+03 4.434830e-01
7.266000e+03 4.433820e-01
7.267000e+03 4.432820e-01
7.268000e+03 4.431820e-01
7.269000e+03 4.430820e-01
7.270000e+03 4.429820e-01
7.271000e+03 4.421010e-01
7.272000e+03 4.412190e-01
7.273000e+03 4.403380e-01
7.274000e+03 4.394570e-01
7.275000e+03 4.385750e-01
7.276000e+03 4.384650e-01
7.277000e+03 4.383540e-01
7.278000e+03 4.382430e-01
7.279000e+03 4.381320e-01
7.280000e+03 4.380210e-01
7.281000e+03 4.395520e-01
7.282000e+03 4.410830e-01
7.283000e+03 4.426140e-01
7.284000e+03 4.441450e-01
7.285000e+03 4.456760e-01
7.286000e+03 4.454730e-01
7.287000e+03 4.452700e-01
7.288000e+03 4.450670e-01
7.289000e+03 4.448640e-01
7.290000e+03 4.446620e-01
7.291000e+03 4.449560e-01
7.292000e+03 4.452500e-01
7.293000e+03 4.455460e-01
7.294000e+03 4.458420e-01
7.295000e+03 4.461380e-01
7.296000e+03 4.468200e-01
7.297000e+03 4.475030e-01
7.298000e+03 4.481870e-01
7.299000e+03 4.488720e-01
7.300000e+03 4.495580e-01
7.301000e+03 4.492400e-01
7.302000e+03 4.489220e-01
7.303000e+03 4.486050e-01
7.304000e+03 4.482900e-01
7.305000e+03 4.479760e-01
7.306000e+03 4.479520e-01
7.307000e+03 4.479290e-01
7.308000e+03 4.479070e-01
7.309000e+03 4.478860e-01
7.310000e+03 4.478650e-01
7.311000e+03 4.481590e-01
7.312000e+03 4.484540e-01
7.313000e+03 4.487480e-01
7.314000e+03 4.490420e-01
7.315000e+03 4.493360e-01
7.316000e+03 4.500150e-01
7.317000e+03 4.506930e-01
7.318000e+03 4.513710e-01
7.319000e+03 4.520490e-01
7.320000e+03 4.527270e-01
7.321000e+03 4.537870e-01
7.322000e+03 4.548470e-01
7.323000e+03 4.559070e-01
7.324000e+03 4.569660e-01
7.325000e+03 4.580240e-01
7.326000e+03 4.585050e-01
7.327000e+03 4.589850e-01
7.328000e+03 4.594650e-01
7.329000e+03 4.599450e-01
7.330000e+03 4.604250e-01
7.331000e+03 4.604340e-01
7.332000e+03 4.604440e-01
7.333000e+03 4.604530e-01
7.334000e+03 4.604630e-01
7.335000e+03 4.604730e-01
7.336000e+03 4.607740e-01
7.337000e+03 4.610750e-01
7.338000e+03 4.613760e-01
7.339000e+03 4.616780e-01
7.340000e+03 4.619800e-01
7.341000e+03 4.620720e-01
7.342000e+03 4.621630e-01
7.343000e+03 4.622540e-01
7.344000e+03 4.623450e-01
7.345000e+03 4.624340e-01
7.346000e+03 4.623310e-01
7.347000e+03 4.622260e-01
7.348000e+03 4.621210e-01
7.349000e+03 4.620140e-01
7.350000e+03 4.619060e-01
7.351000e+03 4.620020e-01
7.352000e+03 4.620970e-01
7.353000e+03 4.621900e-01
7.354000e+03 4.622820e-01
7.355000e+03 4.623730e-01
7.356000e+03 4.622700e-01
7.357000e+03 4.621660e-01
7.358000e+03 4.620610e-01
7.359000e+03 4.619560e-01
7.360000e+03 4.618500e-01
7.361000e+03 4.617370e-01
7.362000e+03 4.616240e-01
7.363000e+03 4.615110e-01
7.364000e+03 4.613980e-01
7.365000e+03 4.612850e-01
7.366000e+03 4.613660e-01
7.367000e+03 4.614470e-01
7.368000e+03 4.615280e-01
7.369000e+03 4.616080e-01
7.370000e+03 4.616890e-01
7.371000e+03 4.619650e-01
7.372000e+03 4.622410e-01
7.373000e+03 4.625170e-01
7.374000e+03 4.627930e-01
7.375000e+03 4.630690e-01
7.376000e+03 4.632490e-01
7.377000e+03 4.634290e-01
7.378000e+03 4.636080e-01
7.379000e+03 4.637880e-01
7.380000e+03 4.639680e-01
7.381000e+03 4.639560e-01
7.382000e+03 4.639440e-01
7.383000e+03 4.639320e-01
7.384000e+03 4.639200e-01
7.385000e+03 4.639090e-01
7.386000e+03 4.639930e-01
7.387000e+03 4.640770e-01
7.388000e+03 4.641610e-01
7.389000e+03 4.642460e-01
7.390000e+03 4.643300e-01
7.391000e+03 4.643150e-01
7.392000e+03 4.643010e-01
7.393000e+03 4.642860e-01
7.394000e+03 4.642720e-01
7.395000e+03 4.642580e-01
7.396000e+03 4.643390e-01
7.397000e+03 4.644210e-01
7.398000e+03 4.645030e-01
7.399000e+03 4.645840e-01
7.400000e+03 4.646660e-01
7.401000e+03 4.647550e-01
7.402000e+03 4.648450e-01
7.403000e+03 4.649340e-01
7.404000e+03 4.650230e-01
7.405000e+03 4.651130e-01
7.406000e+03 4.652020e-01
7.407000e+03 4.652910e-01
7.408000e+03 4.653810e-01
7.409000e+03 4.654700e-01
7.410000e+03 4.655590e-01
7.411000e+03 4.655420e-01
7.412000e+03 4.655240e-01
7.413000e+03 4.655070e-01
7.414000e+03 4.654900e-01
7.415000e+03 4.654720e-01
7.416000e+03 4.655510e-01
7.417000e+03 4.656290e-01
7.418000e+03 4.657080e-01
7.419000e+03 4.657870e-01
7.420000e+03 4.658650e-01
7.421000e+03 4.658370e-01
7.422000e+03 4.658080e-01
7.423000e+03 4.657790e-01
7.424000e+03 4.657510e-01
7.425000e+03 4.657220e-01
7.426000e+03 4.656940e-01
7.427000e+03 4.656650e-01
7.428000e+03 4.656360e-01
7.429000e+03 4.656080e-01
7.430000e+03 4.655790e-01
7.431000e+03 4.656670e-01
7.432000e+03 4.657540e-01
7.433000e+03 4.658410e-01
7.434000e+03 4.659280e-01
7.435000e+03 4.660160e-01
7.436000e+03 4.660070e-01
7.437000e+03 4.659980e-01
7.438000e+03 4.659890e-01
7.439000e+03 4.659810e-01
7.440000e+03 4.659720e-01
7.441000e+03 4.659530e-01
7.442000e+03 4.659340e-01
7.443000e+03 4.659140e-01
7.444000e+03 4.658950e-01
7.445000e+03 4.658760e-01
7.446000e+03 4.658570e-01
7.447000e+03 4.658370e-01
7.448000e+03 4.658180e-01
7.449000e+03 4.657990e-01
7.450000e+03 4.657790e-01
7.451000e+03 4.657690e-01
7.452000e+03 4.657580e-01
7.453000e+03 4.657470e-01
7.454000e+03 4.657360e-01
7.455000e+03 4.657250e-01
7.456000e+03 4.657140e-01
7.457000e+03 4.657030e-01
7.458000e+03 4.656920e-01
7.459000e+03 4.656810e-01
7.460000e+03 4.656700e-01
7.461000e+03 4.656340e-01
7.462000e+03 4.655980e-01
7.463000e+03 4.655620e-01
7.464000e+03 4.655260e-01
7.465000e+03 4.654900e-01
7.466000e+03 4.654540e-01
7.467000e+03 4.654180e-01
7.468000e+03 4.653810e-01
7.469000e+03 4.653450e-01
7.470000e+03 4.653090e-01
7.471000e+03 4.654100e-01
7.472000e+03 4.655110e-01
7.473000e+03 4.656110e-01
7.474000e+03 4.657120e-01
7.475000e+03 4.658130e-01
7.476000e+03 4.658170e-01
7.477000e+03 4.658220e-01
7.478000e+03 4.658270e-01
7.479000e+03 4.658320e-01
7.480000e+03 4.658370e-01
7.481000e+03 4.657960e-01
7.482000e+03 4.657560e-01
7.483000e+03 4.657150e-01
7.484000e+03 4.656750e-01
7.485000e+03 4.656350e-01
7.486000e+03 4.655940e-01
7.487000e+03 4.655540e-01
7.488000e+03 4.655140e-01
7.489000e+03 4.654730e-01
7.490000e+03 4.654330e-01
7.491000e+03 4.654350e-01
7.492000e+03 4.654380e-01
7.493000e+03 4.654400e-01
7.494000e+03 4.654420e-01
7.495000e+03 4.654450e-01
7.496000e+03 4.654470e-01
7.497000e+03 4.654490e-01
7.498000e+03 4.654520e-01
7.499000e+03 4.654540e-01
7.500000e+03 4.654570e-01
7.501000e+03 4.654260e-01
7.502000e+03 4.653950e-01
7.503000e+03 4.653640e-01
7.504000e+03 4.653330e-01
7.505000e+03 4.653020e-01
7.506000e+03 4.653660e-01
7.507000e+03 4.654310e-01
7.508000e+03 4.654960e-01
7.509000e+03 4.655610e-01
7.510000e+03 4.656250e-01
7.511000e+03 4.656120e-01
7.512000e+03 4.655990e-01
7.513000e+03 4.655850e-01
7.514000e+03 4.655720e-01
7.515000e+03 4.655590e-01
7.516000e+03 4.655450e-01
7.517000e+03 4.655320e-01
7.518000e+03 4.655190e-01
7.519000e+03 4.655050e-01
7.520000e+03 4.654920e-01
7.521000e+03 4.654770e-01
7.522000e+03 4.654630e-01
7.523000e+03 4.654480e-01
7.524000e+03 4.654330e-01
7.525000e+03 4.654180e-01
7.526000e+03 4.654040e-01
7.527000e+03 4.653890e-01
7.528000e+03 4.653740e-01
7.529000e+03 4.653590e-01
7.530000e+03 4.653450e-01
7.531000e+03 4.654000e-01
7.532000e+03 4.654550e-01
7.533000e+03 4.655090e-01
7.534000e+03 4.655640e-01
7.535000e+03 4.656190e-01
7.536000e+03 4.655780e-01
7.537000e+03 4.655360e-01
7.538000e+03 4.654940e-01
7.539000e+03 4.654520e-01
7.540000e+03 4.654110e-01
7.541000e+03 4.653750e-01
7.542000e+03 4.653400e-01
7.543000e+03 4.653050e-01
7.544000e+03 4.652710e-01
7.545000e+03 4.652370e-01
7.546000e+03 4.652050e-01
7.547000e+03 4.651730e-01
7.548000e+03 4.651430e-01
7.549000e+03 4.651130e-01
7.550000e+03 4.650840e-01
7.551000e+03 4.650460e-01
7.552000e+03 4.650090e-01
7.553000e+03 4.649720e-01
7.554000e+03 4.649370e-01
7.555000e+03 4.649020e-01
7.556000e+03 4.648690e-01
7.557000e+03 4.648360e-01
7.558000e+03 4.648030e-01
7.559000e+03 4.647720e-01
7.560000e+03 4.647410e-01
7.561000e+03 4.647460e-01
7.562000e+03 4.647520e-01
7.563000e+03 4.647580e-01
7.564000e+03 4.647640e-01
7.565000e+03 4.647690e-01
7.566000e+03 4.648700e-01
7.567000e+03 4.649700e-01
7.568000e+03 4.650700e-01
7.569000e+03 4.651700e-01
7.570000e+03 4.652700e-01
7.571000e+03 4.652600e-01
7.572000e+03 4.652500e-01
7.573000e+03 4.652400e-01
7.574000e+03 4.652300e-01
7.575000e+03 4.652190e-01
7.576000e+03 4.652090e-01
7.577000e+03 4.651990e-01
7.578000e+03 4.651890e-01
7.579000e+03 4.651780e-01
7.580000e+03 4.651680e-01
7.581000e+03 4.647820e-01
7.582000e+03 4.643950e-01
7.583000e+03 4.640080e-01
7.584000e+03 4.636220e-01
7.585000e+03 4.632350e-01
7.586000e+03 4.589370e-01
7.587000e+03 4.546390e-01
7.588000e+03 4.503420e-01
7.589000e+03 4.460450e-01
7.590000e+03 4.417480e-01
7.591000e+03 4.245610e-01
7.592000e+03 4.073760e-01
7.593000e+03 3.901910e-01
7.594000e+03 3.730060e-01
7.595000e+03 3.558220e-01
7.596000e+03 3.307210e-01
7.597000e+03 3.056220e-01
7.598000e+03 2.805230e-01
7.599000e+03 2.554260e-01
7.600000e+03 2.303310e-01
7.601000e+03 2.169730e-01
7.602000e+03 2.036150e-01
7.603000e+03 1.902580e-01
7.604000e+03 1.769010e-01
7.605000e+03 1.635440e-01
7.606000e+03 1.649690e-01
7.607000e+03 1.663930e-01
7.608000e+03 1.678170e-01
7.609000e+03 1.692410e-01
7.610000e+03 1.706640e-01
7.611000e+03 1.841850e-01
7.612000e+03 1.977040e-01
7.613000e+03 2.112200e-01
7.614000e+03 2.247340e-01
7.615000e+03 2.382460e-01
7.616000e+03 2.524220e-01
7.617000e+03 2.665960e-01
7.618000e+03 2.807670e-01
7.619000e+03 2.949360e-01
7.620000e+03 3.091020e-01
7.621000e+03 3.070930e-01
7.622000e+03 3.050850e-01
7.623000e+03 3.030770e-01
7.624000e+03 3.010690e-01
7.625000e+03 2.990610e-01
7.626000e+03 2.914350e-01
7.627000e+03 2.838080e-01
7.628000e+03 2.761820e-01
7.629000e+03 2.685560e-01
7.630000e+03 2.609310e-01
7.631000e+03 2.610020e-01
7.632000e+03 2.610720e-01
7.633000e+03 2.611430e-01
7.634000e+03 2.612140e-01
7.635000e+03 2.612840e-01
7.636000e+03 2.655430e-01
7.637000e+03 2.698000e-01
7.638000e+03 2.740570e-01
7.639000e+03 2.783130e-01
7.640000e+03 2.825680e-01
7.641000e+03 2.876870e-01
7.642000e+03 2.928050e-01
7.643000e+03 2.979220e-01
7.644000e+03 3.030390e-01
7.645000e+03 3.081540e-01
7.646000e+03 3.142210e-01
7.647000e+03 3.202860e-01
7.648000e+03 3.263510e-01
7.649000e+03 3.324150e-01
7.650000e+03 3.384780e-01
7.651000e+03 3.438950e-01
7.652000e+03 3.493120e-01
7.653000e+03 3.547290e-01
7.654000e+03 3.601460e-01
7.655000e+03 3.655630e-01
7.656000e+03 3.698400e-01
7.657000e+03 3.741160e-01
7.658000e+03 3.783920e-01
7.659000e+03 3.826670e-01
7.660000e+03 3.869430e-01
7.661000e+03 3.905910e-01
7.662000e+03 3.942370e-01
7.663000e+03 3.978830e-01
7.664000e+03 4.015270e-01
7.665000e+03 4.051700e-01
7.666000e+03 4.090020e-01
7.667000e+03 4.128320e-01
7.668000e+03 4.166620e-01
7.669000e+03 4.204900e-01
7.670000e+03 4.243170e-01
7.671000e+03 4.268510e-01
7.672000e+03 4.293840e-01
7.673000e+03 4.319170e-01
7.674000e+03 4.344500e-01
7.675000e+03 4.369820e-01
7.676000e+03 4.383760e-01
7.677000e+03 4.397690e-01
7.678000e+03 4.411620e-01
7.679000e+03 4.425540e-01
7.680000e+03 4.439470e-01
7.681000e+03 4.449050e-01
7.682000e+03 4.458630e-01
7.683000e+03 4.468210e-01
7.684000e+03 4.477790e-01
7.685000e+03 4.487370e-01
7.686000e+03 4.494100e-01
7.687000e+03 4.500820e-01
7.688000e+03 4.507540e-01
7.689000e+03 4.514260e-01
7.690000e+03 4.520990e-01
7.691000e+03 4.526170e-01
7.692000e+03 4.531360e-01
7.693000e+03 4.536550e-01
7.694000e+03 4.541750e-01
7.695000e+03 4.546960e-01
7.696000e+03 4.554070e-01
7.697000e+03 4.561200e-01
7.698000e+03 4.568330e-01
7.699000e+03 4.575480e-01
7.700000e+03 4.582640e-01
7.701000e+03 4.587070e-01
7.702000e+03 4.591520e-01
7.703000e+03 4.595970e-01
7.704000e+03 4.600440e-01
7.705000e+03 4.604920e-01
7.706000e+03 4.606570e-01
7.707000e+03 4.608230e-01
7.708000e+03 4.609900e-01
7.709000e+03 4.611580e-01
7.710000e+03 4.613260e-01
7.711000e+03 4.614210e-01
7.712000e+03 4.615150e-01
7.713000e+03 4.616090e-01
7.714000e+03 4.617020e-01
7.715000e+03 4.617950e-01
7.716000e+03 4.617920e-01
7.717000e+03 4.617890e-01
7.718000e+03 4.617860e-01
7.719000e+03 4.617820e-01
7.720000e+03 4.617780e-01
7.721000e+03 4.617610e-01
7.722000e+03 4.617450e-01
7.723000e+03 4.617280e-01
7.724000e+03 4.617100e-01
7.725000e+03 4.616930e-01
7.726000e+03 4.616750e-01
7.727000e+03 4.616570e-01
7.728000e+03 4.616380e-01
7.729000e+03 4.616200e-01
7.730000e+03 4.616010e-01
7.731000e+03 4.616660e-01
7.732000e+03 4.617310e-01
7.733000e+03 4.617960e-01
7.734000e+03 4.618620e-01
7.735000e+03 4.619270e-01
7.736000e+03 4.618980e-01
7.737000e+03 4.618700e-01
7.738000e+03 4.618420e-01
7.739000e+03 4.618140e-01
7.740000e+03 4.617860e-01
7.741000e+03 4.617800e-01
7.742000e+03 4.617750e-01
7.743000e+03 4.617680e-01
7.744000e+03 4.617610e-01
7.745000e+03 4.617530e-01
7.746000e+03 4.617440e-01
7.747000e+03 4.617340e-01
7.748000e+03 4.617240e-01
7.749000e+03 4.617120e-01
7.750000e+03 4.617000e-01
7.751000e+03 4.616670e-01
7.752000e+03 4.616320e-01
7.753000e+03 4.615970e-01
7.754000e+03 4.615620e-01
7.755000e+03 4.615250e-01
7.756000e+03 4.614870e-01
7.757000e+03 4.614490e-01
7.758000e+03 4.614090e-01
7.759000e+03 4.613700e-01
7.760000e+03 4.613300e-01
7.761000e+03 4.613020e-01
7.762000e+03 4.612750e-01
7.763000e+03 4.612480e-01
7.764000e+03 4.612200e-01
7.765000e+03 4.611940e-01
7.766000e+03 4.611670e-01
7.767000e+03 4.611410e-01
7.768000e+03 4.611150e-01
7.769000e+03 4.610880e-01
7.770000e+03 4.610620e-01
7.771000e+03 4.610230e-01
7.772000e+03 4.609850e-01
7.773000e+03 4.609460e-01
7.774000e+03 4.609070e-01
7.775000e+03 4.608680e-01
7.776000e+03 4.608290e-01
7.777000e+03 4.607910e-01
7.778000e+03 4.607520e-01
7.779000e+03 4.607130e-01
7.780000e+03 4.606740e-01
7.781000e+03 4.606380e-01
7.782000e+03 4.606020e-01
7.783000e+03 4.605660e-01
7.784000e+03 4.605300e-01
7.785000e+03 4.604940e-01
7.786000e+03 4.604570e-01
7.787000e+03 4.604210e-01
7.788000e+03 4.603850e-01
7.789000e+03 4.603490e-01
7.790000e+03 4.603130e-01
7.791000e+03 4.603920e-01
7.792000e+03 4.604710e-01
7.793000e+03 4.605510e-01
7.794000e+03 4.606300e-01
7.795000e+03 4.607090e-01
7.796000e+03 4.606940e-01
7.797000e+03 4.606790e-01
7.798000e+03 4.606640e-01
7.799000e+03 4.606490e-01
7.800000e+03 4.606340e-01
7.801000e+03 4.605530e-01
7.802000e+03 4.604720e-01
7.803000e+03 4.603910e-01
7.804000e+03 4.603100e-01
7.805000e+03 4.602290e-01
7.806000e+03 4.601490e-01
7.807000e+03 4.600680e-01
7.808000e+03 4.599870e-01
7.809000e+03 4.599060e-01
7.810000e+03 4.598250e-01
7.811000e+03 4.598290e-01
7.812000e+03 4.598320e-01
7.813000e+03 4.598360e-01
7.814000e+03 4.598390e-01
7.815000e+03 4.598430e-01
7.816000e+03 4.598460e-01
7.817000e+03 4.598500e-01
7.818000e+03 4.598530e-01
7.819000e+03 4.598570e-01
7.820000e+03 4.598600e-01
7.821000e+03 4.598250e-01
7.822000e+03 4.597890e-01
7.823000e+03 4.597540e-01
7.824000e+03 4.597180e-01
7.825000e+03 4.596820e-01
7.826000e+03 4.596470e-01
7.827000e+03 4.596110e-01
7.828000e+03 4.595760e-01
7.829000e+03 4.595400e-01
7.830000e+03 4.595050e-01
7.831000e+03 4.594610e-01
7.832000e+03 4.594160e-01
7.833000e+03 4.593720e-01
7.834000e+03 4.593280e-01
7.835000e+03 4.592830e-01
7.836000e+03 4.592390e-01
7.837000e+03 4.591950e-01
7.838000e+03 4.591500e-01
7.839000e+03 4.591060e-01
7.840000e+03 4.590620e-01
7.841000e+03 4.590110e-01
7.842000e+03 4.589590e-01
7.843000e+03 4.589080e-01
7.844000e+03 4.588570e-01
7.845000e+03 4.588050e-01
7.846000e+03 4.587540e-01
7.847000e+03 4.587030e-01
7.848000e+03 4.586510e-01
7.849000e+03 4.586000e-01
7.850000e+03 4.585490e-01
7.851000e+03 4.585480e-01
7.852000e+03 4.585480e-01
7.853000e+03 4.585470e-01
7.854000e+03 4.585460e-01
7.855000e+03 4.585450e-01
7.856000e+03 4.585450e-01
7.857000e+03 4.585440e-01
7.858000e+03 4.585430e-01
7.859000e+03 4.585430e-01
7.860000e+03 4.585420e-01
7.861000e+03 4.584050e-01
7.862000e+03 4.582680e-01
7.863000e+03 4.581320e-01
7.864000e+03 4.579950e-01
7.865000e+03 4.578580e-01
7.866000e+03 4.578150e-01
7.867000e+03 4.577720e-01
7.868000e+03 4.577290e-01
7.869000e+03 4.576870e-01
7.870000e+03 4.576440e-01
7.871000e+03 4.575270e-01
7.872000e+03 4.574100e-01
7.873000e+03 4.572930e-01
7.874000e+03 4.571760e-01
7.875000e+03 4.570590e-01
7.876000e+03 4.570360e-01
7.877000e+03 4.570130e-01
7.878000e+03 4.569900e-01
7.879000e+03 4.569670e-01
7.880000e+03 4.569430e-01
7.881000e+03 4.567990e-01
7.882000e+03 4.566550e-01
7.883000e+03 4.565110e-01
7.884000e+03 4.563660e-01
7.885000e+03 4.562220e-01
7.886000e+03 4.559840e-01
7.887000e+03 4.557460e-01
7.888000e+03 4.555090e-01
7.889000e+03 4.552710e-01
7.890000e+03 4.550330e-01
7.891000e+03 4.547930e-01
7.892000e+03 4.545530e-01
7.893000e+03 4.543130e-01
7.894000e+03 4.540730e-01
7.895000e+03 4.538330e-01
7.896000e+03 4.537800e-01
7.897000e+03 4.537270e-01
7.898000e+03 4.536750e-01
7.899000e+03 4.536220e-01
7.900000e+03 4.535690e-01
7.901000e+03 4.535590e-01
7.902000e+03 4.535490e-01
7.903000e+03 4.535390e-01
7.904000e+03 4.535290e-01
7.905000e+03 4.535190e-01
7.906000e+03 4.535090e-01
7.907000e+03 4.534990e-01
7.908000e+03 4.534890e-01
7.909000e+03 4.534790e-01
7.910000e+03 4.534680e-01
7.911000e+03 4.536440e-01
7.912000e+03 4.538200e-01
7.913000e+03 4.539950e-01
7.914000e+03 4.541710e-01
7.915000e+03 4.543460e-01
7.916000e+03 4.543350e-01
7.917000e+03 4.543230e-01
7.918000e+03 4.543120e-01
7.919000e+03 4.543000e-01
7.920000e+03 4.542890e-01
7.921000e+03 4.541400e-01
7.922000e+03 4.539910e-01
7.923000e+03 4.538420e-01
7.924000e+03 4.536930e-01
7.925000e+03 4.535440e-01
7.926000e+03 4.535820e-01
7.927000e+03 4.536200e-01
7.928000e+03 4.536580e-01
7.929000e+03 4.536960e-01
7.930000e+03 4.537330e-01
7.931000e+03 4.539970e-01
7.932000e+03 4.542600e-01
7.933000e+03 4.545240e-01
7.934000e+03 4.547870e-01
7.935000e+03 4.550510e-01
7.936000e+03 4.553140e-01
7.937000e+03 4.555780e-01
7.938000e+03 4.558410e-01
7.939000e+03 4.561040e-01
7.940000e+03 4.563680e-01
7.941000e+03 4.563110e-01
7.942000e+03 4.562550e-01
7.943000e+03 4.561980e-01
7.944000e+03 4.561420e-01
7.945000e+03 4.560850e-01
7.946000e+03 4.559360e-01
7.947000e+03 4.557860e-01
7.948000e+03 4.556360e-01
7.949000e+03 4.554870e-01
7.950000e+03 4.553370e-01
7.951000e+03 4.551170e-01
7.952000e+03 4.548960e-01
7.953000e+03 4.546760e-01
7.954000e+03 4.544550e-01
7.955000e+03 4.542350e-01
7.956000e+03 4.537350e-01
7.957000e+03 4.532350e-01
7.958000e+03 4.527360e-01
7.959000e+03 4.522360e-01
7.960000e+03 4.517360e-01
7.961000e+03 4.515220e-01
7.962000e+03 4.513080e-01
7.963000e+03 4.510940e-01
7.964000e+03 4.508800e-01
7.965000e+03 4.506650e-01
7.966000e+03 4.510100e-01
7.967000e+03 4.513540e-01
7.968000e+03 4.516990e-01
7.969000e+03 4.520430e-01
7.970000e+03 4.523870e-01
7.971000e+03 4.526240e-01
7.972000e+03 4.528600e-01
7.973000e+03 4.530960e-01
7.974000e+03 4.533320e-01
7.975000e+03 4.535680e-01
7.976000e+03 4.536180e-01
7.977000e+03 4.536670e-01
7.978000e+03 4.537170e-01
7.979000e+03 4.537670e-01
7.980000e+03 4.538170e-01
7.981000e+03 4.538070e-01
7.982000e+03 4.537980e-01
7.983000e+03 4.537880e-01
7.984000e+03 4.537790e-01
7.985000e+03 4.537690e-01
7.986000e+03 4.537600e-01
7.987000e+03 4.537500e-01
7.988000e+03 4.537400e-01
7.989000e+03 4.537310e-01
7.990000e+03 4.537210e-01
7.991000e+03 4.536900e-01
7.992000e+03 4.536590e-01
7.993000e+03 4.536280e-01
7.994000e+03 4.535970e-01
7.995000e+03 4.535660e-01
7.996000e+03 4.533500e-01
7.997000e+03 4.531330e-01
7.998000e+03 4.529160e-01
7.999000e+03 4.526990e-01
8.000000e+03 4.524830e-01
8.001000e+03 4.522790e-01
8.002000e+03 4.520760e-01
8.003000e+03 4.518730e-01
8.004000e+03 4.516690e-01
8.005000e+03 4.514660e-01
8.006000e+03 4.514490e-01
8.007000e+03 4.514310e-01
8.008000e+03 4.514140e-01
8.009000e+03 4.513960e-01
8.010000e+03 4.513790e-01
8.011000e+03 4.513720e-01
8.012000e+03 4.513650e-01
8.013000e+03 4.513580e-01
8.014000e+03 4.513510e-01
8.015000e+03 4.513440e-01
8.016000e+03 4.514300e-01
8.017000e+03 4.515160e-01
8.018000e+03 4.516020e-01
8.019000e+03 4.516880e-01
8.020000e+03 4.517740e-01
8.021000e+03 4.517500e-01
8.022000e+03 4.517260e-01
8.023000e+03 4.517030e-01
8.024000e+03 4.516790e-01
8.025000e+03 4.516550e-01
8.026000e+03 4.516310e-01
8.027000e+03 4.516080e-01
8.028000e+03 4.515840e-01
8.029000e+03 4.515600e-01
8.030000e+03 4.515370e-01
8.031000e+03 4.516420e-01
8.032000e+03 4.517470e-01
8.033000e+03 4.518530e-01
8.034000e+03 4.519580e-01
8.035000e+03 4.520630e-01
8.036000e+03 4.520760e-01
8.037000e+03 4.518730e-01
8.038000e+03 4.516700e-01
8.039000e+03 4.507730e-01
8.040000e+03 4.498750e-01
8.041000e+03 4.489630e-01
8.042000e+03 4.480510e-01
8.043000e+03 4.471390e-01
8.044000e+03 4.462280e-01
8.045000e+03 4.453400e-01
8.046000e+03 4.446340e-01
8.047000e+03 4.439040e-01
8.048000e+03 4.431730e-01
8.049000e+03 4.424420e-01
8.050000e+03 4.417090e-01
8.051000e+03 4.409640e-01
8.052000e+03 4.402170e-01
8.053000e+03 4.394700e-01
8.054000e+03 4.387220e-01
8.055000e+03 4.379980e-01
8.056000e+03 4.370940e-01
8.057000e+03 4.361660e-01
8.058000e+03 4.352390e-01
8.059000e+03 4.343110e-01
8.060000e+03 4.333830e-01
8.061000e+03 4.324500e-01
8.062000e+03 4.315170e-01
8.063000e+03 4.306080e-01
8.064000e+03 4.296990e-01
8.065000e+03 4.287660e-01
8.066000e+03 4.278330e-01
8.067000e+03 4.269000e-01
8.068000e+03 4.259680e-01
8.069000e+03 4.250350e-01
8.070000e+03 4.241020e-01
8.071000e+03 4.232090e-01
8.072000e+03 4.223160e-01
8.073000e+03 4.207260e-01
8.074000e+03 4.191350e-01
8.075000e+03 4.173050e-01
8.076000e+03 4.154750e-01
8.077000e+03 4.136690e-01
8.078000e+03 4.118630e-01
8.079000e+03 4.100330e-01
8.080000e+03 4.082020e-01
8.081000e+03 4.062680e-01
8.082000e+03 4.043350e-01
8.083000e+03 4.024270e-01
8.084000e+03 4.005190e-01
8.085000e+03 3.985890e-01
8.086000e+03 3.966600e-01
8.087000e+03 3.947550e-01
8.088000e+03 3.928520e-01
8.089000e+03 3.909260e-01
8.090000e+03 3.890000e-01
8.091000e+03 3.871350e-01
8.092000e+03 3.852710e-01
8.093000e+03 3.833840e-01
8.094000e+03 3.814970e-01
8.095000e+03 3.796350e-01
8.096000e+03 3.778510e-01
8.097000e+03 3.760430e-01
8.098000e+03 3.742340e-01
8.099000e+03 3.724500e-01
8.100000e+03 3.706650e-01
8.101000e+03 3.688470e-01
8.102000e+03 3.670280e-01
8.103000e+03 3.652330e-01
8.104000e+03 3.634380e-01
8.105000e+03 3.616190e-01
8.106000e+03 3.596520e-01
8.107000e+03 3.577110e-01
8.108000e+03 3.557710e-01
8.109000e+03 3.538090e-01
8.110000e+03 3.518490e-01
8.111000e+03 3.498440e-01
8.112000e+03 3.478420e-01
8.113000e+03 3.458180e-01
8.114000e+03 3.437960e-01
8.115000e+03 3.418000e-01
8.116000e+03 3.398770e-01
8.117000e+03 3.379310e-01
8.118000e+03 3.359870e-01
8.119000e+03 3.340670e-01
8.120000e+03 3.321500e-01
8.121000e+03 3.302870e-01
8.122000e+03 3.284250e-01
8.123000e+03 3.265870e-01
8.124000e+03 3.247500e-01
8.125000e+03 3.228900e-01
8.126000e+03 3.205660e-01
8.127000e+03 3.182710e-01
8.128000e+03 3.159810e-01
8.129000e+03 3.136740e-01
8.130000e+03 3.113730e-01
8.131000e+03 3.085920e-01
8.132000e+03 3.058220e-01
8.133000e+03 3.030870e-01
8.134000e+03 3.003640e-01
8.135000e+03 2.976290e-01
8.136000e+03 2.954690e-01
8.137000e+03 2.933380e-01
8.138000e+03 2.912110e-01
8.139000e+03 2.890660e-01
8.140000e+03 2.869260e-01
8.141000e+03 2.850280e-01
8.142000e+03 2.831320e-01
8.143000e+03 2.812160e-01
8.144000e+03 2.793010e-01
8.145000e+03 2.774110e-01
8.146000e+03 2.751110e-01
8.147000e+03 2.727950e-01
8.148000e+03 2.704870e-01
8.149000e+03 2.682080e-01
8.150000e+03 2.659360e-01
8.151000e+03 2.635620e-01
8.152000e+03 2.611960e-01
8.153000e+03 2.588610e-01
8.154000e+03 2.565350e-01
8.155000e+03 2.541940e-01
8.156000e+03 2.519180e-01
8.157000e+03 2.496710e-01
8.158000e+03 2.474330e-01
8.159000e+03 2.451790e-01
8.160000e+03 2.429340e-01
8.161000e+03 2.409570e-01
8.162000e+03 2.389850e-01
8.163000e+03 2.369950e-01
8.164000e+03 2.350090e-01
8.165000e+03 2.330500e-01
8.166000e+03 2.321250e-01
8.167000e+03 2.311680e-01
8.168000e+03 2.302010e-01
8.169000e+03 2.292450e-01
8.170000e+03 2.282800e-01
8.171000e+03 2.265830e-01
8.172000e+03 2.248870e-01
8.173000e+03 2.232130e-01
8.174000e+03 2.215390e-01
8.175000e+03 2.198430e-01
8.176000e+03 2.172850e-01
8.177000e+03 2.147630e-01
8.178000e+03 2.122540e-01
8.179000e+03 2.097360e-01
8.180000e+03 2.072310e-01
8.181000e+03 2.061930e-01
8.182000e+03 2.051450e-01
8.183000e+03 2.041090e-01
8.184000e+03 2.030630e-01
8.185000e+03 2.019840e-01
8.186000e+03 2.007620e-01
8.187000e+03 1.995550e-01
8.188000e+03 1.983400e-01
8.189000e+03 1.970950e-01
8.190000e+03 1.958410e-01
8.191000e+03 1.941910e-01
8.192000e+03 1.925400e-01
8.193000e+03 1.908650e-01
8.194000e+03 1.891900e-01
8.195000e+03 1.875370e-01
8.196000e+03 1.858430e-01
8.197000e+03 1.841260e-01
8.198000e+03 1.824090e-01
8.199000e+03 1.807150e-01
8.200000e+03 1.790200e-01
8.201000e+03 1.782330e-01
8.202000e+03 1.774280e-01
8.203000e+03 1.766270e-01
8.204000e+03 1.758090e-01
8.205000e+03 1.749500e-01
8.206000e+03 1.738530e-01
8.207000e+03 1.727660e-01
8.208000e+03 1.716660e-01
8.209000e+03 1.705290e-01
8.210000e+03 1.693780e-01
8.211000e+03 1.675300e-01
8.212000e+03 1.656840e-01
8.213000e+03 1.638160e-01
8.214000e+03 1.619500e-01
8.215000e+03 1.601090e-01
8.216000e+03 1.579720e-01
8.217000e+03 1.558210e-01
8.218000e+03 1.536780e-01
8.219000e+03 1.515660e-01
8.220000e+03 1.494630e-01
8.221000e+03 1.464570e-01
8.222000e+03 1.434810e-01
8.223000e+03 1.405570e-01
8.224000e+03 1.376620e-01
8.225000e+03 1.347730e-01
8.226000e+03 1.315340e-01
8.227000e+03 1.283560e-01
8.228000e+03 1.252160e-01
8.229000e+03 1.220930e-01
8.230000e+03 1.190100e-01
8.231000e+03 1.180360e-01
8.232000e+03 1.170450e-01
8.233000e+03 1.160590e-01
8.234000e+03 1.150560e-01
8.235000e+03 1.140140e-01
8.236000e+03 1.136970e-01
8.237000e+03 1.133630e-01
8.238000e+03 1.129910e-01
8.239000e+03 1.125580e-01
8.240000e+03 1.120860e-01
8.241000e+03 1.108480e-01
8.242000e+03 1.095950e-01
8.243000e+03 1.083050e-01
8.244000e+03 1.069990e-01
8.245000e+03 1.057020e-01
8.246000e+03 1.040620e-01
8.247000e+03 1.023950e-01
8.248000e+03 1.007240e-01
8.249000e+03 9.907340e-02
8.250000e+03 9.741870e-02
8.251000e+03 9.554160e-02
8.252000e+03 9.366800e-02
8.253000e+03 9.182130e-02
8.254000e+03 8.997810e-02
8.255000e+03 8.811500e-02
8.256000e+03 8.625550e-02
8.257000e+03 8.442280e-02
8.258000e+03 8.259350e-02
8.259000e+03 8.074450e-02
8.260000e+03 7.889900e-02
8.261000e+03 7.734980e-02
8.262000e+03 7.579190e-02
8.263000e+03 7.420180e-02
8.264000e+03 7.260300e-02
8.265000e+03 7.101890e-02
8.266000e+03 6.931050e-02
8.267000e+03 6.757570e-02
8.268000e+03 6.583800e-02
8.269000e+03 6.412120e-02
8.270000e+03 6.240150e-02
8.271000e+03 6.029980e-02
8.272000e+03 5.821630e-02
8.273000e+03 5.617440e-02
8.274000e+03 5.415050e-02
8.275000e+03 5.212160e-02
8.276000e+03 5.021840e-02
8.277000e+03 4.834890e-02
8.278000e+03 4.649000e-02
8.279000e+03 4.461900e-02
8.280000e+03 4.275880e-02
8.281000e+03 4.198270e-02
8.282000e+03 4.120310e-02
8.283000e+03 4.042010e-02
8.284000e+03 3.963360e-02
8.285000e+03 3.886650e-02
8.286000e+03 3.802270e-02
8.287000e+03 3.715590e-02
8.288000e+03 3.628900e-02
8.289000e+03 3.542190e-02
8.290000e+03 3.455480e-02
8.291000e+03 3.370940e-02
8.292000e+03 3.286270e-02
8.293000e+03 3.203770e-02
8.294000e+03 3.121150e-02
8.295000e+03 3.036110e-02
8.296000e+03 2.954720e-02
8.297000e+03 2.872990e-02
8.298000e+03 2.790900e-02
8.299000e+03 2.708460e-02
8.300000e+03 2.625670e-02
8.301000e+03 2.541150e-02
8.302000e+03 2.456530e-02
8.303000e+03 2.369510e-02
8.304000e+03 2.282390e-02
8.305000e+03 2.195190e-02
8.306000e+03 2.111000e-02
8.307000e+03 2.026460e-02
8.308000e+03 1.941580e-02
8.309000e+03 1.858690e-02
8.310000e+03 1.775450e-02
8.311000e+03 1.685700e-02
8.312000e+03 1.596000e-02
8.313000e+03 1.506360e-02
8.314000e+03 1.416770e-02
8.315000e+03 1.327230e-02
8.316000e+03 1.234900e-02
8.317000e+03 1.145370e-02
8.318000e+03 1.056290e-02
8.319000e+03 9.653440e-03
8.320000e+03 8.748590e-03
8.321000e+03 7.881860e-03
8.322000e+03 7.012280e-03
8.323000e+03 6.139840e-03
8.324000e+03 5.264550e-03
8.325000e+03 4.409750e-03
8.326000e+03 3.554390e-03
8.327000e+03 2.671740e-03
8.328000e+03 1.785130e-03
8.329000e+03 8.945460e-04
