# # Wavelength(Angstrom)  Transmission
3.200000e+03 1.429550e-14
3.201000e+03 3.292500e-04
3.202000e+03 6.890390e-04
3.203000e+03 1.080520e-03
3.204000e+03 1.504870e-03
3.205000e+03 1.963060e-03
3.206000e+03 2.460430e-03
3.207000e+03 2.996160e-03
3.208000e+03 3.571410e-03
3.209000e+03 4.187580e-03
3.210000e+03 4.846120e-03
3.211000e+03 5.034380e-03
3.212000e+03 5.226420e-03
3.213000e+03 5.422250e-03
3.214000e+03 5.621930e-03
3.215000e+03 5.824880e-03
3.216000e+03 5.991510e-03
3.217000e+03 6.160140e-03
3.218000e+03 6.330140e-03
3.219000e+03 6.501510e-03
3.220000e+03 6.674230e-03
3.221000e+03 6.875990e-03
3.222000e+03 7.080270e-03
3.223000e+03 7.287090e-03
3.224000e+03 7.496450e-03
3.225000e+03 7.707620e-03
3.226000e+03 7.988100e-03
3.227000e+03 8.275660e-03
3.228000e+03 8.569670e-03
3.229000e+03 8.870210e-03
3.230000e+03 9.177360e-03
3.231000e+03 9.530990e-03
3.232000e+03 9.893110e-03
3.233000e+03 1.026380e-02
3.234000e+03 1.064330e-02
3.235000e+03 1.103050e-02
3.236000e+03 1.135600e-02
3.237000e+03 1.168790e-02
3.238000e+03 1.202550e-02
3.239000e+03 1.236860e-02
3.240000e+03 1.271740e-02
3.241000e+03 1.299660e-02
3.242000e+03 1.327760e-02
3.243000e+03 1.356050e-02
3.244000e+03 1.384510e-02
3.245000e+03 1.413040e-02
3.246000e+03 1.441060e-02
3.247000e+03 1.469330e-02
3.248000e+03 1.497750e-02
3.249000e+03 1.526300e-02
3.250000e+03 1.555000e-02
3.251000e+03 1.595050e-02
3.252000e+03 1.635680e-02
3.253000e+03 1.676900e-02
3.254000e+03 1.718710e-02
3.255000e+03 1.760980e-02
3.256000e+03 1.811520e-02
3.257000e+03 1.863130e-02
3.258000e+03 1.915670e-02
3.259000e+03 1.969160e-02
3.260000e+03 2.023590e-02
3.261000e+03 2.077250e-02
3.262000e+03 2.131800e-02
3.263000e+03 2.187250e-02
3.264000e+03 2.243600e-02
3.265000e+03 2.300700e-02
3.266000e+03 2.347250e-02
3.267000e+03 2.394460e-02
3.268000e+03 2.442160e-02
3.269000e+03 2.490360e-02
3.270000e+03 2.539050e-02
3.271000e+03 2.581090e-02
3.272000e+03 2.623340e-02
3.273000e+03 2.665810e-02
3.274000e+03 2.708490e-02
3.275000e+03 2.751190e-02
3.276000e+03 2.796590e-02
3.277000e+03 2.842490e-02
3.278000e+03 2.888680e-02
3.279000e+03 2.935160e-02
3.280000e+03 2.981940e-02
3.281000e+03 3.046570e-02
3.282000e+03 3.112080e-02
3.283000e+03 3.178500e-02
3.284000e+03 3.245830e-02
3.285000e+03 3.313840e-02
3.286000e+03 3.390190e-02
3.287000e+03 3.467920e-02
3.288000e+03 3.546830e-02
3.289000e+03 3.626920e-02
3.290000e+03 3.708220e-02
3.291000e+03 3.778320e-02
3.292000e+03 3.849280e-02
3.293000e+03 3.921090e-02
3.294000e+03 3.993760e-02
3.295000e+03 4.067040e-02
3.296000e+03 4.127350e-02
3.297000e+03 4.188400e-02
3.298000e+03 4.249910e-02
3.299000e+03 4.311910e-02
3.300000e+03 4.374380e-02
3.301000e+03 4.427250e-02
3.302000e+03 4.480360e-02
3.303000e+03 4.533720e-02
3.304000e+03 4.587320e-02
3.305000e+03 4.640890e-02
3.306000e+03 4.700650e-02
3.307000e+03 4.761110e-02
3.308000e+03 4.821960e-02
3.309000e+03 4.883200e-02
3.310000e+03 4.944850e-02
3.311000e+03 5.019270e-02
3.312000e+03 5.094430e-02
3.313000e+03 5.161810e-02
3.314000e+03 5.229760e-02
3.315000e+03 5.295780e-02
3.316000e+03 5.373520e-02
3.317000e+03 5.451690e-02
3.318000e+03 5.530610e-02
3.319000e+03 5.610280e-02
3.320000e+03 5.690710e-02
3.321000e+03 5.759080e-02
3.322000e+03 5.828000e-02
3.323000e+03 5.897110e-02
3.324000e+03 5.966770e-02
3.325000e+03 6.037310e-02
3.326000e+03 6.096120e-02
3.327000e+03 6.154910e-02
3.328000e+03 6.214030e-02
3.329000e+03 6.273480e-02
3.330000e+03 6.333260e-02
3.331000e+03 6.378550e-02
3.332000e+03 6.423940e-02
3.333000e+03 6.469080e-02
3.334000e+03 6.514320e-02
3.335000e+03 6.560040e-02
3.336000e+03 6.613850e-02
3.337000e+03 6.667490e-02
3.338000e+03 6.721350e-02
3.339000e+03 6.775450e-02
3.340000e+03 6.829790e-02
3.341000e+03 6.900580e-02
3.342000e+03 6.971920e-02
3.343000e+03 7.043410e-02
3.344000e+03 7.115450e-02
3.345000e+03 7.188460e-02
3.346000e+03 7.264930e-02
3.347000e+03 7.338010e-02
3.348000e+03 7.411650e-02
3.349000e+03 7.474790e-02
3.350000e+03 7.538320e-02
3.351000e+03 7.590310e-02
3.352000e+03 7.642580e-02
3.353000e+03 7.695140e-02
3.354000e+03 7.747990e-02
3.355000e+03 7.801120e-02
3.356000e+03 7.845390e-02
3.357000e+03 7.889840e-02
3.358000e+03 7.934470e-02
3.359000e+03 7.979270e-02
3.360000e+03 8.024230e-02
3.361000e+03 8.057830e-02
3.362000e+03 8.091460e-02
3.363000e+03 8.125140e-02
3.364000e+03 8.158830e-02
3.365000e+03 8.192530e-02
3.366000e+03 8.226210e-02
3.367000e+03 8.259930e-02
3.368000e+03 8.293690e-02
3.369000e+03 8.327490e-02
3.370000e+03 8.361330e-02
3.371000e+03 8.399020e-02
3.372000e+03 8.436800e-02
3.373000e+03 8.474670e-02
3.374000e+03 8.512640e-02
3.375000e+03 8.550700e-02
3.376000e+03 8.605500e-02
3.377000e+03 8.660520e-02
3.378000e+03 8.715780e-02
3.379000e+03 8.771250e-02
3.380000e+03 8.826960e-02
3.381000e+03 8.879910e-02
3.382000e+03 8.933060e-02
3.383000e+03 8.986420e-02
3.384000e+03 9.039980e-02
3.385000e+03 9.093740e-02
3.386000e+03 9.137340e-02
3.387000e+03 9.181090e-02
3.388000e+03 9.224970e-02
3.389000e+03 9.268990e-02
3.390000e+03 9.313120e-02
3.391000e+03 9.353190e-02
3.392000e+03 9.393350e-02
3.393000e+03 9.433590e-02
3.394000e+03 9.473900e-02
3.395000e+03 9.514300e-02
3.396000e+03 9.547590e-02
3.397000e+03 9.580900e-02
3.398000e+03 9.614220e-02
3.399000e+03 9.647570e-02
3.400000e+03 9.680930e-02
3.401000e+03 9.717860e-02
3.402000e+03 9.754850e-02
3.403000e+03 9.791900e-02
3.404000e+03 9.829010e-02
3.405000e+03 9.866190e-02
3.406000e+03 9.910830e-02
3.407000e+03 9.955580e-02
3.408000e+03 1.000050e-01
3.409000e+03 1.004550e-01
3.410000e+03 1.009060e-01
3.411000e+03 1.013270e-01
3.412000e+03 1.017490e-01
3.413000e+03 1.021720e-01
3.414000e+03 1.025970e-01
3.415000e+03 1.030230e-01
3.416000e+03 1.034500e-01
3.417000e+03 1.038790e-01
3.418000e+03 1.043090e-01
3.419000e+03 1.047410e-01
3.420000e+03 1.051730e-01
3.421000e+03 1.055810e-01
3.422000e+03 1.059900e-01
3.423000e+03 1.064000e-01
3.424000e+03 1.068100e-01
3.425000e+03 1.072220e-01
3.426000e+03 1.075550e-01
3.427000e+03 1.078900e-01
3.428000e+03 1.082240e-01
3.429000e+03 1.085590e-01
3.430000e+03 1.088940e-01
3.431000e+03 1.092040e-01
3.432000e+03 1.095150e-01
3.433000e+03 1.098260e-01
3.434000e+03 1.101370e-01
3.435000e+03 1.104490e-01
3.436000e+03 1.107620e-01
3.437000e+03 1.110750e-01
3.438000e+03 1.113890e-01
3.439000e+03 1.117040e-01
3.440000e+03 1.120190e-01
3.441000e+03 1.123740e-01
3.442000e+03 1.127290e-01
3.443000e+03 1.130850e-01
3.444000e+03 1.134410e-01
3.445000e+03 1.137980e-01
3.446000e+03 1.142370e-01
3.447000e+03 1.146770e-01
3.448000e+03 1.151180e-01
3.449000e+03 1.155590e-01
3.450000e+03 1.160010e-01
3.451000e+03 1.163930e-01
3.452000e+03 1.167860e-01
3.453000e+03 1.171800e-01
3.454000e+03 1.175730e-01
3.455000e+03 1.179670e-01
3.456000e+03 1.183180e-01
3.457000e+03 1.186700e-01
3.458000e+03 1.190220e-01
3.459000e+03 1.193750e-01
3.460000e+03 1.197280e-01
3.461000e+03 1.200670e-01
3.462000e+03 1.204060e-01
3.463000e+03 1.207460e-01
3.464000e+03 1.210860e-01
3.465000e+03 1.214280e-01
3.466000e+03 1.217700e-01
3.467000e+03 1.221130e-01
3.468000e+03 1.224570e-01
3.469000e+03 1.228010e-01
3.470000e+03 1.231450e-01
3.471000e+03 1.234940e-01
3.472000e+03 1.238420e-01
3.473000e+03 1.241920e-01
3.474000e+03 1.245420e-01
3.475000e+03 1.248930e-01
3.476000e+03 1.252440e-01
3.477000e+03 1.255960e-01
3.478000e+03 1.259480e-01
3.479000e+03 1.263010e-01
3.480000e+03 1.266550e-01
3.481000e+03 1.269970e-01
3.482000e+03 1.273400e-01
3.483000e+03 1.276840e-01
3.484000e+03 1.280280e-01
3.485000e+03 1.283730e-01
3.486000e+03 1.287650e-01
3.487000e+03 1.291570e-01
3.488000e+03 1.295510e-01
3.489000e+03 1.299450e-01
3.490000e+03 1.303400e-01
3.491000e+03 1.306770e-01
3.492000e+03 1.310140e-01
3.493000e+03 1.313510e-01
3.494000e+03 1.316880e-01
3.495000e+03 1.320250e-01
3.496000e+03 1.323610e-01
3.497000e+03 1.326960e-01
3.498000e+03 1.330310e-01
3.499000e+03 1.333660e-01
3.500000e+03 1.337000e-01
3.501000e+03 1.339870e-01
3.502000e+03 1.342740e-01
3.503000e+03 1.345600e-01
3.504000e+03 1.348450e-01
3.505000e+03 1.351300e-01
3.506000e+03 1.354610e-01
3.507000e+03 1.357920e-01
3.508000e+03 1.361230e-01
3.509000e+03 1.364530e-01
3.510000e+03 1.367840e-01
3.511000e+03 1.370480e-01
3.512000e+03 1.373130e-01
3.513000e+03 1.375770e-01
3.514000e+03 1.378420e-01
3.515000e+03 1.381080e-01
3.516000e+03 1.384230e-01
3.517000e+03 1.387370e-01
3.518000e+03 1.390520e-01
3.519000e+03 1.393670e-01
3.520000e+03 1.396830e-01
3.521000e+03 1.400620e-01
3.522000e+03 1.404420e-01
3.523000e+03 1.408230e-01
3.524000e+03 1.412040e-01
3.525000e+03 1.415860e-01
3.526000e+03 1.419200e-01
3.527000e+03 1.422540e-01
3.528000e+03 1.425890e-01
3.529000e+03 1.429250e-01
3.530000e+03 1.432610e-01
3.531000e+03 1.435700e-01
3.532000e+03 1.438790e-01
3.533000e+03 1.441890e-01
3.534000e+03 1.444990e-01
3.535000e+03 1.448100e-01
3.536000e+03 1.450720e-01
3.537000e+03 1.453350e-01
3.538000e+03 1.455970e-01
3.539000e+03 1.458600e-01
3.540000e+03 1.461240e-01
3.541000e+03 1.464580e-01
3.542000e+03 1.467920e-01
3.543000e+03 1.471280e-01
3.544000e+03 1.474630e-01
3.545000e+03 1.478000e-01
3.546000e+03 1.481370e-01
3.547000e+03 1.484750e-01
3.548000e+03 1.488140e-01
3.549000e+03 1.491530e-01
3.550000e+03 1.494930e-01
3.551000e+03 1.498130e-01
3.552000e+03 1.501340e-01
3.553000e+03 1.504550e-01
3.554000e+03 1.507770e-01
3.555000e+03 1.511000e-01
3.556000e+03 1.514230e-01
3.557000e+03 1.517470e-01
3.558000e+03 1.520720e-01
3.559000e+03 1.523970e-01
3.560000e+03 1.527230e-01
3.561000e+03 1.529950e-01
3.562000e+03 1.532680e-01
3.563000e+03 1.535410e-01
3.564000e+03 1.538140e-01
3.565000e+03 1.540870e-01
3.566000e+03 1.544120e-01
3.567000e+03 1.547370e-01
3.568000e+03 1.550620e-01
3.569000e+03 1.553880e-01
3.570000e+03 1.557140e-01
3.571000e+03 1.560380e-01
3.572000e+03 1.563620e-01
3.573000e+03 1.566860e-01
3.574000e+03 1.570110e-01
3.575000e+03 1.573360e-01
3.576000e+03 1.576610e-01
3.577000e+03 1.579870e-01
3.578000e+03 1.583140e-01
3.579000e+03 1.586400e-01
3.580000e+03 1.589680e-01
3.581000e+03 1.593020e-01
3.582000e+03 1.596370e-01
3.583000e+03 1.599730e-01
3.584000e+03 1.603090e-01
3.585000e+03 1.606450e-01
3.586000e+03 1.609290e-01
3.587000e+03 1.612130e-01
3.588000e+03 1.614970e-01
3.589000e+03 1.617820e-01
3.590000e+03 1.620670e-01
3.591000e+03 1.623920e-01
3.592000e+03 1.627180e-01
3.593000e+03 1.630450e-01
3.594000e+03 1.633720e-01
3.595000e+03 1.637000e-01
3.596000e+03 1.640290e-01
3.597000e+03 1.643580e-01
3.598000e+03 1.646880e-01
3.599000e+03 1.650190e-01
3.600000e+03 1.653500e-01
3.601000e+03 1.656160e-01
3.602000e+03 1.658820e-01
3.603000e+03 1.661490e-01
3.604000e+03 1.664160e-01
3.605000e+03 1.666840e-01
3.606000e+03 1.670060e-01
3.607000e+03 1.673290e-01
3.608000e+03 1.676530e-01
3.609000e+03 1.679770e-01
3.610000e+03 1.683020e-01
3.611000e+03 1.686390e-01
3.612000e+03 1.689770e-01
3.613000e+03 1.693150e-01
3.614000e+03 1.696530e-01
3.615000e+03 1.699920e-01
3.616000e+03 1.703310e-01
3.617000e+03 1.706710e-01
3.618000e+03 1.710120e-01
3.619000e+03 1.713530e-01
3.620000e+03 1.716940e-01
3.621000e+03 1.719740e-01
3.622000e+03 1.722550e-01
3.623000e+03 1.725360e-01
3.624000e+03 1.728170e-01
3.625000e+03 1.730980e-01
3.626000e+03 1.734360e-01
3.627000e+03 1.737730e-01
3.628000e+03 1.741110e-01
3.629000e+03 1.744500e-01
3.630000e+03 1.747880e-01
3.631000e+03 1.751220e-01
3.632000e+03 1.754570e-01
3.633000e+03 1.757920e-01
3.634000e+03 1.761270e-01
3.635000e+03 1.764620e-01
3.636000e+03 1.767420e-01
3.637000e+03 1.770210e-01
3.638000e+03 1.773010e-01
3.639000e+03 1.775820e-01
3.640000e+03 1.778630e-01
3.641000e+03 1.781920e-01
3.642000e+03 1.785220e-01
3.643000e+03 1.788530e-01
3.644000e+03 1.791840e-01
3.645000e+03 1.795150e-01
3.646000e+03 1.798470e-01
3.647000e+03 1.801800e-01
3.648000e+03 1.805120e-01
3.649000e+03 1.808460e-01
3.650000e+03 1.811790e-01
3.651000e+03 1.814560e-01
3.652000e+03 1.817320e-01
3.653000e+03 1.820090e-01
3.654000e+03 1.822860e-01
3.655000e+03 1.825640e-01
3.656000e+03 1.828990e-01
3.657000e+03 1.832340e-01
3.658000e+03 1.835690e-01
3.659000e+03 1.839050e-01
3.660000e+03 1.842410e-01
3.661000e+03 1.845710e-01
3.662000e+03 1.849020e-01
3.663000e+03 1.852330e-01
3.664000e+03 1.855650e-01
3.665000e+03 1.858970e-01
3.666000e+03 1.861720e-01
3.667000e+03 1.864470e-01
3.668000e+03 1.867220e-01
3.669000e+03 1.869980e-01
3.670000e+03 1.872740e-01
3.671000e+03 1.876070e-01
3.672000e+03 1.879420e-01
3.673000e+03 1.882760e-01
3.674000e+03 1.886110e-01
3.675000e+03 1.889460e-01
3.676000e+03 1.892820e-01
3.677000e+03 1.896180e-01
3.678000e+03 1.899550e-01
3.679000e+03 1.902910e-01
3.680000e+03 1.906280e-01
3.681000e+03 1.909070e-01
3.682000e+03 1.911860e-01
3.683000e+03 1.914650e-01
3.684000e+03 1.917440e-01
3.685000e+03 1.920240e-01
3.686000e+03 1.923630e-01
3.687000e+03 1.927040e-01
3.688000e+03 1.930440e-01
3.689000e+03 1.933850e-01
3.690000e+03 1.937260e-01
3.691000e+03 1.940000e-01
3.692000e+03 1.942730e-01
3.693000e+03 1.945460e-01
3.694000e+03 1.948190e-01
3.695000e+03 1.950920e-01
3.696000e+03 1.954240e-01
3.697000e+03 1.957570e-01
3.698000e+03 1.960880e-01
3.699000e+03 1.964200e-01
3.700000e+03 1.967510e-01
3.701000e+03 1.970760e-01
3.702000e+03 1.974020e-01
3.703000e+03 1.977270e-01
3.704000e+03 1.980510e-01
3.705000e+03 1.983750e-01
3.706000e+03 1.986380e-01
3.707000e+03 1.989000e-01
3.708000e+03 1.991620e-01
3.709000e+03 1.994230e-01
3.710000e+03 1.996840e-01
3.711000e+03 2.000000e-01
3.712000e+03 2.003160e-01
3.713000e+03 2.006320e-01
3.714000e+03 2.009490e-01
3.715000e+03 2.012660e-01
3.716000e+03 2.015220e-01
3.717000e+03 2.017780e-01
3.718000e+03 2.020340e-01
3.719000e+03 2.022900e-01
3.720000e+03 2.025460e-01
3.721000e+03 2.028570e-01
3.722000e+03 2.031680e-01
3.723000e+03 2.034790e-01
3.724000e+03 2.037900e-01
3.725000e+03 2.041020e-01
3.726000e+03 2.043510e-01
3.727000e+03 2.046010e-01
3.728000e+03 2.048510e-01
3.729000e+03 2.051010e-01
3.730000e+03 2.053520e-01
3.731000e+03 2.056710e-01
3.732000e+03 2.059900e-01
3.733000e+03 2.063100e-01
3.734000e+03 2.066300e-01
3.735000e+03 2.069510e-01
3.736000e+03 2.072090e-01
3.737000e+03 2.074670e-01
3.738000e+03 2.077250e-01
3.739000e+03 2.079840e-01
3.740000e+03 2.082430e-01
3.741000e+03 2.085530e-01
3.742000e+03 2.088640e-01
3.743000e+03 2.091760e-01
3.744000e+03 2.094880e-01
3.745000e+03 2.098020e-01
3.746000e+03 2.100530e-01
3.747000e+03 2.103050e-01
3.748000e+03 2.105580e-01
3.749000e+03 2.108130e-01
3.750000e+03 2.110680e-01
3.751000e+03 2.113910e-01
3.752000e+03 2.117150e-01
3.753000e+03 2.120410e-01
3.754000e+03 2.123670e-01
3.755000e+03 2.126950e-01
3.756000e+03 2.129600e-01
3.757000e+03 2.132250e-01
3.758000e+03 2.134920e-01
3.759000e+03 2.137590e-01
3.760000e+03 2.140270e-01
3.761000e+03 2.143540e-01
3.762000e+03 2.146830e-01
3.763000e+03 2.150110e-01
3.764000e+03 2.153400e-01
3.765000e+03 2.156690e-01
3.766000e+03 2.159330e-01
3.767000e+03 2.161980e-01
3.768000e+03 2.164630e-01
3.769000e+03 2.167280e-01
3.770000e+03 2.169940e-01
3.771000e+03 2.173140e-01
3.772000e+03 2.176340e-01
3.773000e+03 2.179550e-01
3.774000e+03 2.182760e-01
3.775000e+03 2.185980e-01
3.776000e+03 2.188540e-01
3.777000e+03 2.191110e-01
3.778000e+03 2.193680e-01
3.779000e+03 2.196250e-01
3.780000e+03 2.198820e-01
3.781000e+03 2.201990e-01
3.782000e+03 2.205160e-01
3.783000e+03 2.208330e-01
3.784000e+03 2.211510e-01
3.785000e+03 2.214680e-01
3.786000e+03 2.217200e-01
3.787000e+03 2.219720e-01
3.788000e+03 2.222230e-01
3.789000e+03 2.224750e-01
3.790000e+03 2.227270e-01
3.791000e+03 2.229750e-01
3.792000e+03 2.232220e-01
3.793000e+03 2.231390e-01
3.794000e+03 2.230550e-01
3.795000e+03 2.228480e-01
3.796000e+03 2.227060e-01
3.797000e+03 2.225750e-01
3.798000e+03 2.224440e-01
3.799000e+03 2.223120e-01
3.800000e+03 2.221790e-01
3.801000e+03 2.219790e-01
3.802000e+03 2.217780e-01
3.803000e+03 2.215880e-01
3.804000e+03 2.213980e-01
3.805000e+03 2.211950e-01
3.806000e+03 2.210560e-01
3.807000e+03 2.209280e-01
3.808000e+03 2.207990e-01
3.809000e+03 2.206690e-01
3.810000e+03 2.205380e-01
3.811000e+03 2.203230e-01
3.812000e+03 2.201070e-01
3.813000e+03 2.199030e-01
3.814000e+03 2.196980e-01
3.815000e+03 2.194800e-01
3.816000e+03 2.193250e-01
3.817000e+03 2.191820e-01
3.818000e+03 2.190370e-01
3.819000e+03 2.188920e-01
3.820000e+03 2.187460e-01
3.821000e+03 2.185140e-01
3.822000e+03 2.182800e-01
3.823000e+03 2.180590e-01
3.824000e+03 2.178370e-01
3.825000e+03 2.176010e-01
3.826000e+03 2.174290e-01
3.827000e+03 2.171520e-01
3.828000e+03 2.168750e-01
3.829000e+03 2.162360e-01
3.830000e+03 2.155940e-01
3.831000e+03 2.148760e-01
3.832000e+03 2.141560e-01
3.833000e+03 2.134340e-01
3.834000e+03 2.127100e-01
3.835000e+03 2.119970e-01
3.836000e+03 2.112820e-01
3.837000e+03 2.105520e-01
3.838000e+03 2.098200e-01
3.839000e+03 2.090860e-01
3.840000e+03 2.083490e-01
3.841000e+03 2.076250e-01
3.842000e+03 2.068990e-01
3.843000e+03 2.061700e-01
3.844000e+03 2.054400e-01
3.845000e+03 2.047200e-01
3.846000e+03 2.040570e-01
3.847000e+03 2.033780e-01
3.848000e+03 2.026970e-01
3.849000e+03 2.020130e-01
3.850000e+03 2.013260e-01
3.851000e+03 2.005580e-01
3.852000e+03 1.997880e-01
3.853000e+03 1.990150e-01
3.854000e+03 1.982410e-01
3.855000e+03 1.974790e-01
3.856000e+03 1.967710e-01
3.857000e+03 1.960470e-01
3.858000e+03 1.953210e-01
3.859000e+03 1.945930e-01
3.860000e+03 1.938620e-01
3.861000e+03 1.930850e-01
3.862000e+03 1.923070e-01
3.863000e+03 1.915270e-01
3.864000e+03 1.907440e-01
3.865000e+03 1.899740e-01
3.866000e+03 1.892020e-01
3.867000e+03 1.884140e-01
3.868000e+03 1.876250e-01
3.869000e+03 1.868340e-01
3.870000e+03 1.860410e-01
3.871000e+03 1.852910e-01
3.872000e+03 1.845390e-01
3.873000e+03 1.837850e-01
3.874000e+03 1.830290e-01
3.875000e+03 1.822830e-01
3.876000e+03 1.814840e-01
3.877000e+03 1.806690e-01
3.878000e+03 1.798530e-01
3.879000e+03 1.790340e-01
3.880000e+03 1.782140e-01
3.881000e+03 1.773920e-01
3.882000e+03 1.765670e-01
3.883000e+03 1.757410e-01
3.884000e+03 1.749130e-01
3.885000e+03 1.740970e-01
3.886000e+03 1.733290e-01
3.887000e+03 1.725440e-01
3.888000e+03 1.717570e-01
3.889000e+03 1.709670e-01
3.890000e+03 1.701760e-01
3.891000e+03 1.693240e-01
3.892000e+03 1.684700e-01
3.893000e+03 1.676150e-01
3.894000e+03 1.667590e-01
3.895000e+03 1.659150e-01
3.896000e+03 1.650700e-01
3.897000e+03 1.642090e-01
3.898000e+03 1.633470e-01
3.899000e+03 1.624830e-01
3.900000e+03 1.616180e-01
3.901000e+03 1.608050e-01
3.902000e+03 1.599900e-01
3.903000e+03 1.591730e-01
3.904000e+03 1.583540e-01
3.905000e+03 1.575460e-01
3.906000e+03 1.566930e-01
3.907000e+03 1.558240e-01
3.908000e+03 1.549540e-01
3.909000e+03 1.540820e-01
3.910000e+03 1.532080e-01
3.911000e+03 1.523210e-01
3.912000e+03 1.514320e-01
3.913000e+03 1.505410e-01
3.914000e+03 1.496490e-01
3.915000e+03 1.487690e-01
3.916000e+03 1.478870e-01
3.917000e+03 1.469900e-01
3.918000e+03 1.460910e-01
3.919000e+03 1.451900e-01
3.920000e+03 1.442870e-01
3.921000e+03 1.434250e-01
3.922000e+03 1.425610e-01
3.923000e+03 1.416950e-01
3.924000e+03 1.408260e-01
3.925000e+03 1.399690e-01
3.926000e+03 1.390700e-01
3.927000e+03 1.381560e-01
3.928000e+03 1.372390e-01
3.929000e+03 1.363200e-01
3.930000e+03 1.354000e-01
3.931000e+03 1.344810e-01
3.932000e+03 1.335610e-01
3.933000e+03 1.326380e-01
3.934000e+03 1.317130e-01
3.935000e+03 1.308010e-01
3.936000e+03 1.299230e-01
3.937000e+03 1.290280e-01
3.938000e+03 1.281310e-01
3.939000e+03 1.272310e-01
3.940000e+03 1.263290e-01
3.941000e+03 1.253870e-01
3.942000e+03 1.244440e-01
3.943000e+03 1.234990e-01
3.944000e+03 1.225520e-01
3.945000e+03 1.216190e-01
3.946000e+03 1.206830e-01
3.947000e+03 1.197320e-01
3.948000e+03 1.187780e-01
3.949000e+03 1.178240e-01
3.950000e+03 1.168670e-01
3.951000e+03 1.159010e-01
3.952000e+03 1.149340e-01
3.953000e+03 1.139660e-01
3.954000e+03 1.129960e-01
3.955000e+03 1.120390e-01
3.956000e+03 1.110810e-01
3.957000e+03 1.101070e-01
3.958000e+03 1.091310e-01
3.959000e+03 1.081540e-01
3.960000e+03 1.071760e-01
3.961000e+03 1.062260e-01
3.962000e+03 1.052740e-01
3.963000e+03 1.043190e-01
3.964000e+03 1.033620e-01
3.965000e+03 1.024170e-01
3.966000e+03 1.014410e-01
3.967000e+03 1.004490e-01
3.968000e+03 9.945390e-02
3.969000e+03 9.845710e-02
3.970000e+03 9.745810e-02
3.971000e+03 9.645910e-02
3.972000e+03 9.545790e-02
3.973000e+03 9.445430e-02
3.974000e+03 9.344830e-02
3.975000e+03 9.245490e-02
3.976000e+03 9.145920e-02
3.977000e+03 9.044620e-02
3.978000e+03 8.943100e-02
3.979000e+03 8.841360e-02
3.980000e+03 8.739400e-02
3.981000e+03 8.636910e-02
3.982000e+03 8.534220e-02
3.983000e+03 8.431340e-02
3.984000e+03 8.328280e-02
3.985000e+03 8.226540e-02
3.986000e+03 8.126870e-02
3.987000e+03 8.025450e-02
3.988000e+03 7.923780e-02
3.989000e+03 7.821870e-02
3.990000e+03 7.719720e-02
3.991000e+03 7.615200e-02
3.992000e+03 7.510510e-02
3.993000e+03 7.405640e-02
3.994000e+03 7.300610e-02
3.995000e+03 7.196930e-02
3.996000e+03 7.093080e-02
3.997000e+03 6.987540e-02
3.998000e+03 6.881820e-02
3.999000e+03 6.775930e-02
4.000000e+03 6.669870e-02
4.001000e+03 6.563290e-02
4.002000e+03 6.456550e-02
4.003000e+03 6.349650e-02
4.004000e+03 6.242580e-02
4.005000e+03 6.136880e-02
4.006000e+03 6.031010e-02
4.007000e+03 5.923450e-02
4.008000e+03 5.815730e-02
4.009000e+03 5.707840e-02
4.010000e+03 5.599790e-02
4.011000e+03 5.492950e-02
4.012000e+03 5.385890e-02
4.013000e+03 5.278610e-02
4.014000e+03 5.171110e-02
4.015000e+03 5.064940e-02
4.016000e+03 4.957200e-02
4.017000e+03 4.847750e-02
4.018000e+03 4.738140e-02
4.019000e+03 4.628360e-02
4.020000e+03 4.518430e-02
4.021000e+03 4.408540e-02
4.022000e+03 4.298470e-02
4.023000e+03 4.188230e-02
4.024000e+03 4.077820e-02
4.025000e+03 3.968800e-02
4.026000e+03 3.859600e-02
4.027000e+03 3.748680e-02
4.028000e+03 3.637580e-02
4.029000e+03 3.526310e-02
4.030000e+03 3.414870e-02
4.031000e+03 3.303340e-02
4.032000e+03 3.191630e-02
4.033000e+03 3.079740e-02
4.034000e+03 2.967670e-02
4.035000e+03 2.885240e-02
4.036000e+03 2.802690e-02
4.037000e+03 2.746730e-02
4.038000e+03 2.690680e-02
4.039000e+03 2.636110e-02
4.040000e+03 2.581460e-02
4.041000e+03 2.526420e-02
4.042000e+03 2.471310e-02
4.043000e+03 2.414550e-02
4.044000e+03 2.357700e-02
4.045000e+03 2.302360e-02
4.046000e+03 2.247550e-02
4.047000e+03 2.191060e-02
4.048000e+03 2.134450e-02
4.049000e+03 2.079320e-02
4.050000e+03 2.024080e-02
4.051000e+03 1.968290e-02
4.052000e+03 1.912420e-02
4.053000e+03 1.854870e-02
4.054000e+03 1.797250e-02
4.055000e+03 1.741130e-02
4.056000e+03 1.684930e-02
4.057000e+03 1.627060e-02
4.058000e+03 1.569100e-02
4.059000e+03 1.512650e-02
4.060000e+03 1.456130e-02
4.061000e+03 1.399550e-02
4.062000e+03 1.342890e-02
4.063000e+03 1.284550e-02
4.064000e+03 1.226110e-02
4.065000e+03 1.169200e-02
4.066000e+03 1.112200e-02
4.067000e+03 1.053510e-02
4.068000e+03 9.947270e-03
4.069000e+03 9.374710e-03
4.070000e+03 8.801300e-03
4.071000e+03 8.226660e-03
4.072000e+03 7.651220e-03
4.073000e+03 7.058830e-03
4.074000e+03 6.465620e-03
4.075000e+03 5.887760e-03
4.076000e+03 5.309110e-03
4.077000e+03 4.713450e-03
4.078000e+03 4.116980e-03
4.079000e+03 3.535900e-03
4.080000e+03 2.954020e-03
4.081000e+03 2.371390e-03
4.082000e+03 1.787940e-03
4.083000e+03 1.187390e-03
4.084000e+03 5.859770e-04
4.085000e+03 2.931970e-04
