# # Wavelength(Angstrom)  Transmission
3.864000e+03 4.995720e-14
3.865000e+03 2.542620e-04
3.866000e+03 5.090390e-04
3.867000e+03 1.005700e-03
3.868000e+03 1.503360e-03
3.869000e+03 2.015470e-03
3.870000e+03 2.528610e-03
3.871000e+03 3.030060e-03
3.872000e+03 3.532760e-03
3.873000e+03 4.050210e-03
3.874000e+03 4.568960e-03
3.875000e+03 5.088990e-03
3.876000e+03 5.608710e-03
3.877000e+03 6.115870e-03
3.878000e+03 6.624010e-03
3.879000e+03 7.146700e-03
3.880000e+03 7.670390e-03
3.881000e+03 8.181440e-03
3.882000e+03 8.693460e-03
3.883000e+03 9.220100e-03
3.884000e+03 9.747740e-03
3.885000e+03 1.026270e-02
3.886000e+03 1.078170e-02
3.887000e+03 1.131570e-02
3.888000e+03 1.185100e-02
3.889000e+03 1.237380e-02
3.890000e+03 1.289790e-02
3.891000e+03 1.343250e-02
3.892000e+03 1.396800e-02
3.893000e+03 1.450450e-02
3.894000e+03 1.504200e-02
3.895000e+03 1.556660e-02
3.896000e+03 1.609220e-02
3.897000e+03 1.663260e-02
3.898000e+03 1.717400e-02
3.899000e+03 1.770250e-02
3.900000e+03 1.823200e-02
3.901000e+03 1.878260e-02
3.902000e+03 1.933450e-02
3.903000e+03 1.987390e-02
3.904000e+03 2.041470e-02
3.905000e+03 2.097080e-02
3.906000e+03 2.152220e-02
3.907000e+03 2.207470e-02
3.908000e+03 2.262830e-02
3.909000e+03 2.316900e-02
3.910000e+03 2.371080e-02
3.911000e+03 2.426570e-02
3.912000e+03 2.482170e-02
3.913000e+03 2.536450e-02
3.914000e+03 2.590840e-02
3.915000e+03 2.673500e-02
3.916000e+03 2.756310e-02
3.917000e+03 2.864680e-02
3.918000e+03 2.973250e-02
3.919000e+03 3.082010e-02
3.920000e+03 3.190960e-02
3.921000e+03 3.301090e-02
3.922000e+03 3.411480e-02
3.923000e+03 3.522130e-02
3.924000e+03 3.633030e-02
3.925000e+03 3.744180e-02
3.926000e+03 3.854510e-02
3.927000e+03 3.965040e-02
3.928000e+03 4.075760e-02
3.929000e+03 4.186670e-02
3.930000e+03 4.297780e-02
3.931000e+03 4.410630e-02
3.932000e+03 4.523690e-02
3.933000e+03 4.635510e-02
3.934000e+03 4.747540e-02
3.935000e+03 4.859760e-02
3.936000e+03 4.973580e-02
3.937000e+03 5.087650e-02
3.938000e+03 5.201980e-02
3.939000e+03 5.316580e-02
3.940000e+03 5.431440e-02
3.941000e+03 5.544950e-02
3.942000e+03 5.658650e-02
3.943000e+03 5.772570e-02
3.944000e+03 5.886700e-02
3.945000e+03 6.001040e-02
3.946000e+03 6.115590e-02
3.947000e+03 6.230360e-02
3.948000e+03 6.345340e-02
3.949000e+03 6.462000e-02
3.950000e+03 6.578880e-02
3.951000e+03 6.694090e-02
3.952000e+03 6.809510e-02
3.953000e+03 6.925150e-02
3.954000e+03 7.041000e-02
3.955000e+03 7.157070e-02
3.956000e+03 7.273370e-02
3.957000e+03 7.389900e-02
3.958000e+03 7.506650e-02
3.959000e+03 7.623620e-02
3.960000e+03 7.740800e-02
3.961000e+03 7.860460e-02
3.962000e+03 7.980390e-02
3.963000e+03 8.100590e-02
3.964000e+03 8.221040e-02
3.965000e+03 8.343210e-02
3.966000e+03 8.463310e-02
3.967000e+03 8.582110e-02
3.968000e+03 8.701100e-02
3.969000e+03 8.820270e-02
3.970000e+03 8.939610e-02
3.971000e+03 9.059330e-02
3.972000e+03 9.179220e-02
3.973000e+03 9.299270e-02
3.974000e+03 9.419470e-02
3.975000e+03 9.539830e-02
3.976000e+03 9.660340e-02
3.977000e+03 9.781010e-02
3.978000e+03 9.901830e-02
3.979000e+03 1.002280e-01
3.980000e+03 1.014390e-01
3.981000e+03 1.026640e-01
3.982000e+03 1.038900e-01
3.983000e+03 1.051020e-01
3.984000e+03 1.063170e-01
3.985000e+03 1.075330e-01
3.986000e+03 1.087810e-01
3.987000e+03 1.100310e-01
3.988000e+03 1.112840e-01
3.989000e+03 1.125390e-01
3.990000e+03 1.137960e-01
3.991000e+03 1.150240e-01
3.992000e+03 1.162540e-01
3.993000e+03 1.174850e-01
3.994000e+03 1.187180e-01
3.995000e+03 1.199540e-01
3.996000e+03 1.211910e-01
3.997000e+03 1.224300e-01
3.998000e+03 1.236720e-01
3.999000e+03 1.249300e-01
4.000000e+03 1.261900e-01
4.001000e+03 1.274300e-01
4.002000e+03 1.286720e-01
4.003000e+03 1.299160e-01
4.004000e+03 1.311620e-01
4.005000e+03 1.324090e-01
4.006000e+03 1.336580e-01
4.007000e+03 1.349090e-01
4.008000e+03 1.361610e-01
4.009000e+03 1.374160e-01
4.010000e+03 1.386720e-01
4.011000e+03 1.399650e-01
4.012000e+03 1.412600e-01
4.013000e+03 1.425580e-01
4.014000e+03 1.438580e-01
4.015000e+03 1.451760e-01
4.016000e+03 1.464570e-01
4.017000e+03 1.477240e-01
4.018000e+03 1.489930e-01
4.019000e+03 1.502630e-01
4.020000e+03 1.515350e-01
4.021000e+03 1.528160e-01
4.022000e+03 1.540980e-01
4.023000e+03 1.553830e-01
4.024000e+03 1.566690e-01
4.025000e+03 1.579580e-01
4.026000e+03 1.592480e-01
4.027000e+03 1.605400e-01
4.028000e+03 1.618330e-01
4.029000e+03 1.631290e-01
4.030000e+03 1.644270e-01
4.031000e+03 1.657460e-01
4.032000e+03 1.670670e-01
4.033000e+03 1.683750e-01
4.034000e+03 1.696840e-01
4.035000e+03 1.709950e-01
4.036000e+03 1.723090e-01
4.037000e+03 1.736240e-01
4.038000e+03 1.749410e-01
4.039000e+03 1.762600e-01
4.040000e+03 1.775810e-01
4.041000e+03 1.788840e-01
4.042000e+03 1.801880e-01
4.043000e+03 1.814940e-01
4.044000e+03 1.828010e-01
4.045000e+03 1.841100e-01
4.046000e+03 1.854710e-01
4.047000e+03 1.868340e-01
4.048000e+03 1.881990e-01
4.049000e+03 1.895830e-01
4.050000e+03 1.909690e-01
4.051000e+03 1.922980e-01
4.052000e+03 1.936280e-01
4.053000e+03 1.949610e-01
4.054000e+03 1.962950e-01
4.055000e+03 1.976310e-01
4.056000e+03 1.989690e-01
4.057000e+03 2.003080e-01
4.058000e+03 2.016500e-01
4.059000e+03 2.029930e-01
4.060000e+03 2.043380e-01
4.061000e+03 2.056890e-01
4.062000e+03 2.070430e-01
4.063000e+03 2.083980e-01
4.064000e+03 2.097550e-01
4.065000e+03 2.111300e-01
4.066000e+03 2.125070e-01
4.067000e+03 2.138700e-01
4.068000e+03 2.152340e-01
4.069000e+03 2.166010e-01
4.070000e+03 2.179690e-01
4.071000e+03 2.193290e-01
4.072000e+03 2.206910e-01
4.073000e+03 2.220540e-01
4.074000e+03 2.234190e-01
4.075000e+03 2.247860e-01
4.076000e+03 2.261550e-01
4.077000e+03 2.275250e-01
4.078000e+03 2.288970e-01
4.079000e+03 2.302710e-01
4.080000e+03 2.316470e-01
4.081000e+03 2.330460e-01
4.082000e+03 2.344470e-01
4.083000e+03 2.358340e-01
4.084000e+03 2.372230e-01
4.085000e+03 2.386130e-01
4.086000e+03 2.400050e-01
4.087000e+03 2.414000e-01
4.088000e+03 2.427950e-01
4.089000e+03 2.441930e-01
4.090000e+03 2.455930e-01
4.091000e+03 2.469830e-01
4.092000e+03 2.483760e-01
4.093000e+03 2.497700e-01
4.094000e+03 2.511660e-01
4.095000e+03 2.525630e-01
4.096000e+03 2.539630e-01
4.097000e+03 2.553640e-01
4.098000e+03 2.567660e-01
4.099000e+03 2.581870e-01
4.100000e+03 2.596100e-01
4.101000e+03 2.610150e-01
4.102000e+03 2.624220e-01
4.103000e+03 2.638310e-01
4.104000e+03 2.652410e-01
4.105000e+03 2.666530e-01
4.106000e+03 2.681380e-01
4.107000e+03 2.696260e-01
4.108000e+03 2.711150e-01
4.109000e+03 2.726080e-01
4.110000e+03 2.741020e-01
4.111000e+03 2.755340e-01
4.112000e+03 2.769670e-01
4.113000e+03 2.784020e-01
4.114000e+03 2.798390e-01
4.115000e+03 2.812940e-01
4.116000e+03 2.827510e-01
4.117000e+03 2.841930e-01
4.118000e+03 2.856370e-01
4.119000e+03 2.870830e-01
4.120000e+03 2.885300e-01
4.121000e+03 2.899660e-01
4.122000e+03 2.914030e-01
4.123000e+03 2.923730e-01
4.124000e+03 2.933440e-01
4.125000e+03 2.941490e-01
4.126000e+03 2.949540e-01
4.127000e+03 2.957780e-01
4.128000e+03 2.966020e-01
4.129000e+03 2.974270e-01
4.130000e+03 2.982530e-01
4.131000e+03 2.990760e-01
4.132000e+03 2.999010e-01
4.133000e+03 3.007430e-01
4.134000e+03 3.015860e-01
4.135000e+03 3.024140e-01
4.136000e+03 3.032420e-01
4.137000e+03 3.040880e-01
4.138000e+03 3.049350e-01
4.139000e+03 3.057660e-01
4.140000e+03 3.065980e-01
4.141000e+03 3.074320e-01
4.142000e+03 3.082670e-01
4.143000e+03 3.090860e-01
4.144000e+03 3.099060e-01
4.145000e+03 3.107440e-01
4.146000e+03 3.115820e-01
4.147000e+03 3.124210e-01
4.148000e+03 3.132620e-01
4.149000e+03 3.140860e-01
4.150000e+03 3.149110e-01
4.151000e+03 3.157430e-01
4.152000e+03 3.165760e-01
4.153000e+03 3.173920e-01
4.154000e+03 3.182100e-01
4.155000e+03 3.190450e-01
4.156000e+03 3.198820e-01
4.157000e+03 3.205480e-01
4.158000e+03 3.212140e-01
4.159000e+03 3.214030e-01
4.160000e+03 3.215910e-01
4.161000e+03 3.218050e-01
4.162000e+03 3.220200e-01
4.163000e+03 3.222340e-01
4.164000e+03 3.224490e-01
4.165000e+03 3.226630e-01
4.166000e+03 3.228780e-01
4.167000e+03 3.230930e-01
4.168000e+03 3.233080e-01
4.169000e+03 3.235230e-01
4.170000e+03 3.237390e-01
4.171000e+03 3.239190e-01
4.172000e+03 3.241000e-01
4.173000e+03 3.242810e-01
4.174000e+03 3.244620e-01
4.175000e+03 3.246430e-01
4.176000e+03 3.248240e-01
4.177000e+03 3.250050e-01
4.178000e+03 3.251860e-01
4.179000e+03 3.253670e-01
4.180000e+03 3.255490e-01
4.181000e+03 3.257520e-01
4.182000e+03 3.259560e-01
4.183000e+03 3.261600e-01
4.184000e+03 3.263640e-01
4.185000e+03 3.265680e-01
4.186000e+03 3.267720e-01
4.187000e+03 3.269760e-01
4.188000e+03 3.271800e-01
4.189000e+03 3.273840e-01
4.190000e+03 3.275890e-01
4.191000e+03 3.277860e-01
4.192000e+03 3.279830e-01
4.193000e+03 3.281810e-01
4.194000e+03 3.283780e-01
4.195000e+03 3.285760e-01
4.196000e+03 3.287740e-01
4.197000e+03 3.289710e-01
4.198000e+03 3.291690e-01
4.199000e+03 3.293670e-01
4.200000e+03 3.295650e-01
4.201000e+03 3.297510e-01
4.202000e+03 3.299360e-01
4.203000e+03 3.301220e-01
4.204000e+03 3.303080e-01
4.205000e+03 3.304940e-01
4.206000e+03 3.306800e-01
4.207000e+03 3.308660e-01
4.208000e+03 3.310520e-01
4.209000e+03 3.312380e-01
4.210000e+03 3.314240e-01
4.211000e+03 3.316080e-01
4.212000e+03 3.317920e-01
4.213000e+03 3.319760e-01
4.214000e+03 3.321600e-01
4.215000e+03 3.323440e-01
4.216000e+03 3.325290e-01
4.217000e+03 3.327130e-01
4.218000e+03 3.328970e-01
4.219000e+03 3.330820e-01
4.220000e+03 3.332660e-01
4.221000e+03 3.334500e-01
4.222000e+03 3.336350e-01
4.223000e+03 3.338190e-01
4.224000e+03 3.340030e-01
4.225000e+03 3.341880e-01
4.226000e+03 3.343730e-01
4.227000e+03 3.345570e-01
4.228000e+03 3.347420e-01
4.229000e+03 3.349270e-01
4.230000e+03 3.351120e-01
4.231000e+03 3.352140e-01
4.232000e+03 3.353160e-01
4.233000e+03 3.354180e-01
4.234000e+03 3.355200e-01
4.235000e+03 3.356230e-01
4.236000e+03 3.358110e-01
4.237000e+03 3.360000e-01
4.238000e+03 3.361880e-01
4.239000e+03 3.363770e-01
4.240000e+03 3.365660e-01
4.241000e+03 3.367530e-01
4.242000e+03 3.369400e-01
4.243000e+03 3.371280e-01
4.244000e+03 3.373160e-01
4.245000e+03 3.375030e-01
4.246000e+03 3.376910e-01
4.247000e+03 3.378790e-01
4.248000e+03 3.380670e-01
4.249000e+03 3.382550e-01
4.250000e+03 3.384430e-01
4.251000e+03 3.386430e-01
4.252000e+03 3.388430e-01
4.253000e+03 3.390430e-01
4.254000e+03 3.392430e-01
4.255000e+03 3.394430e-01
4.256000e+03 3.396440e-01
4.257000e+03 3.398440e-01
4.258000e+03 3.400450e-01
4.259000e+03 3.402450e-01
4.260000e+03 3.404460e-01
4.261000e+03 3.406260e-01
4.262000e+03 3.408060e-01
4.263000e+03 3.409860e-01
4.264000e+03 3.411660e-01
4.265000e+03 3.413460e-01
4.266000e+03 3.415260e-01
4.267000e+03 3.417060e-01
4.268000e+03 3.418860e-01
4.269000e+03 3.420670e-01
4.270000e+03 3.422470e-01
4.271000e+03 3.424060e-01
4.272000e+03 3.425650e-01
4.273000e+03 3.427240e-01
4.274000e+03 3.428840e-01
4.275000e+03 3.430430e-01
4.276000e+03 3.431150e-01
4.277000e+03 3.431870e-01
4.278000e+03 3.432590e-01
4.279000e+03 3.433310e-01
4.280000e+03 3.434030e-01
4.281000e+03 3.436700e-01
4.282000e+03 3.439360e-01
4.283000e+03 3.442030e-01
4.284000e+03 3.444700e-01
4.285000e+03 3.447370e-01
4.286000e+03 3.449160e-01
4.287000e+03 3.450960e-01
4.288000e+03 3.452760e-01
4.289000e+03 3.454560e-01
4.290000e+03 3.456350e-01
4.291000e+03 3.458320e-01
4.292000e+03 3.460290e-01
4.293000e+03 3.462260e-01
4.294000e+03 3.464230e-01
4.295000e+03 3.466200e-01
4.296000e+03 3.467300e-01
4.297000e+03 3.468400e-01
4.298000e+03 3.469490e-01
4.299000e+03 3.470590e-01
4.300000e+03 3.471680e-01
4.301000e+03 3.473380e-01
4.302000e+03 3.475080e-01
4.303000e+03 3.476770e-01
4.304000e+03 3.478470e-01
4.305000e+03 3.480170e-01
4.306000e+03 3.481870e-01
4.307000e+03 3.483570e-01
4.308000e+03 3.485270e-01
4.309000e+03 3.486970e-01
4.310000e+03 3.488670e-01
4.311000e+03 3.490370e-01
4.312000e+03 3.492070e-01
4.313000e+03 3.493770e-01
4.314000e+03 3.495470e-01
4.315000e+03 3.497170e-01
4.316000e+03 3.498870e-01
4.317000e+03 3.500570e-01
4.318000e+03 3.502270e-01
4.319000e+03 3.503980e-01
4.320000e+03 3.505680e-01
4.321000e+03 3.507580e-01
4.322000e+03 3.509490e-01
4.323000e+03 3.511390e-01
4.324000e+03 3.513300e-01
4.325000e+03 3.515200e-01
4.326000e+03 3.516230e-01
4.327000e+03 3.517250e-01
4.328000e+03 3.518270e-01
4.329000e+03 3.519300e-01
4.330000e+03 3.520320e-01
4.331000e+03 3.521910e-01
4.332000e+03 3.523490e-01
4.333000e+03 3.525080e-01
4.334000e+03 3.526670e-01
4.335000e+03 3.528260e-01
4.336000e+03 3.529850e-01
4.337000e+03 3.531450e-01
4.338000e+03 3.533040e-01
4.339000e+03 3.534640e-01
4.340000e+03 3.536240e-01
4.341000e+03 3.537020e-01
4.342000e+03 3.537800e-01
4.343000e+03 3.538580e-01
4.344000e+03 3.539350e-01
4.345000e+03 3.540120e-01
4.346000e+03 3.541770e-01
4.347000e+03 3.543410e-01
4.348000e+03 3.545040e-01
4.349000e+03 3.546670e-01
4.350000e+03 3.548290e-01
4.351000e+03 3.549860e-01
4.352000e+03 3.551430e-01
4.353000e+03 3.552980e-01
4.354000e+03 3.554540e-01
4.355000e+03 3.556080e-01
4.356000e+03 3.557620e-01
4.357000e+03 3.559160e-01
4.358000e+03 3.560700e-01
4.359000e+03 3.562230e-01
4.360000e+03 3.563760e-01
4.361000e+03 3.565310e-01
4.362000e+03 3.566860e-01
4.363000e+03 3.568410e-01
4.364000e+03 3.569960e-01
4.365000e+03 3.571500e-01
4.366000e+03 3.573050e-01
4.367000e+03 3.574580e-01
4.368000e+03 3.576120e-01
4.369000e+03 3.577640e-01
4.370000e+03 3.579170e-01
4.371000e+03 3.580560e-01
4.372000e+03 3.581950e-01
4.373000e+03 3.583330e-01
4.374000e+03 3.584720e-01
4.375000e+03 3.586100e-01
4.376000e+03 3.587490e-01
4.377000e+03 3.588870e-01
4.378000e+03 3.590260e-01
4.379000e+03 3.591650e-01
4.380000e+03 3.593050e-01
4.381000e+03 3.593540e-01
4.382000e+03 3.594030e-01
4.383000e+03 3.594530e-01
4.384000e+03 3.595040e-01
4.385000e+03 3.595550e-01
4.386000e+03 3.596960e-01
4.387000e+03 3.598370e-01
4.388000e+03 3.599780e-01
4.389000e+03 3.601200e-01
4.390000e+03 3.602620e-01
4.391000e+03 3.603130e-01
4.392000e+03 3.603640e-01
4.393000e+03 3.604160e-01
4.394000e+03 3.604680e-01
4.395000e+03 3.605200e-01
4.396000e+03 3.606630e-01
4.397000e+03 3.608060e-01
4.398000e+03 3.609500e-01
4.399000e+03 3.610950e-01
4.400000e+03 3.612400e-01
4.401000e+03 3.613980e-01
4.402000e+03 3.615560e-01
4.403000e+03 3.617150e-01
4.404000e+03 3.618750e-01
4.405000e+03 3.620350e-01
4.406000e+03 3.621970e-01
4.407000e+03 3.623590e-01
4.408000e+03 3.625210e-01
4.409000e+03 3.626840e-01
4.410000e+03 3.628480e-01
4.411000e+03 3.630060e-01
4.412000e+03 3.631640e-01
4.413000e+03 3.633220e-01
4.414000e+03 3.634800e-01
4.415000e+03 3.636370e-01
4.416000e+03 3.637950e-01
4.417000e+03 3.639520e-01
4.418000e+03 3.641100e-01
4.419000e+03 3.642670e-01
4.420000e+03 3.644250e-01
4.421000e+03 3.645680e-01
4.422000e+03 3.647110e-01
4.423000e+03 3.648550e-01
4.424000e+03 3.649980e-01
4.425000e+03 3.651420e-01
4.426000e+03 3.651950e-01
4.427000e+03 3.652490e-01
4.428000e+03 3.653020e-01
4.429000e+03 3.653560e-01
4.430000e+03 3.654100e-01
4.431000e+03 3.655490e-01
4.432000e+03 3.656890e-01
4.433000e+03 3.658290e-01
4.434000e+03 3.659690e-01
4.435000e+03 3.661090e-01
4.436000e+03 3.662480e-01
4.437000e+03 3.663880e-01
4.438000e+03 3.665280e-01
4.439000e+03 3.666680e-01
4.440000e+03 3.668080e-01
4.441000e+03 3.668460e-01
4.442000e+03 3.668850e-01
4.443000e+03 3.669230e-01
4.444000e+03 3.669610e-01
4.445000e+03 3.669990e-01
4.446000e+03 3.670370e-01
4.447000e+03 3.670750e-01
4.448000e+03 3.671130e-01
4.449000e+03 3.671520e-01
4.450000e+03 3.671900e-01
4.451000e+03 3.673510e-01
4.452000e+03 3.675120e-01
4.453000e+03 3.676740e-01
4.454000e+03 3.678350e-01
4.455000e+03 3.679960e-01
4.456000e+03 3.681580e-01
4.457000e+03 3.683190e-01
4.458000e+03 3.684810e-01
4.459000e+03 3.686420e-01
4.460000e+03 3.688040e-01
4.461000e+03 3.690330e-01
4.462000e+03 3.692630e-01
4.463000e+03 3.694920e-01
4.464000e+03 3.697220e-01
4.465000e+03 3.699520e-01
4.466000e+03 3.700000e-01
4.467000e+03 3.700490e-01
4.468000e+03 3.700980e-01
4.469000e+03 3.701470e-01
4.470000e+03 3.701960e-01
4.471000e+03 3.703340e-01
4.472000e+03 3.704730e-01
4.473000e+03 3.706120e-01
4.474000e+03 3.707510e-01
4.475000e+03 3.708900e-01
4.476000e+03 3.709380e-01
4.477000e+03 3.709870e-01
4.478000e+03 3.710350e-01
4.479000e+03 3.710830e-01
4.480000e+03 3.711320e-01
4.481000e+03 3.712810e-01
4.482000e+03 3.714300e-01
4.483000e+03 3.715800e-01
4.484000e+03 3.717290e-01
4.485000e+03 3.718790e-01
4.486000e+03 3.720290e-01
4.487000e+03 3.721790e-01
4.488000e+03 3.723300e-01
4.489000e+03 3.724810e-01
4.490000e+03 3.726310e-01
4.491000e+03 3.727540e-01
4.492000e+03 3.728760e-01
4.493000e+03 3.729980e-01
4.494000e+03 3.731190e-01
4.495000e+03 3.732390e-01
4.496000e+03 3.733590e-01
4.497000e+03 3.734790e-01
4.498000e+03 3.735970e-01
4.499000e+03 3.737150e-01
4.500000e+03 3.738320e-01
4.501000e+03 3.738670e-01
4.502000e+03 3.739010e-01
4.503000e+03 3.739340e-01
4.504000e+03 3.739660e-01
4.505000e+03 3.739980e-01
4.506000e+03 3.741200e-01
4.507000e+03 3.742410e-01
4.508000e+03 3.743620e-01
4.509000e+03 3.744830e-01
4.510000e+03 3.746030e-01
4.511000e+03 3.747110e-01
4.512000e+03 3.748190e-01
4.513000e+03 3.749270e-01
4.514000e+03 3.750350e-01
4.515000e+03 3.751430e-01
4.516000e+03 3.751600e-01
4.517000e+03 3.751770e-01
4.518000e+03 3.751940e-01
4.519000e+03 3.752100e-01
4.520000e+03 3.752260e-01
4.521000e+03 3.753500e-01
4.522000e+03 3.754730e-01
4.523000e+03 3.755960e-01
4.524000e+03 3.757190e-01
4.525000e+03 3.758420e-01
4.526000e+03 3.759640e-01
4.527000e+03 3.760860e-01
4.528000e+03 3.762080e-01
4.529000e+03 3.763300e-01
4.530000e+03 3.764510e-01
4.531000e+03 3.764910e-01
4.532000e+03 3.765300e-01
4.533000e+03 3.765700e-01
4.534000e+03 3.766100e-01
4.535000e+03 3.766500e-01
4.536000e+03 3.767810e-01
4.537000e+03 3.769130e-01
4.538000e+03 3.770440e-01
4.539000e+03 3.771750e-01
4.540000e+03 3.773070e-01
4.541000e+03 3.774160e-01
4.542000e+03 3.775260e-01
4.543000e+03 3.776360e-01
4.544000e+03 3.777480e-01
4.545000e+03 3.778600e-01
4.546000e+03 3.779730e-01
4.547000e+03 3.780870e-01
4.548000e+03 3.782010e-01
4.549000e+03 3.783170e-01
4.550000e+03 3.784340e-01
4.551000e+03 3.784580e-01
4.552000e+03 3.784840e-01
4.553000e+03 3.785100e-01
4.554000e+03 3.785360e-01
4.555000e+03 3.785630e-01
4.556000e+03 3.786830e-01
4.557000e+03 3.788020e-01
4.558000e+03 3.789230e-01
4.559000e+03 3.790430e-01
4.560000e+03 3.791640e-01
4.561000e+03 3.791860e-01
4.562000e+03 3.792090e-01
4.563000e+03 3.792310e-01
4.564000e+03 3.792530e-01
4.565000e+03 3.792750e-01
4.566000e+03 3.793880e-01
4.567000e+03 3.795000e-01
4.568000e+03 3.796130e-01
4.569000e+03 3.797250e-01
4.570000e+03 3.798380e-01
4.571000e+03 3.799750e-01
4.572000e+03 3.801120e-01
4.573000e+03 3.802490e-01
4.574000e+03 3.803870e-01
4.575000e+03 3.805240e-01
4.576000e+03 3.805690e-01
4.577000e+03 3.806150e-01
4.578000e+03 3.806610e-01
4.579000e+03 3.807070e-01
4.580000e+03 3.807530e-01
4.581000e+03 3.807780e-01
4.582000e+03 3.808020e-01
4.583000e+03 3.808270e-01
4.584000e+03 3.808520e-01
4.585000e+03 3.808770e-01
4.586000e+03 3.809930e-01
4.587000e+03 3.811100e-01
4.588000e+03 3.812270e-01
4.589000e+03 3.813440e-01
4.590000e+03 3.814610e-01
4.591000e+03 3.815900e-01
4.592000e+03 3.817200e-01
4.593000e+03 3.818490e-01
4.594000e+03 3.819780e-01
4.595000e+03 3.821070e-01
4.596000e+03 3.821430e-01
4.597000e+03 3.821800e-01
4.598000e+03 3.822150e-01
4.599000e+03 3.822510e-01
4.600000e+03 3.822850e-01
4.601000e+03 3.824050e-01
4.602000e+03 3.825240e-01
4.603000e+03 3.826420e-01
4.604000e+03 3.827600e-01
4.605000e+03 3.828770e-01
4.606000e+03 3.829010e-01
4.607000e+03 3.829250e-01
4.608000e+03 3.829490e-01
4.609000e+03 3.829720e-01
4.610000e+03 3.829940e-01
4.611000e+03 3.830880e-01
4.612000e+03 3.831800e-01
4.613000e+03 3.832720e-01
4.614000e+03 3.833640e-01
4.615000e+03 3.834560e-01
4.616000e+03 3.834560e-01
4.617000e+03 3.834550e-01
4.618000e+03 3.834530e-01
4.619000e+03 3.834520e-01
4.620000e+03 3.834490e-01
4.621000e+03 3.835600e-01
4.622000e+03 3.836710e-01
4.623000e+03 3.837810e-01
4.624000e+03 3.838920e-01
4.625000e+03 3.840020e-01
4.626000e+03 3.841130e-01
4.627000e+03 3.842240e-01
4.628000e+03 3.843350e-01
4.629000e+03 3.844460e-01
4.630000e+03 3.845570e-01
4.631000e+03 3.845760e-01
4.632000e+03 3.845940e-01
4.633000e+03 3.846120e-01
4.634000e+03 3.846300e-01
4.635000e+03 3.846490e-01
4.636000e+03 3.847590e-01
4.637000e+03 3.848680e-01
4.638000e+03 3.849770e-01
4.639000e+03 3.850860e-01
4.640000e+03 3.851950e-01
4.641000e+03 3.851950e-01
4.642000e+03 3.851940e-01
4.643000e+03 3.851940e-01
4.644000e+03 3.851950e-01
4.645000e+03 3.851950e-01
4.646000e+03 3.852890e-01
4.647000e+03 3.853820e-01
4.648000e+03 3.854770e-01
4.649000e+03 3.855730e-01
4.650000e+03 3.856700e-01
4.651000e+03 3.857770e-01
4.652000e+03 3.858860e-01
4.653000e+03 3.859950e-01
4.654000e+03 3.861060e-01
4.655000e+03 3.862180e-01
4.656000e+03 3.863310e-01
4.657000e+03 3.864450e-01
4.658000e+03 3.865600e-01
4.659000e+03 3.866750e-01
4.660000e+03 3.867910e-01
4.661000e+03 3.869220e-01
4.662000e+03 3.870540e-01
4.663000e+03 3.871860e-01
4.664000e+03 3.873170e-01
4.665000e+03 3.874490e-01
4.666000e+03 3.874870e-01
4.667000e+03 3.875260e-01
4.668000e+03 3.875650e-01
4.669000e+03 3.876040e-01
4.670000e+03 3.876430e-01
4.671000e+03 3.877520e-01
4.672000e+03 3.878610e-01
4.673000e+03 3.879710e-01
4.674000e+03 3.880800e-01
4.675000e+03 3.881890e-01
4.676000e+03 3.882070e-01
4.677000e+03 3.882240e-01
4.678000e+03 3.882410e-01
4.679000e+03 3.882590e-01
4.680000e+03 3.882760e-01
4.681000e+03 3.883860e-01
4.682000e+03 3.884960e-01
4.683000e+03 3.886060e-01
4.684000e+03 3.887150e-01
4.685000e+03 3.888250e-01
4.686000e+03 3.888430e-01
4.687000e+03 3.888610e-01
4.688000e+03 3.888790e-01
4.689000e+03 3.888970e-01
4.690000e+03 3.889150e-01
4.691000e+03 3.890190e-01
4.692000e+03 3.891240e-01
4.693000e+03 3.892280e-01
4.694000e+03 3.893320e-01
4.695000e+03 3.894370e-01
4.696000e+03 3.894490e-01
4.697000e+03 3.894620e-01
4.698000e+03 3.894740e-01
4.699000e+03 3.894870e-01
4.700000e+03 3.894990e-01
4.701000e+03 3.895970e-01
4.702000e+03 3.896950e-01
4.703000e+03 3.897930e-01
4.704000e+03 3.898910e-01
4.705000e+03 3.899890e-01
4.706000e+03 3.900870e-01
4.707000e+03 3.901850e-01
4.708000e+03 3.902830e-01
4.709000e+03 3.903810e-01
4.710000e+03 3.904790e-01
4.711000e+03 3.905110e-01
4.712000e+03 3.905440e-01
4.713000e+03 3.905770e-01
4.714000e+03 3.906090e-01
4.715000e+03 3.906420e-01
4.716000e+03 3.907670e-01
4.717000e+03 3.908910e-01
4.718000e+03 3.910160e-01
4.719000e+03 3.911410e-01
4.720000e+03 3.912650e-01
4.721000e+03 3.912700e-01
4.722000e+03 3.912740e-01
4.723000e+03 3.912780e-01
4.724000e+03 3.912830e-01
4.725000e+03 3.912870e-01
4.726000e+03 3.913840e-01
4.727000e+03 3.914800e-01
4.728000e+03 3.915760e-01
4.729000e+03 3.916730e-01
4.730000e+03 3.917690e-01
4.731000e+03 3.917830e-01
4.732000e+03 3.917960e-01
4.733000e+03 3.918100e-01
4.734000e+03 3.918230e-01
4.735000e+03 3.918370e-01
4.736000e+03 3.919420e-01
4.737000e+03 3.920480e-01
4.738000e+03 3.921540e-01
4.739000e+03 3.922590e-01
4.740000e+03 3.923650e-01
4.741000e+03 3.923860e-01
4.742000e+03 3.924070e-01
4.743000e+03 3.924280e-01
4.744000e+03 3.924500e-01
4.745000e+03 3.924710e-01
4.746000e+03 3.924920e-01
4.747000e+03 3.925130e-01
4.748000e+03 3.925340e-01
4.749000e+03 3.925560e-01
4.750000e+03 3.925770e-01
4.751000e+03 3.926710e-01
4.752000e+03 3.927660e-01
4.753000e+03 3.928600e-01
4.754000e+03 3.929550e-01
4.755000e+03 3.930490e-01
4.756000e+03 3.930520e-01
4.757000e+03 3.930540e-01
4.758000e+03 3.930570e-01
4.759000e+03 3.930590e-01
4.760000e+03 3.930610e-01
4.761000e+03 3.931580e-01
4.762000e+03 3.932540e-01
4.763000e+03 3.933510e-01
4.764000e+03 3.934470e-01
4.765000e+03 3.935440e-01
4.766000e+03 3.935480e-01
4.767000e+03 3.935530e-01
4.768000e+03 3.935570e-01
4.769000e+03 3.935610e-01
4.770000e+03 3.935660e-01
4.771000e+03 3.935800e-01
4.772000e+03 3.935940e-01
4.773000e+03 3.936070e-01
4.774000e+03 3.936210e-01
4.775000e+03 3.936350e-01
4.776000e+03 3.937410e-01
4.777000e+03 3.938470e-01
4.778000e+03 3.939530e-01
4.779000e+03 3.940600e-01
4.780000e+03 3.941660e-01
4.781000e+03 3.941770e-01
4.782000e+03 3.941890e-01
4.783000e+03 3.942010e-01
4.784000e+03 3.942130e-01
4.785000e+03 3.942250e-01
4.786000e+03 3.942370e-01
4.787000e+03 3.942480e-01
4.788000e+03 3.942600e-01
4.789000e+03 3.942720e-01
4.790000e+03 3.942840e-01
4.791000e+03 3.942870e-01
4.792000e+03 3.942900e-01
4.793000e+03 3.942930e-01
4.794000e+03 3.942960e-01
4.795000e+03 3.943000e-01
4.796000e+03 3.943030e-01
4.797000e+03 3.943060e-01
4.798000e+03 3.943090e-01
4.799000e+03 3.943120e-01
4.800000e+03 3.943150e-01
4.801000e+03 3.944110e-01
4.802000e+03 3.945060e-01
4.803000e+03 3.946010e-01
4.804000e+03 3.946960e-01
4.805000e+03 3.947920e-01
4.806000e+03 3.947950e-01
4.807000e+03 3.947980e-01
4.808000e+03 3.948010e-01
4.809000e+03 3.948040e-01
4.810000e+03 3.948070e-01
4.811000e+03 3.949000e-01
4.812000e+03 3.949940e-01
4.813000e+03 3.950870e-01
4.814000e+03 3.951810e-01
4.815000e+03 3.952740e-01
4.816000e+03 3.952750e-01
4.817000e+03 3.952760e-01
4.818000e+03 3.952770e-01
4.819000e+03 3.952790e-01
4.820000e+03 3.952800e-01
4.821000e+03 3.953940e-01
4.822000e+03 3.955080e-01
4.823000e+03 3.956220e-01
4.824000e+03 3.957370e-01
4.825000e+03 3.958510e-01
4.826000e+03 3.958730e-01
4.827000e+03 3.958950e-01
4.828000e+03 3.959170e-01
4.829000e+03 3.959390e-01
4.830000e+03 3.959610e-01
4.831000e+03 3.960560e-01
4.832000e+03 3.961500e-01
4.833000e+03 3.962450e-01
4.834000e+03 3.963400e-01
4.835000e+03 3.964340e-01
4.836000e+03 3.965300e-01
4.837000e+03 3.966250e-01
4.838000e+03 3.967210e-01
4.839000e+03 3.968160e-01
4.840000e+03 3.969120e-01
4.841000e+03 3.969120e-01
4.842000e+03 3.969120e-01
4.843000e+03 3.969110e-01
4.844000e+03 3.969100e-01
4.845000e+03 3.969080e-01
4.846000e+03 3.969980e-01
4.847000e+03 3.970870e-01
4.848000e+03 3.971750e-01
4.849000e+03 3.972620e-01
4.850000e+03 3.973490e-01
4.851000e+03 3.973340e-01
4.852000e+03 3.973190e-01
4.853000e+03 3.973020e-01
4.854000e+03 3.972850e-01
4.855000e+03 3.972670e-01
4.856000e+03 3.973410e-01
4.857000e+03 3.974140e-01
4.858000e+03 3.974870e-01
4.859000e+03 3.975590e-01
4.860000e+03 3.976310e-01
4.861000e+03 3.977230e-01
4.862000e+03 3.978140e-01
4.863000e+03 3.979050e-01
4.864000e+03 3.979960e-01
4.865000e+03 3.980870e-01
4.866000e+03 3.980860e-01
4.867000e+03 3.980840e-01
4.868000e+03 3.980820e-01
4.869000e+03 3.980800e-01
4.870000e+03 3.980780e-01
4.871000e+03 3.981610e-01
4.872000e+03 3.982440e-01
4.873000e+03 3.983260e-01
4.874000e+03 3.984090e-01
4.875000e+03 3.984920e-01
4.876000e+03 3.984820e-01
4.877000e+03 3.984720e-01
4.878000e+03 3.984630e-01
4.879000e+03 3.984540e-01
4.880000e+03 3.984440e-01
4.881000e+03 3.984280e-01
4.882000e+03 3.984130e-01
4.883000e+03 3.983970e-01
4.884000e+03 3.983820e-01
4.885000e+03 3.983680e-01
4.886000e+03 3.983530e-01
4.887000e+03 3.983380e-01
4.888000e+03 3.983230e-01
4.889000e+03 3.983090e-01
4.890000e+03 3.982940e-01
4.891000e+03 3.983750e-01
4.892000e+03 3.984560e-01
4.893000e+03 3.985370e-01
4.894000e+03 3.986190e-01
4.895000e+03 3.987020e-01
4.896000e+03 3.986930e-01
4.897000e+03 3.986850e-01
4.898000e+03 3.986770e-01
4.899000e+03 3.986700e-01
4.900000e+03 3.986650e-01
4.901000e+03 3.987380e-01
4.902000e+03 3.988130e-01
4.903000e+03 3.988880e-01
4.904000e+03 3.989640e-01
4.905000e+03 3.990410e-01
4.906000e+03 3.990270e-01
4.907000e+03 3.990130e-01
4.908000e+03 3.989990e-01
4.909000e+03 3.989860e-01
4.910000e+03 3.989740e-01
4.911000e+03 3.990550e-01
4.912000e+03 3.991370e-01
4.913000e+03 3.992180e-01
4.914000e+03 3.992990e-01
4.915000e+03 3.993800e-01
4.916000e+03 3.993680e-01
4.917000e+03 3.993560e-01
4.918000e+03 3.993450e-01
4.919000e+03 3.993330e-01
4.920000e+03 3.993210e-01
4.921000e+03 3.994220e-01
4.922000e+03 3.995230e-01
4.923000e+03 3.996240e-01
4.924000e+03 3.997250e-01
4.925000e+03 3.998260e-01
4.926000e+03 3.998350e-01
4.927000e+03 3.998440e-01
4.928000e+03 3.998520e-01
4.929000e+03 3.998610e-01
4.930000e+03 3.998700e-01
4.931000e+03 3.998620e-01
4.932000e+03 3.998530e-01
4.933000e+03 3.998440e-01
4.934000e+03 3.998360e-01
4.935000e+03 3.998270e-01
4.936000e+03 3.999110e-01
4.937000e+03 3.999940e-01
4.938000e+03 4.000780e-01
4.939000e+03 4.001610e-01
4.940000e+03 4.002450e-01
4.941000e+03 4.002300e-01
4.942000e+03 4.002160e-01
4.943000e+03 4.002010e-01
4.944000e+03 4.001870e-01
4.945000e+03 4.001730e-01
4.946000e+03 4.001580e-01
4.947000e+03 4.001440e-01
4.948000e+03 4.001290e-01
4.949000e+03 4.001150e-01
4.950000e+03 4.001010e-01
4.951000e+03 4.001900e-01
4.952000e+03 4.002800e-01
4.953000e+03 4.003690e-01
4.954000e+03 4.004590e-01
4.955000e+03 4.005480e-01
4.956000e+03 4.005450e-01
4.957000e+03 4.005430e-01
4.958000e+03 4.005400e-01
4.959000e+03 4.005380e-01
4.960000e+03 4.005350e-01
4.961000e+03 4.005290e-01
4.962000e+03 4.005230e-01
4.963000e+03 4.005170e-01
4.964000e+03 4.005110e-01
4.965000e+03 4.005050e-01
4.966000e+03 4.004990e-01
4.967000e+03 4.004930e-01
4.968000e+03 4.004870e-01
4.969000e+03 4.004810e-01
4.970000e+03 4.004750e-01
4.971000e+03 4.005730e-01
4.972000e+03 4.006710e-01
4.973000e+03 4.007680e-01
4.974000e+03 4.008660e-01
4.975000e+03 4.009640e-01
4.976000e+03 4.009690e-01
4.977000e+03 4.009750e-01
4.978000e+03 4.009800e-01
4.979000e+03 4.009860e-01
4.980000e+03 4.009920e-01
4.981000e+03 4.009810e-01
4.982000e+03 4.009710e-01
4.983000e+03 4.009610e-01
4.984000e+03 4.009510e-01
4.985000e+03 4.009410e-01
4.986000e+03 4.009310e-01
4.987000e+03 4.009200e-01
4.988000e+03 4.009100e-01
4.989000e+03 4.009000e-01
4.990000e+03 4.008900e-01
4.991000e+03 4.009670e-01
4.992000e+03 4.010440e-01
4.993000e+03 4.011220e-01
4.994000e+03 4.011990e-01
4.995000e+03 4.012760e-01
4.996000e+03 4.012610e-01
4.997000e+03 4.012460e-01
4.998000e+03 4.012320e-01
4.999000e+03 4.012170e-01
5.000000e+03 4.012020e-01
5.001000e+03 4.011070e-01
5.002000e+03 4.010110e-01
5.003000e+03 4.009160e-01
5.004000e+03 4.008210e-01
5.005000e+03 4.007260e-01
5.006000e+03 4.007220e-01
5.007000e+03 4.007190e-01
5.008000e+03 4.007160e-01
5.009000e+03 4.007130e-01
5.010000e+03 4.007100e-01
5.011000e+03 4.007050e-01
5.012000e+03 4.007010e-01
5.013000e+03 4.006970e-01
5.014000e+03 4.006930e-01
5.015000e+03 4.006880e-01
5.016000e+03 4.006840e-01
5.017000e+03 4.006800e-01
5.018000e+03 4.006750e-01
5.019000e+03 4.006710e-01
5.020000e+03 4.006670e-01
5.021000e+03 4.006480e-01
5.022000e+03 4.006300e-01
5.023000e+03 4.006120e-01
5.024000e+03 4.005930e-01
5.025000e+03 4.005750e-01
5.026000e+03 4.004640e-01
5.027000e+03 4.003540e-01
5.028000e+03 4.002430e-01
5.029000e+03 4.001330e-01
5.030000e+03 4.000220e-01
5.031000e+03 4.000210e-01
5.032000e+03 4.000190e-01
5.033000e+03 4.000170e-01
5.034000e+03 4.000160e-01
5.035000e+03 4.000140e-01
5.036000e+03 3.999210e-01
5.037000e+03 3.998280e-01
5.038000e+03 3.997360e-01
5.039000e+03 3.996440e-01
5.040000e+03 3.995510e-01
5.041000e+03 3.996260e-01
5.042000e+03 3.997000e-01
5.043000e+03 3.997740e-01
5.044000e+03 3.998470e-01
5.045000e+03 3.999190e-01
5.046000e+03 3.999900e-01
5.047000e+03 4.000600e-01
5.048000e+03 4.001290e-01
5.049000e+03 4.001960e-01
5.050000e+03 4.002620e-01
5.051000e+03 4.002460e-01
5.052000e+03 4.002300e-01
5.053000e+03 4.002120e-01
5.054000e+03 4.001930e-01
5.055000e+03 4.001730e-01
5.056000e+03 4.001530e-01
5.057000e+03 4.001320e-01
5.058000e+03 4.001110e-01
5.059000e+03 4.000900e-01
5.060000e+03 4.000680e-01
5.061000e+03 4.001560e-01
5.062000e+03 4.002450e-01
5.063000e+03 4.003330e-01
5.064000e+03 4.004220e-01
5.065000e+03 4.005110e-01
5.066000e+03 4.006010e-01
5.067000e+03 4.006900e-01
5.068000e+03 4.007800e-01
5.069000e+03 4.008690e-01
5.070000e+03 4.009580e-01
5.071000e+03 4.009310e-01
5.072000e+03 4.009050e-01
5.073000e+03 4.008780e-01
5.074000e+03 4.008510e-01
5.075000e+03 4.008230e-01
5.076000e+03 4.008880e-01
5.077000e+03 4.009520e-01
5.078000e+03 4.010170e-01
5.079000e+03 4.010810e-01
5.080000e+03 4.011460e-01
5.081000e+03 4.011140e-01
5.082000e+03 4.010820e-01
5.083000e+03 4.010500e-01
5.084000e+03 4.010190e-01
5.085000e+03 4.009880e-01
5.086000e+03 4.010490e-01
5.087000e+03 4.011100e-01
5.088000e+03 4.011700e-01
5.089000e+03 4.012310e-01
5.090000e+03 4.012920e-01
5.091000e+03 4.013700e-01
5.092000e+03 4.014480e-01
5.093000e+03 4.015270e-01
5.094000e+03 4.016070e-01
5.095000e+03 4.016870e-01
5.096000e+03 4.016750e-01
5.097000e+03 4.016650e-01
5.098000e+03 4.016550e-01
5.099000e+03 4.016460e-01
5.100000e+03 4.016380e-01
5.101000e+03 4.017200e-01
5.102000e+03 4.018030e-01
5.103000e+03 4.018860e-01
5.104000e+03 4.019700e-01
5.105000e+03 4.020550e-01
5.106000e+03 4.020490e-01
5.107000e+03 4.020440e-01
5.108000e+03 4.020390e-01
5.109000e+03 4.020350e-01
5.110000e+03 4.020310e-01
5.111000e+03 4.021190e-01
5.112000e+03 4.022080e-01
5.113000e+03 4.022960e-01
5.114000e+03 4.023850e-01
5.115000e+03 4.024730e-01
5.116000e+03 4.024690e-01
5.117000e+03 4.024650e-01
5.118000e+03 4.024610e-01
5.119000e+03 4.024570e-01
5.120000e+03 4.024530e-01
5.121000e+03 4.024560e-01
5.122000e+03 4.024600e-01
5.123000e+03 4.024630e-01
5.124000e+03 4.024670e-01
5.125000e+03 4.024700e-01
5.126000e+03 4.025660e-01
5.127000e+03 4.026610e-01
5.128000e+03 4.027560e-01
5.129000e+03 4.028510e-01
5.130000e+03 4.029460e-01
5.131000e+03 4.029270e-01
5.132000e+03 4.029080e-01
5.133000e+03 4.028890e-01
5.134000e+03 4.028690e-01
5.135000e+03 4.028500e-01
5.136000e+03 4.028310e-01
5.137000e+03 4.028120e-01
5.138000e+03 4.027930e-01
5.139000e+03 4.027730e-01
5.140000e+03 4.027540e-01
5.141000e+03 4.028590e-01
5.142000e+03 4.029640e-01
5.143000e+03 4.030690e-01
5.144000e+03 4.031740e-01
5.145000e+03 4.032800e-01
5.146000e+03 4.032930e-01
5.147000e+03 4.033060e-01
5.148000e+03 4.033200e-01
5.149000e+03 4.033330e-01
5.150000e+03 4.033470e-01
5.151000e+03 4.033450e-01
5.152000e+03 4.033420e-01
5.153000e+03 4.033400e-01
5.154000e+03 4.033380e-01
5.155000e+03 4.033360e-01
5.156000e+03 4.033340e-01
5.157000e+03 4.033320e-01
5.158000e+03 4.033300e-01
5.159000e+03 4.033280e-01
5.160000e+03 4.033250e-01
5.161000e+03 4.034180e-01
5.162000e+03 4.035120e-01
5.163000e+03 4.036050e-01
5.164000e+03 4.036980e-01
5.165000e+03 4.037910e-01
5.166000e+03 4.037920e-01
5.167000e+03 4.037940e-01
5.168000e+03 4.037950e-01
5.169000e+03 4.037970e-01
5.170000e+03 4.037980e-01
5.171000e+03 4.037840e-01
5.172000e+03 4.037700e-01
5.173000e+03 4.037560e-01
5.174000e+03 4.037420e-01
5.175000e+03 4.037290e-01
5.176000e+03 4.037150e-01
5.177000e+03 4.037010e-01
5.178000e+03 4.036870e-01
5.179000e+03 4.036730e-01
5.180000e+03 4.036590e-01
5.181000e+03 4.036390e-01
5.182000e+03 4.036200e-01
5.183000e+03 4.036000e-01
5.184000e+03 4.035810e-01
5.185000e+03 4.035610e-01
5.186000e+03 4.035420e-01
5.187000e+03 4.035220e-01
5.188000e+03 4.035030e-01
5.189000e+03 4.034830e-01
5.190000e+03 4.034640e-01
5.191000e+03 4.035630e-01
5.192000e+03 4.036630e-01
5.193000e+03 4.037630e-01
5.194000e+03 4.038630e-01
5.195000e+03 4.039630e-01
5.196000e+03 4.039710e-01
5.197000e+03 4.039800e-01
5.198000e+03 4.039880e-01
5.199000e+03 4.039960e-01
5.200000e+03 4.040050e-01
5.201000e+03 4.040150e-01
5.202000e+03 4.040260e-01
5.203000e+03 4.040360e-01
5.204000e+03 4.040470e-01
5.205000e+03 4.040580e-01
5.206000e+03 4.040680e-01
5.207000e+03 4.040790e-01
5.208000e+03 4.040890e-01
5.209000e+03 4.041000e-01
5.210000e+03 4.041100e-01
5.211000e+03 4.040940e-01
5.212000e+03 4.040770e-01
5.213000e+03 4.040600e-01
5.214000e+03 4.040440e-01
5.215000e+03 4.040270e-01
5.216000e+03 4.040100e-01
5.217000e+03 4.039930e-01
5.218000e+03 4.039770e-01
5.219000e+03 4.039600e-01
5.220000e+03 4.039430e-01
5.221000e+03 4.039340e-01
5.222000e+03 4.039250e-01
5.223000e+03 4.039160e-01
5.224000e+03 4.039060e-01
5.225000e+03 4.038970e-01
5.226000e+03 4.038880e-01
5.227000e+03 4.038780e-01
5.228000e+03 4.038690e-01
5.229000e+03 4.038600e-01
5.230000e+03 4.038500e-01
5.231000e+03 4.038550e-01
5.232000e+03 4.038600e-01
5.233000e+03 4.038640e-01
5.234000e+03 4.038690e-01
5.235000e+03 4.038730e-01
5.236000e+03 4.038780e-01
5.237000e+03 4.038830e-01
5.238000e+03 4.038870e-01
5.239000e+03 4.038920e-01
5.240000e+03 4.038960e-01
5.241000e+03 4.039010e-01
5.242000e+03 4.039060e-01
5.243000e+03 4.039100e-01
5.244000e+03 4.039150e-01
5.245000e+03 4.039190e-01
5.246000e+03 4.039240e-01
5.247000e+03 4.039280e-01
5.248000e+03 4.039330e-01
5.249000e+03 4.039380e-01
5.250000e+03 4.039420e-01
5.251000e+03 4.038350e-01
5.252000e+03 4.037290e-01
5.253000e+03 4.036220e-01
5.254000e+03 4.035150e-01
5.255000e+03 4.034090e-01
5.256000e+03 4.033930e-01
5.257000e+03 4.033780e-01
5.258000e+03 4.033630e-01
5.259000e+03 4.033480e-01
5.260000e+03 4.033330e-01
5.261000e+03 4.033390e-01
5.262000e+03 4.033450e-01
5.263000e+03 4.033510e-01
5.264000e+03 4.033570e-01
5.265000e+03 4.033620e-01
5.266000e+03 4.033680e-01
5.267000e+03 4.033740e-01
5.268000e+03 4.033800e-01
5.269000e+03 4.033860e-01
5.270000e+03 4.033920e-01
5.271000e+03 4.034070e-01
5.272000e+03 4.034220e-01
5.273000e+03 4.034370e-01
5.274000e+03 4.034520e-01
5.275000e+03 4.034680e-01
5.276000e+03 4.034830e-01
5.277000e+03 4.034980e-01
5.278000e+03 4.035130e-01
5.279000e+03 4.035280e-01
5.280000e+03 4.035430e-01
5.281000e+03 4.035400e-01
5.282000e+03 4.035360e-01
5.283000e+03 4.035320e-01
5.284000e+03 4.035290e-01
5.285000e+03 4.035250e-01
5.286000e+03 4.035210e-01
5.287000e+03 4.035170e-01
5.288000e+03 4.035140e-01
5.289000e+03 4.035100e-01
5.290000e+03 4.035060e-01
5.291000e+03 4.035140e-01
5.292000e+03 4.035220e-01
5.293000e+03 4.035300e-01
5.294000e+03 4.035370e-01
5.295000e+03 4.035450e-01
5.296000e+03 4.035530e-01
5.297000e+03 4.035610e-01
5.298000e+03 4.035680e-01
5.299000e+03 4.035760e-01
5.300000e+03 4.035840e-01
5.301000e+03 4.035910e-01
5.302000e+03 4.035970e-01
5.303000e+03 4.036040e-01
5.304000e+03 4.036110e-01
5.305000e+03 4.036170e-01
5.306000e+03 4.036240e-01
5.307000e+03 4.036310e-01
5.308000e+03 4.036370e-01
5.309000e+03 4.036440e-01
5.310000e+03 4.036510e-01
5.311000e+03 4.036560e-01
5.312000e+03 4.036620e-01
5.313000e+03 4.036680e-01
5.314000e+03 4.036740e-01
5.315000e+03 4.036790e-01
5.316000e+03 4.036850e-01
5.317000e+03 4.036910e-01
5.318000e+03 4.036970e-01
5.319000e+03 4.037020e-01
5.320000e+03 4.037080e-01
5.321000e+03 4.036890e-01
5.322000e+03 4.036690e-01
5.323000e+03 4.036500e-01
5.324000e+03 4.036310e-01
5.325000e+03 4.036110e-01
5.326000e+03 4.035920e-01
5.327000e+03 4.035720e-01
5.328000e+03 4.035530e-01
5.329000e+03 4.035340e-01
5.330000e+03 4.035140e-01
5.331000e+03 4.036280e-01
5.332000e+03 4.037410e-01
5.333000e+03 4.038550e-01
5.334000e+03 4.039680e-01
5.335000e+03 4.040810e-01
5.336000e+03 4.041030e-01
5.337000e+03 4.041250e-01
5.338000e+03 4.041470e-01
5.339000e+03 4.041690e-01
5.340000e+03 4.041910e-01
5.341000e+03 4.041970e-01
5.342000e+03 4.042030e-01
5.343000e+03 4.042090e-01
5.344000e+03 4.042150e-01
5.345000e+03 4.042210e-01
5.346000e+03 4.043190e-01
5.347000e+03 4.044170e-01
5.348000e+03 4.045140e-01
5.349000e+03 4.046120e-01
5.350000e+03 4.047100e-01
5.351000e+03 4.047270e-01
5.352000e+03 4.047440e-01
5.353000e+03 4.047610e-01
5.354000e+03 4.047780e-01
5.355000e+03 4.047960e-01
5.356000e+03 4.049050e-01
5.357000e+03 4.050130e-01
5.358000e+03 4.051220e-01
5.359000e+03 4.052310e-01
5.360000e+03 4.053400e-01
5.361000e+03 4.053340e-01
5.362000e+03 4.053290e-01
5.363000e+03 4.053230e-01
5.364000e+03 4.053170e-01
5.365000e+03 4.053110e-01
5.366000e+03 4.053060e-01
5.367000e+03 4.053000e-01
5.368000e+03 4.052940e-01
5.369000e+03 4.052890e-01
5.370000e+03 4.052830e-01
5.371000e+03 4.053150e-01
5.372000e+03 4.053480e-01
5.373000e+03 4.047770e-01
5.374000e+03 4.042050e-01
5.375000e+03 4.034600e-01
5.376000e+03 4.028070e-01
5.377000e+03 4.021310e-01
5.378000e+03 4.014550e-01
5.379000e+03 4.007780e-01
5.380000e+03 4.001010e-01
5.381000e+03 3.993010e-01
5.382000e+03 3.985010e-01
5.383000e+03 3.977010e-01
5.384000e+03 3.969010e-01
5.385000e+03 3.961220e-01
5.386000e+03 3.953440e-01
5.387000e+03 3.945450e-01
5.388000e+03 3.937460e-01
5.389000e+03 3.929470e-01
5.390000e+03 3.921470e-01
5.391000e+03 3.913640e-01
5.392000e+03 3.905800e-01
5.393000e+03 3.897960e-01
5.394000e+03 3.890110e-01
5.395000e+03 3.882470e-01
5.396000e+03 3.874820e-01
5.397000e+03 3.866950e-01
5.398000e+03 3.859070e-01
5.399000e+03 3.851180e-01
5.400000e+03 3.843290e-01
5.401000e+03 3.835220e-01
5.402000e+03 3.827140e-01
5.403000e+03 3.819060e-01
5.404000e+03 3.810960e-01
5.405000e+03 3.803080e-01
5.406000e+03 3.794320e-01
5.407000e+03 3.785340e-01
5.408000e+03 3.776360e-01
5.409000e+03 3.767380e-01
5.410000e+03 3.758390e-01
5.411000e+03 3.750420e-01
5.412000e+03 3.742440e-01
5.413000e+03 3.728420e-01
5.414000e+03 3.714390e-01
5.415000e+03 3.698420e-01
5.416000e+03 3.682460e-01
5.417000e+03 3.666290e-01
5.418000e+03 3.650110e-01
5.419000e+03 3.634150e-01
5.420000e+03 3.618190e-01
5.421000e+03 3.602190e-01
5.422000e+03 3.586200e-01
5.423000e+03 3.569980e-01
5.424000e+03 3.553770e-01
5.425000e+03 3.537770e-01
5.426000e+03 3.522570e-01
5.427000e+03 3.507370e-01
5.428000e+03 3.492150e-01
5.429000e+03 3.476710e-01
5.430000e+03 3.461260e-01
5.431000e+03 3.445260e-01
5.432000e+03 3.429270e-01
5.433000e+03 3.413280e-01
5.434000e+03 3.397290e-01
5.435000e+03 3.381080e-01
5.436000e+03 3.364870e-01
5.437000e+03 3.348880e-01
5.438000e+03 3.332890e-01
5.439000e+03 3.316900e-01
5.440000e+03 3.300920e-01
5.441000e+03 3.284810e-01
5.442000e+03 3.268700e-01
5.443000e+03 3.252810e-01
5.444000e+03 3.236930e-01
5.445000e+03 3.220840e-01
5.446000e+03 3.204760e-01
5.447000e+03 3.188900e-01
5.448000e+03 3.173050e-01
5.449000e+03 3.157200e-01
5.450000e+03 3.141360e-01
5.451000e+03 3.125080e-01
5.452000e+03 3.108800e-01
5.453000e+03 3.092740e-01
5.454000e+03 3.076690e-01
5.455000e+03 3.060640e-01
5.456000e+03 3.044590e-01
5.457000e+03 3.028330e-01
5.458000e+03 3.012080e-01
5.459000e+03 2.996040e-01
5.460000e+03 2.980000e-01
5.461000e+03 2.964240e-01
5.462000e+03 2.948470e-01
5.463000e+03 2.932490e-01
5.464000e+03 2.916510e-01
5.465000e+03 2.900730e-01
5.466000e+03 2.884950e-01
5.467000e+03 2.868950e-01
5.468000e+03 2.852950e-01
5.469000e+03 2.837160e-01
5.470000e+03 2.821370e-01
5.471000e+03 2.806230e-01
5.472000e+03 2.791070e-01
5.473000e+03 2.775690e-01
5.474000e+03 2.760290e-01
5.475000e+03 2.745110e-01
5.476000e+03 2.729290e-01
5.477000e+03 2.713480e-01
5.478000e+03 2.697660e-01
5.479000e+03 2.681620e-01
5.480000e+03 2.665580e-01
5.481000e+03 2.649590e-01
5.482000e+03 2.633610e-01
5.483000e+03 2.617620e-01
5.484000e+03 2.601630e-01
5.485000e+03 2.585420e-01
5.486000e+03 2.569210e-01
5.487000e+03 2.553220e-01
5.488000e+03 2.537220e-01
5.489000e+03 2.521010e-01
5.490000e+03 2.504800e-01
5.491000e+03 2.488810e-01
5.492000e+03 2.472810e-01
5.493000e+03 2.456820e-01
5.494000e+03 2.440820e-01
5.495000e+03 2.424610e-01
5.496000e+03 2.408940e-01
5.497000e+03 2.393480e-01
5.498000e+03 2.378010e-01
5.499000e+03 2.362530e-01
5.500000e+03 2.347040e-01
5.501000e+03 2.330880e-01
5.502000e+03 2.314710e-01
5.503000e+03 2.298760e-01
5.504000e+03 2.282800e-01
5.505000e+03 2.266850e-01
5.506000e+03 2.250890e-01
5.507000e+03 2.234710e-01
5.508000e+03 2.218530e-01
5.509000e+03 2.202570e-01
5.510000e+03 2.186600e-01
5.511000e+03 2.170630e-01
5.512000e+03 2.154660e-01
5.513000e+03 2.138470e-01
5.514000e+03 2.122270e-01
5.515000e+03 2.106300e-01
5.516000e+03 2.090320e-01
5.517000e+03 2.074120e-01
5.518000e+03 2.057920e-01
5.519000e+03 2.041930e-01
5.520000e+03 2.025950e-01
5.521000e+03 2.009940e-01
5.522000e+03 1.993930e-01
5.523000e+03 1.977700e-01
5.524000e+03 1.961470e-01
5.525000e+03 1.945450e-01
5.526000e+03 1.929440e-01
5.527000e+03 1.913420e-01
5.528000e+03 1.897400e-01
5.529000e+03 1.881160e-01
5.530000e+03 1.864920e-01
5.531000e+03 1.848930e-01
5.532000e+03 1.832940e-01
5.533000e+03 1.816940e-01
5.534000e+03 1.800950e-01
5.535000e+03 1.784730e-01
5.536000e+03 1.768510e-01
5.537000e+03 1.752510e-01
5.538000e+03 1.736500e-01
5.539000e+03 1.720280e-01
5.540000e+03 1.704050e-01
5.541000e+03 1.688050e-01
5.542000e+03 1.672040e-01
5.543000e+03 1.656030e-01
5.544000e+03 1.640020e-01
5.545000e+03 1.623790e-01
5.546000e+03 1.607920e-01
5.547000e+03 1.592260e-01
5.548000e+03 1.576590e-01
5.549000e+03 1.560910e-01
5.550000e+03 1.545220e-01
5.551000e+03 1.528920e-01
5.552000e+03 1.512610e-01
5.553000e+03 1.496520e-01
5.554000e+03 1.480430e-01
5.555000e+03 1.464340e-01
5.556000e+03 1.448240e-01
5.557000e+03 1.431930e-01
5.558000e+03 1.415620e-01
5.559000e+03 1.399520e-01
5.560000e+03 1.383420e-01
5.561000e+03 1.366870e-01
5.562000e+03 1.350330e-01
5.563000e+03 1.334010e-01
5.564000e+03 1.317700e-01
5.565000e+03 1.301390e-01
5.566000e+03 1.285370e-01
5.567000e+03 1.269130e-01
5.568000e+03 1.252890e-01
5.569000e+03 1.236860e-01
5.570000e+03 1.220840e-01
5.571000e+03 1.204820e-01
5.572000e+03 1.188800e-01
5.573000e+03 1.172560e-01
5.574000e+03 1.156310e-01
5.575000e+03 1.140280e-01
5.576000e+03 1.124250e-01
5.577000e+03 1.108210e-01
5.578000e+03 1.092170e-01
5.579000e+03 1.075910e-01
5.580000e+03 1.059640e-01
5.581000e+03 1.043490e-01
5.582000e+03 1.027340e-01
5.583000e+03 1.011190e-01
5.584000e+03 9.950330e-02
5.585000e+03 9.786610e-02
5.586000e+03 9.622890e-02
5.587000e+03 9.461350e-02
5.588000e+03 9.299810e-02
5.589000e+03 9.136080e-02
5.590000e+03 8.972350e-02
5.591000e+03 8.811180e-02
5.592000e+03 8.649990e-02
5.593000e+03 8.488790e-02
5.594000e+03 8.327580e-02
5.595000e+03 8.164160e-02
5.596000e+03 7.998920e-02
5.597000e+03 7.835920e-02
5.598000e+03 7.672980e-02
5.599000e+03 7.510090e-02
5.600000e+03 7.347260e-02
5.601000e+03 7.184380e-02
5.602000e+03 7.021470e-02
5.603000e+03 6.860700e-02
5.604000e+03 6.699900e-02
5.605000e+03 6.539050e-02
5.606000e+03 6.378170e-02
5.607000e+03 6.215070e-02
5.608000e+03 6.051930e-02
5.609000e+03 5.890940e-02
5.610000e+03 5.729910e-02
5.611000e+03 5.566210e-02
5.612000e+03 5.402500e-02
5.613000e+03 5.240970e-02
5.614000e+03 5.079420e-02
5.615000e+03 4.917860e-02
5.616000e+03 4.755220e-02
5.617000e+03 4.590450e-02
5.618000e+03 4.425740e-02
5.619000e+03 4.263280e-02
5.620000e+03 4.100880e-02
5.621000e+03 4.018030e-02
5.622000e+03 3.935170e-02
5.623000e+03 3.854490e-02
5.624000e+03 3.773800e-02
5.625000e+03 3.690920e-02
5.626000e+03 3.608040e-02
5.627000e+03 3.527340e-02
5.628000e+03 3.446640e-02
5.629000e+03 3.363740e-02
5.630000e+03 3.280840e-02
5.631000e+03 3.200350e-02
5.632000e+03 3.119850e-02
5.633000e+03 3.037150e-02
5.634000e+03 2.954420e-02
5.635000e+03 2.873870e-02
5.636000e+03 2.793300e-02
5.637000e+03 2.710530e-02
5.638000e+03 2.627740e-02
5.639000e+03 2.544930e-02
5.640000e+03 2.462100e-02
5.641000e+03 2.380840e-02
5.642000e+03 2.299600e-02
5.643000e+03 2.216210e-02
5.644000e+03 2.132830e-02
5.645000e+03 2.051670e-02
5.646000e+03 1.970970e-02
5.647000e+03 1.888080e-02
5.648000e+03 1.805180e-02
5.649000e+03 1.724450e-02
5.650000e+03 1.643710e-02
5.651000e+03 1.560770e-02
5.652000e+03 1.477810e-02
5.653000e+03 1.394850e-02
5.654000e+03 1.311870e-02
5.655000e+03 1.231060e-02
5.656000e+03 1.150250e-02
5.657000e+03 1.067230e-02
5.658000e+03 9.842000e-03
5.659000e+03 9.033460e-03
5.660000e+03 8.224790e-03
5.661000e+03 7.394410e-03
5.662000e+03 6.563830e-03
5.663000e+03 5.754950e-03
5.664000e+03 4.945880e-03
5.665000e+03 4.114740e-03
5.666000e+03 3.283410e-03
5.667000e+03 2.473780e-03
5.668000e+03 1.663970e-03
5.669000e+03 8.320810e-04
