# # Wavelength(Angstrom)  Transmission
1.069000e+04 5.612290e-04
1.070000e+04 5.270280e-04
1.072000e+04 5.415160e-04
1.074000e+04 5.495150e-04
1.075000e+04 6.067060e-04
1.076000e+04 6.616780e-04
1.077000e+04 6.375950e-04
1.078000e+04 7.557100e-04
1.079000e+04 8.543670e-04
1.080000e+04 8.771740e-04
1.081000e+04 9.727130e-04
1.082000e+04 1.076040e-03
1.083000e+04 1.131790e-03
1.084000e+04 1.334700e-03
1.085000e+04 1.611010e-03
1.086000e+04 1.877280e-03
1.087000e+04 1.956340e-03
1.088000e+04 2.435410e-03
1.089000e+04 2.853510e-03
1.090000e+04 3.586240e-03
1.091000e+04 4.365240e-03
1.092000e+04 5.427450e-03
1.093000e+04 6.672970e-03
1.094000e+04 8.282560e-03
1.095000e+04 1.033190e-02
1.096000e+04 1.273320e-02
1.097000e+04 1.603030e-02
1.098000e+04 2.000040e-02
1.099000e+04 2.482150e-02
1.100000e+04 3.047730e-02
1.101000e+04 3.706490e-02
1.102000e+04 4.659230e-02
1.103000e+04 5.678870e-02
1.104000e+04 7.091480e-02
1.105000e+04 8.767160e-02
1.106000e+04 1.105270e-01
1.107000e+04 1.351000e-01
1.108000e+04 1.705030e-01
1.109000e+04 2.071490e-01
1.110000e+04 2.589840e-01
1.111000e+04 3.176090e-01
1.112000e+04 3.755870e-01
1.113000e+04 4.379340e-01
1.114000e+04 5.045490e-01
1.115000e+04 5.639410e-01
1.116000e+04 6.003910e-01
1.117000e+04 6.017610e-01
1.118000e+04 5.884450e-01
1.119000e+04 5.775960e-01
1.120000e+04 5.664360e-01
1.121000e+04 5.497160e-01
1.122000e+04 5.511250e-01
1.123000e+04 5.479780e-01
1.124000e+04 5.412600e-01
1.125000e+04 5.521760e-01
1.126000e+04 5.745220e-01
1.127000e+04 5.895930e-01
1.128000e+04 6.008770e-01
1.129000e+04 6.035700e-01
1.130000e+04 5.945790e-01
1.131000e+04 6.095550e-01
1.132000e+04 6.486500e-01
1.133000e+04 6.724630e-01
1.134000e+04 6.215600e-01
1.135000e+04 5.254790e-01
1.136000e+04 4.544030e-01
1.137000e+04 4.759830e-01
1.138000e+04 5.629300e-01
1.139000e+04 6.433340e-01
1.140000e+04 6.908070e-01
1.141000e+04 7.049020e-01
1.142000e+04 6.947830e-01
1.143000e+04 6.726410e-01
1.144000e+04 6.304960e-01
1.145000e+04 5.731480e-01
1.146000e+04 5.307040e-01
1.147000e+04 5.279400e-01
1.148000e+04 5.558540e-01
1.149000e+04 5.970730e-01
1.150000e+04 6.313480e-01
1.151000e+04 6.552680e-01
1.152000e+04 6.841150e-01
1.153000e+04 7.078330e-01
1.154000e+04 7.254970e-01
1.155000e+04 7.355390e-01
1.156000e+04 7.409740e-01
1.157000e+04 7.512280e-01
1.158000e+04 7.679440e-01
1.159000e+04 7.757250e-01
1.160000e+04 7.672160e-01
1.161000e+04 7.658050e-01
1.162000e+04 7.739450e-01
1.163000e+04 7.841500e-01
1.164000e+04 7.871020e-01
1.165000e+04 7.824800e-01
1.166000e+04 7.741920e-01
1.167000e+04 7.615390e-01
1.168000e+04 7.473610e-01
1.169000e+04 7.401900e-01
1.170000e+04 7.487000e-01
1.171000e+04 7.691080e-01
1.172000e+04 7.899540e-01
1.173000e+04 8.031210e-01
1.174000e+04 8.124410e-01
1.175000e+04 8.246510e-01
1.176000e+04 8.421380e-01
1.177000e+04 8.607090e-01
1.178000e+04 8.709810e-01
1.179000e+04 8.720430e-01
1.180000e+04 8.708310e-01
1.181000e+04 8.681550e-01
1.182000e+04 8.526450e-01
1.183000e+04 8.276030e-01
1.184000e+04 8.178080e-01
1.185000e+04 8.373520e-01
1.186000e+04 8.609430e-01
1.187000e+04 8.750360e-01
1.188000e+04 8.621150e-01
1.189000e+04 8.399850e-01
1.190000e+04 8.329190e-01
1.191000e+04 8.532540e-01
1.192000e+04 8.814390e-01
1.193000e+04 9.037360e-01
1.194000e+04 9.107810e-01
1.195000e+04 9.168270e-01
1.196000e+04 9.209060e-01
1.197000e+04 9.243110e-01
1.198000e+04 9.272510e-01
1.199000e+04 9.267320e-01
1.200000e+04 9.227430e-01
1.201000e+04 9.241060e-01
1.202000e+04 9.332310e-01
1.203000e+04 9.393920e-01
1.204000e+04 9.355640e-01
1.205000e+04 9.234270e-01
1.206000e+04 9.194520e-01
1.207000e+04 9.253290e-01
1.208000e+04 9.316210e-01
1.209000e+04 9.331260e-01
1.210000e+04 9.306590e-01
1.211000e+04 9.279260e-01
1.212000e+04 9.277630e-01
1.213000e+04 9.288670e-01
1.214000e+04 9.307280e-01
1.215000e+04 9.298540e-01
1.216000e+04 9.299840e-01
1.217000e+04 9.365480e-01
1.218000e+04 9.488680e-01
1.219000e+04 9.571560e-01
1.220000e+04 9.606180e-01
1.221000e+04 9.609760e-01
1.222000e+04 9.631720e-01
1.223000e+04 9.656130e-01
1.224000e+04 9.669320e-01
1.225000e+04 9.680920e-01
1.226000e+04 9.723800e-01
1.227000e+04 9.796740e-01
1.228000e+04 9.857480e-01
1.229000e+04 9.894980e-01
1.230000e+04 9.908420e-01
1.231000e+04 9.912810e-01
1.232000e+04 9.926680e-01
1.233000e+04 9.934100e-01
1.234000e+04 9.928240e-01
1.235000e+04 9.923440e-01
1.236000e+04 9.913720e-01
1.237000e+04 9.920750e-01
1.238000e+04 9.908470e-01
1.239000e+04 9.900340e-01
1.240000e+04 9.886880e-01
1.241000e+04 9.873190e-01
1.242000e+04 9.863680e-01
1.243000e+04 9.856820e-01
1.244000e+04 9.852780e-01
1.245000e+04 9.848370e-01
1.246000e+04 9.851220e-01
1.247000e+04 9.863760e-01
1.248000e+04 9.888230e-01
1.249000e+04 9.917730e-01
1.250000e+04 9.951830e-01
1.251000e+04 9.974050e-01
1.252000e+04 9.996430e-01
1.253000e+04 1.000000e+00
1.254000e+04 9.954270e-01
1.255000e+04 9.845960e-01
1.256000e+04 9.685470e-01
1.257000e+04 9.472480e-01
1.258000e+04 9.168540e-01
1.259000e+04 8.707760e-01
1.260000e+04 8.045620e-01
1.261000e+04 7.242560e-01
1.262000e+04 6.417720e-01
1.263000e+04 5.631240e-01
1.264000e+04 4.885430e-01
1.265000e+04 4.132850e-01
1.266000e+04 3.391840e-01
1.267000e+04 2.770620e-01
1.268000e+04 2.247150e-01
1.269000e+04 1.754210e-01
1.270000e+04 1.338250e-01
1.271000e+04 1.038400e-01
1.272000e+04 8.391490e-02
1.273000e+04 6.834780e-02
1.274000e+04 5.633100e-02
1.275000e+04 4.510460e-02
1.276000e+04 3.547670e-02
1.277000e+04 2.845210e-02
1.278000e+04 2.290400e-02
1.279000e+04 1.877520e-02
1.280000e+04 1.507220e-02
1.281000e+04 1.225280e-02
1.282000e+04 1.027210e-02
1.283000e+04 8.273280e-03
1.284000e+04 6.830830e-03
1.285000e+04 5.762380e-03
1.286000e+04 4.794440e-03
1.287000e+04 4.102450e-03
1.288000e+04 3.385240e-03
1.289000e+04 2.966700e-03
1.290000e+04 2.591170e-03
1.291000e+04 2.242810e-03
1.292000e+04 1.969130e-03
1.293000e+04 1.730970e-03
1.294000e+04 1.714240e-03
1.295000e+04 1.323590e-03
1.296000e+04 1.265400e-03
1.297000e+04 1.116150e-03
1.298000e+04 1.034010e-03
1.299000e+04 9.820320e-04
1.300000e+04 9.984520e-04
1.301000e+04 9.894240e-04
1.302000e+04 5.979620e-04
1.303000e+04 7.217600e-04
1.304000e+04 6.960970e-04
1.305000e+04 6.954620e-04
1.306000e+04 6.151970e-04
1.307000e+04 5.709340e-04
1.308000e+04 5.416390e-04
