# # Wavelength(Angstrom)  Transmission
1.434000e+04 5.106470e-04
1.435000e+04 6.818570e-04
1.436000e+04 7.917660e-04
1.437000e+04 9.182130e-04
1.438000e+04 9.947220e-04
1.439000e+04 1.035640e-03
1.440000e+04 1.248940e-03
1.441000e+04 1.509450e-03
1.442000e+04 1.786240e-03
1.443000e+04 2.070330e-03
1.444000e+04 2.536580e-03
1.445000e+04 2.961400e-03
1.446000e+04 3.161680e-03
1.447000e+04 3.412130e-03
1.448000e+04 4.265090e-03
1.449000e+04 6.035800e-03
1.450000e+04 7.677330e-03
1.451000e+04 8.328590e-03
1.452000e+04 8.524290e-03
1.453000e+04 1.034500e-02
1.454000e+04 1.475170e-02
1.455000e+04 2.084630e-02
1.456000e+04 2.674980e-02
1.457000e+04 3.241370e-02
1.458000e+04 4.036910e-02
1.459000e+04 5.090050e-02
1.460000e+04 6.287260e-02
1.461000e+04 7.380390e-02
1.462000e+04 8.463330e-02
1.463000e+04 1.006070e-01
1.464000e+04 1.235270e-01
1.465000e+04 1.551580e-01
1.466000e+04 1.855770e-01
1.467000e+04 2.086450e-01
1.468000e+04 2.331780e-01
1.469000e+04 2.679920e-01
1.470000e+04 3.113340e-01
1.471000e+04 3.357750e-01
1.472000e+04 3.348360e-01
1.473000e+04 3.441410e-01
1.474000e+04 3.912710e-01
1.475000e+04 4.790970e-01
1.476000e+04 5.763200e-01
1.477000e+04 6.194520e-01
1.478000e+04 6.119030e-01
1.479000e+04 6.008700e-01
1.480000e+04 6.046850e-01
1.481000e+04 6.002450e-01
1.482000e+04 5.974420e-01
1.483000e+04 6.249870e-01
1.484000e+04 6.708220e-01
1.485000e+04 7.093270e-01
1.486000e+04 7.145240e-01
1.487000e+04 6.931650e-01
1.488000e+04 6.634430e-01
1.489000e+04 6.633180e-01
1.490000e+04 7.000860e-01
1.491000e+04 7.445060e-01
1.492000e+04 7.718800e-01
1.493000e+04 7.840260e-01
1.494000e+04 7.911840e-01
1.495000e+04 8.165030e-01
1.496000e+04 8.376210e-01
1.497000e+04 8.454430e-01
1.498000e+04 8.379390e-01
1.499000e+04 8.308700e-01
1.500000e+04 8.403670e-01
1.501000e+04 8.670920e-01
1.502000e+04 8.899560e-01
1.503000e+04 8.983010e-01
1.504000e+04 8.783760e-01
1.505000e+04 8.515350e-01
1.506000e+04 8.442330e-01
1.507000e+04 8.635770e-01
1.508000e+04 8.880190e-01
1.509000e+04 8.914990e-01
1.510000e+04 8.826720e-01
1.511000e+04 8.853270e-01
1.512000e+04 8.983080e-01
1.513000e+04 9.062940e-01
1.514000e+04 9.100230e-01
1.515000e+04 9.153300e-01
1.516000e+04 9.228720e-01
1.517000e+04 9.262420e-01
1.518000e+04 9.187570e-01
1.519000e+04 9.117930e-01
1.520000e+04 9.148030e-01
1.521000e+04 9.270620e-01
1.522000e+04 9.403590e-01
1.523000e+04 9.475080e-01
1.524000e+04 9.499680e-01
1.525000e+04 9.518560e-01
1.526000e+04 9.493290e-01
1.527000e+04 9.497670e-01
1.528000e+04 9.501590e-01
1.529000e+04 9.500040e-01
1.530000e+04 9.517760e-01
1.531000e+04 9.512060e-01
1.532000e+04 9.503190e-01
1.533000e+04 9.479860e-01
1.534000e+04 9.444870e-01
1.535000e+04 9.413000e-01
1.536000e+04 9.377080e-01
1.537000e+04 9.384430e-01
1.538000e+04 9.414920e-01
1.539000e+04 9.428340e-01
1.540000e+04 9.416720e-01
1.541000e+04 9.384700e-01
1.542000e+04 9.351730e-01
1.543000e+04 9.351650e-01
1.544000e+04 9.349140e-01
1.545000e+04 9.342060e-01
1.546000e+04 9.338940e-01
1.547000e+04 9.322280e-01
1.548000e+04 9.328060e-01
1.549000e+04 9.347760e-01
1.550000e+04 9.346940e-01
1.551000e+04 9.371070e-01
1.552000e+04 9.394730e-01
1.553000e+04 9.398030e-01
1.554000e+04 9.419320e-01
1.555000e+04 9.449300e-01
1.556000e+04 9.486100e-01
1.557000e+04 9.521700e-01
1.558000e+04 9.547010e-01
1.559000e+04 9.580690e-01
1.560000e+04 9.604460e-01
1.561000e+04 9.631260e-01
1.562000e+04 9.674580e-01
1.563000e+04 9.696620e-01
1.564000e+04 9.738100e-01
1.565000e+04 9.750120e-01
1.566000e+04 9.763740e-01
1.567000e+04 9.779840e-01
1.568000e+04 9.768680e-01
1.569000e+04 9.713890e-01
1.570000e+04 9.590120e-01
1.571000e+04 9.413240e-01
1.572000e+04 9.289450e-01
1.573000e+04 9.246350e-01
1.574000e+04 9.225320e-01
1.575000e+04 9.255920e-01
1.576000e+04 9.342820e-01
1.577000e+04 9.447550e-01
1.578000e+04 9.471060e-01
1.579000e+04 9.400620e-01
1.580000e+04 9.315110e-01
1.581000e+04 9.318620e-01
1.582000e+04 9.376000e-01
1.583000e+04 9.438610e-01
1.584000e+04 9.489350e-01
1.585000e+04 9.552230e-01
1.586000e+04 9.620110e-01
1.587000e+04 9.677260e-01
1.588000e+04 9.727080e-01
1.589000e+04 9.754410e-01
1.590000e+04 9.768530e-01
1.591000e+04 9.776950e-01
1.592000e+04 9.778030e-01
1.593000e+04 9.773580e-01
1.594000e+04 9.768790e-01
1.595000e+04 9.770110e-01
1.596000e+04 9.758260e-01
1.597000e+04 9.760450e-01
1.598000e+04 9.751820e-01
1.599000e+04 9.709410e-01
1.600000e+04 9.613520e-01
1.601000e+04 9.432070e-01
1.602000e+04 9.182980e-01
1.603000e+04 8.934050e-01
1.604000e+04 8.835240e-01
1.605000e+04 8.985240e-01
1.606000e+04 9.214110e-01
1.607000e+04 9.411280e-01
1.608000e+04 9.414130e-01
1.609000e+04 9.326610e-01
1.610000e+04 9.262570e-01
1.611000e+04 9.336450e-01
1.612000e+04 9.476520e-01
1.613000e+04 9.604830e-01
1.614000e+04 9.697170e-01
1.615000e+04 9.778940e-01
1.616000e+04 9.824990e-01
1.617000e+04 9.854440e-01
1.618000e+04 9.871270e-01
1.619000e+04 9.891680e-01
1.620000e+04 9.910910e-01
1.621000e+04 9.935670e-01
1.622000e+04 9.972730e-01
1.623000e+04 9.992950e-01
1.624000e+04 1.000000e+00
1.625000e+04 9.986390e-01
1.626000e+04 9.979010e-01
1.627000e+04 9.954720e-01
1.628000e+04 9.913130e-01
1.629000e+04 9.841660e-01
1.630000e+04 9.738680e-01
1.631000e+04 9.596540e-01
1.632000e+04 9.419180e-01
1.633000e+04 9.216450e-01
1.634000e+04 8.975290e-01
1.635000e+04 8.663000e-01
1.636000e+04 8.276110e-01
1.637000e+04 7.831390e-01
1.638000e+04 7.318400e-01
1.639000e+04 6.754500e-01
1.640000e+04 6.164720e-01
1.641000e+04 5.512790e-01
1.642000e+04 4.881060e-01
1.643000e+04 4.311770e-01
1.644000e+04 3.768110e-01
1.645000e+04 3.281250e-01
1.646000e+04 2.822700e-01
1.647000e+04 2.411410e-01
1.648000e+04 2.035900e-01
1.649000e+04 1.711150e-01
1.650000e+04 1.434660e-01
1.651000e+04 1.191550e-01
1.652000e+04 1.007620e-01
1.653000e+04 8.571880e-02
1.654000e+04 7.223070e-02
1.655000e+04 6.125140e-02
1.656000e+04 5.181960e-02
1.657000e+04 4.374680e-02
1.658000e+04 3.724460e-02
1.659000e+04 3.178660e-02
1.660000e+04 2.714120e-02
1.661000e+04 2.314170e-02
1.662000e+04 1.993810e-02
1.663000e+04 1.695360e-02
1.664000e+04 1.486660e-02
1.665000e+04 1.266980e-02
1.666000e+04 1.082170e-02
1.667000e+04 9.243580e-03
1.668000e+04 8.013360e-03
1.669000e+04 7.268180e-03
1.670000e+04 6.471440e-03
1.671000e+04 5.815010e-03
1.672000e+04 5.123420e-03
1.673000e+04 4.584550e-03
1.674000e+04 4.104360e-03
1.675000e+04 3.660750e-03
1.676000e+04 3.333200e-03
1.677000e+04 2.993770e-03
1.678000e+04 2.711100e-03
1.679000e+04 2.575520e-03
1.680000e+04 2.235030e-03
1.681000e+04 2.013350e-03
1.682000e+04 1.849270e-03
1.683000e+04 1.737030e-03
1.684000e+04 1.516430e-03
1.685000e+04 1.443410e-03
1.686000e+04 1.413010e-03
1.687000e+04 1.286900e-03
1.688000e+04 1.283080e-03
1.689000e+04 1.260140e-03
1.690000e+04 8.486400e-04
1.691000e+04 1.030920e-03
1.692000e+04 1.014070e-03
1.693000e+04 9.264120e-04
1.694000e+04 8.623190e-04
1.695000e+04 8.012200e-04
1.696000e+04 7.524240e-04
1.697000e+04 7.283780e-04
1.698000e+04 6.801250e-04
1.699000e+04 7.529520e-04
1.700000e+04 6.285170e-04
1.701000e+04 6.564300e-04
1.702000e+04 6.919180e-04
1.703000e+04 6.951370e-04
