# # Wavelength(Angstrom)  Transmission
9.410000e+03 6.050810e-04
9.420000e+03 7.283520e-04
9.430000e+03 8.439380e-04
9.440000e+03 8.951020e-04
9.450000e+03 1.195070e-03
9.460000e+03 1.490220e-03
9.470000e+03 1.736930e-03
9.480000e+03 2.307770e-03
9.490000e+03 2.825500e-03
9.500000e+03 3.434760e-03
9.510000e+03 3.806690e-03
9.520000e+03 5.419910e-03
9.530000e+03 6.323230e-03
9.540000e+03 8.487260e-03
9.550000e+03 1.134610e-02
9.560000e+03 1.460450e-02
9.570000e+03 2.003190e-02
9.580000e+03 2.870740e-02
9.590000e+03 4.150230e-02
9.600000e+03 5.478580e-02
9.610000e+03 8.096900e-02
9.620000e+03 1.189290e-01
9.630000e+03 1.578060e-01
9.640000e+03 2.095580e-01
9.650000e+03 2.558880e-01
9.660000e+03 3.201210e-01
9.670000e+03 3.774090e-01
9.680000e+03 4.286160e-01
9.690000e+03 4.922770e-01
9.700000e+03 5.367060e-01
9.710000e+03 5.660760e-01
9.720000e+03 5.962980e-01
9.730000e+03 6.189190e-01
9.740000e+03 6.288760e-01
9.750000e+03 6.349450e-01
9.760000e+03 6.583280e-01
9.770000e+03 6.738560e-01
9.780000e+03 7.114980e-01
9.790000e+03 7.233890e-01
9.800000e+03 7.289300e-01
9.810000e+03 7.435120e-01
9.820000e+03 7.719530e-01
9.830000e+03 7.786130e-01
9.840000e+03 7.799430e-01
9.850000e+03 7.896480e-01
9.860000e+03 7.910140e-01
9.870000e+03 7.958960e-01
9.880000e+03 7.909330e-01
9.890000e+03 7.893700e-01
9.900000e+03 7.867570e-01
9.910000e+03 7.825800e-01
9.920000e+03 7.830100e-01
9.930000e+03 7.828810e-01
9.940000e+03 7.837290e-01
9.950000e+03 7.900000e-01
9.960000e+03 7.962060e-01
9.970000e+03 8.019040e-01
9.980000e+03 8.119620e-01
9.990000e+03 8.220930e-01
1.000000e+04 8.312840e-01
1.001000e+04 8.420080e-01
1.002000e+04 8.516730e-01
1.003000e+04 8.577930e-01
1.004000e+04 8.664990e-01
1.005000e+04 8.708740e-01
1.006000e+04 8.756900e-01
1.007000e+04 8.757790e-01
1.008000e+04 8.746410e-01
1.009000e+04 8.753810e-01
1.010000e+04 8.720530e-01
1.011000e+04 8.708300e-01
1.012000e+04 8.721480e-01
1.013000e+04 8.724240e-01
1.014000e+04 8.734900e-01
1.015000e+04 8.756090e-01
1.016000e+04 8.786750e-01
1.017000e+04 8.857260e-01
1.018000e+04 8.894790e-01
1.019000e+04 8.962870e-01
1.020000e+04 9.031950e-01
1.021000e+04 9.094740e-01
1.022000e+04 9.186800e-01
1.023000e+04 9.250080e-01
1.024000e+04 9.299650e-01
1.025000e+04 9.323310e-01
1.026000e+04 9.373670e-01
1.027000e+04 9.377590e-01
1.028000e+04 9.380560e-01
1.029000e+04 9.367420e-01
1.030000e+04 9.348860e-01
1.031000e+04 9.324780e-01
1.032000e+04 9.301010e-01
1.033000e+04 9.260740e-01
1.034000e+04 9.236130e-01
1.035000e+04 9.232670e-01
1.036000e+04 9.216130e-01
1.037000e+04 9.214650e-01
1.038000e+04 9.207140e-01
1.039000e+04 9.229220e-01
1.040000e+04 9.240810e-01
1.041000e+04 9.279880e-01
1.042000e+04 9.308650e-01
1.043000e+04 9.348610e-01
1.044000e+04 9.392810e-01
1.045000e+04 9.437050e-01
1.046000e+04 9.468630e-01
1.047000e+04 9.492900e-01
1.048000e+04 9.524410e-01
1.049000e+04 9.550810e-01
1.050000e+04 9.560510e-01
1.051000e+04 9.558430e-01
1.052000e+04 9.563150e-01
1.053000e+04 9.559950e-01
1.054000e+04 9.537310e-01
1.055000e+04 9.525000e-01
1.056000e+04 9.504660e-01
1.057000e+04 9.473680e-01
1.058000e+04 9.459480e-01
1.059000e+04 9.434980e-01
1.060000e+04 9.413120e-01
1.061000e+04 9.401540e-01
1.062000e+04 9.396210e-01
1.063000e+04 9.391230e-01
1.064000e+04 9.401070e-01
1.065000e+04 9.403940e-01
1.066000e+04 9.417120e-01
1.067000e+04 9.453910e-01
1.068000e+04 9.484970e-01
1.069000e+04 9.516300e-01
1.070000e+04 9.572200e-01
1.071000e+04 9.619250e-01
1.072000e+04 9.670200e-01
1.073000e+04 9.723810e-01
1.074000e+04 9.778700e-01
1.075000e+04 9.812340e-01
1.076000e+04 9.845950e-01
1.077000e+04 9.914370e-01
1.078000e+04 9.896120e-01
1.079000e+04 9.923680e-01
1.080000e+04 9.993900e-01
1.081000e+04 9.946970e-01
1.082000e+04 9.949290e-01
1.083000e+04 1.000000e+00
1.084000e+04 9.939280e-01
1.085000e+04 9.921610e-01
1.086000e+04 9.956670e-01
1.087000e+04 9.814560e-01
1.088000e+04 9.919110e-01
1.089000e+04 9.977680e-01
1.090000e+04 9.916800e-01
1.091000e+04 9.827840e-01
1.092000e+04 9.911210e-01
1.093000e+04 9.790430e-01
1.094000e+04 9.718200e-01
1.095000e+04 9.824390e-01
1.096000e+04 9.709730e-01
1.097000e+04 9.686280e-01
1.098000e+04 9.725460e-01
1.099000e+04 9.532470e-01
1.100000e+04 9.353490e-01
1.101000e+04 9.226810e-01
1.102000e+04 9.226890e-01
1.103000e+04 9.054820e-01
1.104000e+04 9.010850e-01
1.105000e+04 8.921480e-01
1.106000e+04 8.882000e-01
1.107000e+04 8.670170e-01
1.108000e+04 8.763640e-01
1.109000e+04 8.479150e-01
1.110000e+04 8.555070e-01
1.111000e+04 8.492080e-01
1.112000e+04 8.218650e-01
1.113000e+04 8.092160e-01
1.114000e+04 7.994910e-01
1.115000e+04 7.821280e-01
1.116000e+04 7.397490e-01
1.117000e+04 6.698940e-01
1.118000e+04 5.922570e-01
1.119000e+04 5.284540e-01
1.120000e+04 4.644530e-01
1.121000e+04 3.949170e-01
1.122000e+04 3.372750e-01
1.123000e+04 2.783220e-01
1.124000e+04 2.201480e-01
1.125000e+04 1.771550e-01
1.126000e+04 1.426450e-01
1.127000e+04 1.115020e-01
1.128000e+04 8.657400e-02
1.129000e+04 6.645650e-02
1.130000e+04 4.990780e-02
1.131000e+04 3.930880e-02
1.132000e+04 3.252340e-02
1.133000e+04 2.627150e-02
1.134000e+04 1.929410e-02
1.135000e+04 1.318910e-02
1.136000e+04 9.198990e-03
1.137000e+04 7.836220e-03
1.138000e+04 7.621390e-03
1.139000e+04 7.309280e-03
1.140000e+04 6.578420e-03
1.141000e+04 5.819380e-03
1.142000e+04 4.841110e-03
1.143000e+04 3.768850e-03
1.144000e+04 3.141870e-03
1.145000e+04 2.462330e-03
1.146000e+04 1.915610e-03
1.147000e+04 1.617890e-03
1.148000e+04 1.522270e-03
1.149000e+04 1.428260e-03
1.150000e+04 1.364880e-03
1.151000e+04 1.188370e-03
1.152000e+04 1.094530e-03
1.153000e+04 1.118750e-03
1.154000e+04 7.837270e-04
1.155000e+04 8.424680e-04
1.156000e+04 8.368010e-04
1.157000e+04 7.689020e-04
1.158000e+04 6.193750e-04
1.159000e+04 6.384360e-04
1.160000e+04 6.410830e-04
1.161000e+04 6.460650e-04
1.162000e+04 5.376320e-04
1.163000e+04 6.003370e-04
1.164000e+04 6.352610e-04
1.165000e+04 5.958340e-04
