# # Wavelength(Angstrom)  Transmission
1.563000e+04 5.448720e-04
1.564000e+04 5.445580e-04
1.565000e+04 6.425500e-04
1.566000e+04 5.097380e-04
1.567000e+04 6.443040e-04
1.568000e+04 6.468510e-04
1.569000e+04 7.111250e-04
1.570000e+04 6.574240e-04
1.571000e+04 8.277270e-04
1.572000e+04 7.512470e-04
1.573000e+04 8.502710e-04
1.574000e+04 8.821740e-04
1.575000e+04 9.416650e-04
1.576000e+04 1.060340e-03
1.577000e+04 1.139890e-03
1.578000e+04 1.246720e-03
1.579000e+04 1.582810e-03
1.580000e+04 1.635230e-03
1.581000e+04 1.832700e-03
1.582000e+04 1.922270e-03
1.583000e+04 2.117880e-03
1.584000e+04 2.506810e-03
1.585000e+04 2.696540e-03
1.586000e+04 3.084050e-03
1.587000e+04 3.443250e-03
1.588000e+04 3.765920e-03
1.589000e+04 4.281020e-03
1.590000e+04 4.865010e-03
1.591000e+04 5.513980e-03
1.592000e+04 6.289870e-03
1.593000e+04 6.981010e-03
1.594000e+04 8.043320e-03
1.595000e+04 9.023820e-03
1.596000e+04 1.025470e-02
1.597000e+04 1.176860e-02
1.598000e+04 1.342710e-02
1.599000e+04 1.543020e-02
1.600000e+04 1.763030e-02
1.601000e+04 1.989520e-02
1.602000e+04 2.264880e-02
1.603000e+04 2.567180e-02
1.604000e+04 2.999100e-02
1.605000e+04 3.557970e-02
1.606000e+04 4.289110e-02
1.607000e+04 5.203570e-02
1.608000e+04 6.181830e-02
1.609000e+04 7.298670e-02
1.610000e+04 8.692440e-02
1.611000e+04 1.051850e-01
1.612000e+04 1.268320e-01
1.613000e+04 1.542630e-01
1.614000e+04 1.841660e-01
1.615000e+04 2.208300e-01
1.616000e+04 2.620410e-01
1.617000e+04 3.077590e-01
1.618000e+04 3.560660e-01
1.619000e+04 4.078530e-01
1.620000e+04 4.636240e-01
1.621000e+04 5.168480e-01
1.622000e+04 5.724900e-01
1.623000e+04 6.251010e-01
1.624000e+04 6.737110e-01
1.625000e+04 7.176220e-01
1.626000e+04 7.567880e-01
1.627000e+04 7.926710e-01
1.628000e+04 8.229800e-01
1.629000e+04 8.511000e-01
1.630000e+04 8.726570e-01
1.631000e+04 8.909690e-01
1.632000e+04 9.073960e-01
1.633000e+04 9.221490e-01
1.634000e+04 9.366700e-01
1.635000e+04 9.491590e-01
1.636000e+04 9.583830e-01
1.637000e+04 9.650730e-01
1.638000e+04 9.700090e-01
1.639000e+04 9.728250e-01
1.640000e+04 9.723840e-01
1.641000e+04 9.670000e-01
1.642000e+04 9.630700e-01
1.643000e+04 9.656050e-01
1.644000e+04 9.696200e-01
1.645000e+04 9.747450e-01
1.646000e+04 9.777820e-01
1.647000e+04 9.794080e-01
1.648000e+04 9.791870e-01
1.649000e+04 9.731030e-01
1.650000e+04 9.648990e-01
1.651000e+04 9.586960e-01
1.652000e+04 9.615680e-01
1.653000e+04 9.720580e-01
1.654000e+04 9.808300e-01
1.655000e+04 9.855770e-01
1.656000e+04 9.876640e-01
1.657000e+04 9.882750e-01
1.658000e+04 9.913030e-01
1.659000e+04 9.946580e-01
1.660000e+04 9.981300e-01
1.661000e+04 9.992500e-01
1.662000e+04 1.000000e+00
1.663000e+04 9.991200e-01
1.664000e+04 9.985190e-01
1.665000e+04 9.919590e-01
1.666000e+04 9.756880e-01
1.667000e+04 9.577480e-01
1.668000e+04 9.543630e-01
1.669000e+04 9.674920e-01
1.670000e+04 9.837110e-01
1.671000e+04 9.931850e-01
1.672000e+04 9.959530e-01
1.673000e+04 9.966050e-01
1.674000e+04 9.950700e-01
1.675000e+04 9.932520e-01
1.676000e+04 9.910920e-01
1.677000e+04 9.888470e-01
1.678000e+04 9.851340e-01
1.679000e+04 9.810900e-01
1.680000e+04 9.786410e-01
1.681000e+04 9.722890e-01
1.682000e+04 9.633130e-01
1.683000e+04 9.638570e-01
1.684000e+04 9.709060e-01
1.685000e+04 9.776910e-01
1.686000e+04 9.805170e-01
1.687000e+04 9.792660e-01
1.688000e+04 9.769550e-01
1.689000e+04 9.763120e-01
1.690000e+04 9.745400e-01
1.691000e+04 9.719730e-01
1.692000e+04 9.692760e-01
1.693000e+04 9.697440e-01
1.694000e+04 9.736140e-01
1.695000e+04 9.758970e-01
1.696000e+04 9.783940e-01
1.697000e+04 9.793770e-01
1.698000e+04 9.770200e-01
1.699000e+04 9.772400e-01
1.700000e+04 9.775960e-01
1.701000e+04 9.785940e-01
1.702000e+04 9.805740e-01
1.703000e+04 9.814030e-01
1.704000e+04 9.819350e-01
1.705000e+04 9.821170e-01
1.706000e+04 9.784160e-01
1.707000e+04 9.747780e-01
1.708000e+04 9.713080e-01
1.709000e+04 9.679710e-01
1.710000e+04 9.712680e-01
1.711000e+04 9.793870e-01
1.712000e+04 9.883140e-01
1.713000e+04 9.943150e-01
1.714000e+04 9.940080e-01
1.715000e+04 9.886770e-01
1.716000e+04 9.827630e-01
1.717000e+04 9.822470e-01
1.718000e+04 9.871910e-01
1.719000e+04 9.929590e-01
1.720000e+04 9.956040e-01
1.721000e+04 9.932950e-01
1.722000e+04 9.863850e-01
1.723000e+04 9.795540e-01
1.724000e+04 9.736180e-01
1.725000e+04 9.657240e-01
1.726000e+04 9.606540e-01
1.727000e+04 9.617470e-01
1.728000e+04 9.668820e-01
1.729000e+04 9.700600e-01
1.730000e+04 9.691330e-01
1.731000e+04 9.655550e-01
1.732000e+04 9.525500e-01
1.733000e+04 9.265980e-01
1.734000e+04 9.129660e-01
1.735000e+04 9.246100e-01
1.736000e+04 9.406150e-01
1.737000e+04 9.463800e-01
1.738000e+04 9.411650e-01
1.739000e+04 9.432500e-01
1.740000e+04 9.488150e-01
1.741000e+04 9.476410e-01
1.742000e+04 9.411470e-01
1.743000e+04 9.367240e-01
1.744000e+04 9.396040e-01
1.745000e+04 9.420200e-01
1.746000e+04 9.320700e-01
1.747000e+04 9.086250e-01
1.748000e+04 8.760340e-01
1.749000e+04 8.719150e-01
1.750000e+04 9.055180e-01
1.751000e+04 9.397980e-01
1.752000e+04 9.520700e-01
1.753000e+04 9.460780e-01
1.754000e+04 9.482540e-01
1.755000e+04 9.497010e-01
1.756000e+04 9.417160e-01
1.757000e+04 9.307760e-01
1.758000e+04 9.328860e-01
1.759000e+04 9.458100e-01
1.760000e+04 9.664250e-01
1.761000e+04 9.761560e-01
1.762000e+04 9.759020e-01
1.763000e+04 9.668260e-01
1.764000e+04 9.576640e-01
1.765000e+04 9.448260e-01
1.766000e+04 9.143550e-01
1.767000e+04 8.708780e-01
1.768000e+04 8.672680e-01
1.769000e+04 9.121790e-01
1.770000e+04 9.534060e-01
1.771000e+04 9.704600e-01
1.772000e+04 9.649590e-01
1.773000e+04 9.637170e-01
1.774000e+04 9.491080e-01
1.775000e+04 9.162460e-01
1.776000e+04 8.765210e-01
1.777000e+04 8.630440e-01
1.778000e+04 8.737610e-01
1.779000e+04 8.861600e-01
1.780000e+04 8.800740e-01
1.781000e+04 8.727710e-01
1.782000e+04 8.682060e-01
1.783000e+04 8.715440e-01
1.784000e+04 8.784790e-01
1.785000e+04 8.509420e-01
1.786000e+04 7.979800e-01
1.787000e+04 7.650040e-01
1.788000e+04 7.762930e-01
1.789000e+04 7.980030e-01
1.790000e+04 8.022980e-01
1.791000e+04 7.695900e-01
1.792000e+04 7.128350e-01
1.793000e+04 6.429180e-01
1.794000e+04 5.737290e-01
1.795000e+04 5.146070e-01
1.796000e+04 4.683360e-01
1.797000e+04 4.281600e-01
1.798000e+04 3.837810e-01
1.799000e+04 3.494180e-01
1.800000e+04 3.080090e-01
1.801000e+04 2.440650e-01
1.802000e+04 1.732150e-01
1.803000e+04 1.324670e-01
1.804000e+04 1.227680e-01
1.805000e+04 1.234780e-01
1.806000e+04 1.122920e-01
1.807000e+04 8.776440e-02
1.808000e+04 6.506870e-02
1.809000e+04 5.657350e-02
1.810000e+04 5.343810e-02
1.811000e+04 4.729930e-02
1.812000e+04 3.563950e-02
1.813000e+04 2.600050e-02
1.814000e+04 2.149900e-02
1.815000e+04 2.014800e-02
1.816000e+04 1.814300e-02
1.817000e+04 1.402610e-02
1.818000e+04 1.137010e-02
1.819000e+04 1.019380e-02
1.820000e+04 8.732000e-03
1.821000e+04 6.156880e-03
1.822000e+04 3.780270e-03
1.823000e+04 2.839590e-03
1.824000e+04 3.885450e-03
1.825000e+04 5.281920e-03
1.826000e+04 5.297890e-03
1.827000e+04 3.830220e-03
1.828000e+04 2.470330e-03
1.829000e+04 1.619740e-03
1.830000e+04 1.175850e-03
1.831000e+04 8.879760e-04
1.832000e+04 6.964810e-04
1.833000e+04 6.526330e-04
1.834000e+04 6.762990e-04
1.835000e+04 6.226570e-04
1.846000e+04 5.432910e-04
