# # Wavelength(Angstrom)  Transmission
5.785000e+03 1.000000e-04
5.786000e+03 0.000000e+00
5.787000e+03 1.000000e-04
5.788000e+03 1.000000e-04
5.789000e+03 1.000000e-04
5.790000e+03 1.000000e-04
5.791000e+03 1.000000e-04
5.792000e+03 1.000000e-04
5.793000e+03 1.000000e-04
5.794000e+03 1.000000e-04
5.795000e+03 1.000000e-04
5.796000e+03 2.000000e-04
5.797000e+03 2.000000e-04
5.798000e+03 2.000000e-04
5.799000e+03 2.000000e-04
5.800000e+03 2.000000e-04
5.801000e+03 3.000000e-04
5.802000e+03 3.000000e-04
5.803000e+03 3.000000e-04
5.804000e+03 4.000000e-04
5.805000e+03 4.000000e-04
5.806000e+03 4.000000e-04
5.807000e+03 5.000000e-04
5.808000e+03 6.000000e-04
5.809000e+03 7.000000e-04
5.810000e+03 7.000000e-04
5.811000e+03 8.000000e-04
5.812000e+03 9.000000e-04
5.813000e+03 1.100000e-03
5.814000e+03 1.200000e-03
5.815000e+03 1.400000e-03
5.816000e+03 1.600000e-03
5.817000e+03 1.800000e-03
5.818000e+03 2.100000e-03
5.819000e+03 2.400000e-03
5.820000e+03 2.900000e-03
5.821000e+03 3.300000e-03
5.822000e+03 3.800000e-03
5.823000e+03 4.500000e-03
5.824000e+03 5.300000e-03
5.825000e+03 6.200000e-03
5.826000e+03 7.300000e-03
5.827000e+03 8.500000e-03
5.828000e+03 1.010000e-02
5.829000e+03 1.190000e-02
5.830000e+03 1.430000e-02
5.831000e+03 1.700000e-02
5.832000e+03 2.040000e-02
5.833000e+03 2.470000e-02
5.834000e+03 2.970000e-02
5.835000e+03 3.640000e-02
5.836000e+03 4.370000e-02
5.837000e+03 5.410000e-02
5.838000e+03 6.540000e-02
5.839000e+03 8.030000e-02
5.840000e+03 9.640000e-02
5.841000e+03 1.177000e-01
5.842000e+03 1.426000e-01
5.843000e+03 1.723000e-01
5.844000e+03 2.056000e-01
5.845000e+03 2.420000e-01
5.846000e+03 2.860000e-01
5.847000e+03 3.276000e-01
5.848000e+03 3.746000e-01
5.849000e+03 4.163000e-01
5.850000e+03 4.573000e-01
5.851000e+03 4.876000e-01
5.852000e+03 5.157000e-01
5.853000e+03 5.358000e-01
5.854000e+03 5.499000e-01
5.855000e+03 5.610000e-01
5.856000e+03 5.681000e-01
5.857000e+03 5.719000e-01
5.858000e+03 5.742000e-01
5.859000e+03 5.741000e-01
5.860000e+03 5.733000e-01
5.861000e+03 5.716000e-01
5.862000e+03 5.703000e-01
5.863000e+03 5.687000e-01
5.864000e+03 5.680000e-01
5.865000e+03 5.685000e-01
5.866000e+03 5.695000e-01
5.867000e+03 5.699000e-01
5.868000e+03 5.716000e-01
5.869000e+03 5.719000e-01
5.870000e+03 5.731000e-01
5.871000e+03 5.739000e-01
5.872000e+03 5.747000e-01
5.873000e+03 5.762000e-01
5.874000e+03 5.768000e-01
5.875000e+03 5.786000e-01
5.876000e+03 5.788000e-01
5.877000e+03 5.802000e-01
5.878000e+03 5.803000e-01
5.879000e+03 5.806000e-01
5.880000e+03 5.798000e-01
5.881000e+03 5.802000e-01
5.882000e+03 5.791000e-01
5.883000e+03 5.791000e-01
5.884000e+03 5.788000e-01
5.885000e+03 5.782000e-01
5.886000e+03 5.778000e-01
5.887000e+03 5.779000e-01
5.888000e+03 5.775000e-01
5.889000e+03 5.764000e-01
5.890000e+03 5.753000e-01
5.891000e+03 5.749000e-01
5.892000e+03 5.747000e-01
5.893000e+03 5.741000e-01
5.894000e+03 5.742000e-01
5.895000e+03 5.756000e-01
5.896000e+03 5.748000e-01
5.897000e+03 5.753000e-01
5.898000e+03 5.755000e-01
5.899000e+03 5.741000e-01
5.900000e+03 5.746000e-01
5.901000e+03 5.750000e-01
5.902000e+03 5.759000e-01
5.903000e+03 5.763000e-01
5.904000e+03 5.775000e-01
5.905000e+03 5.778000e-01
5.906000e+03 5.788000e-01
5.907000e+03 5.788000e-01
5.908000e+03 5.788000e-01
5.909000e+03 5.782000e-01
5.910000e+03 5.799000e-01
5.911000e+03 5.798000e-01
5.912000e+03 5.813000e-01
5.913000e+03 5.816000e-01
5.914000e+03 5.818000e-01
5.915000e+03 5.813000e-01
5.916000e+03 5.810000e-01
5.917000e+03 5.812000e-01
5.918000e+03 5.811000e-01
5.919000e+03 5.818000e-01
5.920000e+03 5.821000e-01
5.921000e+03 5.829000e-01
5.922000e+03 5.831000e-01
5.923000e+03 5.831000e-01
5.924000e+03 5.832000e-01
5.925000e+03 5.820000e-01
5.926000e+03 5.818000e-01
5.927000e+03 5.816000e-01
5.928000e+03 5.822000e-01
5.929000e+03 5.828000e-01
5.930000e+03 5.837000e-01
5.931000e+03 5.838000e-01
5.932000e+03 5.836000e-01
5.933000e+03 5.834000e-01
5.934000e+03 5.821000e-01
5.935000e+03 5.820000e-01
5.936000e+03 5.824000e-01
5.937000e+03 5.829000e-01
5.938000e+03 5.831000e-01
5.939000e+03 5.843000e-01
5.940000e+03 5.847000e-01
5.941000e+03 5.840000e-01
5.942000e+03 5.838000e-01
5.943000e+03 5.829000e-01
5.944000e+03 5.820000e-01
5.945000e+03 5.817000e-01
5.946000e+03 5.823000e-01
5.947000e+03 5.822000e-01
5.948000e+03 5.842000e-01
5.949000e+03 5.844000e-01
5.950000e+03 5.847000e-01
5.951000e+03 5.838000e-01
5.952000e+03 5.823000e-01
5.953000e+03 5.815000e-01
5.954000e+03 5.804000e-01
5.955000e+03 5.806000e-01
5.956000e+03 5.813000e-01
5.957000e+03 5.812000e-01
5.958000e+03 5.820000e-01
5.959000e+03 5.815000e-01
5.960000e+03 5.810000e-01
5.961000e+03 5.796000e-01
5.962000e+03 5.789000e-01
5.963000e+03 5.772000e-01
5.964000e+03 5.760000e-01
5.965000e+03 5.760000e-01
5.966000e+03 5.771000e-01
5.967000e+03 5.774000e-01
5.968000e+03 5.778000e-01
5.969000e+03 5.779000e-01
5.970000e+03 5.774000e-01
5.971000e+03 5.758000e-01
5.972000e+03 5.751000e-01
5.973000e+03 5.751000e-01
5.974000e+03 5.755000e-01
5.975000e+03 5.760000e-01
5.976000e+03 5.790000e-01
5.977000e+03 5.801000e-01
5.978000e+03 5.806000e-01
5.979000e+03 5.804000e-01
5.980000e+03 5.788000e-01
5.981000e+03 5.753000e-01
5.982000e+03 5.709000e-01
5.983000e+03 5.660000e-01
5.984000e+03 5.585000e-01
5.985000e+03 5.491000e-01
5.986000e+03 5.359000e-01
5.987000e+03 5.187000e-01
5.988000e+03 4.973000e-01
5.989000e+03 4.682000e-01
5.990000e+03 4.376000e-01
5.991000e+03 4.013000e-01
5.992000e+03 3.672000e-01
5.993000e+03 3.283000e-01
5.994000e+03 2.931000e-01
5.995000e+03 2.580000e-01
5.996000e+03 2.263000e-01
5.997000e+03 1.951000e-01
5.998000e+03 1.666000e-01
5.999000e+03 1.425000e-01
6.000000e+03 1.210000e-01
6.001000e+03 1.032000e-01
6.002000e+03 8.580000e-02
6.003000e+03 7.270000e-02
6.004000e+03 6.120000e-02
6.005000e+03 5.220000e-02
6.006000e+03 4.380000e-02
6.007000e+03 3.750000e-02
6.008000e+03 3.180000e-02
6.009000e+03 2.720000e-02
6.010000e+03 2.320000e-02
6.011000e+03 1.970000e-02
6.012000e+03 1.700000e-02
6.013000e+03 1.460000e-02
6.014000e+03 1.260000e-02
6.015000e+03 1.080000e-02
6.016000e+03 9.400000e-03
6.017000e+03 8.100000e-03
6.018000e+03 7.000000e-03
6.019000e+03 6.100000e-03
6.020000e+03 5.400000e-03
6.021000e+03 4.700000e-03
6.022000e+03 4.100000e-03
6.023000e+03 3.600000e-03
6.024000e+03 3.200000e-03
6.025000e+03 2.800000e-03
6.026000e+03 2.500000e-03
6.027000e+03 2.200000e-03
6.028000e+03 1.900000e-03
6.029000e+03 1.700000e-03
6.030000e+03 1.500000e-03
6.031000e+03 1.400000e-03
6.032000e+03 1.200000e-03
6.033000e+03 1.100000e-03
6.034000e+03 1.000000e-03
6.035000e+03 9.000000e-04
6.036000e+03 8.000000e-04
6.037000e+03 7.000000e-04
6.038000e+03 6.000000e-04
6.039000e+03 6.000000e-04
6.040000e+03 5.000000e-04
6.041000e+03 5.000000e-04
6.042000e+03 4.000000e-04
6.043000e+03 4.000000e-04
6.044000e+03 3.000000e-04
6.045000e+03 3.000000e-04
6.046000e+03 3.000000e-04
6.047000e+03 3.000000e-04
6.048000e+03 2.000000e-04
6.049000e+03 2.000000e-04
6.050000e+03 2.000000e-04
6.051000e+03 2.000000e-04
6.052000e+03 2.000000e-04
6.053000e+03 2.000000e-04
6.054000e+03 1.000000e-04
6.055000e+03 1.000000e-04
6.056000e+03 1.000000e-04
6.057000e+03 1.000000e-04
6.058000e+03 1.000000e-04
6.059000e+03 1.000000e-04
6.060000e+03 1.000000e-04
6.061000e+03 1.000000e-04
6.062000e+03 1.000000e-04
6.063000e+03 1.000000e-04
6.064000e+03 1.000000e-04
6.065000e+03 1.000000e-04
6.066000e+03 1.000000e-04
6.067000e+03 1.000000e-04
