# # Wavelength(Angstrom)  Transmission
5.574000e+03 1.000000e-04
5.575000e+03 1.000000e-04
5.576000e+03 1.000000e-04
5.577000e+03 1.000000e-04
5.578000e+03 1.000000e-04
5.579000e+03 1.000000e-04
5.580000e+03 1.000000e-04
5.581000e+03 1.000000e-04
5.582000e+03 1.000000e-04
5.583000e+03 1.000000e-04
5.584000e+03 1.000000e-04
5.585000e+03 1.000000e-04
5.586000e+03 2.000000e-04
5.587000e+03 2.000000e-04
5.588000e+03 2.000000e-04
5.589000e+03 2.000000e-04
5.590000e+03 3.000000e-04
5.591000e+03 3.000000e-04
5.592000e+03 3.000000e-04
5.593000e+03 4.000000e-04
5.594000e+03 4.000000e-04
5.595000e+03 5.000000e-04
5.596000e+03 5.000000e-04
5.597000e+03 6.000000e-04
5.598000e+03 6.000000e-04
5.599000e+03 7.000000e-04
5.600000e+03 8.000000e-04
5.601000e+03 1.000000e-03
5.602000e+03 1.100000e-03
5.603000e+03 1.200000e-03
5.604000e+03 1.400000e-03
5.605000e+03 1.600000e-03
5.606000e+03 1.800000e-03
5.607000e+03 2.100000e-03
5.608000e+03 2.400000e-03
5.609000e+03 2.800000e-03
5.610000e+03 3.300000e-03
5.611000e+03 3.800000e-03
5.612000e+03 4.400000e-03
5.613000e+03 5.100000e-03
5.614000e+03 6.000000e-03
5.615000e+03 7.000000e-03
5.616000e+03 8.300000e-03
5.617000e+03 9.700000e-03
5.618000e+03 1.150000e-02
5.619000e+03 1.340000e-02
5.620000e+03 1.610000e-02
5.621000e+03 1.930000e-02
5.622000e+03 2.300000e-02
5.623000e+03 2.730000e-02
5.624000e+03 3.280000e-02
5.625000e+03 4.000000e-02
5.626000e+03 4.810000e-02
5.627000e+03 5.810000e-02
5.628000e+03 6.890000e-02
5.629000e+03 8.430000e-02
5.630000e+03 1.007000e-01
5.631000e+03 1.223000e-01
5.632000e+03 1.445000e-01
5.633000e+03 1.711000e-01
5.634000e+03 2.036000e-01
5.635000e+03 2.367000e-01
5.636000e+03 2.738000e-01
5.637000e+03 3.097000e-01
5.638000e+03 3.501000e-01
5.639000e+03 3.848000e-01
5.640000e+03 4.187000e-01
5.641000e+03 4.453000e-01
5.642000e+03 4.704000e-01
5.643000e+03 4.876000e-01
5.644000e+03 5.027000e-01
5.645000e+03 5.124000e-01
5.646000e+03 5.199000e-01
5.647000e+03 5.239000e-01
5.648000e+03 5.265000e-01
5.649000e+03 5.272000e-01
5.650000e+03 5.277000e-01
5.651000e+03 5.264000e-01
5.652000e+03 5.257000e-01
5.653000e+03 5.261000e-01
5.654000e+03 5.249000e-01
5.655000e+03 5.251000e-01
5.656000e+03 5.243000e-01
5.657000e+03 5.241000e-01
5.658000e+03 5.235000e-01
5.659000e+03 5.246000e-01
5.660000e+03 5.251000e-01
5.661000e+03 5.248000e-01
5.662000e+03 5.258000e-01
5.663000e+03 5.268000e-01
5.664000e+03 5.272000e-01
5.665000e+03 5.270000e-01
5.666000e+03 5.274000e-01
5.667000e+03 5.281000e-01
5.668000e+03 5.284000e-01
5.669000e+03 5.293000e-01
5.670000e+03 5.291000e-01
5.671000e+03 5.295000e-01
5.672000e+03 5.291000e-01
5.673000e+03 5.292000e-01
5.674000e+03 5.295000e-01
5.675000e+03 5.294000e-01
5.676000e+03 5.304000e-01
5.677000e+03 5.296000e-01
5.678000e+03 5.295000e-01
5.679000e+03 5.295000e-01
5.680000e+03 5.298000e-01
5.681000e+03 5.296000e-01
5.682000e+03 5.300000e-01
5.683000e+03 5.306000e-01
5.684000e+03 5.300000e-01
5.685000e+03 5.298000e-01
5.686000e+03 5.296000e-01
5.687000e+03 5.291000e-01
5.688000e+03 5.291000e-01
5.689000e+03 5.299000e-01
5.690000e+03 5.304000e-01
5.691000e+03 5.303000e-01
5.692000e+03 5.300000e-01
5.693000e+03 5.298000e-01
5.694000e+03 5.297000e-01
5.695000e+03 5.293000e-01
5.696000e+03 5.302000e-01
5.697000e+03 5.305000e-01
5.698000e+03 5.309000e-01
5.699000e+03 5.305000e-01
5.700000e+03 5.298000e-01
5.701000e+03 5.304000e-01
5.702000e+03 5.302000e-01
5.703000e+03 5.308000e-01
5.704000e+03 5.308000e-01
5.705000e+03 5.311000e-01
5.706000e+03 5.304000e-01
5.707000e+03 5.299000e-01
5.708000e+03 5.297000e-01
5.709000e+03 5.304000e-01
5.710000e+03 5.301000e-01
5.711000e+03 5.302000e-01
5.712000e+03 5.306000e-01
5.713000e+03 5.308000e-01
5.714000e+03 5.302000e-01
5.715000e+03 5.295000e-01
5.716000e+03 5.302000e-01
5.717000e+03 5.298000e-01
5.718000e+03 5.301000e-01
5.719000e+03 5.308000e-01
5.720000e+03 5.301000e-01
5.721000e+03 5.300000e-01
5.722000e+03 5.287000e-01
5.723000e+03 5.289000e-01
5.724000e+03 5.289000e-01
5.725000e+03 5.297000e-01
5.726000e+03 5.294000e-01
5.727000e+03 5.295000e-01
5.728000e+03 5.297000e-01
5.729000e+03 5.293000e-01
5.730000e+03 5.286000e-01
5.731000e+03 5.280000e-01
5.732000e+03 5.292000e-01
5.733000e+03 5.293000e-01
5.734000e+03 5.293000e-01
5.735000e+03 5.298000e-01
5.736000e+03 5.302000e-01
5.737000e+03 5.296000e-01
5.738000e+03 5.297000e-01
5.739000e+03 5.304000e-01
5.740000e+03 5.307000e-01
5.741000e+03 5.315000e-01
5.742000e+03 5.317000e-01
5.743000e+03 5.316000e-01
5.744000e+03 5.318000e-01
5.745000e+03 5.308000e-01
5.746000e+03 5.318000e-01
5.747000e+03 5.317000e-01
5.748000e+03 5.318000e-01
5.749000e+03 5.317000e-01
5.750000e+03 5.313000e-01
5.751000e+03 5.310000e-01
5.752000e+03 5.303000e-01
5.753000e+03 5.291000e-01
5.754000e+03 5.298000e-01
5.755000e+03 5.293000e-01
5.756000e+03 5.284000e-01
5.757000e+03 5.282000e-01
5.758000e+03 5.274000e-01
5.759000e+03 5.271000e-01
5.760000e+03 5.260000e-01
5.761000e+03 5.259000e-01
5.762000e+03 5.264000e-01
5.763000e+03 5.264000e-01
5.764000e+03 5.266000e-01
5.765000e+03 5.267000e-01
5.766000e+03 5.275000e-01
5.767000e+03 5.287000e-01
5.768000e+03 5.289000e-01
5.769000e+03 5.298000e-01
5.770000e+03 5.307000e-01
5.771000e+03 5.304000e-01
5.772000e+03 5.293000e-01
5.773000e+03 5.277000e-01
5.774000e+03 5.224000e-01
5.775000e+03 5.162000e-01
5.776000e+03 5.063000e-01
5.777000e+03 4.921000e-01
5.778000e+03 4.753000e-01
5.779000e+03 4.516000e-01
5.780000e+03 4.249000e-01
5.781000e+03 3.917000e-01
5.782000e+03 3.584000e-01
5.783000e+03 3.220000e-01
5.784000e+03 2.896000e-01
5.785000e+03 2.535000e-01
5.786000e+03 2.203000e-01
5.787000e+03 1.883000e-01
5.788000e+03 1.610000e-01
5.789000e+03 1.362000e-01
5.790000e+03 1.141000e-01
5.791000e+03 9.620000e-02
5.792000e+03 8.060000e-02
5.793000e+03 6.830000e-02
5.794000e+03 5.640000e-02
5.795000e+03 4.770000e-02
5.796000e+03 4.020000e-02
5.797000e+03 3.420000e-02
5.798000e+03 2.890000e-02
5.799000e+03 2.460000e-02
5.800000e+03 2.080000e-02
5.801000e+03 1.770000e-02
5.802000e+03 1.520000e-02
5.803000e+03 1.280000e-02
5.804000e+03 1.110000e-02
5.805000e+03 9.500000e-03
5.806000e+03 8.200000e-03
5.807000e+03 7.000000e-03
5.808000e+03 6.100000e-03
5.809000e+03 5.300000e-03
5.810000e+03 4.600000e-03
5.811000e+03 4.000000e-03
5.812000e+03 3.500000e-03
5.813000e+03 3.100000e-03
5.814000e+03 2.700000e-03
5.815000e+03 2.400000e-03
5.816000e+03 2.100000e-03
5.817000e+03 1.900000e-03
5.818000e+03 1.600000e-03
5.819000e+03 1.500000e-03
5.820000e+03 1.300000e-03
5.821000e+03 1.200000e-03
5.822000e+03 1.000000e-03
5.823000e+03 9.000000e-04
5.824000e+03 8.000000e-04
5.825000e+03 7.000000e-04
5.826000e+03 7.000000e-04
5.827000e+03 6.000000e-04
5.828000e+03 5.000000e-04
5.829000e+03 5.000000e-04
5.830000e+03 4.000000e-04
5.831000e+03 4.000000e-04
5.832000e+03 4.000000e-04
5.833000e+03 3.000000e-04
5.834000e+03 3.000000e-04
5.835000e+03 3.000000e-04
5.836000e+03 2.000000e-04
5.837000e+03 2.000000e-04
5.838000e+03 2.000000e-04
5.839000e+03 2.000000e-04
5.840000e+03 2.000000e-04
5.841000e+03 2.000000e-04
5.842000e+03 1.000000e-04
5.843000e+03 1.000000e-04
5.844000e+03 1.000000e-04
5.845000e+03 1.000000e-04
5.846000e+03 1.000000e-04
5.847000e+03 1.000000e-04
5.848000e+03 1.000000e-04
5.849000e+03 1.000000e-04
5.850000e+03 1.000000e-04
5.851000e+03 1.000000e-04
5.852000e+03 1.000000e-04
5.853000e+03 1.000000e-04
