# # Wavelength(Angstrom)  Transmission
7.600000e+03 1.000000e-04
7.601000e+03 1.000000e-04
7.602000e+03 1.000000e-04
7.603000e+03 1.000000e-04
7.604000e+03 1.000000e-04
7.605000e+03 1.000000e-04
7.606000e+03 1.000000e-04
7.607000e+03 1.000000e-04
7.608000e+03 1.000000e-04
7.609000e+03 1.000000e-04
7.610000e+03 2.000000e-04
7.611000e+03 2.000000e-04
7.612000e+03 2.000000e-04
7.613000e+03 2.000000e-04
7.614000e+03 3.000000e-04
7.615000e+03 3.000000e-04
7.616000e+03 4.000000e-04
7.617000e+03 4.000000e-04
7.618000e+03 5.000000e-04
7.619000e+03 6.000000e-04
7.620000e+03 7.000000e-04
7.621000e+03 9.000000e-04
7.622000e+03 1.000000e-03
7.623000e+03 1.200000e-03
7.624000e+03 1.400000e-03
7.625000e+03 1.700000e-03
7.626000e+03 2.000000e-03
7.627000e+03 2.500000e-03
7.628000e+03 3.000000e-03
7.629000e+03 3.700000e-03
7.630000e+03 4.500000e-03
7.631000e+03 5.500000e-03
7.632000e+03 6.800000e-03
7.633000e+03 8.400000e-03
7.634000e+03 1.040000e-02
7.635000e+03 1.280000e-02
7.636000e+03 1.600000e-02
7.637000e+03 1.990000e-02
7.638000e+03 2.550000e-02
7.639000e+03 3.230000e-02
7.640000e+03 4.090000e-02
7.641000e+03 5.130000e-02
7.642000e+03 6.650000e-02
7.643000e+03 8.270000e-02
7.644000e+03 1.039000e-01
7.645000e+03 1.276000e-01
7.646000e+03 1.571000e-01
7.647000e+03 1.908000e-01
7.648000e+03 2.250000e-01
7.649000e+03 2.613000e-01
7.650000e+03 2.960000e-01
7.651000e+03 3.309000e-01
7.652000e+03 3.590000e-01
7.653000e+03 3.819000e-01
7.654000e+03 3.988000e-01
7.655000e+03 4.114000e-01
7.656000e+03 4.187000e-01
7.657000e+03 4.238000e-01
7.658000e+03 4.277000e-01
7.659000e+03 4.296000e-01
7.660000e+03 4.300000e-01
7.661000e+03 4.320000e-01
7.662000e+03 4.325000e-01
7.663000e+03 4.366000e-01
7.664000e+03 4.385000e-01
7.665000e+03 4.433000e-01
7.666000e+03 4.447000e-01
7.667000e+03 4.514000e-01
7.668000e+03 4.544000e-01
7.669000e+03 4.610000e-01
7.670000e+03 4.650000e-01
7.671000e+03 4.703000e-01
7.672000e+03 4.749000e-01
7.673000e+03 4.810000e-01
7.674000e+03 4.859000e-01
7.675000e+03 4.906000e-01
7.676000e+03 4.937000e-01
7.677000e+03 4.983000e-01
7.678000e+03 5.035000e-01
7.679000e+03 5.066000e-01
7.680000e+03 5.103000e-01
7.681000e+03 5.095000e-01
7.682000e+03 5.103000e-01
7.683000e+03 5.090000e-01
7.684000e+03 5.097000e-01
7.685000e+03 5.103000e-01
7.686000e+03 5.095000e-01
7.687000e+03 5.087000e-01
7.688000e+03 5.102000e-01
7.689000e+03 5.085000e-01
7.690000e+03 5.092000e-01
7.691000e+03 5.100000e-01
7.692000e+03 5.076000e-01
7.693000e+03 5.079000e-01
7.694000e+03 5.099000e-01
7.695000e+03 5.080000e-01
7.696000e+03 5.097000e-01
7.697000e+03 5.074000e-01
7.698000e+03 5.083000e-01
7.699000e+03 5.096000e-01
7.700000e+03 5.096000e-01
7.701000e+03 5.096000e-01
7.702000e+03 5.104000e-01
7.703000e+03 5.099000e-01
7.704000e+03 5.098000e-01
7.705000e+03 5.105000e-01
7.706000e+03 5.109000e-01
7.707000e+03 5.110000e-01
7.708000e+03 5.120000e-01
7.709000e+03 5.110000e-01
7.710000e+03 5.118000e-01
7.711000e+03 5.113000e-01
7.712000e+03 5.120000e-01
7.713000e+03 5.114000e-01
7.714000e+03 5.122000e-01
7.715000e+03 5.110000e-01
7.716000e+03 5.115000e-01
7.717000e+03 5.118000e-01
7.718000e+03 5.106000e-01
7.719000e+03 5.117000e-01
7.720000e+03 5.113000e-01
7.721000e+03 5.114000e-01
7.722000e+03 5.115000e-01
7.723000e+03 5.109000e-01
7.724000e+03 5.118000e-01
7.725000e+03 5.111000e-01
7.726000e+03 5.111000e-01
7.727000e+03 5.109000e-01
7.728000e+03 5.096000e-01
7.729000e+03 5.086000e-01
7.730000e+03 5.081000e-01
7.731000e+03 5.073000e-01
7.732000e+03 5.062000e-01
7.733000e+03 5.060000e-01
7.734000e+03 5.042000e-01
7.735000e+03 5.055000e-01
7.736000e+03 5.036000e-01
7.737000e+03 5.040000e-01
7.738000e+03 5.022000e-01
7.739000e+03 5.008000e-01
7.740000e+03 5.001000e-01
7.741000e+03 4.998000e-01
7.742000e+03 4.995000e-01
7.743000e+03 4.987000e-01
7.744000e+03 4.994000e-01
7.745000e+03 4.985000e-01
7.746000e+03 4.991000e-01
7.747000e+03 4.979000e-01
7.748000e+03 4.977000e-01
7.749000e+03 4.985000e-01
7.750000e+03 4.984000e-01
7.751000e+03 5.005000e-01
7.752000e+03 5.012000e-01
7.753000e+03 5.025000e-01
7.754000e+03 5.034000e-01
7.755000e+03 5.035000e-01
7.756000e+03 5.047000e-01
7.757000e+03 5.047000e-01
7.758000e+03 5.063000e-01
7.759000e+03 5.077000e-01
7.760000e+03 5.096000e-01
7.761000e+03 5.079000e-01
7.762000e+03 5.097000e-01
7.763000e+03 5.091000e-01
7.764000e+03 5.093000e-01
7.765000e+03 5.089000e-01
7.766000e+03 5.078000e-01
7.767000e+03 5.069000e-01
7.768000e+03 5.066000e-01
7.769000e+03 5.058000e-01
7.770000e+03 5.033000e-01
7.771000e+03 5.031000e-01
7.772000e+03 5.026000e-01
7.773000e+03 5.008000e-01
7.774000e+03 5.007000e-01
7.775000e+03 5.010000e-01
7.776000e+03 5.009000e-01
7.777000e+03 5.034000e-01
7.778000e+03 5.014000e-01
7.779000e+03 5.006000e-01
7.780000e+03 5.011000e-01
7.781000e+03 4.969000e-01
7.782000e+03 4.941000e-01
7.783000e+03 4.843000e-01
7.784000e+03 4.728000e-01
7.785000e+03 4.554000e-01
7.786000e+03 4.322000e-01
7.787000e+03 4.019000e-01
7.788000e+03 3.697000e-01
7.789000e+03 3.334000e-01
7.790000e+03 2.913000e-01
7.791000e+03 2.525000e-01
7.792000e+03 2.112000e-01
7.793000e+03 1.775000e-01
7.794000e+03 1.433000e-01
7.795000e+03 1.180000e-01
7.796000e+03 9.480000e-02
7.797000e+03 7.760000e-02
7.798000e+03 6.190000e-02
7.799000e+03 4.960000e-02
7.800000e+03 4.000000e-02
7.801000e+03 3.280000e-02
7.802000e+03 2.670000e-02
7.803000e+03 2.140000e-02
7.804000e+03 1.750000e-02
7.805000e+03 1.430000e-02
7.806000e+03 1.190000e-02
7.807000e+03 9.700000e-03
7.808000e+03 8.100000e-03
7.809000e+03 6.700000e-03
7.810000e+03 5.600000e-03
7.811000e+03 4.800000e-03
7.812000e+03 4.000000e-03
7.813000e+03 3.400000e-03
7.814000e+03 2.800000e-03
7.815000e+03 2.500000e-03
7.816000e+03 2.100000e-03
7.817000e+03 1.800000e-03
7.818000e+03 1.500000e-03
7.819000e+03 1.300000e-03
7.820000e+03 1.100000e-03
7.821000e+03 1.000000e-03
7.822000e+03 9.000000e-04
7.823000e+03 7.000000e-04
7.824000e+03 6.000000e-04
7.825000e+03 5.000000e-04
7.826000e+03 5.000000e-04
7.827000e+03 4.000000e-04
7.828000e+03 4.000000e-04
7.829000e+03 3.000000e-04
7.830000e+03 3.000000e-04
7.831000e+03 2.000000e-04
7.832000e+03 2.000000e-04
7.833000e+03 2.000000e-04
7.834000e+03 2.000000e-04
7.835000e+03 1.000000e-04
7.836000e+03 1.000000e-04
7.837000e+03 1.000000e-04
7.838000e+03 1.000000e-04
7.839000e+03 1.000000e-04
7.840000e+03 1.000000e-04
7.841000e+03 1.000000e-04
7.842000e+03 1.000000e-04
7.843000e+03 1.000000e-04
7.844000e+03 1.000000e-04
