# # Wavelength(Angstrom)  Transmission
8.384000e+03 1.000000e-04
8.385000e+03 0.000000e+00
8.386000e+03 1.000000e-04
8.387000e+03 1.000000e-04
8.388000e+03 1.000000e-04
8.389000e+03 1.000000e-04
8.390000e+03 1.000000e-04
8.391000e+03 1.000000e-04
8.392000e+03 1.000000e-04
8.393000e+03 2.000000e-04
8.394000e+03 2.000000e-04
8.395000e+03 2.000000e-04
8.396000e+03 2.000000e-04
8.397000e+03 2.000000e-04
8.398000e+03 2.000000e-04
8.399000e+03 3.000000e-04
8.400000e+03 3.000000e-04
8.401000e+03 4.000000e-04
8.402000e+03 5.000000e-04
8.403000e+03 6.000000e-04
8.404000e+03 6.000000e-04
8.405000e+03 7.000000e-04
8.406000e+03 8.000000e-04
8.407000e+03 9.000000e-04
8.408000e+03 1.100000e-03
8.409000e+03 1.300000e-03
8.410000e+03 1.500000e-03
8.411000e+03 1.800000e-03
8.412000e+03 2.100000e-03
8.413000e+03 2.500000e-03
8.414000e+03 2.900000e-03
8.415000e+03 3.600000e-03
8.416000e+03 4.100000e-03
8.417000e+03 4.900000e-03
8.418000e+03 5.900000e-03
8.419000e+03 6.900000e-03
8.420000e+03 8.400000e-03
8.421000e+03 1.030000e-02
8.422000e+03 1.230000e-02
8.423000e+03 1.520000e-02
8.424000e+03 1.870000e-02
8.425000e+03 2.240000e-02
8.426000e+03 2.780000e-02
8.427000e+03 3.350000e-02
8.428000e+03 4.250000e-02
8.429000e+03 5.210000e-02
8.430000e+03 6.380000e-02
8.431000e+03 7.770000e-02
8.432000e+03 9.460000e-02
8.433000e+03 1.146000e-01
8.434000e+03 1.399000e-01
8.435000e+03 1.651000e-01
8.436000e+03 1.949000e-01
8.437000e+03 2.298000e-01
8.438000e+03 2.621000e-01
8.439000e+03 2.960000e-01
8.440000e+03 3.290000e-01
8.441000e+03 3.584000e-01
8.442000e+03 3.852000e-01
8.443000e+03 4.037000e-01
8.444000e+03 4.205000e-01
8.445000e+03 4.321000e-01
8.446000e+03 4.371000e-01
8.447000e+03 4.421000e-01
8.448000e+03 4.453000e-01
8.449000e+03 4.457000e-01
8.450000e+03 4.455000e-01
8.451000e+03 4.493000e-01
8.452000e+03 4.442000e-01
8.453000e+03 4.435000e-01
8.454000e+03 4.420000e-01
8.455000e+03 4.428000e-01
8.456000e+03 4.442000e-01
8.457000e+03 4.440000e-01
8.458000e+03 4.419000e-01
8.459000e+03 4.432000e-01
8.460000e+03 4.434000e-01
8.461000e+03 4.420000e-01
8.462000e+03 4.467000e-01
8.463000e+03 4.466000e-01
8.464000e+03 4.438000e-01
8.465000e+03 4.502000e-01
8.466000e+03 4.477000e-01
8.467000e+03 4.482000e-01
8.468000e+03 4.499000e-01
8.469000e+03 4.475000e-01
8.470000e+03 4.444000e-01
8.471000e+03 4.432000e-01
8.472000e+03 4.436000e-01
8.473000e+03 4.451000e-01
8.474000e+03 4.428000e-01
8.475000e+03 4.469000e-01
8.476000e+03 4.428000e-01
8.477000e+03 4.416000e-01
8.478000e+03 4.406000e-01
8.479000e+03 4.402000e-01
8.480000e+03 4.409000e-01
8.481000e+03 4.398000e-01
8.482000e+03 4.437000e-01
8.483000e+03 4.401000e-01
8.484000e+03 4.411000e-01
8.485000e+03 4.383000e-01
8.486000e+03 4.397000e-01
8.487000e+03 4.403000e-01
8.488000e+03 4.392000e-01
8.489000e+03 4.417000e-01
8.490000e+03 4.375000e-01
8.491000e+03 4.383000e-01
8.492000e+03 4.420000e-01
8.493000e+03 4.414000e-01
8.494000e+03 4.420000e-01
8.495000e+03 4.431000e-01
8.496000e+03 4.391000e-01
8.497000e+03 4.405000e-01
8.498000e+03 4.379000e-01
8.499000e+03 4.399000e-01
8.500000e+03 4.392000e-01
8.501000e+03 4.390000e-01
8.502000e+03 4.417000e-01
8.503000e+03 4.380000e-01
8.504000e+03 4.380000e-01
8.505000e+03 4.416000e-01
8.506000e+03 4.432000e-01
8.507000e+03 4.403000e-01
8.508000e+03 4.364000e-01
8.509000e+03 4.401000e-01
8.510000e+03 4.403000e-01
8.511000e+03 4.412000e-01
8.512000e+03 4.385000e-01
8.513000e+03 4.382000e-01
8.514000e+03 4.414000e-01
8.515000e+03 4.360000e-01
8.516000e+03 4.363000e-01
8.517000e+03 4.431000e-01
8.518000e+03 4.366000e-01
8.519000e+03 4.407000e-01
8.520000e+03 4.363000e-01
8.521000e+03 4.414000e-01
8.522000e+03 4.425000e-01
8.523000e+03 4.387000e-01
8.524000e+03 4.399000e-01
8.525000e+03 4.412000e-01
8.526000e+03 4.422000e-01
8.527000e+03 4.417000e-01
8.528000e+03 4.440000e-01
8.529000e+03 4.425000e-01
8.530000e+03 4.409000e-01
8.531000e+03 4.363000e-01
8.532000e+03 4.387000e-01
8.533000e+03 4.406000e-01
8.534000e+03 4.356000e-01
8.535000e+03 4.402000e-01
8.536000e+03 4.361000e-01
8.537000e+03 4.379000e-01
8.538000e+03 4.361000e-01
8.539000e+03 4.373000e-01
8.540000e+03 4.401000e-01
8.541000e+03 4.367000e-01
8.542000e+03 4.371000e-01
8.543000e+03 4.385000e-01
8.544000e+03 4.350000e-01
8.545000e+03 4.369000e-01
8.546000e+03 4.391000e-01
8.547000e+03 4.390000e-01
8.548000e+03 4.342000e-01
8.549000e+03 4.388000e-01
8.550000e+03 4.395000e-01
8.551000e+03 4.407000e-01
8.552000e+03 4.373000e-01
8.553000e+03 4.383000e-01
8.554000e+03 4.356000e-01
8.555000e+03 4.409000e-01
8.556000e+03 4.386000e-01
8.557000e+03 4.413000e-01
8.558000e+03 4.355000e-01
8.559000e+03 4.417000e-01
8.560000e+03 4.340000e-01
8.561000e+03 4.363000e-01
8.562000e+03 4.345000e-01
8.563000e+03 4.386000e-01
8.564000e+03 4.356000e-01
8.565000e+03 4.404000e-01
8.566000e+03 4.276000e-01
8.567000e+03 4.336000e-01
8.568000e+03 4.350000e-01
8.569000e+03 4.371000e-01
8.570000e+03 4.252000e-01
8.571000e+03 4.233000e-01
8.572000e+03 4.193000e-01
8.573000e+03 4.128000e-01
8.574000e+03 4.020000e-01
8.575000e+03 3.883000e-01
8.576000e+03 3.728000e-01
8.577000e+03 3.523000e-01
8.578000e+03 3.285000e-01
8.579000e+03 3.094000e-01
8.580000e+03 2.784000e-01
8.581000e+03 2.521000e-01
8.582000e+03 2.243000e-01
8.583000e+03 2.001000e-01
8.584000e+03 1.713000e-01
8.585000e+03 1.438000e-01
8.586000e+03 1.230000e-01
8.587000e+03 1.022000e-01
8.588000e+03 8.610000e-02
8.589000e+03 7.130000e-02
8.590000e+03 5.830000e-02
8.591000e+03 4.870000e-02
8.592000e+03 4.100000e-02
8.593000e+03 3.390000e-02
8.594000e+03 2.760000e-02
8.595000e+03 2.300000e-02
8.596000e+03 1.920000e-02
8.597000e+03 1.590000e-02
8.598000e+03 1.360000e-02
8.599000e+03 1.070000e-02
8.600000e+03 8.700000e-03
8.601000e+03 7.800000e-03
8.602000e+03 6.100000e-03
8.603000e+03 5.300000e-03
8.604000e+03 4.400000e-03
8.605000e+03 4.200000e-03
8.606000e+03 3.400000e-03
8.607000e+03 3.300000e-03
8.608000e+03 2.400000e-03
8.609000e+03 2.300000e-03
8.610000e+03 2.000000e-03
8.611000e+03 1.700000e-03
8.612000e+03 1.400000e-03
8.613000e+03 1.200000e-03
8.614000e+03 1.300000e-03
8.615000e+03 9.000000e-04
8.616000e+03 9.000000e-04
8.617000e+03 6.000000e-04
8.618000e+03 7.000000e-04
8.619000e+03 5.000000e-04
8.620000e+03 6.000000e-04
8.621000e+03 4.000000e-04
8.622000e+03 3.000000e-04
8.623000e+03 3.000000e-04
8.624000e+03 3.000000e-04
8.625000e+03 3.000000e-04
8.626000e+03 1.000000e-04
8.627000e+03 2.000000e-04
8.628000e+03 4.000000e-04
8.629000e+03 4.000000e-04
