# # Wavelength(Angstrom)  Transmission
8.189000e+03 1.000000e-04
8.190000e+03 0.000000e+00
8.191000e+03 1.000000e-04
8.192000e+03 1.000000e-04
8.193000e+03 1.000000e-04
8.194000e+03 1.000000e-04
8.195000e+03 1.000000e-04
8.196000e+03 1.000000e-04
8.197000e+03 1.000000e-04
8.198000e+03 1.000000e-04
8.199000e+03 1.000000e-04
8.200000e+03 1.000000e-04
8.201000e+03 2.000000e-04
8.202000e+03 2.000000e-04
8.203000e+03 2.000000e-04
8.204000e+03 3.000000e-04
8.205000e+03 3.000000e-04
8.206000e+03 3.000000e-04
8.207000e+03 4.000000e-04
8.208000e+03 4.000000e-04
8.209000e+03 5.000000e-04
8.210000e+03 6.000000e-04
8.211000e+03 6.000000e-04
8.212000e+03 7.000000e-04
8.213000e+03 8.000000e-04
8.214000e+03 9.000000e-04
8.215000e+03 1.100000e-03
8.216000e+03 1.300000e-03
8.217000e+03 1.500000e-03
8.218000e+03 1.800000e-03
8.219000e+03 2.100000e-03
8.220000e+03 2.400000e-03
8.221000e+03 2.800000e-03
8.222000e+03 3.400000e-03
8.223000e+03 4.000000e-03
8.224000e+03 4.800000e-03
8.225000e+03 5.600000e-03
8.226000e+03 6.800000e-03
8.227000e+03 8.200000e-03
8.228000e+03 9.900000e-03
8.229000e+03 1.190000e-02
8.230000e+03 1.430000e-02
8.231000e+03 1.740000e-02
8.232000e+03 2.100000e-02
8.233000e+03 2.600000e-02
8.234000e+03 3.150000e-02
8.235000e+03 3.920000e-02
8.236000e+03 4.780000e-02
8.237000e+03 5.950000e-02
8.238000e+03 7.240000e-02
8.239000e+03 8.900000e-02
8.240000e+03 1.068000e-01
8.241000e+03 1.287000e-01
8.242000e+03 1.554000e-01
8.243000e+03 1.838000e-01
8.244000e+03 2.138000e-01
8.245000e+03 2.450000e-01
8.246000e+03 2.789000e-01
8.247000e+03 3.092000e-01
8.248000e+03 3.379000e-01
8.249000e+03 3.622000e-01
8.250000e+03 3.825000e-01
8.251000e+03 3.956000e-01
8.252000e+03 4.060000e-01
8.253000e+03 4.118000e-01
8.254000e+03 4.178000e-01
8.255000e+03 4.196000e-01
8.256000e+03 4.202000e-01
8.257000e+03 4.215000e-01
8.258000e+03 4.203000e-01
8.259000e+03 4.198000e-01
8.260000e+03 4.195000e-01
8.261000e+03 4.206000e-01
8.262000e+03 4.204000e-01
8.263000e+03 4.195000e-01
8.264000e+03 4.207000e-01
8.265000e+03 4.208000e-01
8.266000e+03 4.231000e-01
8.267000e+03 4.249000e-01
8.268000e+03 4.233000e-01
8.269000e+03 4.243000e-01
8.270000e+03 4.256000e-01
8.271000e+03 4.259000e-01
8.272000e+03 4.259000e-01
8.273000e+03 4.277000e-01
8.274000e+03 4.281000e-01
8.275000e+03 4.289000e-01
8.276000e+03 4.297000e-01
8.277000e+03 4.282000e-01
8.278000e+03 4.303000e-01
8.279000e+03 4.297000e-01
8.280000e+03 4.282000e-01
8.281000e+03 4.295000e-01
8.282000e+03 4.305000e-01
8.283000e+03 4.279000e-01
8.284000e+03 4.294000e-01
8.285000e+03 4.275000e-01
8.286000e+03 4.302000e-01
8.287000e+03 4.297000e-01
8.288000e+03 4.302000e-01
8.289000e+03 4.289000e-01
8.290000e+03 4.311000e-01
8.291000e+03 4.327000e-01
8.292000e+03 4.319000e-01
8.293000e+03 4.325000e-01
8.294000e+03 4.333000e-01
8.295000e+03 4.331000e-01
8.296000e+03 4.338000e-01
8.297000e+03 4.344000e-01
8.298000e+03 4.350000e-01
8.299000e+03 4.350000e-01
8.300000e+03 4.358000e-01
8.301000e+03 4.368000e-01
8.302000e+03 4.369000e-01
8.303000e+03 4.370000e-01
8.304000e+03 4.398000e-01
8.305000e+03 4.387000e-01
8.306000e+03 4.402000e-01
8.307000e+03 4.408000e-01
8.308000e+03 4.423000e-01
8.309000e+03 4.409000e-01
8.310000e+03 4.414000e-01
8.311000e+03 4.427000e-01
8.312000e+03 4.448000e-01
8.313000e+03 4.422000e-01
8.314000e+03 4.451000e-01
8.315000e+03 4.446000e-01
8.316000e+03 4.455000e-01
8.317000e+03 4.448000e-01
8.318000e+03 4.456000e-01
8.319000e+03 4.450000e-01
8.320000e+03 4.429000e-01
8.321000e+03 4.463000e-01
8.322000e+03 4.454000e-01
8.323000e+03 4.479000e-01
8.324000e+03 4.497000e-01
8.325000e+03 4.478000e-01
8.326000e+03 4.468000e-01
8.327000e+03 4.483000e-01
8.328000e+03 4.470000e-01
8.329000e+03 4.478000e-01
8.330000e+03 4.493000e-01
8.331000e+03 4.485000e-01
8.332000e+03 4.485000e-01
8.333000e+03 4.492000e-01
8.334000e+03 4.503000e-01
8.335000e+03 4.489000e-01
8.336000e+03 4.487000e-01
8.337000e+03 4.505000e-01
8.338000e+03 4.493000e-01
8.339000e+03 4.510000e-01
8.340000e+03 4.520000e-01
8.341000e+03 4.482000e-01
8.342000e+03 4.504000e-01
8.343000e+03 4.511000e-01
8.344000e+03 4.512000e-01
8.345000e+03 4.501000e-01
8.346000e+03 4.508000e-01
8.347000e+03 4.506000e-01
8.348000e+03 4.499000e-01
8.349000e+03 4.541000e-01
8.350000e+03 4.504000e-01
8.351000e+03 4.520000e-01
8.352000e+03 4.519000e-01
8.353000e+03 4.506000e-01
8.354000e+03 4.508000e-01
8.355000e+03 4.532000e-01
8.356000e+03 4.512000e-01
8.357000e+03 4.495000e-01
8.358000e+03 4.519000e-01
8.359000e+03 4.522000e-01
8.360000e+03 4.499000e-01
8.361000e+03 4.511000e-01
8.362000e+03 4.516000e-01
8.363000e+03 4.505000e-01
8.364000e+03 4.514000e-01
8.365000e+03 4.489000e-01
8.366000e+03 4.508000e-01
8.367000e+03 4.473000e-01
8.368000e+03 4.476000e-01
8.369000e+03 4.471000e-01
8.370000e+03 4.466000e-01
8.371000e+03 4.467000e-01
8.372000e+03 4.480000e-01
8.373000e+03 4.450000e-01
8.374000e+03 4.485000e-01
8.375000e+03 4.489000e-01
8.376000e+03 4.499000e-01
8.377000e+03 4.502000e-01
8.378000e+03 4.510000e-01
8.379000e+03 4.492000e-01
8.380000e+03 4.486000e-01
8.381000e+03 4.461000e-01
8.382000e+03 4.423000e-01
8.383000e+03 4.344000e-01
8.384000e+03 4.241000e-01
8.385000e+03 4.091000e-01
8.386000e+03 3.924000e-01
8.387000e+03 3.706000e-01
8.388000e+03 3.455000e-01
8.389000e+03 3.123000e-01
8.390000e+03 2.828000e-01
8.391000e+03 2.496000e-01
8.392000e+03 2.200000e-01
8.393000e+03 1.885000e-01
8.394000e+03 1.600000e-01
8.395000e+03 1.345000e-01
8.396000e+03 1.138000e-01
8.397000e+03 9.330000e-02
8.398000e+03 7.720000e-02
8.399000e+03 6.420000e-02
8.400000e+03 5.290000e-02
8.401000e+03 4.380000e-02
8.402000e+03 3.560000e-02
8.403000e+03 2.950000e-02
8.404000e+03 2.440000e-02
8.405000e+03 2.040000e-02
8.406000e+03 1.690000e-02
8.407000e+03 1.440000e-02
8.408000e+03 1.220000e-02
8.409000e+03 1.000000e-02
8.410000e+03 8.500000e-03
8.411000e+03 7.000000e-03
8.412000e+03 5.900000e-03
8.413000e+03 5.100000e-03
8.414000e+03 4.400000e-03
8.415000e+03 3.800000e-03
8.416000e+03 3.300000e-03
8.417000e+03 2.800000e-03
8.418000e+03 2.500000e-03
8.419000e+03 2.100000e-03
8.420000e+03 1.800000e-03
8.421000e+03 1.500000e-03
8.422000e+03 1.400000e-03
8.423000e+03 1.200000e-03
8.424000e+03 1.000000e-03
8.425000e+03 9.000000e-04
8.426000e+03 8.000000e-04
8.427000e+03 7.000000e-04
8.428000e+03 6.000000e-04
8.429000e+03 6.000000e-04
8.430000e+03 5.000000e-04
8.431000e+03 4.000000e-04
8.432000e+03 3.000000e-04
8.433000e+03 3.000000e-04
8.434000e+03 3.000000e-04
8.435000e+03 3.000000e-04
8.436000e+03 2.000000e-04
8.437000e+03 2.000000e-04
8.438000e+03 2.000000e-04
8.439000e+03 2.000000e-04
8.440000e+03 2.000000e-04
8.441000e+03 1.000000e-04
8.442000e+03 1.000000e-04
8.443000e+03 2.000000e-04
8.444000e+03 1.000000e-04
8.445000e+03 1.000000e-04
8.446000e+03 1.000000e-04
