# # Wavelength(Angstrom)  Transmission
4.191000e+03 1.000000e-04
4.192000e+03 1.000000e-04
4.193000e+03 1.000000e-04
4.194000e+03 1.000000e-04
4.195000e+03 1.000000e-04
4.196000e+03 2.000000e-04
4.197000e+03 2.000000e-04
4.198000e+03 2.000000e-04
4.199000e+03 3.000000e-04
4.200000e+03 3.000000e-04
4.201000e+03 4.000000e-04
4.202000e+03 5.000000e-04
4.203000e+03 5.000000e-04
4.204000e+03 6.000000e-04
4.205000e+03 7.000000e-04
4.206000e+03 8.000000e-04
4.207000e+03 9.000000e-04
4.208000e+03 1.100000e-03
4.209000e+03 1.300000e-03
4.210000e+03 1.500000e-03
4.211000e+03 1.800000e-03
4.212000e+03 2.100000e-03
4.213000e+03 2.500000e-03
4.214000e+03 3.000000e-03
4.215000e+03 3.500000e-03
4.216000e+03 4.200000e-03
4.217000e+03 5.000000e-03
4.218000e+03 6.000000e-03
4.219000e+03 7.300000e-03
4.220000e+03 8.800000e-03
4.221000e+03 1.080000e-02
4.222000e+03 1.310000e-02
4.223000e+03 1.620000e-02
4.224000e+03 1.960000e-02
4.225000e+03 2.470000e-02
4.226000e+03 3.040000e-02
4.227000e+03 3.770000e-02
4.228000e+03 4.600000e-02
4.229000e+03 5.710000e-02
4.230000e+03 7.130000e-02
4.231000e+03 8.820000e-02
4.232000e+03 1.087000e-01
4.233000e+03 1.315000e-01
4.234000e+03 1.607000e-01
4.235000e+03 1.906000e-01
4.236000e+03 2.235000e-01
4.237000e+03 2.554000e-01
4.238000e+03 2.882000e-01
4.239000e+03 3.160000e-01
4.240000e+03 3.419000e-01
4.241000e+03 3.623000e-01
4.242000e+03 3.786000e-01
4.243000e+03 3.904000e-01
4.244000e+03 3.979000e-01
4.245000e+03 4.024000e-01
4.246000e+03 4.049000e-01
4.247000e+03 4.064000e-01
4.248000e+03 4.066000e-01
4.249000e+03 4.066000e-01
4.250000e+03 4.062000e-01
4.251000e+03 4.053000e-01
4.252000e+03 4.056000e-01
4.253000e+03 4.052000e-01
4.254000e+03 4.058000e-01
4.255000e+03 4.061000e-01
4.256000e+03 4.059000e-01
4.257000e+03 4.064000e-01
4.258000e+03 4.071000e-01
4.259000e+03 4.079000e-01
4.260000e+03 4.083000e-01
4.261000e+03 4.090000e-01
4.262000e+03 4.089000e-01
4.263000e+03 4.096000e-01
4.264000e+03 4.097000e-01
4.265000e+03 4.095000e-01
4.266000e+03 4.096000e-01
4.267000e+03 4.098000e-01
4.268000e+03 4.098000e-01
4.269000e+03 4.091000e-01
4.270000e+03 4.095000e-01
4.271000e+03 4.090000e-01
4.272000e+03 4.089000e-01
4.273000e+03 4.089000e-01
4.274000e+03 4.087000e-01
4.275000e+03 4.083000e-01
4.276000e+03 4.088000e-01
4.277000e+03 4.087000e-01
4.278000e+03 4.089000e-01
4.279000e+03 4.089000e-01
4.280000e+03 4.092000e-01
4.281000e+03 4.093000e-01
4.282000e+03 4.098000e-01
4.283000e+03 4.104000e-01
4.284000e+03 4.106000e-01
4.285000e+03 4.116000e-01
4.286000e+03 4.118000e-01
4.287000e+03 4.124000e-01
4.288000e+03 4.130000e-01
4.289000e+03 4.139000e-01
4.290000e+03 4.147000e-01
4.291000e+03 4.152000e-01
4.292000e+03 4.158000e-01
4.293000e+03 4.165000e-01
4.294000e+03 4.173000e-01
4.295000e+03 4.178000e-01
4.296000e+03 4.186000e-01
4.297000e+03 4.192000e-01
4.298000e+03 4.200000e-01
4.299000e+03 4.201000e-01
4.300000e+03 4.207000e-01
4.301000e+03 4.214000e-01
4.302000e+03 4.219000e-01
4.303000e+03 4.224000e-01
4.304000e+03 4.234000e-01
4.305000e+03 4.236000e-01
4.306000e+03 4.237000e-01
4.307000e+03 4.247000e-01
4.308000e+03 4.247000e-01
4.309000e+03 4.253000e-01
4.310000e+03 4.257000e-01
4.311000e+03 4.258000e-01
4.312000e+03 4.261000e-01
4.313000e+03 4.269000e-01
4.314000e+03 4.272000e-01
4.315000e+03 4.278000e-01
4.316000e+03 4.278000e-01
4.317000e+03 4.281000e-01
4.318000e+03 4.280000e-01
4.319000e+03 4.284000e-01
4.320000e+03 4.288000e-01
4.321000e+03 4.286000e-01
4.322000e+03 4.288000e-01
4.323000e+03 4.285000e-01
4.324000e+03 4.291000e-01
4.325000e+03 4.288000e-01
4.326000e+03 4.292000e-01
4.327000e+03 4.294000e-01
4.328000e+03 4.297000e-01
4.329000e+03 4.299000e-01
4.330000e+03 4.297000e-01
4.331000e+03 4.301000e-01
4.332000e+03 4.300000e-01
4.333000e+03 4.304000e-01
4.334000e+03 4.305000e-01
4.335000e+03 4.309000e-01
4.336000e+03 4.311000e-01
4.337000e+03 4.318000e-01
4.338000e+03 4.324000e-01
4.339000e+03 4.330000e-01
4.340000e+03 4.332000e-01
4.341000e+03 4.334000e-01
4.342000e+03 4.345000e-01
4.343000e+03 4.349000e-01
4.344000e+03 4.354000e-01
4.345000e+03 4.361000e-01
4.346000e+03 4.365000e-01
4.347000e+03 4.369000e-01
4.348000e+03 4.376000e-01
4.349000e+03 4.382000e-01
4.350000e+03 4.383000e-01
4.351000e+03 4.387000e-01
4.352000e+03 4.390000e-01
4.353000e+03 4.396000e-01
4.354000e+03 4.399000e-01
4.355000e+03 4.401000e-01
4.356000e+03 4.398000e-01
4.357000e+03 4.391000e-01
4.358000e+03 4.394000e-01
4.359000e+03 4.395000e-01
4.360000e+03 4.397000e-01
4.361000e+03 4.394000e-01
4.362000e+03 4.395000e-01
4.363000e+03 4.398000e-01
4.364000e+03 4.404000e-01
4.365000e+03 4.408000e-01
4.366000e+03 4.418000e-01
4.367000e+03 4.422000e-01
4.368000e+03 4.429000e-01
4.369000e+03 4.432000e-01
4.370000e+03 4.434000e-01
4.371000e+03 4.431000e-01
4.372000e+03 4.410000e-01
4.373000e+03 4.375000e-01
4.374000e+03 4.323000e-01
4.375000e+03 4.251000e-01
4.376000e+03 4.142000e-01
4.377000e+03 3.986000e-01
4.378000e+03 3.805000e-01
4.379000e+03 3.576000e-01
4.380000e+03 3.330000e-01
4.381000e+03 3.019000e-01
4.382000e+03 2.717000e-01
4.383000e+03 2.409000e-01
4.384000e+03 2.127000e-01
4.385000e+03 1.833000e-01
4.386000e+03 1.568000e-01
4.387000e+03 1.329000e-01
4.388000e+03 1.125000e-01
4.389000e+03 9.520000e-02
4.390000e+03 7.880000e-02
4.391000e+03 6.620000e-02
4.392000e+03 5.490000e-02
4.393000e+03 4.600000e-02
4.394000e+03 3.810000e-02
4.395000e+03 3.210000e-02
4.396000e+03 2.680000e-02
4.397000e+03 2.280000e-02
4.398000e+03 1.930000e-02
4.399000e+03 1.630000e-02
4.400000e+03 1.380000e-02
4.401000e+03 1.180000e-02
4.402000e+03 1.010000e-02
4.403000e+03 8.600000e-03
4.404000e+03 7.400000e-03
4.405000e+03 6.300000e-03
4.406000e+03 5.500000e-03
4.407000e+03 4.700000e-03
4.408000e+03 4.100000e-03
4.409000e+03 3.500000e-03
4.410000e+03 3.100000e-03
4.411000e+03 2.700000e-03
4.412000e+03 2.400000e-03
4.413000e+03 2.100000e-03
4.414000e+03 1.800000e-03
4.415000e+03 1.600000e-03
4.416000e+03 1.400000e-03
4.417000e+03 1.300000e-03
4.418000e+03 1.100000e-03
4.419000e+03 1.000000e-03
4.420000e+03 9.000000e-04
4.421000e+03 8.000000e-04
4.422000e+03 7.000000e-04
4.423000e+03 6.000000e-04
4.424000e+03 6.000000e-04
4.425000e+03 5.000000e-04
4.426000e+03 5.000000e-04
4.427000e+03 4.000000e-04
4.428000e+03 4.000000e-04
4.429000e+03 3.000000e-04
4.430000e+03 3.000000e-04
4.431000e+03 3.000000e-04
4.432000e+03 2.000000e-04
4.433000e+03 2.000000e-04
4.434000e+03 2.000000e-04
4.435000e+03 2.000000e-04
4.436000e+03 2.000000e-04
4.437000e+03 2.000000e-04
4.438000e+03 1.000000e-04
4.439000e+03 1.000000e-04
4.440000e+03 1.000000e-04
4.441000e+03 1.000000e-04
4.442000e+03 1.000000e-04
4.443000e+03 1.000000e-04
4.444000e+03 1.000000e-04
4.445000e+03 1.000000e-04
4.446000e+03 1.000000e-04
4.447000e+03 1.000000e-04
4.448000e+03 1.000000e-04
4.449000e+03 1.000000e-04
