# # Wavelength(Angstrom)  Transmission
7.883000e+03 1.000000e-04
7.884000e+03 1.000000e-04
7.885000e+03 1.000000e-04
7.886000e+03 1.000000e-04
7.887000e+03 1.000000e-04
7.888000e+03 1.000000e-04
7.889000e+03 1.000000e-04
7.890000e+03 1.000000e-04
7.891000e+03 1.000000e-04
7.892000e+03 2.000000e-04
7.893000e+03 2.000000e-04
7.894000e+03 2.000000e-04
7.895000e+03 2.000000e-04
7.896000e+03 2.000000e-04
7.897000e+03 2.000000e-04
7.898000e+03 3.000000e-04
7.899000e+03 3.000000e-04
7.900000e+03 4.000000e-04
7.901000e+03 4.000000e-04
7.902000e+03 5.000000e-04
7.903000e+03 6.000000e-04
7.904000e+03 7.000000e-04
7.905000e+03 8.000000e-04
7.906000e+03 9.000000e-04
7.907000e+03 1.000000e-03
7.908000e+03 1.200000e-03
7.909000e+03 1.400000e-03
7.910000e+03 1.500000e-03
7.911000e+03 1.800000e-03
7.912000e+03 2.000000e-03
7.913000e+03 2.400000e-03
7.914000e+03 2.900000e-03
7.915000e+03 3.400000e-03
7.916000e+03 4.200000e-03
7.917000e+03 5.000000e-03
7.918000e+03 5.900000e-03
7.919000e+03 7.000000e-03
7.920000e+03 8.500000e-03
7.921000e+03 1.010000e-02
7.922000e+03 1.200000e-02
7.923000e+03 1.420000e-02
7.924000e+03 1.700000e-02
7.925000e+03 2.050000e-02
7.926000e+03 2.500000e-02
7.927000e+03 3.110000e-02
7.928000e+03 3.810000e-02
7.929000e+03 4.830000e-02
7.930000e+03 5.980000e-02
7.931000e+03 7.450000e-02
7.932000e+03 9.140000e-02
7.933000e+03 1.141000e-01
7.934000e+03 1.369000e-01
7.935000e+03 1.654000e-01
7.936000e+03 1.922000e-01
7.937000e+03 2.285000e-01
7.938000e+03 2.645000e-01
7.939000e+03 3.042000e-01
7.940000e+03 3.444000e-01
7.941000e+03 3.816000e-01
7.942000e+03 4.175000e-01
7.943000e+03 4.445000e-01
7.944000e+03 4.656000e-01
7.945000e+03 4.806000e-01
7.946000e+03 4.891000e-01
7.947000e+03 4.929000e-01
7.948000e+03 4.964000e-01
7.949000e+03 4.983000e-01
7.950000e+03 4.991000e-01
7.951000e+03 4.979000e-01
7.952000e+03 4.994000e-01
7.953000e+03 4.980000e-01
7.954000e+03 4.964000e-01
7.955000e+03 4.948000e-01
7.956000e+03 4.945000e-01
7.957000e+03 4.955000e-01
7.958000e+03 4.951000e-01
7.959000e+03 4.972000e-01
7.960000e+03 4.975000e-01
7.961000e+03 4.984000e-01
7.962000e+03 4.991000e-01
7.963000e+03 4.986000e-01
7.964000e+03 4.995000e-01
7.965000e+03 4.999000e-01
7.966000e+03 4.991000e-01
7.967000e+03 5.007000e-01
7.968000e+03 4.987000e-01
7.969000e+03 4.993000e-01
7.970000e+03 4.988000e-01
7.971000e+03 4.986000e-01
7.972000e+03 4.985000e-01
7.973000e+03 4.985000e-01
7.974000e+03 4.965000e-01
7.975000e+03 4.959000e-01
7.976000e+03 4.972000e-01
7.977000e+03 4.953000e-01
7.978000e+03 4.960000e-01
7.979000e+03 4.969000e-01
7.980000e+03 4.969000e-01
7.981000e+03 4.970000e-01
7.982000e+03 4.971000e-01
7.983000e+03 4.962000e-01
7.984000e+03 4.956000e-01
7.985000e+03 4.965000e-01
7.986000e+03 4.949000e-01
7.987000e+03 4.937000e-01
7.988000e+03 4.941000e-01
7.989000e+03 4.949000e-01
7.990000e+03 4.952000e-01
7.991000e+03 4.962000e-01
7.992000e+03 4.972000e-01
7.993000e+03 4.963000e-01
7.994000e+03 4.973000e-01
7.995000e+03 4.961000e-01
7.996000e+03 4.976000e-01
7.997000e+03 4.981000e-01
7.998000e+03 4.970000e-01
7.999000e+03 4.969000e-01
8.000000e+03 4.956000e-01
8.001000e+03 4.972000e-01
8.002000e+03 4.956000e-01
8.003000e+03 4.957000e-01
8.004000e+03 4.961000e-01
8.005000e+03 4.969000e-01
8.006000e+03 4.962000e-01
8.007000e+03 4.969000e-01
8.008000e+03 4.966000e-01
8.009000e+03 4.970000e-01
8.010000e+03 4.982000e-01
8.011000e+03 4.962000e-01
8.012000e+03 4.967000e-01
8.013000e+03 4.959000e-01
8.014000e+03 4.953000e-01
8.015000e+03 4.953000e-01
8.016000e+03 4.953000e-01
8.017000e+03 4.935000e-01
8.018000e+03 4.950000e-01
8.019000e+03 4.955000e-01
8.020000e+03 4.950000e-01
8.021000e+03 4.951000e-01
8.022000e+03 4.951000e-01
8.023000e+03 4.938000e-01
8.024000e+03 4.942000e-01
8.025000e+03 4.923000e-01
8.026000e+03 4.904000e-01
8.027000e+03 4.915000e-01
8.028000e+03 4.904000e-01
8.029000e+03 4.903000e-01
8.030000e+03 4.911000e-01
8.031000e+03 4.911000e-01
8.032000e+03 4.911000e-01
8.033000e+03 4.918000e-01
8.034000e+03 4.931000e-01
8.035000e+03 4.921000e-01
8.036000e+03 4.921000e-01
8.037000e+03 4.920000e-01
8.038000e+03 4.902000e-01
8.039000e+03 4.912000e-01
8.040000e+03 4.903000e-01
8.041000e+03 4.892000e-01
8.042000e+03 4.912000e-01
8.043000e+03 4.908000e-01
8.044000e+03 4.925000e-01
8.045000e+03 4.931000e-01
8.046000e+03 4.938000e-01
8.047000e+03 4.932000e-01
8.048000e+03 4.939000e-01
8.049000e+03 4.927000e-01
8.050000e+03 4.931000e-01
8.051000e+03 4.922000e-01
8.052000e+03 4.929000e-01
8.053000e+03 4.918000e-01
8.054000e+03 4.927000e-01
8.055000e+03 4.919000e-01
8.056000e+03 4.926000e-01
8.057000e+03 4.920000e-01
8.058000e+03 4.919000e-01
8.059000e+03 4.919000e-01
8.060000e+03 4.912000e-01
8.061000e+03 4.903000e-01
8.062000e+03 4.885000e-01
8.063000e+03 4.903000e-01
8.064000e+03 4.890000e-01
8.065000e+03 4.850000e-01
8.066000e+03 4.817000e-01
8.067000e+03 4.778000e-01
8.068000e+03 4.698000e-01
8.069000e+03 4.616000e-01
8.070000e+03 4.487000e-01
8.071000e+03 4.343000e-01
8.072000e+03 4.143000e-01
8.073000e+03 3.887000e-01
8.074000e+03 3.589000e-01
8.075000e+03 3.280000e-01
8.076000e+03 2.908000e-01
8.077000e+03 2.539000e-01
8.078000e+03 2.188000e-01
8.079000e+03 1.869000e-01
8.080000e+03 1.606000e-01
8.081000e+03 1.338000e-01
8.082000e+03 1.141000e-01
8.083000e+03 9.560000e-02
8.084000e+03 8.010000e-02
8.085000e+03 6.590000e-02
8.086000e+03 5.460000e-02
8.087000e+03 4.400000e-02
8.088000e+03 3.670000e-02
8.089000e+03 2.960000e-02
8.090000e+03 2.430000e-02
8.091000e+03 1.980000e-02
8.092000e+03 1.650000e-02
8.093000e+03 1.400000e-02
8.094000e+03 1.180000e-02
8.095000e+03 1.010000e-02
8.096000e+03 8.600000e-03
8.097000e+03 7.400000e-03
8.098000e+03 6.300000e-03
8.099000e+03 5.400000e-03
8.100000e+03 4.500000e-03
8.101000e+03 3.900000e-03
8.102000e+03 3.200000e-03
8.103000e+03 2.800000e-03
8.104000e+03 2.300000e-03
8.105000e+03 2.000000e-03
8.106000e+03 1.700000e-03
8.107000e+03 1.500000e-03
8.108000e+03 1.300000e-03
8.109000e+03 1.200000e-03
8.110000e+03 1.000000e-03
8.111000e+03 9.000000e-04
8.112000e+03 8.000000e-04
8.113000e+03 7.000000e-04
8.114000e+03 6.000000e-04
8.115000e+03 5.000000e-04
8.116000e+03 5.000000e-04
8.117000e+03 4.000000e-04
8.118000e+03 3.000000e-04
8.119000e+03 3.000000e-04
8.120000e+03 3.000000e-04
8.121000e+03 2.000000e-04
8.122000e+03 2.000000e-04
8.123000e+03 2.000000e-04
8.124000e+03 2.000000e-04
8.125000e+03 1.000000e-04
8.126000e+03 1.000000e-04
8.127000e+03 1.000000e-04
8.128000e+03 1.000000e-04
8.129000e+03 1.000000e-04
8.130000e+03 1.000000e-04
8.131000e+03 1.000000e-04
8.132000e+03 1.000000e-04
8.133000e+03 1.000000e-04
8.134000e+03 1.000000e-04
