# # Wavelength(Angstrom)  Transmission
7.684000e+03 1.000000e-04
7.685000e+03 0.000000e+00
7.686000e+03 1.000000e-04
7.687000e+03 1.000000e-04
7.688000e+03 1.000000e-04
7.689000e+03 1.000000e-04
7.690000e+03 1.000000e-04
7.691000e+03 1.000000e-04
7.692000e+03 1.000000e-04
7.693000e+03 2.000000e-04
7.694000e+03 2.000000e-04
7.695000e+03 2.000000e-04
7.696000e+03 2.000000e-04
7.697000e+03 3.000000e-04
7.698000e+03 3.000000e-04
7.699000e+03 4.000000e-04
7.700000e+03 4.000000e-04
7.701000e+03 5.000000e-04
7.702000e+03 6.000000e-04
7.703000e+03 6.000000e-04
7.704000e+03 7.000000e-04
7.705000e+03 9.000000e-04
7.706000e+03 9.000000e-04
7.707000e+03 1.100000e-03
7.708000e+03 1.200000e-03
7.709000e+03 1.400000e-03
7.710000e+03 1.700000e-03
7.711000e+03 2.000000e-03
7.712000e+03 2.300000e-03
7.713000e+03 2.800000e-03
7.714000e+03 3.200000e-03
7.715000e+03 3.800000e-03
7.716000e+03 4.600000e-03
7.717000e+03 5.300000e-03
7.718000e+03 6.400000e-03
7.719000e+03 7.400000e-03
7.720000e+03 8.900000e-03
7.721000e+03 1.080000e-02
7.722000e+03 1.290000e-02
7.723000e+03 1.560000e-02
7.724000e+03 1.860000e-02
7.725000e+03 2.280000e-02
7.726000e+03 2.800000e-02
7.727000e+03 3.410000e-02
7.728000e+03 4.160000e-02
7.729000e+03 5.140000e-02
7.730000e+03 6.240000e-02
7.731000e+03 7.640000e-02
7.732000e+03 9.170000e-02
7.733000e+03 1.114000e-01
7.734000e+03 1.344000e-01
7.735000e+03 1.619000e-01
7.736000e+03 1.925000e-01
7.737000e+03 2.255000e-01
7.738000e+03 2.655000e-01
7.739000e+03 3.030000e-01
7.740000e+03 3.415000e-01
7.741000e+03 3.749000e-01
7.742000e+03 4.102000e-01
7.743000e+03 4.359000e-01
7.744000e+03 4.598000e-01
7.745000e+03 4.777000e-01
7.746000e+03 4.919000e-01
7.747000e+03 5.047000e-01
7.748000e+03 5.118000e-01
7.749000e+03 5.167000e-01
7.750000e+03 5.199000e-01
7.751000e+03 5.215000e-01
7.752000e+03 5.218000e-01
7.753000e+03 5.224000e-01
7.754000e+03 5.218000e-01
7.755000e+03 5.228000e-01
7.756000e+03 5.227000e-01
7.757000e+03 5.229000e-01
7.758000e+03 5.230000e-01
7.759000e+03 5.232000e-01
7.760000e+03 5.228000e-01
7.761000e+03 5.243000e-01
7.762000e+03 5.232000e-01
7.763000e+03 5.242000e-01
7.764000e+03 5.247000e-01
7.765000e+03 5.232000e-01
7.766000e+03 5.243000e-01
7.767000e+03 5.237000e-01
7.768000e+03 5.236000e-01
7.769000e+03 5.231000e-01
7.770000e+03 5.237000e-01
7.771000e+03 5.238000e-01
7.772000e+03 5.243000e-01
7.773000e+03 5.241000e-01
7.774000e+03 5.232000e-01
7.775000e+03 5.238000e-01
7.776000e+03 5.242000e-01
7.777000e+03 5.227000e-01
7.778000e+03 5.238000e-01
7.779000e+03 5.238000e-01
7.780000e+03 5.235000e-01
7.781000e+03 5.226000e-01
7.782000e+03 5.226000e-01
7.783000e+03 5.225000e-01
7.784000e+03 5.227000e-01
7.785000e+03 5.231000e-01
7.786000e+03 5.230000e-01
7.787000e+03 5.241000e-01
7.788000e+03 5.238000e-01
7.789000e+03 5.233000e-01
7.790000e+03 5.233000e-01
7.791000e+03 5.225000e-01
7.792000e+03 5.224000e-01
7.793000e+03 5.224000e-01
7.794000e+03 5.228000e-01
7.795000e+03 5.226000e-01
7.796000e+03 5.238000e-01
7.797000e+03 5.227000e-01
7.798000e+03 5.229000e-01
7.799000e+03 5.226000e-01
7.800000e+03 5.231000e-01
7.801000e+03 5.228000e-01
7.802000e+03 5.220000e-01
7.803000e+03 5.220000e-01
7.804000e+03 5.225000e-01
7.805000e+03 5.214000e-01
7.806000e+03 5.212000e-01
7.807000e+03 5.215000e-01
7.808000e+03 5.220000e-01
7.809000e+03 5.217000e-01
7.810000e+03 5.208000e-01
7.811000e+03 5.223000e-01
7.812000e+03 5.205000e-01
7.813000e+03 5.198000e-01
7.814000e+03 5.195000e-01
7.815000e+03 5.189000e-01
7.816000e+03 5.183000e-01
7.817000e+03 5.176000e-01
7.818000e+03 5.164000e-01
7.819000e+03 5.153000e-01
7.820000e+03 5.155000e-01
7.821000e+03 5.154000e-01
7.822000e+03 5.141000e-01
7.823000e+03 5.148000e-01
7.824000e+03 5.122000e-01
7.825000e+03 5.111000e-01
7.826000e+03 5.112000e-01
7.827000e+03 5.099000e-01
7.828000e+03 5.086000e-01
7.829000e+03 5.076000e-01
7.830000e+03 5.069000e-01
7.831000e+03 5.067000e-01
7.832000e+03 5.049000e-01
7.833000e+03 5.053000e-01
7.834000e+03 5.061000e-01
7.835000e+03 5.059000e-01
7.836000e+03 5.052000e-01
7.837000e+03 5.063000e-01
7.838000e+03 5.064000e-01
7.839000e+03 5.076000e-01
7.840000e+03 5.077000e-01
7.841000e+03 5.068000e-01
7.842000e+03 5.092000e-01
7.843000e+03 5.088000e-01
7.844000e+03 5.089000e-01
7.845000e+03 5.107000e-01
7.846000e+03 5.109000e-01
7.847000e+03 5.109000e-01
7.848000e+03 5.129000e-01
7.849000e+03 5.128000e-01
7.850000e+03 5.123000e-01
7.851000e+03 5.113000e-01
7.852000e+03 5.118000e-01
7.853000e+03 5.108000e-01
7.854000e+03 5.108000e-01
7.855000e+03 5.095000e-01
7.856000e+03 5.092000e-01
7.857000e+03 5.083000e-01
7.858000e+03 5.064000e-01
7.859000e+03 5.055000e-01
7.860000e+03 5.047000e-01
7.861000e+03 5.036000e-01
7.862000e+03 5.034000e-01
7.863000e+03 5.032000e-01
7.864000e+03 5.052000e-01
7.865000e+03 5.059000e-01
7.866000e+03 5.055000e-01
7.867000e+03 5.055000e-01
7.868000e+03 5.062000e-01
7.869000e+03 5.056000e-01
7.870000e+03 5.024000e-01
7.871000e+03 4.971000e-01
7.872000e+03 4.889000e-01
7.873000e+03 4.752000e-01
7.874000e+03 4.544000e-01
7.875000e+03 4.294000e-01
7.876000e+03 3.971000e-01
7.877000e+03 3.576000e-01
7.878000e+03 3.197000e-01
7.879000e+03 2.763000e-01
7.880000e+03 2.387000e-01
7.881000e+03 1.984000e-01
7.882000e+03 1.668000e-01
7.883000e+03 1.368000e-01
7.884000e+03 1.129000e-01
7.885000e+03 9.130000e-02
7.886000e+03 7.440000e-02
7.887000e+03 6.010000e-02
7.888000e+03 4.820000e-02
7.889000e+03 3.950000e-02
7.890000e+03 3.170000e-02
7.891000e+03 2.630000e-02
7.892000e+03 2.120000e-02
7.893000e+03 1.770000e-02
7.894000e+03 1.460000e-02
7.895000e+03 1.220000e-02
7.896000e+03 1.010000e-02
7.897000e+03 8.500000e-03
7.898000e+03 7.200000e-03
7.899000e+03 5.900000e-03
7.900000e+03 5.100000e-03
7.901000e+03 4.200000e-03
7.902000e+03 3.700000e-03
7.903000e+03 3.000000e-03
7.904000e+03 2.600000e-03
7.905000e+03 2.200000e-03
7.906000e+03 1.900000e-03
7.907000e+03 1.600000e-03
7.908000e+03 1.400000e-03
7.909000e+03 1.200000e-03
7.910000e+03 1.100000e-03
7.911000e+03 9.000000e-04
7.912000e+03 9.000000e-04
7.913000e+03 7.000000e-04
7.914000e+03 6.000000e-04
7.915000e+03 6.000000e-04
7.916000e+03 5.000000e-04
7.917000e+03 4.000000e-04
7.918000e+03 4.000000e-04
7.919000e+03 3.000000e-04
7.920000e+03 3.000000e-04
7.921000e+03 3.000000e-04
7.922000e+03 2.000000e-04
7.923000e+03 2.000000e-04
7.924000e+03 2.000000e-04
7.925000e+03 2.000000e-04
7.926000e+03 1.000000e-04
7.927000e+03 1.000000e-04
7.928000e+03 1.000000e-04
7.929000e+03 1.000000e-04
7.930000e+03 1.000000e-04
7.931000e+03 1.000000e-04
7.932000e+03 1.000000e-04
7.933000e+03 1.000000e-04
7.934000e+03 1.000000e-04
7.935000e+03 1.000000e-04
