# # Wavelength(Angstrom)  Transmission
4.682000e+03 1.000000e-04
4.683000e+03 1.000000e-04
4.684000e+03 1.000000e-04
4.685000e+03 1.000000e-04
4.686000e+03 1.000000e-04
4.687000e+03 1.000000e-04
4.688000e+03 1.000000e-04
4.689000e+03 1.000000e-04
4.690000e+03 1.000000e-04
4.691000e+03 2.000000e-04
4.692000e+03 2.000000e-04
4.693000e+03 2.000000e-04
4.694000e+03 2.000000e-04
4.695000e+03 2.000000e-04
4.696000e+03 3.000000e-04
4.697000e+03 3.000000e-04
4.698000e+03 3.000000e-04
4.699000e+03 4.000000e-04
4.700000e+03 4.000000e-04
4.701000e+03 5.000000e-04
4.702000e+03 6.000000e-04
4.703000e+03 7.000000e-04
4.704000e+03 8.000000e-04
4.705000e+03 9.000000e-04
4.706000e+03 1.000000e-03
4.707000e+03 1.200000e-03
4.708000e+03 1.400000e-03
4.709000e+03 1.600000e-03
4.710000e+03 1.800000e-03
4.711000e+03 2.100000e-03
4.712000e+03 2.500000e-03
4.713000e+03 2.900000e-03
4.714000e+03 3.400000e-03
4.715000e+03 4.100000e-03
4.716000e+03 4.800000e-03
4.717000e+03 5.700000e-03
4.718000e+03 6.700000e-03
4.719000e+03 8.100000e-03
4.720000e+03 9.700000e-03
4.721000e+03 1.160000e-02
4.722000e+03 1.390000e-02
4.723000e+03 1.670000e-02
4.724000e+03 2.050000e-02
4.725000e+03 2.480000e-02
4.726000e+03 3.050000e-02
4.727000e+03 3.700000e-02
4.728000e+03 4.630000e-02
4.729000e+03 5.650000e-02
4.730000e+03 6.980000e-02
4.731000e+03 8.500000e-02
4.732000e+03 1.049000e-01
4.733000e+03 1.281000e-01
4.734000e+03 1.554000e-01
4.735000e+03 1.861000e-01
4.736000e+03 2.195000e-01
4.737000e+03 2.597000e-01
4.738000e+03 2.971000e-01
4.739000e+03 3.370000e-01
4.740000e+03 3.716000e-01
4.741000e+03 4.059000e-01
4.742000e+03 4.311000e-01
4.743000e+03 4.526000e-01
4.744000e+03 4.664000e-01
4.745000e+03 4.763000e-01
4.746000e+03 4.824000e-01
4.747000e+03 4.854000e-01
4.748000e+03 4.854000e-01
4.749000e+03 4.854000e-01
4.750000e+03 4.849000e-01
4.751000e+03 4.831000e-01
4.752000e+03 4.820000e-01
4.753000e+03 4.811000e-01
4.754000e+03 4.811000e-01
4.755000e+03 4.801000e-01
4.756000e+03 4.805000e-01
4.757000e+03 4.802000e-01
4.758000e+03 4.813000e-01
4.759000e+03 4.828000e-01
4.760000e+03 4.837000e-01
4.761000e+03 4.846000e-01
4.762000e+03 4.871000e-01
4.763000e+03 4.878000e-01
4.764000e+03 4.890000e-01
4.765000e+03 4.901000e-01
4.766000e+03 4.909000e-01
4.767000e+03 4.920000e-01
4.768000e+03 4.937000e-01
4.769000e+03 4.942000e-01
4.770000e+03 4.949000e-01
4.771000e+03 4.953000e-01
4.772000e+03 4.958000e-01
4.773000e+03 4.969000e-01
4.774000e+03 4.966000e-01
4.775000e+03 4.971000e-01
4.776000e+03 4.969000e-01
4.777000e+03 4.968000e-01
4.778000e+03 4.975000e-01
4.779000e+03 4.977000e-01
4.780000e+03 4.976000e-01
4.781000e+03 4.977000e-01
4.782000e+03 4.974000e-01
4.783000e+03 4.982000e-01
4.784000e+03 4.980000e-01
4.785000e+03 4.980000e-01
4.786000e+03 4.987000e-01
4.787000e+03 4.991000e-01
4.788000e+03 4.995000e-01
4.789000e+03 4.998000e-01
4.790000e+03 5.002000e-01
4.791000e+03 5.005000e-01
4.792000e+03 5.009000e-01
4.793000e+03 5.013000e-01
4.794000e+03 5.013000e-01
4.795000e+03 5.017000e-01
4.796000e+03 5.022000e-01
4.797000e+03 5.037000e-01
4.798000e+03 5.025000e-01
4.799000e+03 5.032000e-01
4.800000e+03 5.039000e-01
4.801000e+03 5.040000e-01
4.802000e+03 5.043000e-01
4.803000e+03 5.049000e-01
4.804000e+03 5.052000e-01
4.805000e+03 5.057000e-01
4.806000e+03 5.061000e-01
4.807000e+03 5.061000e-01
4.808000e+03 5.060000e-01
4.809000e+03 5.060000e-01
4.810000e+03 5.064000e-01
4.811000e+03 5.071000e-01
4.812000e+03 5.058000e-01
4.813000e+03 5.068000e-01
4.814000e+03 5.067000e-01
4.815000e+03 5.073000e-01
4.816000e+03 5.067000e-01
4.817000e+03 5.065000e-01
4.818000e+03 5.067000e-01
4.819000e+03 5.070000e-01
4.820000e+03 5.063000e-01
4.821000e+03 5.063000e-01
4.822000e+03 5.066000e-01
4.823000e+03 5.058000e-01
4.824000e+03 5.059000e-01
4.825000e+03 5.057000e-01
4.826000e+03 5.057000e-01
4.827000e+03 5.063000e-01
4.828000e+03 5.058000e-01
4.829000e+03 5.064000e-01
4.830000e+03 5.055000e-01
4.831000e+03 5.060000e-01
4.832000e+03 5.061000e-01
4.833000e+03 5.061000e-01
4.834000e+03 5.061000e-01
4.835000e+03 5.060000e-01
4.836000e+03 5.064000e-01
4.837000e+03 5.058000e-01
4.838000e+03 5.060000e-01
4.839000e+03 5.067000e-01
4.840000e+03 5.062000e-01
4.841000e+03 5.064000e-01
4.842000e+03 5.058000e-01
4.843000e+03 5.061000e-01
4.844000e+03 5.057000e-01
4.845000e+03 5.058000e-01
4.846000e+03 5.050000e-01
4.847000e+03 5.049000e-01
4.848000e+03 5.044000e-01
4.849000e+03 5.041000e-01
4.850000e+03 5.040000e-01
4.851000e+03 5.033000e-01
4.852000e+03 5.027000e-01
4.853000e+03 5.023000e-01
4.854000e+03 5.017000e-01
4.855000e+03 5.021000e-01
4.856000e+03 5.020000e-01
4.857000e+03 5.015000e-01
4.858000e+03 5.021000e-01
4.859000e+03 5.024000e-01
4.860000e+03 5.025000e-01
4.861000e+03 5.035000e-01
4.862000e+03 5.048000e-01
4.863000e+03 5.064000e-01
4.864000e+03 5.072000e-01
4.865000e+03 5.077000e-01
4.866000e+03 5.081000e-01
4.867000e+03 5.077000e-01
4.868000e+03 5.058000e-01
4.869000e+03 5.017000e-01
4.870000e+03 4.958000e-01
4.871000e+03 4.850000e-01
4.872000e+03 4.719000e-01
4.873000e+03 4.534000e-01
4.874000e+03 4.318000e-01
4.875000e+03 4.049000e-01
4.876000e+03 3.741000e-01
4.877000e+03 3.404000e-01
4.878000e+03 3.057000e-01
4.879000e+03 2.720000e-01
4.880000e+03 2.358000e-01
4.881000e+03 2.047000e-01
4.882000e+03 1.741000e-01
4.883000e+03 1.484000e-01
4.884000e+03 1.235000e-01
4.885000e+03 1.041000e-01
4.886000e+03 8.670000e-02
4.887000e+03 7.320000e-02
4.888000e+03 6.130000e-02
4.889000e+03 5.120000e-02
4.890000e+03 4.280000e-02
4.891000e+03 3.580000e-02
4.892000e+03 3.030000e-02
4.893000e+03 2.520000e-02
4.894000e+03 2.160000e-02
4.895000e+03 1.820000e-02
4.896000e+03 1.550000e-02
4.897000e+03 1.300000e-02
4.898000e+03 1.120000e-02
4.899000e+03 9.500000e-03
4.900000e+03 8.300000e-03
4.901000e+03 7.100000e-03
4.902000e+03 6.100000e-03
4.903000e+03 5.300000e-03
4.904000e+03 4.600000e-03
4.905000e+03 4.000000e-03
4.906000e+03 3.500000e-03
4.907000e+03 3.000000e-03
4.908000e+03 2.700000e-03
4.909000e+03 2.300000e-03
4.910000e+03 2.000000e-03
4.911000e+03 1.800000e-03
4.912000e+03 1.600000e-03
4.913000e+03 1.400000e-03
4.914000e+03 1.200000e-03
4.915000e+03 1.100000e-03
4.916000e+03 1.000000e-03
4.917000e+03 9.000000e-04
4.918000e+03 8.000000e-04
4.919000e+03 7.000000e-04
4.920000e+03 6.000000e-04
4.921000e+03 6.000000e-04
4.922000e+03 5.000000e-04
4.923000e+03 5.000000e-04
4.924000e+03 4.000000e-04
4.925000e+03 4.000000e-04
4.926000e+03 3.000000e-04
4.927000e+03 3.000000e-04
4.928000e+03 3.000000e-04
4.929000e+03 2.000000e-04
4.930000e+03 2.000000e-04
4.931000e+03 2.000000e-04
4.932000e+03 2.000000e-04
4.933000e+03 2.000000e-04
4.934000e+03 1.000000e-04
4.935000e+03 1.000000e-04
4.936000e+03 1.000000e-04
4.937000e+03 1.000000e-04
4.938000e+03 1.000000e-04
4.939000e+03 1.000000e-04
4.940000e+03 1.000000e-04
4.941000e+03 1.000000e-04
4.942000e+03 1.000000e-04
4.943000e+03 1.000000e-04
4.944000e+03 1.000000e-04
4.945000e+03 1.000000e-04
4.946000e+03 1.000000e-04
