# # Wavelength(Angstrom)  Transmission
5.472000e+03 1.000000e-04
5.473000e+03 1.000000e-04
5.474000e+03 1.000000e-04
5.475000e+03 1.000000e-04
5.476000e+03 1.000000e-04
5.477000e+03 1.000000e-04
5.478000e+03 1.000000e-04
5.479000e+03 1.000000e-04
5.480000e+03 1.000000e-04
5.481000e+03 1.000000e-04
5.482000e+03 2.000000e-04
5.483000e+03 2.000000e-04
5.484000e+03 2.000000e-04
5.485000e+03 2.000000e-04
5.486000e+03 2.000000e-04
5.487000e+03 3.000000e-04
5.488000e+03 3.000000e-04
5.489000e+03 3.000000e-04
5.490000e+03 4.000000e-04
5.491000e+03 4.000000e-04
5.492000e+03 5.000000e-04
5.493000e+03 6.000000e-04
5.494000e+03 6.000000e-04
5.495000e+03 7.000000e-04
5.496000e+03 8.000000e-04
5.497000e+03 1.000000e-03
5.498000e+03 1.100000e-03
5.499000e+03 1.200000e-03
5.500000e+03 1.400000e-03
5.501000e+03 1.600000e-03
5.502000e+03 1.900000e-03
5.503000e+03 2.200000e-03
5.504000e+03 2.600000e-03
5.505000e+03 3.000000e-03
5.506000e+03 3.500000e-03
5.507000e+03 4.000000e-03
5.508000e+03 4.800000e-03
5.509000e+03 5.600000e-03
5.510000e+03 6.700000e-03
5.511000e+03 7.800000e-03
5.512000e+03 9.300000e-03
5.513000e+03 1.100000e-02
5.514000e+03 1.320000e-02
5.515000e+03 1.580000e-02
5.516000e+03 1.890000e-02
5.517000e+03 2.290000e-02
5.518000e+03 2.750000e-02
5.519000e+03 3.350000e-02
5.520000e+03 4.040000e-02
5.521000e+03 4.980000e-02
5.522000e+03 6.060000e-02
5.523000e+03 7.440000e-02
5.524000e+03 8.970000e-02
5.525000e+03 1.097000e-01
5.526000e+03 1.325000e-01
5.527000e+03 1.586000e-01
5.528000e+03 1.892000e-01
5.529000e+03 2.240000e-01
5.530000e+03 2.619000e-01
5.531000e+03 2.996000e-01
5.532000e+03 3.404000e-01
5.533000e+03 3.770000e-01
5.534000e+03 4.155000e-01
5.535000e+03 4.450000e-01
5.536000e+03 4.712000e-01
5.537000e+03 4.903000e-01
5.538000e+03 5.052000e-01
5.539000e+03 5.150000e-01
5.540000e+03 5.229000e-01
5.541000e+03 5.268000e-01
5.542000e+03 5.292000e-01
5.543000e+03 5.301000e-01
5.544000e+03 5.307000e-01
5.545000e+03 5.302000e-01
5.546000e+03 5.302000e-01
5.547000e+03 5.297000e-01
5.548000e+03 5.292000e-01
5.549000e+03 5.290000e-01
5.550000e+03 5.292000e-01
5.551000e+03 5.293000e-01
5.552000e+03 5.298000e-01
5.553000e+03 5.303000e-01
5.554000e+03 5.312000e-01
5.555000e+03 5.312000e-01
5.556000e+03 5.319000e-01
5.557000e+03 5.322000e-01
5.558000e+03 5.326000e-01
5.559000e+03 5.328000e-01
5.560000e+03 5.329000e-01
5.561000e+03 5.333000e-01
5.562000e+03 5.333000e-01
5.563000e+03 5.329000e-01
5.564000e+03 5.332000e-01
5.565000e+03 5.329000e-01
5.566000e+03 5.326000e-01
5.567000e+03 5.328000e-01
5.568000e+03 5.324000e-01
5.569000e+03 5.321000e-01
5.570000e+03 5.323000e-01
5.571000e+03 5.314000e-01
5.572000e+03 5.316000e-01
5.573000e+03 5.314000e-01
5.574000e+03 5.311000e-01
5.575000e+03 5.314000e-01
5.576000e+03 5.315000e-01
5.577000e+03 5.314000e-01
5.578000e+03 5.313000e-01
5.579000e+03 5.315000e-01
5.580000e+03 5.315000e-01
5.581000e+03 5.323000e-01
5.582000e+03 5.322000e-01
5.583000e+03 5.328000e-01
5.584000e+03 5.327000e-01
5.585000e+03 5.329000e-01
5.586000e+03 5.334000e-01
5.587000e+03 5.332000e-01
5.588000e+03 5.339000e-01
5.589000e+03 5.341000e-01
5.590000e+03 5.341000e-01
5.591000e+03 5.347000e-01
5.592000e+03 5.350000e-01
5.593000e+03 5.350000e-01
5.594000e+03 5.355000e-01
5.595000e+03 5.355000e-01
5.596000e+03 5.356000e-01
5.597000e+03 5.355000e-01
5.598000e+03 5.352000e-01
5.599000e+03 5.356000e-01
5.600000e+03 5.357000e-01
5.601000e+03 5.357000e-01
5.602000e+03 5.356000e-01
5.603000e+03 5.360000e-01
5.604000e+03 5.353000e-01
5.605000e+03 5.359000e-01
5.606000e+03 5.355000e-01
5.607000e+03 5.355000e-01
5.608000e+03 5.356000e-01
5.609000e+03 5.356000e-01
5.610000e+03 5.356000e-01
5.611000e+03 5.356000e-01
5.612000e+03 5.357000e-01
5.613000e+03 5.356000e-01
5.614000e+03 5.351000e-01
5.615000e+03 5.351000e-01
5.616000e+03 5.348000e-01
5.617000e+03 5.347000e-01
5.618000e+03 5.339000e-01
5.619000e+03 5.342000e-01
5.620000e+03 5.338000e-01
5.621000e+03 5.330000e-01
5.622000e+03 5.328000e-01
5.623000e+03 5.326000e-01
5.624000e+03 5.326000e-01
5.625000e+03 5.323000e-01
5.626000e+03 5.322000e-01
5.627000e+03 5.323000e-01
5.628000e+03 5.318000e-01
5.629000e+03 5.317000e-01
5.630000e+03 5.319000e-01
5.631000e+03 5.317000e-01
5.632000e+03 5.319000e-01
5.633000e+03 5.321000e-01
5.634000e+03 5.323000e-01
5.635000e+03 5.329000e-01
5.636000e+03 5.332000e-01
5.637000e+03 5.334000e-01
5.638000e+03 5.339000e-01
5.639000e+03 5.346000e-01
5.640000e+03 5.349000e-01
5.641000e+03 5.354000e-01
5.642000e+03 5.358000e-01
5.643000e+03 5.366000e-01
5.644000e+03 5.368000e-01
5.645000e+03 5.372000e-01
5.646000e+03 5.377000e-01
5.647000e+03 5.381000e-01
5.648000e+03 5.379000e-01
5.649000e+03 5.378000e-01
5.650000e+03 5.383000e-01
5.651000e+03 5.384000e-01
5.652000e+03 5.380000e-01
5.653000e+03 5.375000e-01
5.654000e+03 5.379000e-01
5.655000e+03 5.369000e-01
5.656000e+03 5.372000e-01
5.657000e+03 5.372000e-01
5.658000e+03 5.370000e-01
5.659000e+03 5.374000e-01
5.660000e+03 5.366000e-01
5.661000e+03 5.369000e-01
5.662000e+03 5.371000e-01
5.663000e+03 5.369000e-01
5.664000e+03 5.367000e-01
5.665000e+03 5.358000e-01
5.666000e+03 5.341000e-01
5.667000e+03 5.317000e-01
5.668000e+03 5.270000e-01
5.669000e+03 5.208000e-01
5.670000e+03 5.112000e-01
5.671000e+03 4.988000e-01
5.672000e+03 4.827000e-01
5.673000e+03 4.612000e-01
5.674000e+03 4.382000e-01
5.675000e+03 4.093000e-01
5.676000e+03 3.779000e-01
5.677000e+03 3.398000e-01
5.678000e+03 3.039000e-01
5.679000e+03 2.688000e-01
5.680000e+03 2.374000e-01
5.681000e+03 2.026000e-01
5.682000e+03 1.743000e-01
5.683000e+03 1.470000e-01
5.684000e+03 1.253000e-01
5.685000e+03 1.057000e-01
5.686000e+03 8.800000e-02
5.687000e+03 7.340000e-02
5.688000e+03 6.130000e-02
5.689000e+03 5.150000e-02
5.690000e+03 4.260000e-02
5.691000e+03 3.610000e-02
5.692000e+03 3.030000e-02
5.693000e+03 2.580000e-02
5.694000e+03 2.170000e-02
5.695000e+03 1.840000e-02
5.696000e+03 1.570000e-02
5.697000e+03 1.330000e-02
5.698000e+03 1.140000e-02
5.699000e+03 9.600000e-03
5.700000e+03 8.400000e-03
5.701000e+03 7.200000e-03
5.702000e+03 6.200000e-03
5.703000e+03 5.300000e-03
5.704000e+03 4.700000e-03
5.705000e+03 4.000000e-03
5.706000e+03 3.500000e-03
5.707000e+03 3.100000e-03
5.708000e+03 2.700000e-03
5.709000e+03 2.400000e-03
5.710000e+03 2.100000e-03
5.711000e+03 1.900000e-03
5.712000e+03 1.600000e-03
5.713000e+03 1.400000e-03
5.714000e+03 1.200000e-03
5.715000e+03 1.100000e-03
5.716000e+03 1.000000e-03
5.717000e+03 9.000000e-04
5.718000e+03 8.000000e-04
5.719000e+03 7.000000e-04
5.720000e+03 6.000000e-04
5.721000e+03 6.000000e-04
5.722000e+03 5.000000e-04
5.723000e+03 5.000000e-04
5.724000e+03 4.000000e-04
5.725000e+03 4.000000e-04
5.726000e+03 3.000000e-04
5.727000e+03 3.000000e-04
5.728000e+03 3.000000e-04
5.729000e+03 3.000000e-04
5.730000e+03 2.000000e-04
5.731000e+03 2.000000e-04
5.732000e+03 2.000000e-04
5.733000e+03 2.000000e-04
5.734000e+03 1.000000e-04
5.735000e+03 1.000000e-04
5.736000e+03 1.000000e-04
5.737000e+03 1.000000e-04
5.738000e+03 1.000000e-04
5.739000e+03 1.000000e-04
5.740000e+03 1.000000e-04
5.741000e+03 1.000000e-04
5.742000e+03 1.000000e-04
5.743000e+03 1.000000e-04
5.744000e+03 1.000000e-04
5.745000e+03 1.000000e-04
