# # Wavelength(Angstrom)  Transmission
8.472000e+03 1.000000e-04
8.473000e+03 1.000000e-04
8.474000e+03 1.000000e-04
8.475000e+03 1.000000e-04
8.476000e+03 1.000000e-04
8.477000e+03 1.000000e-04
8.478000e+03 1.000000e-04
8.479000e+03 1.000000e-04
8.480000e+03 1.000000e-04
8.481000e+03 1.000000e-04
8.482000e+03 2.000000e-04
8.483000e+03 2.000000e-04
8.484000e+03 2.000000e-04
8.485000e+03 2.000000e-04
8.486000e+03 3.000000e-04
8.487000e+03 3.000000e-04
8.488000e+03 4.000000e-04
8.489000e+03 4.000000e-04
8.490000e+03 4.000000e-04
8.491000e+03 5.000000e-04
8.492000e+03 6.000000e-04
8.493000e+03 7.000000e-04
8.494000e+03 8.000000e-04
8.495000e+03 9.000000e-04
8.496000e+03 1.100000e-03
8.497000e+03 1.200000e-03
8.498000e+03 1.400000e-03
8.499000e+03 1.700000e-03
8.500000e+03 2.000000e-03
8.501000e+03 2.400000e-03
8.502000e+03 2.800000e-03
8.503000e+03 3.200000e-03
8.504000e+03 3.800000e-03
8.505000e+03 4.600000e-03
8.506000e+03 5.500000e-03
8.507000e+03 6.500000e-03
8.508000e+03 8.000000e-03
8.509000e+03 9.900000e-03
8.510000e+03 1.230000e-02
8.511000e+03 1.450000e-02
8.512000e+03 1.760000e-02
8.513000e+03 2.110000e-02
8.514000e+03 2.650000e-02
8.515000e+03 3.240000e-02
8.516000e+03 3.940000e-02
8.517000e+03 4.940000e-02
8.518000e+03 6.330000e-02
8.519000e+03 7.770000e-02
8.520000e+03 9.110000e-02
8.521000e+03 1.104000e-01
8.522000e+03 1.340000e-01
8.523000e+03 1.623000e-01
8.524000e+03 1.860000e-01
8.525000e+03 2.210000e-01
8.526000e+03 2.556000e-01
8.527000e+03 2.948000e-01
8.528000e+03 3.217000e-01
8.529000e+03 3.465000e-01
8.530000e+03 3.695000e-01
8.531000e+03 3.917000e-01
8.532000e+03 4.080000e-01
8.533000e+03 4.176000e-01
8.534000e+03 4.255000e-01
8.535000e+03 4.303000e-01
8.536000e+03 4.320000e-01
8.537000e+03 4.319000e-01
8.538000e+03 4.301000e-01
8.539000e+03 4.280000e-01
8.540000e+03 4.272000e-01
8.541000e+03 4.252000e-01
8.542000e+03 4.242000e-01
8.543000e+03 4.240000e-01
8.544000e+03 4.244000e-01
8.545000e+03 4.256000e-01
8.546000e+03 4.260000e-01
8.547000e+03 4.269000e-01
8.548000e+03 4.274000e-01
8.549000e+03 4.293000e-01
8.550000e+03 4.296000e-01
8.551000e+03 4.306000e-01
8.552000e+03 4.313000e-01
8.553000e+03 4.327000e-01
8.554000e+03 4.327000e-01
8.555000e+03 4.338000e-01
8.556000e+03 4.342000e-01
8.557000e+03 4.345000e-01
8.558000e+03 4.356000e-01
8.559000e+03 4.366000e-01
8.560000e+03 4.364000e-01
8.561000e+03 4.369000e-01
8.562000e+03 4.372000e-01
8.563000e+03 4.377000e-01
8.564000e+03 4.384000e-01
8.565000e+03 4.381000e-01
8.566000e+03 4.384000e-01
8.567000e+03 4.382000e-01
8.568000e+03 4.377000e-01
8.569000e+03 4.377000e-01
8.570000e+03 4.378000e-01
8.571000e+03 4.380000e-01
8.572000e+03 4.376000e-01
8.573000e+03 4.373000e-01
8.574000e+03 4.369000e-01
8.575000e+03 4.373000e-01
8.576000e+03 4.369000e-01
8.577000e+03 4.367000e-01
8.578000e+03 4.373000e-01
8.579000e+03 4.367000e-01
8.580000e+03 4.373000e-01
8.581000e+03 4.372000e-01
8.582000e+03 4.377000e-01
8.583000e+03 4.372000e-01
8.584000e+03 4.380000e-01
8.585000e+03 4.389000e-01
8.586000e+03 4.388000e-01
8.587000e+03 4.387000e-01
8.588000e+03 4.388000e-01
8.589000e+03 4.387000e-01
8.590000e+03 4.380000e-01
8.591000e+03 4.383000e-01
8.592000e+03 4.383000e-01
8.593000e+03 4.384000e-01
8.594000e+03 4.381000e-01
8.595000e+03 4.380000e-01
8.596000e+03 4.381000e-01
8.597000e+03 4.379000e-01
8.598000e+03 4.381000e-01
8.599000e+03 4.381000e-01
8.600000e+03 4.380000e-01
8.601000e+03 4.383000e-01
8.602000e+03 4.384000e-01
8.603000e+03 4.393000e-01
8.604000e+03 4.393000e-01
8.605000e+03 4.399000e-01
8.606000e+03 4.396000e-01
8.607000e+03 4.398000e-01
8.608000e+03 4.398000e-01
8.609000e+03 4.398000e-01
8.610000e+03 4.398000e-01
8.611000e+03 4.392000e-01
8.612000e+03 4.383000e-01
8.613000e+03 4.387000e-01
8.614000e+03 4.386000e-01
8.615000e+03 4.380000e-01
8.616000e+03 4.387000e-01
8.617000e+03 4.380000e-01
8.618000e+03 4.381000e-01
8.619000e+03 4.369000e-01
8.620000e+03 4.368000e-01
8.621000e+03 4.365000e-01
8.622000e+03 4.361000e-01
8.623000e+03 4.353000e-01
8.624000e+03 4.347000e-01
8.625000e+03 4.338000e-01
8.626000e+03 4.335000e-01
8.627000e+03 4.328000e-01
8.628000e+03 4.331000e-01
8.629000e+03 4.330000e-01
8.630000e+03 4.324000e-01
8.631000e+03 4.320000e-01
8.632000e+03 4.327000e-01
8.633000e+03 4.330000e-01
8.634000e+03 4.322000e-01
8.635000e+03 4.330000e-01
8.636000e+03 4.320000e-01
8.637000e+03 4.322000e-01
8.638000e+03 4.326000e-01
8.639000e+03 4.319000e-01
8.640000e+03 4.313000e-01
8.641000e+03 4.305000e-01
8.642000e+03 4.312000e-01
8.643000e+03 4.310000e-01
8.644000e+03 4.321000e-01
8.645000e+03 4.310000e-01
8.646000e+03 4.321000e-01
8.647000e+03 4.323000e-01
8.648000e+03 4.324000e-01
8.649000e+03 4.314000e-01
8.650000e+03 4.313000e-01
8.651000e+03 4.312000e-01
8.652000e+03 4.311000e-01
8.653000e+03 4.306000e-01
8.654000e+03 4.301000e-01
8.655000e+03 4.293000e-01
8.656000e+03 4.283000e-01
8.657000e+03 4.268000e-01
8.658000e+03 4.254000e-01
8.659000e+03 4.237000e-01
8.660000e+03 4.201000e-01
8.661000e+03 4.149000e-01
8.662000e+03 4.088000e-01
8.663000e+03 4.007000e-01
8.664000e+03 3.868000e-01
8.665000e+03 3.700000e-01
8.666000e+03 3.532000e-01
8.667000e+03 3.349000e-01
8.668000e+03 3.136000e-01
8.669000e+03 2.884000e-01
8.670000e+03 2.611000e-01
8.671000e+03 2.365000e-01
8.672000e+03 2.050000e-01
8.673000e+03 1.775000e-01
8.674000e+03 1.482000e-01
8.675000e+03 1.310000e-01
8.676000e+03 1.112000e-01
8.677000e+03 9.520000e-02
8.678000e+03 7.930000e-02
8.679000e+03 6.690000e-02
8.680000e+03 5.580000e-02
8.681000e+03 4.530000e-02
8.682000e+03 3.650000e-02
8.683000e+03 2.960000e-02
8.684000e+03 2.530000e-02
8.685000e+03 2.100000e-02
8.686000e+03 1.750000e-02
8.687000e+03 1.430000e-02
8.688000e+03 1.230000e-02
8.689000e+03 1.020000e-02
8.690000e+03 8.500000e-03
8.691000e+03 6.900000e-03
8.692000e+03 5.900000e-03
8.693000e+03 5.200000e-03
8.694000e+03 4.500000e-03
8.695000e+03 3.800000e-03
8.696000e+03 3.200000e-03
8.697000e+03 2.900000e-03
8.698000e+03 2.500000e-03
8.699000e+03 2.100000e-03
8.700000e+03 1.800000e-03
8.701000e+03 1.600000e-03
8.702000e+03 1.400000e-03
8.703000e+03 1.200000e-03
8.704000e+03 1.100000e-03
8.705000e+03 9.000000e-04
8.706000e+03 8.000000e-04
8.707000e+03 7.000000e-04
8.708000e+03 6.000000e-04
8.709000e+03 5.000000e-04
8.710000e+03 5.000000e-04
8.711000e+03 4.000000e-04
8.712000e+03 4.000000e-04
8.713000e+03 4.000000e-04
8.714000e+03 3.000000e-04
8.715000e+03 3.000000e-04
8.716000e+03 3.000000e-04
8.717000e+03 2.000000e-04
8.718000e+03 2.000000e-04
8.719000e+03 1.000000e-04
8.720000e+03 1.000000e-04
8.721000e+03 2.000000e-04
8.722000e+03 1.000000e-04
8.723000e+03 1.000000e-04
8.724000e+03 2.000000e-04
8.725000e+03 1.000000e-04
8.726000e+03 1.000000e-04
8.727000e+03 1.000000e-04
