# # Wavelength(Angstrom)  Transmission
3.983000e+03 1.000000e-04
3.984000e+03 1.000000e-04
3.985000e+03 1.000000e-04
3.986000e+03 1.000000e-04
3.987000e+03 1.000000e-04
3.988000e+03 1.000000e-04
3.989000e+03 1.000000e-04
3.990000e+03 1.000000e-04
3.991000e+03 1.000000e-04
3.992000e+03 1.000000e-04
3.993000e+03 1.000000e-04
3.994000e+03 2.000000e-04
3.995000e+03 2.000000e-04
3.996000e+03 2.000000e-04
3.997000e+03 2.000000e-04
3.998000e+03 2.000000e-04
3.999000e+03 3.000000e-04
4.000000e+03 3.000000e-04
4.001000e+03 3.000000e-04
4.002000e+03 4.000000e-04
4.003000e+03 4.000000e-04
4.004000e+03 5.000000e-04
4.005000e+03 5.000000e-04
4.006000e+03 6.000000e-04
4.007000e+03 6.000000e-04
4.008000e+03 7.000000e-04
4.009000e+03 8.000000e-04
4.010000e+03 1.000000e-03
4.011000e+03 1.100000e-03
4.012000e+03 1.200000e-03
4.013000e+03 1.400000e-03
4.014000e+03 1.600000e-03
4.015000e+03 1.900000e-03
4.016000e+03 2.100000e-03
4.017000e+03 2.400000e-03
4.018000e+03 2.800000e-03
4.019000e+03 3.300000e-03
4.020000e+03 3.800000e-03
4.021000e+03 4.400000e-03
4.022000e+03 5.200000e-03
4.023000e+03 6.000000e-03
4.024000e+03 7.200000e-03
4.025000e+03 8.300000e-03
4.026000e+03 9.900000e-03
4.027000e+03 1.160000e-02
4.028000e+03 1.370000e-02
4.029000e+03 1.620000e-02
4.030000e+03 1.930000e-02
4.031000e+03 2.320000e-02
4.032000e+03 2.760000e-02
4.033000e+03 3.300000e-02
4.034000e+03 3.920000e-02
4.035000e+03 4.750000e-02
4.036000e+03 5.660000e-02
4.037000e+03 6.820000e-02
4.038000e+03 8.070000e-02
4.039000e+03 9.700000e-02
4.040000e+03 1.138000e-01
4.041000e+03 1.331000e-01
4.042000e+03 1.528000e-01
4.043000e+03 1.761000e-01
4.044000e+03 2.010000e-01
4.045000e+03 2.239000e-01
4.046000e+03 2.462000e-01
4.047000e+03 2.653000e-01
4.048000e+03 2.845000e-01
4.049000e+03 2.988000e-01
4.050000e+03 3.115000e-01
4.051000e+03 3.204000e-01
4.052000e+03 3.283000e-01
4.053000e+03 3.328000e-01
4.054000e+03 3.370000e-01
4.055000e+03 3.384000e-01
4.056000e+03 3.399000e-01
4.057000e+03 3.406000e-01
4.058000e+03 3.412000e-01
4.059000e+03 3.414000e-01
4.060000e+03 3.416000e-01
4.061000e+03 3.422000e-01
4.062000e+03 3.429000e-01
4.063000e+03 3.427000e-01
4.064000e+03 3.433000e-01
4.065000e+03 3.439000e-01
4.066000e+03 3.443000e-01
4.067000e+03 3.452000e-01
4.068000e+03 3.453000e-01
4.069000e+03 3.466000e-01
4.070000e+03 3.467000e-01
4.071000e+03 3.470000e-01
4.072000e+03 3.475000e-01
4.073000e+03 3.479000e-01
4.074000e+03 3.474000e-01
4.075000e+03 3.475000e-01
4.076000e+03 3.471000e-01
4.077000e+03 3.467000e-01
4.078000e+03 3.462000e-01
4.079000e+03 3.457000e-01
4.080000e+03 3.449000e-01
4.081000e+03 3.441000e-01
4.082000e+03 3.428000e-01
4.083000e+03 3.422000e-01
4.084000e+03 3.407000e-01
4.085000e+03 3.399000e-01
4.086000e+03 3.396000e-01
4.087000e+03 3.381000e-01
4.088000e+03 3.377000e-01
4.089000e+03 3.365000e-01
4.090000e+03 3.361000e-01
4.091000e+03 3.355000e-01
4.092000e+03 3.349000e-01
4.093000e+03 3.349000e-01
4.094000e+03 3.349000e-01
4.095000e+03 3.348000e-01
4.096000e+03 3.351000e-01
4.097000e+03 3.349000e-01
4.098000e+03 3.352000e-01
4.099000e+03 3.364000e-01
4.100000e+03 3.370000e-01
4.101000e+03 3.373000e-01
4.102000e+03 3.393000e-01
4.103000e+03 3.401000e-01
4.104000e+03 3.417000e-01
4.105000e+03 3.437000e-01
4.106000e+03 3.440000e-01
4.107000e+03 3.454000e-01
4.108000e+03 3.474000e-01
4.109000e+03 3.491000e-01
4.110000e+03 3.506000e-01
4.111000e+03 3.524000e-01
4.112000e+03 3.537000e-01
4.113000e+03 3.555000e-01
4.114000e+03 3.570000e-01
4.115000e+03 3.581000e-01
4.116000e+03 3.595000e-01
4.117000e+03 3.599000e-01
4.118000e+03 3.612000e-01
4.119000e+03 3.617000e-01
4.120000e+03 3.631000e-01
4.121000e+03 3.637000e-01
4.122000e+03 3.648000e-01
4.123000e+03 3.646000e-01
4.124000e+03 3.651000e-01
4.125000e+03 3.651000e-01
4.126000e+03 3.649000e-01
4.127000e+03 3.651000e-01
4.128000e+03 3.645000e-01
4.129000e+03 3.648000e-01
4.130000e+03 3.644000e-01
4.131000e+03 3.638000e-01
4.132000e+03 3.631000e-01
4.133000e+03 3.631000e-01
4.134000e+03 3.619000e-01
4.135000e+03 3.620000e-01
4.136000e+03 3.609000e-01
4.137000e+03 3.605000e-01
4.138000e+03 3.598000e-01
4.139000e+03 3.592000e-01
4.140000e+03 3.588000e-01
4.141000e+03 3.591000e-01
4.142000e+03 3.579000e-01
4.143000e+03 3.575000e-01
4.144000e+03 3.572000e-01
4.145000e+03 3.577000e-01
4.146000e+03 3.565000e-01
4.147000e+03 3.564000e-01
4.148000e+03 3.564000e-01
4.149000e+03 3.561000e-01
4.150000e+03 3.557000e-01
4.151000e+03 3.565000e-01
4.152000e+03 3.558000e-01
4.153000e+03 3.561000e-01
4.154000e+03 3.561000e-01
4.155000e+03 3.562000e-01
4.156000e+03 3.565000e-01
4.157000e+03 3.565000e-01
4.158000e+03 3.571000e-01
4.159000e+03 3.580000e-01
4.160000e+03 3.581000e-01
4.161000e+03 3.586000e-01
4.162000e+03 3.589000e-01
4.163000e+03 3.603000e-01
4.164000e+03 3.607000e-01
4.165000e+03 3.618000e-01
4.166000e+03 3.629000e-01
4.167000e+03 3.636000e-01
4.168000e+03 3.643000e-01
4.169000e+03 3.655000e-01
4.170000e+03 3.655000e-01
4.171000e+03 3.663000e-01
4.172000e+03 3.652000e-01
4.173000e+03 3.645000e-01
4.174000e+03 3.625000e-01
4.175000e+03 3.595000e-01
4.176000e+03 3.549000e-01
4.177000e+03 3.493000e-01
4.178000e+03 3.416000e-01
4.179000e+03 3.319000e-01
4.180000e+03 3.191000e-01
4.181000e+03 3.056000e-01
4.182000e+03 2.881000e-01
4.183000e+03 2.710000e-01
4.184000e+03 2.513000e-01
4.185000e+03 2.324000e-01
4.186000e+03 2.118000e-01
4.187000e+03 1.910000e-01
4.188000e+03 1.711000e-01
4.189000e+03 1.528000e-01
4.190000e+03 1.359000e-01
4.191000e+03 1.186000e-01
4.192000e+03 1.043000e-01
4.193000e+03 9.040000e-02
4.194000e+03 7.920000e-02
4.195000e+03 6.790000e-02
4.196000e+03 5.950000e-02
4.197000e+03 5.150000e-02
4.198000e+03 4.490000e-02
4.199000e+03 3.910000e-02
4.200000e+03 3.370000e-02
4.201000e+03 2.940000e-02
4.202000e+03 2.560000e-02
4.203000e+03 2.250000e-02
4.204000e+03 1.950000e-02
4.205000e+03 1.720000e-02
4.206000e+03 1.490000e-02
4.207000e+03 1.320000e-02
4.208000e+03 1.150000e-02
4.209000e+03 1.020000e-02
4.210000e+03 9.000000e-03
4.211000e+03 8.000000e-03
4.212000e+03 7.000000e-03
4.213000e+03 6.300000e-03
4.214000e+03 5.500000e-03
4.215000e+03 4.900000e-03
4.216000e+03 4.400000e-03
4.217000e+03 3.900000e-03
4.218000e+03 3.500000e-03
4.219000e+03 3.200000e-03
4.220000e+03 2.800000e-03
4.221000e+03 2.500000e-03
4.222000e+03 2.300000e-03
4.223000e+03 2.000000e-03
4.224000e+03 1.800000e-03
4.225000e+03 1.700000e-03
4.226000e+03 1.500000e-03
4.227000e+03 1.400000e-03
4.228000e+03 1.200000e-03
4.229000e+03 1.100000e-03
4.230000e+03 1.000000e-03
4.231000e+03 9.000000e-04
4.232000e+03 8.000000e-04
4.233000e+03 8.000000e-04
4.234000e+03 7.000000e-04
4.235000e+03 6.000000e-04
4.236000e+03 6.000000e-04
4.237000e+03 5.000000e-04
4.238000e+03 5.000000e-04
4.239000e+03 4.000000e-04
4.240000e+03 4.000000e-04
4.241000e+03 4.000000e-04
4.242000e+03 3.000000e-04
4.243000e+03 3.000000e-04
4.244000e+03 3.000000e-04
4.245000e+03 3.000000e-04
4.246000e+03 3.000000e-04
4.247000e+03 2.000000e-04
4.248000e+03 2.000000e-04
4.249000e+03 2.000000e-04
4.250000e+03 2.000000e-04
4.251000e+03 2.000000e-04
4.252000e+03 2.000000e-04
4.253000e+03 1.000000e-04
4.254000e+03 1.000000e-04
4.255000e+03 1.000000e-04
4.256000e+03 1.000000e-04
4.257000e+03 1.000000e-04
4.258000e+03 1.000000e-04
4.259000e+03 1.000000e-04
4.260000e+03 1.000000e-04
4.261000e+03 1.000000e-04
4.262000e+03 1.000000e-04
4.263000e+03 1.000000e-04
4.264000e+03 1.000000e-04
4.265000e+03 1.000000e-04
4.266000e+03 1.000000e-04
