# # Wavelength(Angstrom)  Transmission
7.180000e+03 1.000000e-04
7.181000e+03 1.000000e-04
7.182000e+03 1.000000e-04
7.183000e+03 1.000000e-04
7.184000e+03 1.000000e-04
7.185000e+03 1.000000e-04
7.186000e+03 1.000000e-04
7.187000e+03 1.000000e-04
7.188000e+03 1.000000e-04
7.189000e+03 1.000000e-04
7.190000e+03 1.000000e-04
7.191000e+03 2.000000e-04
7.192000e+03 2.000000e-04
7.193000e+03 2.000000e-04
7.194000e+03 2.000000e-04
7.195000e+03 3.000000e-04
7.196000e+03 3.000000e-04
7.197000e+03 3.000000e-04
7.198000e+03 4.000000e-04
7.199000e+03 4.000000e-04
7.200000e+03 5.000000e-04
7.201000e+03 5.000000e-04
7.202000e+03 6.000000e-04
7.203000e+03 7.000000e-04
7.204000e+03 8.000000e-04
7.205000e+03 9.000000e-04
7.206000e+03 1.100000e-03
7.207000e+03 1.200000e-03
7.208000e+03 1.400000e-03
7.209000e+03 1.600000e-03
7.210000e+03 1.800000e-03
7.211000e+03 2.100000e-03
7.212000e+03 2.400000e-03
7.213000e+03 2.800000e-03
7.214000e+03 3.300000e-03
7.215000e+03 3.900000e-03
7.216000e+03 4.600000e-03
7.217000e+03 5.300000e-03
7.218000e+03 6.300000e-03
7.219000e+03 7.500000e-03
7.220000e+03 8.800000e-03
7.221000e+03 1.060000e-02
7.222000e+03 1.260000e-02
7.223000e+03 1.520000e-02
7.224000e+03 1.790000e-02
7.225000e+03 2.180000e-02
7.226000e+03 2.630000e-02
7.227000e+03 3.210000e-02
7.228000e+03 3.850000e-02
7.229000e+03 4.690000e-02
7.230000e+03 5.780000e-02
7.231000e+03 6.990000e-02
7.232000e+03 8.620000e-02
7.233000e+03 1.040000e-01
7.234000e+03 1.274000e-01
7.235000e+03 1.514000e-01
7.236000e+03 1.822000e-01
7.237000e+03 2.121000e-01
7.238000e+03 2.501000e-01
7.239000e+03 2.875000e-01
7.240000e+03 3.279000e-01
7.241000e+03 3.670000e-01
7.242000e+03 4.033000e-01
7.243000e+03 4.400000e-01
7.244000e+03 4.667000e-01
7.245000e+03 4.922000e-01
7.246000e+03 5.086000e-01
7.247000e+03 5.228000e-01
7.248000e+03 5.317000e-01
7.249000e+03 5.374000e-01
7.250000e+03 5.407000e-01
7.251000e+03 5.430000e-01
7.252000e+03 5.445000e-01
7.253000e+03 5.438000e-01
7.254000e+03 5.434000e-01
7.255000e+03 5.431000e-01
7.256000e+03 5.424000e-01
7.257000e+03 5.418000e-01
7.258000e+03 5.416000e-01
7.259000e+03 5.411000e-01
7.260000e+03 5.419000e-01
7.261000e+03 5.417000e-01
7.262000e+03 5.423000e-01
7.263000e+03 5.425000e-01
7.264000e+03 5.427000e-01
7.265000e+03 5.433000e-01
7.266000e+03 5.440000e-01
7.267000e+03 5.434000e-01
7.268000e+03 5.439000e-01
7.269000e+03 5.439000e-01
7.270000e+03 5.439000e-01
7.271000e+03 5.433000e-01
7.272000e+03 5.433000e-01
7.273000e+03 5.438000e-01
7.274000e+03 5.431000e-01
7.275000e+03 5.428000e-01
7.276000e+03 5.424000e-01
7.277000e+03 5.420000e-01
7.278000e+03 5.414000e-01
7.279000e+03 5.411000e-01
7.280000e+03 5.415000e-01
7.281000e+03 5.410000e-01
7.282000e+03 5.424000e-01
7.283000e+03 5.407000e-01
7.284000e+03 5.414000e-01
7.285000e+03 5.423000e-01
7.286000e+03 5.416000e-01
7.287000e+03 5.419000e-01
7.288000e+03 5.431000e-01
7.289000e+03 5.427000e-01
7.290000e+03 5.438000e-01
7.291000e+03 5.438000e-01
7.292000e+03 5.431000e-01
7.293000e+03 5.434000e-01
7.294000e+03 5.449000e-01
7.295000e+03 5.447000e-01
7.296000e+03 5.445000e-01
7.297000e+03 5.456000e-01
7.298000e+03 5.455000e-01
7.299000e+03 5.465000e-01
7.300000e+03 5.452000e-01
7.301000e+03 5.462000e-01
7.302000e+03 5.454000e-01
7.303000e+03 5.470000e-01
7.304000e+03 5.472000e-01
7.305000e+03 5.466000e-01
7.306000e+03 5.473000e-01
7.307000e+03 5.479000e-01
7.308000e+03 5.483000e-01
7.309000e+03 5.485000e-01
7.310000e+03 5.507000e-01
7.311000e+03 5.498000e-01
7.312000e+03 5.498000e-01
7.313000e+03 5.507000e-01
7.314000e+03 5.511000e-01
7.315000e+03 5.512000e-01
7.316000e+03 5.534000e-01
7.317000e+03 5.522000e-01
7.318000e+03 5.534000e-01
7.319000e+03 5.534000e-01
7.320000e+03 5.526000e-01
7.321000e+03 5.530000e-01
7.322000e+03 5.543000e-01
7.323000e+03 5.548000e-01
7.324000e+03 5.547000e-01
7.325000e+03 5.549000e-01
7.326000e+03 5.561000e-01
7.327000e+03 5.552000e-01
7.328000e+03 5.543000e-01
7.329000e+03 5.555000e-01
7.330000e+03 5.559000e-01
7.331000e+03 5.551000e-01
7.332000e+03 5.554000e-01
7.333000e+03 5.556000e-01
7.334000e+03 5.552000e-01
7.335000e+03 5.547000e-01
7.336000e+03 5.551000e-01
7.337000e+03 5.564000e-01
7.338000e+03 5.559000e-01
7.339000e+03 5.553000e-01
7.340000e+03 5.565000e-01
7.341000e+03 5.573000e-01
7.342000e+03 5.561000e-01
7.343000e+03 5.574000e-01
7.344000e+03 5.576000e-01
7.345000e+03 5.576000e-01
7.346000e+03 5.596000e-01
7.347000e+03 5.599000e-01
7.348000e+03 5.597000e-01
7.349000e+03 5.601000e-01
7.350000e+03 5.609000e-01
7.351000e+03 5.606000e-01
7.352000e+03 5.606000e-01
7.353000e+03 5.610000e-01
7.354000e+03 5.605000e-01
7.355000e+03 5.604000e-01
7.356000e+03 5.613000e-01
7.357000e+03 5.606000e-01
7.358000e+03 5.597000e-01
7.359000e+03 5.585000e-01
7.360000e+03 5.578000e-01
7.361000e+03 5.568000e-01
7.362000e+03 5.573000e-01
7.363000e+03 5.562000e-01
7.364000e+03 5.563000e-01
7.365000e+03 5.559000e-01
7.366000e+03 5.548000e-01
7.367000e+03 5.567000e-01
7.368000e+03 5.551000e-01
7.369000e+03 5.562000e-01
7.370000e+03 5.571000e-01
7.371000e+03 5.576000e-01
7.372000e+03 5.576000e-01
7.373000e+03 5.561000e-01
7.374000e+03 5.536000e-01
7.375000e+03 5.479000e-01
7.376000e+03 5.411000e-01
7.377000e+03 5.287000e-01
7.378000e+03 5.127000e-01
7.379000e+03 4.909000e-01
7.380000e+03 4.650000e-01
7.381000e+03 4.343000e-01
7.382000e+03 3.966000e-01
7.383000e+03 3.593000e-01
7.384000e+03 3.177000e-01
7.385000e+03 2.802000e-01
7.386000e+03 2.378000e-01
7.387000e+03 2.036000e-01
7.388000e+03 1.711000e-01
7.389000e+03 1.449000e-01
7.390000e+03 1.200000e-01
7.391000e+03 9.960000e-02
7.392000e+03 8.190000e-02
7.393000e+03 6.780000e-02
7.394000e+03 5.630000e-02
7.395000e+03 4.610000e-02
7.396000e+03 3.860000e-02
7.397000e+03 3.190000e-02
7.398000e+03 2.680000e-02
7.399000e+03 2.200000e-02
7.400000e+03 1.840000e-02
7.401000e+03 1.560000e-02
7.402000e+03 1.320000e-02
7.403000e+03 1.110000e-02
7.404000e+03 9.500000e-03
7.405000e+03 8.000000e-03
7.406000e+03 6.900000e-03
7.407000e+03 5.900000e-03
7.408000e+03 5.000000e-03
7.409000e+03 4.400000e-03
7.410000e+03 3.700000e-03
7.411000e+03 3.400000e-03
7.412000e+03 2.800000e-03
7.413000e+03 2.500000e-03
7.414000e+03 2.100000e-03
7.415000e+03 1.900000e-03
7.416000e+03 1.600000e-03
7.417000e+03 1.500000e-03
7.418000e+03 1.300000e-03
7.419000e+03 1.100000e-03
7.420000e+03 1.000000e-03
7.421000e+03 9.000000e-04
7.422000e+03 8.000000e-04
7.423000e+03 7.000000e-04
7.424000e+03 6.000000e-04
7.425000e+03 5.000000e-04
7.426000e+03 5.000000e-04
7.427000e+03 4.000000e-04
7.428000e+03 4.000000e-04
7.429000e+03 3.000000e-04
7.430000e+03 3.000000e-04
7.431000e+03 3.000000e-04
7.432000e+03 2.000000e-04
7.433000e+03 2.000000e-04
7.434000e+03 2.000000e-04
7.435000e+03 2.000000e-04
7.436000e+03 2.000000e-04
7.437000e+03 1.000000e-04
7.438000e+03 1.000000e-04
7.439000e+03 1.000000e-04
7.440000e+03 1.000000e-04
7.441000e+03 1.000000e-04
7.442000e+03 1.000000e-04
7.443000e+03 1.000000e-04
7.444000e+03 1.000000e-04
7.445000e+03 1.000000e-04
7.446000e+03 1.000000e-04
7.447000e+03 1.000000e-04
