# # Wavelength(Angstrom)  Transmission
8.095000e+03 1.000000e-04
8.096000e+03 1.000000e-04
8.097000e+03 1.000000e-04
8.098000e+03 1.000000e-04
8.099000e+03 1.000000e-04
8.100000e+03 1.000000e-04
8.101000e+03 1.000000e-04
8.102000e+03 1.000000e-04
8.103000e+03 1.000000e-04
8.104000e+03 2.000000e-04
8.105000e+03 2.000000e-04
8.106000e+03 2.000000e-04
8.107000e+03 2.000000e-04
8.108000e+03 2.000000e-04
8.109000e+03 3.000000e-04
8.110000e+03 3.000000e-04
8.111000e+03 4.000000e-04
8.112000e+03 4.000000e-04
8.113000e+03 5.000000e-04
8.114000e+03 5.000000e-04
8.115000e+03 6.000000e-04
8.116000e+03 7.000000e-04
8.117000e+03 8.000000e-04
8.118000e+03 9.000000e-04
8.119000e+03 1.100000e-03
8.120000e+03 1.200000e-03
8.121000e+03 1.500000e-03
8.122000e+03 1.700000e-03
8.123000e+03 1.900000e-03
8.124000e+03 2.200000e-03
8.125000e+03 2.700000e-03
8.126000e+03 3.100000e-03
8.127000e+03 3.800000e-03
8.128000e+03 4.600000e-03
8.129000e+03 5.700000e-03
8.130000e+03 6.900000e-03
8.131000e+03 8.300000e-03
8.132000e+03 9.800000e-03
8.133000e+03 1.210000e-02
8.134000e+03 1.500000e-02
8.135000e+03 1.800000e-02
8.136000e+03 2.280000e-02
8.137000e+03 2.880000e-02
8.138000e+03 3.730000e-02
8.139000e+03 4.560000e-02
8.140000e+03 5.580000e-02
8.141000e+03 6.840000e-02
8.142000e+03 8.770000e-02
8.143000e+03 1.082000e-01
8.144000e+03 1.317000e-01
8.145000e+03 1.635000e-01
8.146000e+03 2.032000e-01
8.147000e+03 2.443000e-01
8.148000e+03 2.746000e-01
8.149000e+03 3.105000e-01
8.150000e+03 3.433000e-01
8.151000e+03 3.789000e-01
8.152000e+03 4.025000e-01
8.153000e+03 4.208000e-01
8.154000e+03 4.347000e-01
8.155000e+03 4.431000e-01
8.156000e+03 4.450000e-01
8.157000e+03 4.445000e-01
8.158000e+03 4.426000e-01
8.159000e+03 4.399000e-01
8.160000e+03 4.367000e-01
8.161000e+03 4.346000e-01
8.162000e+03 4.324000e-01
8.163000e+03 4.308000e-01
8.164000e+03 4.300000e-01
8.165000e+03 4.300000e-01
8.166000e+03 4.303000e-01
8.167000e+03 4.312000e-01
8.168000e+03 4.333000e-01
8.169000e+03 4.352000e-01
8.170000e+03 4.375000e-01
8.171000e+03 4.403000e-01
8.172000e+03 4.430000e-01
8.173000e+03 4.451000e-01
8.174000e+03 4.462000e-01
8.175000e+03 4.471000e-01
8.176000e+03 4.481000e-01
8.177000e+03 4.485000e-01
8.178000e+03 4.486000e-01
8.179000e+03 4.481000e-01
8.180000e+03 4.477000e-01
8.181000e+03 4.469000e-01
8.182000e+03 4.459000e-01
8.183000e+03 4.450000e-01
8.184000e+03 4.437000e-01
8.185000e+03 4.423000e-01
8.186000e+03 4.406000e-01
8.187000e+03 4.392000e-01
8.188000e+03 4.379000e-01
8.189000e+03 4.365000e-01
8.190000e+03 4.357000e-01
8.191000e+03 4.353000e-01
8.192000e+03 4.350000e-01
8.193000e+03 4.344000e-01
8.194000e+03 4.341000e-01
8.195000e+03 4.339000e-01
8.196000e+03 4.336000e-01
8.197000e+03 4.334000e-01
8.198000e+03 4.331000e-01
8.199000e+03 4.330000e-01
8.200000e+03 4.331000e-01
8.201000e+03 4.333000e-01
8.202000e+03 4.339000e-01
8.203000e+03 4.346000e-01
8.204000e+03 4.354000e-01
8.205000e+03 4.363000e-01
8.206000e+03 4.373000e-01
8.207000e+03 4.387000e-01
8.208000e+03 4.396000e-01
8.209000e+03 4.401000e-01
8.210000e+03 4.406000e-01
8.211000e+03 4.412000e-01
8.212000e+03 4.414000e-01
8.213000e+03 4.416000e-01
8.214000e+03 4.419000e-01
8.215000e+03 4.424000e-01
8.216000e+03 4.427000e-01
8.217000e+03 4.431000e-01
8.218000e+03 4.434000e-01
8.219000e+03 4.435000e-01
8.220000e+03 4.439000e-01
8.221000e+03 4.439000e-01
8.222000e+03 4.442000e-01
8.223000e+03 4.443000e-01
8.224000e+03 4.442000e-01
8.225000e+03 4.442000e-01
8.226000e+03 4.440000e-01
8.227000e+03 4.440000e-01
8.228000e+03 4.439000e-01
8.229000e+03 4.438000e-01
8.230000e+03 4.437000e-01
8.231000e+03 4.438000e-01
8.232000e+03 4.438000e-01
8.233000e+03 4.439000e-01
8.234000e+03 4.441000e-01
8.235000e+03 4.440000e-01
8.236000e+03 4.440000e-01
8.237000e+03 4.441000e-01
8.238000e+03 4.441000e-01
8.239000e+03 4.441000e-01
8.240000e+03 4.439000e-01
8.241000e+03 4.438000e-01
8.242000e+03 4.436000e-01
8.243000e+03 4.435000e-01
8.244000e+03 4.435000e-01
8.245000e+03 4.434000e-01
8.246000e+03 4.434000e-01
8.247000e+03 4.433000e-01
8.248000e+03 4.430000e-01
8.249000e+03 4.430000e-01
8.250000e+03 4.428000e-01
8.251000e+03 4.426000e-01
8.252000e+03 4.424000e-01
8.253000e+03 4.421000e-01
8.254000e+03 4.418000e-01
8.255000e+03 4.415000e-01
8.256000e+03 4.413000e-01
8.257000e+03 4.413000e-01
8.258000e+03 4.414000e-01
8.259000e+03 4.411000e-01
8.260000e+03 4.412000e-01
8.261000e+03 4.414000e-01
8.262000e+03 4.409000e-01
8.263000e+03 4.406000e-01
8.264000e+03 4.402000e-01
8.265000e+03 4.394000e-01
8.266000e+03 4.383000e-01
8.267000e+03 4.370000e-01
8.268000e+03 4.352000e-01
8.269000e+03 4.338000e-01
8.270000e+03 4.320000e-01
8.271000e+03 4.299000e-01
8.272000e+03 4.264000e-01
8.273000e+03 4.232000e-01
8.274000e+03 4.184000e-01
8.275000e+03 4.128000e-01
8.276000e+03 4.038000e-01
8.277000e+03 3.950000e-01
8.278000e+03 3.861000e-01
8.279000e+03 3.754000e-01
8.280000e+03 3.594000e-01
8.281000e+03 3.433000e-01
8.282000e+03 3.283000e-01
8.283000e+03 3.084000e-01
8.284000e+03 2.864000e-01
8.285000e+03 2.595000e-01
8.286000e+03 2.407000e-01
8.287000e+03 2.217000e-01
8.288000e+03 2.004000e-01
8.289000e+03 1.755000e-01
8.290000e+03 1.554000e-01
8.291000e+03 1.370000e-01
8.292000e+03 1.183000e-01
8.293000e+03 9.890000e-02
8.294000e+03 8.410000e-02
8.295000e+03 7.420000e-02
8.296000e+03 6.370000e-02
8.297000e+03 5.480000e-02
8.298000e+03 4.550000e-02
8.299000e+03 3.980000e-02
8.300000e+03 3.380000e-02
8.301000e+03 2.820000e-02
8.302000e+03 2.270000e-02
8.303000e+03 1.950000e-02
8.304000e+03 1.690000e-02
8.305000e+03 1.460000e-02
8.306000e+03 1.200000e-02
8.307000e+03 1.020000e-02
8.308000e+03 8.900000e-03
8.309000e+03 7.500000e-03
8.310000e+03 6.300000e-03
8.311000e+03 5.400000e-03
8.312000e+03 4.800000e-03
8.313000e+03 4.200000e-03
8.314000e+03 3.700000e-03
8.315000e+03 3.100000e-03
8.316000e+03 2.800000e-03
8.317000e+03 2.400000e-03
8.318000e+03 2.100000e-03
8.319000e+03 1.800000e-03
8.320000e+03 1.500000e-03
8.321000e+03 1.400000e-03
8.322000e+03 1.200000e-03
8.323000e+03 1.000000e-03
8.324000e+03 9.000000e-04
8.325000e+03 8.000000e-04
8.326000e+03 7.000000e-04
8.327000e+03 6.000000e-04
8.328000e+03 6.000000e-04
8.329000e+03 5.000000e-04
8.330000e+03 5.000000e-04
8.331000e+03 4.000000e-04
8.332000e+03 4.000000e-04
8.333000e+03 3.000000e-04
8.334000e+03 3.000000e-04
8.335000e+03 3.000000e-04
8.336000e+03 2.000000e-04
8.337000e+03 2.000000e-04
8.338000e+03 2.000000e-04
8.339000e+03 2.000000e-04
8.340000e+03 1.000000e-04
8.341000e+03 1.000000e-04
8.342000e+03 1.000000e-04
8.343000e+03 1.000000e-04
8.344000e+03 1.000000e-04
8.345000e+03 1.000000e-04
8.346000e+03 1.000000e-04
8.347000e+03 1.000000e-04
8.348000e+03 1.000000e-04
8.349000e+03 1.000000e-04
