# # Wavelength(Angstrom)  Transmission
5.170000e+03 1.000000e-04
5.171000e+03 1.000000e-04
5.172000e+03 1.000000e-04
5.173000e+03 1.000000e-04
5.174000e+03 1.000000e-04
5.175000e+03 1.000000e-04
5.176000e+03 1.000000e-04
5.177000e+03 1.000000e-04
5.178000e+03 1.000000e-04
5.179000e+03 1.000000e-04
5.180000e+03 2.000000e-04
5.181000e+03 2.000000e-04
5.182000e+03 2.000000e-04
5.183000e+03 2.000000e-04
5.184000e+03 3.000000e-04
5.185000e+03 3.000000e-04
5.186000e+03 3.000000e-04
5.187000e+03 4.000000e-04
5.188000e+03 4.000000e-04
5.189000e+03 5.000000e-04
5.190000e+03 5.000000e-04
5.191000e+03 6.000000e-04
5.192000e+03 7.000000e-04
5.193000e+03 8.000000e-04
5.194000e+03 9.000000e-04
5.195000e+03 1.000000e-03
5.196000e+03 1.100000e-03
5.197000e+03 1.300000e-03
5.198000e+03 1.500000e-03
5.199000e+03 1.700000e-03
5.200000e+03 2.000000e-03
5.201000e+03 2.300000e-03
5.202000e+03 2.600000e-03
5.203000e+03 3.000000e-03
5.204000e+03 3.500000e-03
5.205000e+03 4.100000e-03
5.206000e+03 4.800000e-03
5.207000e+03 5.600000e-03
5.208000e+03 6.500000e-03
5.209000e+03 7.700000e-03
5.210000e+03 9.000000e-03
5.211000e+03 1.070000e-02
5.212000e+03 1.260000e-02
5.213000e+03 1.530000e-02
5.214000e+03 1.810000e-02
5.215000e+03 2.160000e-02
5.216000e+03 2.560000e-02
5.217000e+03 3.090000e-02
5.218000e+03 3.720000e-02
5.219000e+03 4.480000e-02
5.220000e+03 5.370000e-02
5.221000e+03 6.420000e-02
5.222000e+03 7.830000e-02
5.223000e+03 9.380000e-02
5.224000e+03 1.141000e-01
5.225000e+03 1.365000e-01
5.226000e+03 1.640000e-01
5.227000e+03 1.921000e-01
5.228000e+03 2.253000e-01
5.229000e+03 2.586000e-01
5.230000e+03 2.963000e-01
5.231000e+03 3.347000e-01
5.232000e+03 3.720000e-01
5.233000e+03 4.051000e-01
5.234000e+03 4.357000e-01
5.235000e+03 4.647000e-01
5.236000e+03 4.868000e-01
5.237000e+03 5.063000e-01
5.238000e+03 5.196000e-01
5.239000e+03 5.305000e-01
5.240000e+03 5.362000e-01
5.241000e+03 5.414000e-01
5.242000e+03 5.440000e-01
5.243000e+03 5.463000e-01
5.244000e+03 5.471000e-01
5.245000e+03 5.473000e-01
5.246000e+03 5.473000e-01
5.247000e+03 5.470000e-01
5.248000e+03 5.472000e-01
5.249000e+03 5.471000e-01
5.250000e+03 5.464000e-01
5.251000e+03 5.462000e-01
5.252000e+03 5.468000e-01
5.253000e+03 5.464000e-01
5.254000e+03 5.466000e-01
5.255000e+03 5.466000e-01
5.256000e+03 5.460000e-01
5.257000e+03 5.459000e-01
5.258000e+03 5.461000e-01
5.259000e+03 5.464000e-01
5.260000e+03 5.462000e-01
5.261000e+03 5.462000e-01
5.262000e+03 5.460000e-01
5.263000e+03 5.455000e-01
5.264000e+03 5.452000e-01
5.265000e+03 5.446000e-01
5.266000e+03 5.449000e-01
5.267000e+03 5.444000e-01
5.268000e+03 5.435000e-01
5.269000e+03 5.435000e-01
5.270000e+03 5.431000e-01
5.271000e+03 5.425000e-01
5.272000e+03 5.420000e-01
5.273000e+03 5.425000e-01
5.274000e+03 5.420000e-01
5.275000e+03 5.415000e-01
5.276000e+03 5.414000e-01
5.277000e+03 5.416000e-01
5.278000e+03 5.409000e-01
5.279000e+03 5.406000e-01
5.280000e+03 5.415000e-01
5.281000e+03 5.407000e-01
5.282000e+03 5.405000e-01
5.283000e+03 5.407000e-01
5.284000e+03 5.407000e-01
5.285000e+03 5.402000e-01
5.286000e+03 5.404000e-01
5.287000e+03 5.407000e-01
5.288000e+03 5.405000e-01
5.289000e+03 5.401000e-01
5.290000e+03 5.402000e-01
5.291000e+03 5.404000e-01
5.292000e+03 5.405000e-01
5.293000e+03 5.402000e-01
5.294000e+03 5.403000e-01
5.295000e+03 5.404000e-01
5.296000e+03 5.402000e-01
5.297000e+03 5.404000e-01
5.298000e+03 5.404000e-01
5.299000e+03 5.402000e-01
5.300000e+03 5.407000e-01
5.301000e+03 5.405000e-01
5.302000e+03 5.401000e-01
5.303000e+03 5.410000e-01
5.304000e+03 5.411000e-01
5.305000e+03 5.406000e-01
5.306000e+03 5.409000e-01
5.307000e+03 5.410000e-01
5.308000e+03 5.409000e-01
5.309000e+03 5.410000e-01
5.310000e+03 5.410000e-01
5.311000e+03 5.411000e-01
5.312000e+03 5.407000e-01
5.313000e+03 5.410000e-01
5.314000e+03 5.409000e-01
5.315000e+03 5.404000e-01
5.316000e+03 5.407000e-01
5.317000e+03 5.407000e-01
5.318000e+03 5.402000e-01
5.319000e+03 5.407000e-01
5.320000e+03 5.404000e-01
5.321000e+03 5.399000e-01
5.322000e+03 5.396000e-01
5.323000e+03 5.394000e-01
5.324000e+03 5.398000e-01
5.325000e+03 5.399000e-01
5.326000e+03 5.393000e-01
5.327000e+03 5.389000e-01
5.328000e+03 5.394000e-01
5.329000e+03 5.389000e-01
5.330000e+03 5.391000e-01
5.331000e+03 5.397000e-01
5.332000e+03 5.394000e-01
5.333000e+03 5.398000e-01
5.334000e+03 5.397000e-01
5.335000e+03 5.405000e-01
5.336000e+03 5.405000e-01
5.337000e+03 5.407000e-01
5.338000e+03 5.406000e-01
5.339000e+03 5.412000e-01
5.340000e+03 5.413000e-01
5.341000e+03 5.409000e-01
5.342000e+03 5.407000e-01
5.343000e+03 5.414000e-01
5.344000e+03 5.418000e-01
5.345000e+03 5.419000e-01
5.346000e+03 5.413000e-01
5.347000e+03 5.407000e-01
5.348000e+03 5.409000e-01
5.349000e+03 5.405000e-01
5.350000e+03 5.401000e-01
5.351000e+03 5.397000e-01
5.352000e+03 5.395000e-01
5.353000e+03 5.384000e-01
5.354000e+03 5.378000e-01
5.355000e+03 5.371000e-01
5.356000e+03 5.372000e-01
5.357000e+03 5.367000e-01
5.358000e+03 5.368000e-01
5.359000e+03 5.364000e-01
5.360000e+03 5.365000e-01
5.361000e+03 5.372000e-01
5.362000e+03 5.375000e-01
5.363000e+03 5.377000e-01
5.364000e+03 5.380000e-01
5.365000e+03 5.378000e-01
5.366000e+03 5.368000e-01
5.367000e+03 5.348000e-01
5.368000e+03 5.320000e-01
5.369000e+03 5.264000e-01
5.370000e+03 5.186000e-01
5.371000e+03 5.071000e-01
5.372000e+03 4.938000e-01
5.373000e+03 4.746000e-01
5.374000e+03 4.493000e-01
5.375000e+03 4.213000e-01
5.376000e+03 3.898000e-01
5.377000e+03 3.561000e-01
5.378000e+03 3.180000e-01
5.379000e+03 2.827000e-01
5.380000e+03 2.467000e-01
5.381000e+03 2.146000e-01
5.382000e+03 1.830000e-01
5.383000e+03 1.569000e-01
5.384000e+03 1.327000e-01
5.385000e+03 1.122000e-01
5.386000e+03 9.430000e-02
5.387000e+03 7.900000e-02
5.388000e+03 6.620000e-02
5.389000e+03 5.520000e-02
5.390000e+03 4.680000e-02
5.391000e+03 3.880000e-02
5.392000e+03 3.300000e-02
5.393000e+03 2.760000e-02
5.394000e+03 2.350000e-02
5.395000e+03 1.980000e-02
5.396000e+03 1.690000e-02
5.397000e+03 1.440000e-02
5.398000e+03 1.260000e-02
5.399000e+03 1.070000e-02
5.400000e+03 9.200000e-03
5.401000e+03 7.900000e-03
5.402000e+03 6.800000e-03
5.403000e+03 5.900000e-03
5.404000e+03 5.100000e-03
5.405000e+03 4.500000e-03
5.406000e+03 3.900000e-03
5.407000e+03 3.400000e-03
5.408000e+03 3.000000e-03
5.409000e+03 2.600000e-03
5.410000e+03 2.300000e-03
5.411000e+03 2.000000e-03
5.412000e+03 1.800000e-03
5.413000e+03 1.600000e-03
5.414000e+03 1.400000e-03
5.415000e+03 1.200000e-03
5.416000e+03 1.100000e-03
5.417000e+03 1.000000e-03
5.418000e+03 9.000000e-04
5.419000e+03 8.000000e-04
5.420000e+03 7.000000e-04
5.421000e+03 6.000000e-04
5.422000e+03 6.000000e-04
5.423000e+03 5.000000e-04
5.424000e+03 5.000000e-04
5.425000e+03 4.000000e-04
5.426000e+03 4.000000e-04
5.427000e+03 3.000000e-04
5.428000e+03 3.000000e-04
5.429000e+03 3.000000e-04
5.430000e+03 2.000000e-04
5.431000e+03 2.000000e-04
5.432000e+03 2.000000e-04
5.433000e+03 2.000000e-04
5.434000e+03 2.000000e-04
5.435000e+03 1.000000e-04
5.436000e+03 1.000000e-04
5.437000e+03 1.000000e-04
5.438000e+03 1.000000e-04
5.439000e+03 1.000000e-04
5.440000e+03 1.000000e-04
5.441000e+03 1.000000e-04
5.442000e+03 1.000000e-04
5.443000e+03 1.000000e-04
5.444000e+03 1.000000e-04
5.445000e+03 1.000000e-04
5.446000e+03 1.000000e-04
