# # Wavelength(Angstrom)  Transmission
8.289000e+03 5.000000e-04
8.290000e+03 5.000000e-04
8.291000e+03 5.000000e-04
8.292000e+03 5.000000e-04
8.293000e+03 5.000000e-04
8.294000e+03 5.000000e-04
8.295000e+03 5.000000e-04
8.296000e+03 5.000000e-04
8.297000e+03 5.000000e-04
8.298000e+03 5.000000e-04
8.299000e+03 5.000000e-04
8.300000e+03 5.000000e-04
8.301000e+03 5.000000e-04
8.302000e+03 5.000000e-04
8.303000e+03 5.000000e-04
8.304000e+03 5.000000e-04
8.305000e+03 5.000000e-04
8.306000e+03 5.000000e-04
8.307000e+03 5.000000e-04
8.308000e+03 5.000000e-04
8.309000e+03 5.000000e-04
8.310000e+03 5.000000e-04
8.311000e+03 5.000000e-04
8.312000e+03 1.000000e-03
8.313000e+03 1.000000e-03
8.314000e+03 1.000000e-03
8.315000e+03 1.000000e-03
8.316000e+03 1.000000e-03
8.317000e+03 1.000000e-03
8.318000e+03 1.000000e-03
8.319000e+03 1.000000e-03
8.320000e+03 1.000000e-03
8.321000e+03 1.500000e-03
8.322000e+03 1.500000e-03
8.323000e+03 1.500000e-03
8.324000e+03 1.500000e-03
8.325000e+03 1.500000e-03
8.326000e+03 1.500000e-03
8.327000e+03 2.000000e-03
8.328000e+03 2.100000e-03
8.329000e+03 2.100000e-03
8.330000e+03 2.100000e-03
8.331000e+03 2.600000e-03
8.332000e+03 2.600000e-03
8.333000e+03 2.600000e-03
8.334000e+03 2.600000e-03
8.335000e+03 3.100000e-03
8.336000e+03 3.100000e-03
8.337000e+03 3.600000e-03
8.338000e+03 3.600000e-03
8.339000e+03 4.100000e-03
8.340000e+03 4.100000e-03
8.341000e+03 4.600000e-03
8.342000e+03 4.600000e-03
8.343000e+03 5.100000e-03
8.344000e+03 5.700000e-03
8.345000e+03 5.700000e-03
8.346000e+03 6.200000e-03
8.347000e+03 6.700000e-03
8.348000e+03 7.200000e-03
8.349000e+03 7.700000e-03
8.350000e+03 8.300000e-03
8.351000e+03 8.800000e-03
8.352000e+03 9.300000e-03
8.353000e+03 1.030000e-02
8.354000e+03 1.080000e-02
8.355000e+03 1.190000e-02
8.356000e+03 1.290000e-02
8.357000e+03 1.340000e-02
8.358000e+03 1.440000e-02
8.359000e+03 1.600000e-02
8.360000e+03 1.700000e-02
8.361000e+03 1.800000e-02
8.362000e+03 1.960000e-02
8.363000e+03 2.110000e-02
8.364000e+03 2.270000e-02
8.365000e+03 2.420000e-02
8.366000e+03 2.570000e-02
8.367000e+03 2.780000e-02
8.368000e+03 2.980000e-02
8.369000e+03 3.190000e-02
8.370000e+03 3.390000e-02
8.371000e+03 3.650000e-02
8.372000e+03 3.900000e-02
8.373000e+03 4.160000e-02
8.374000e+03 4.470000e-02
8.375000e+03 4.770000e-02
8.376000e+03 5.080000e-02
8.377000e+03 5.390000e-02
8.378000e+03 5.740000e-02
8.379000e+03 6.150000e-02
8.380000e+03 6.510000e-02
8.381000e+03 6.920000e-02
8.382000e+03 7.380000e-02
8.383000e+03 7.790000e-02
8.384000e+03 8.240000e-02
8.385000e+03 8.750000e-02
8.386000e+03 9.260000e-02
8.387000e+03 9.770000e-02
8.388000e+03 1.028000e-01
8.389000e+03 1.084000e-01
8.390000e+03 1.145000e-01
8.391000e+03 1.201000e-01
8.392000e+03 1.262000e-01
8.393000e+03 1.323000e-01
8.394000e+03 1.389000e-01
8.395000e+03 1.455000e-01
8.396000e+03 1.521000e-01
8.397000e+03 1.587000e-01
8.398000e+03 1.658000e-01
8.399000e+03 1.729000e-01
8.400000e+03 1.800000e-01
8.401000e+03 1.871000e-01
8.402000e+03 1.947000e-01
8.403000e+03 2.017000e-01
8.404000e+03 2.093000e-01
8.405000e+03 2.169000e-01
8.406000e+03 2.250000e-01
8.407000e+03 2.325000e-01
8.408000e+03 2.401000e-01
8.409000e+03 2.477000e-01
8.410000e+03 2.557000e-01
8.411000e+03 2.633000e-01
8.412000e+03 2.713000e-01
8.413000e+03 2.789000e-01
8.414000e+03 2.864000e-01
8.415000e+03 2.944000e-01
8.416000e+03 3.020000e-01
8.417000e+03 3.095000e-01
8.418000e+03 3.170000e-01
8.419000e+03 3.245000e-01
8.420000e+03 3.315000e-01
8.421000e+03 3.390000e-01
8.422000e+03 3.460000e-01
8.423000e+03 3.525000e-01
8.424000e+03 3.595000e-01
8.425000e+03 3.659000e-01
8.426000e+03 3.724000e-01
8.427000e+03 3.789000e-01
8.428000e+03 3.848000e-01
8.429000e+03 3.908000e-01
8.430000e+03 3.962000e-01
8.431000e+03 4.022000e-01
8.432000e+03 4.071000e-01
8.433000e+03 4.126000e-01
8.434000e+03 4.175000e-01
8.435000e+03 4.219000e-01
8.436000e+03 4.264000e-01
8.437000e+03 4.308000e-01
8.438000e+03 4.347000e-01
8.439000e+03 4.387000e-01
8.440000e+03 4.421000e-01
8.441000e+03 4.455000e-01
8.442000e+03 4.489000e-01
8.443000e+03 4.518000e-01
8.444000e+03 4.547000e-01
8.445000e+03 4.576000e-01
8.446000e+03 4.600000e-01
8.447000e+03 4.624000e-01
8.448000e+03 4.643000e-01
8.449000e+03 4.662000e-01
8.450000e+03 4.681000e-01
8.451000e+03 4.700000e-01
8.452000e+03 4.714000e-01
8.453000e+03 4.728000e-01
8.454000e+03 4.737000e-01
8.455000e+03 4.746000e-01
8.456000e+03 4.759000e-01
8.457000e+03 4.768000e-01
8.458000e+03 4.772000e-01
8.459000e+03 4.781000e-01
8.460000e+03 4.785000e-01
8.461000e+03 4.789000e-01
8.462000e+03 4.793000e-01
8.463000e+03 4.796000e-01
8.464000e+03 4.800000e-01
8.465000e+03 4.804000e-01
8.466000e+03 4.803000e-01
8.467000e+03 4.807000e-01
8.468000e+03 4.806000e-01
8.469000e+03 4.804000e-01
8.470000e+03 4.808000e-01
8.471000e+03 4.807000e-01
8.472000e+03 4.806000e-01
8.473000e+03 4.810000e-01
8.474000e+03 4.808000e-01
8.475000e+03 4.807000e-01
8.476000e+03 4.806000e-01
8.477000e+03 4.805000e-01
8.478000e+03 4.804000e-01
8.479000e+03 4.802000e-01
8.480000e+03 4.801000e-01
8.481000e+03 4.800000e-01
8.482000e+03 4.799000e-01
8.483000e+03 4.798000e-01
8.484000e+03 4.797000e-01
8.485000e+03 4.796000e-01
8.486000e+03 4.794000e-01
8.487000e+03 4.793000e-01
8.488000e+03 4.792000e-01
8.489000e+03 4.791000e-01
8.490000e+03 4.790000e-01
8.491000e+03 4.789000e-01
8.492000e+03 4.788000e-01
8.493000e+03 4.787000e-01
8.494000e+03 4.786000e-01
8.495000e+03 4.785000e-01
8.496000e+03 4.784000e-01
8.497000e+03 4.778000e-01
8.498000e+03 4.777000e-01
8.499000e+03 4.776000e-01
8.500000e+03 4.775000e-01
8.501000e+03 4.769000e-01
8.502000e+03 4.767000e-01
8.503000e+03 4.766000e-01
8.504000e+03 4.765000e-01
8.505000e+03 4.759000e-01
8.506000e+03 4.758000e-01
8.507000e+03 4.756000e-01
8.508000e+03 4.755000e-01
8.509000e+03 4.749000e-01
8.510000e+03 4.748000e-01
8.511000e+03 4.742000e-01
8.512000e+03 4.741000e-01
8.513000e+03 4.739000e-01
8.514000e+03 4.738000e-01
8.515000e+03 4.737000e-01
8.516000e+03 4.731000e-01
8.517000e+03 4.730000e-01
8.518000e+03 4.729000e-01
8.519000e+03 4.727000e-01
8.520000e+03 4.721000e-01
8.521000e+03 4.720000e-01
8.522000e+03 4.719000e-01
8.523000e+03 4.718000e-01
8.524000e+03 4.716000e-01
8.525000e+03 4.715000e-01
8.526000e+03 4.709000e-01
8.527000e+03 4.708000e-01
8.528000e+03 4.707000e-01
8.529000e+03 4.706000e-01
8.530000e+03 4.704000e-01
8.531000e+03 4.703000e-01
8.532000e+03 4.702000e-01
8.533000e+03 4.701000e-01
8.534000e+03 4.700000e-01
8.535000e+03 4.698000e-01
8.536000e+03 4.697000e-01
8.537000e+03 4.696000e-01
8.538000e+03 4.695000e-01
8.539000e+03 4.694000e-01
8.540000e+03 4.692000e-01
8.541000e+03 4.691000e-01
8.542000e+03 4.695000e-01
8.543000e+03 4.694000e-01
8.544000e+03 4.693000e-01
8.545000e+03 4.691000e-01
8.546000e+03 4.690000e-01
8.547000e+03 4.694000e-01
8.548000e+03 4.693000e-01
8.549000e+03 4.691000e-01
8.550000e+03 4.695000e-01
8.551000e+03 4.694000e-01
8.552000e+03 4.693000e-01
8.553000e+03 4.692000e-01
8.554000e+03 4.695000e-01
8.555000e+03 4.694000e-01
8.556000e+03 4.698000e-01
8.557000e+03 4.696000e-01
8.558000e+03 4.695000e-01
8.559000e+03 4.699000e-01
8.560000e+03 4.697000e-01
8.561000e+03 4.696000e-01
8.562000e+03 4.701000e-01
8.563000e+03 4.701000e-01
8.564000e+03 4.701000e-01
8.565000e+03 4.706000e-01
8.566000e+03 4.706000e-01
8.567000e+03 4.705000e-01
8.568000e+03 4.710000e-01
8.569000e+03 4.710000e-01
8.570000e+03 4.715000e-01
8.571000e+03 4.715000e-01
8.572000e+03 4.715000e-01
8.573000e+03 4.720000e-01
8.574000e+03 4.719000e-01
8.575000e+03 4.719000e-01
8.576000e+03 4.724000e-01
8.577000e+03 4.724000e-01
8.578000e+03 4.729000e-01
8.579000e+03 4.729000e-01
8.580000e+03 4.728000e-01
8.581000e+03 4.728000e-01
8.582000e+03 4.733000e-01
8.583000e+03 4.733000e-01
8.584000e+03 4.733000e-01
8.585000e+03 4.737000e-01
8.586000e+03 4.737000e-01
8.587000e+03 4.737000e-01
8.588000e+03 4.737000e-01
8.589000e+03 4.737000e-01
8.590000e+03 4.742000e-01
8.591000e+03 4.741000e-01
8.592000e+03 4.741000e-01
8.593000e+03 4.741000e-01
8.594000e+03 4.741000e-01
8.595000e+03 4.741000e-01
8.596000e+03 4.746000e-01
8.597000e+03 4.746000e-01
8.598000e+03 4.745000e-01
8.599000e+03 4.745000e-01
8.600000e+03 4.745000e-01
8.601000e+03 4.745000e-01
8.602000e+03 4.745000e-01
8.603000e+03 4.744000e-01
8.604000e+03 4.744000e-01
8.605000e+03 4.744000e-01
8.606000e+03 4.744000e-01
8.607000e+03 4.743000e-01
8.608000e+03 4.743000e-01
8.609000e+03 4.741000e-01
8.610000e+03 4.740000e-01
8.611000e+03 4.739000e-01
8.612000e+03 4.737000e-01
8.613000e+03 4.736000e-01
8.614000e+03 4.735000e-01
8.615000e+03 4.733000e-01
8.616000e+03 4.732000e-01
8.617000e+03 4.730000e-01
8.618000e+03 4.729000e-01
8.619000e+03 4.728000e-01
8.620000e+03 4.726000e-01
8.621000e+03 4.725000e-01
8.622000e+03 4.719000e-01
8.623000e+03 4.717000e-01
8.624000e+03 4.716000e-01
8.625000e+03 4.714000e-01
8.626000e+03 4.713000e-01
8.627000e+03 4.712000e-01
8.628000e+03 4.710000e-01
8.629000e+03 4.709000e-01
8.630000e+03 4.707000e-01
8.631000e+03 4.706000e-01
8.632000e+03 4.704000e-01
8.633000e+03 4.703000e-01
8.634000e+03 4.701000e-01
8.635000e+03 4.700000e-01
8.636000e+03 4.694000e-01
8.637000e+03 4.692000e-01
8.638000e+03 4.691000e-01
8.639000e+03 4.689000e-01
8.640000e+03 4.688000e-01
8.641000e+03 4.681000e-01
8.642000e+03 4.680000e-01
8.643000e+03 4.678000e-01
8.644000e+03 4.677000e-01
8.645000e+03 4.675000e-01
8.646000e+03 4.674000e-01
8.647000e+03 4.667000e-01
8.648000e+03 4.666000e-01
8.649000e+03 4.664000e-01
8.650000e+03 4.663000e-01
8.651000e+03 4.656000e-01
8.652000e+03 4.655000e-01
8.653000e+03 4.653000e-01
8.654000e+03 4.652000e-01
8.655000e+03 4.650000e-01
8.656000e+03 4.649000e-01
8.657000e+03 4.647000e-01
8.658000e+03 4.641000e-01
8.659000e+03 4.639000e-01
8.660000e+03 4.638000e-01
8.661000e+03 4.631000e-01
8.662000e+03 4.630000e-01
8.663000e+03 4.628000e-01
8.664000e+03 4.627000e-01
8.665000e+03 4.625000e-01
8.666000e+03 4.619000e-01
8.667000e+03 4.617000e-01
8.668000e+03 4.615000e-01
8.669000e+03 4.609000e-01
8.670000e+03 4.608000e-01
8.671000e+03 4.606000e-01
8.672000e+03 4.604000e-01
8.673000e+03 4.603000e-01
8.674000e+03 4.601000e-01
8.675000e+03 4.600000e-01
8.676000e+03 4.593000e-01
8.677000e+03 4.592000e-01
8.678000e+03 4.590000e-01
8.679000e+03 4.584000e-01
8.680000e+03 4.582000e-01
8.681000e+03 4.581000e-01
8.682000e+03 4.579000e-01
8.683000e+03 4.573000e-01
8.684000e+03 4.571000e-01
8.685000e+03 4.570000e-01
8.686000e+03 4.568000e-01
8.687000e+03 4.566000e-01
8.688000e+03 4.565000e-01
8.689000e+03 4.563000e-01
8.690000e+03 4.562000e-01
8.691000e+03 4.560000e-01
8.692000e+03 4.558000e-01
8.693000e+03 4.557000e-01
8.694000e+03 4.555000e-01
8.695000e+03 4.554000e-01
8.696000e+03 4.552000e-01
8.697000e+03 4.550000e-01
8.698000e+03 4.549000e-01
8.699000e+03 4.547000e-01
8.700000e+03 4.545000e-01
8.701000e+03 4.544000e-01
8.702000e+03 4.546000e-01
8.703000e+03 4.545000e-01
8.704000e+03 4.543000e-01
8.705000e+03 4.541000e-01
8.706000e+03 4.544000e-01
8.707000e+03 4.542000e-01
8.708000e+03 4.540000e-01
8.709000e+03 4.538000e-01
8.710000e+03 4.537000e-01
8.711000e+03 4.535000e-01
8.712000e+03 4.538000e-01
8.713000e+03 4.536000e-01
8.714000e+03 4.534000e-01
8.715000e+03 4.537000e-01
8.716000e+03 4.535000e-01
8.717000e+03 4.533000e-01
8.718000e+03 4.531000e-01
8.719000e+03 4.534000e-01
8.720000e+03 4.532000e-01
8.721000e+03 4.530000e-01
8.722000e+03 4.528000e-01
8.723000e+03 4.527000e-01
8.724000e+03 4.529000e-01
8.725000e+03 4.528000e-01
8.726000e+03 4.526000e-01
8.727000e+03 4.524000e-01
8.728000e+03 4.527000e-01
8.729000e+03 4.525000e-01
8.730000e+03 4.523000e-01
8.731000e+03 4.521000e-01
8.732000e+03 4.519000e-01
8.733000e+03 4.517000e-01
8.734000e+03 4.520000e-01
8.735000e+03 4.518000e-01
8.736000e+03 4.516000e-01
8.737000e+03 4.519000e-01
8.738000e+03 4.517000e-01
8.739000e+03 4.516000e-01
8.740000e+03 4.509000e-01
8.741000e+03 4.507000e-01
8.742000e+03 4.505000e-01
8.743000e+03 4.503000e-01
8.744000e+03 4.502000e-01
8.745000e+03 4.500000e-01
8.746000e+03 4.498000e-01
8.747000e+03 4.496000e-01
8.748000e+03 4.494000e-01
8.749000e+03 4.492000e-01
8.750000e+03 4.490000e-01
8.751000e+03 4.488000e-01
8.752000e+03 4.487000e-01
8.753000e+03 4.485000e-01
8.754000e+03 4.478000e-01
8.755000e+03 4.476000e-01
8.756000e+03 4.475000e-01
8.757000e+03 4.473000e-01
8.758000e+03 4.466000e-01
8.759000e+03 4.465000e-01
8.760000e+03 4.463000e-01
8.761000e+03 4.456000e-01
8.762000e+03 4.450000e-01
8.763000e+03 4.443000e-01
8.764000e+03 4.442000e-01
8.765000e+03 4.435000e-01
8.766000e+03 4.429000e-01
8.767000e+03 4.422000e-01
8.768000e+03 4.416000e-01
8.769000e+03 4.409000e-01
8.770000e+03 4.398000e-01
8.771000e+03 4.387000e-01
8.772000e+03 4.376000e-01
8.773000e+03 4.365000e-01
8.774000e+03 4.350000e-01
8.775000e+03 4.339000e-01
8.776000e+03 4.323000e-01
8.777000e+03 4.308000e-01
8.778000e+03 4.292000e-01
8.779000e+03 4.277000e-01
8.780000e+03 4.252000e-01
8.781000e+03 4.232000e-01
8.782000e+03 4.207000e-01
8.783000e+03 4.187000e-01
8.784000e+03 4.163000e-01
8.785000e+03 4.134000e-01
8.786000e+03 4.109000e-01
8.787000e+03 4.080000e-01
8.788000e+03 4.051000e-01
8.789000e+03 4.017000e-01
8.790000e+03 3.984000e-01
8.791000e+03 3.950000e-01
8.792000e+03 3.912000e-01
8.793000e+03 3.874000e-01
8.794000e+03 3.836000e-01
8.795000e+03 3.793000e-01
8.796000e+03 3.751000e-01
8.797000e+03 3.708000e-01
8.798000e+03 3.661000e-01
8.799000e+03 3.614000e-01
8.800000e+03 3.563000e-01
8.801000e+03 3.511000e-01
8.802000e+03 3.460000e-01
8.803000e+03 3.403000e-01
8.804000e+03 3.347000e-01
8.805000e+03 3.292000e-01
8.806000e+03 3.236000e-01
8.807000e+03 3.175000e-01
8.808000e+03 3.115000e-01
8.809000e+03 3.050000e-01
8.810000e+03 2.986000e-01
8.811000e+03 2.921000e-01
8.812000e+03 2.856000e-01
8.813000e+03 2.787000e-01
8.814000e+03 2.723000e-01
8.815000e+03 2.654000e-01
8.816000e+03 2.585000e-01
8.817000e+03 2.516000e-01
8.818000e+03 2.443000e-01
8.819000e+03 2.374000e-01
8.820000e+03 2.305000e-01
8.821000e+03 2.232000e-01
8.822000e+03 2.164000e-01
8.823000e+03 2.091000e-01
8.824000e+03 2.022000e-01
8.825000e+03 1.949000e-01
8.826000e+03 1.886000e-01
8.827000e+03 1.817000e-01
8.828000e+03 1.749000e-01
8.829000e+03 1.681000e-01
8.830000e+03 1.617000e-01
8.831000e+03 1.549000e-01
8.832000e+03 1.490000e-01
8.833000e+03 1.427000e-01
8.834000e+03 1.363000e-01
8.835000e+03 1.305000e-01
8.836000e+03 1.246000e-01
8.837000e+03 1.192000e-01
8.838000e+03 1.133000e-01
8.839000e+03 1.083000e-01
8.840000e+03 1.029000e-01
8.841000e+03 9.790000e-02
8.842000e+03 9.300000e-02
8.843000e+03 8.850000e-02
8.844000e+03 8.400000e-02
8.845000e+03 7.950000e-02
8.846000e+03 7.500000e-02
8.847000e+03 7.090000e-02
8.848000e+03 6.730000e-02
8.849000e+03 6.380000e-02
8.850000e+03 6.020000e-02
8.851000e+03 5.660000e-02
8.852000e+03 5.340000e-02
8.853000e+03 5.030000e-02
8.854000e+03 4.720000e-02
8.855000e+03 4.450000e-02
8.856000e+03 4.180000e-02
8.857000e+03 3.960000e-02
8.858000e+03 3.690000e-02
8.859000e+03 3.460000e-02
8.860000e+03 3.290000e-02
8.861000e+03 3.060000e-02
8.862000e+03 2.880000e-02
8.863000e+03 2.700000e-02
8.864000e+03 2.530000e-02
8.865000e+03 2.390000e-02
8.866000e+03 2.260000e-02
8.867000e+03 2.130000e-02
8.868000e+03 1.990000e-02
8.869000e+03 1.860000e-02
8.870000e+03 1.720000e-02
8.871000e+03 1.640000e-02
8.872000e+03 1.550000e-02
8.873000e+03 1.460000e-02
8.874000e+03 1.370000e-02
8.875000e+03 1.280000e-02
8.876000e+03 1.190000e-02
8.877000e+03 1.100000e-02
8.878000e+03 1.060000e-02
8.879000e+03 1.010000e-02
8.880000e+03 9.300000e-03
8.881000e+03 8.800000e-03
8.882000e+03 8.400000e-03
8.883000e+03 7.900000e-03
8.884000e+03 7.500000e-03
8.885000e+03 7.000000e-03
8.886000e+03 6.600000e-03
8.887000e+03 6.100000e-03
8.888000e+03 5.700000e-03
8.889000e+03 5.700000e-03
8.890000e+03 5.300000e-03
8.891000e+03 4.800000e-03
8.892000e+03 4.800000e-03
8.893000e+03 4.400000e-03
8.894000e+03 4.400000e-03
8.895000e+03 3.900000e-03
8.896000e+03 3.900000e-03
8.897000e+03 3.500000e-03
8.898000e+03 3.500000e-03
8.899000e+03 3.100000e-03
8.900000e+03 3.100000e-03
8.901000e+03 3.100000e-03
8.902000e+03 2.600000e-03
8.903000e+03 2.600000e-03
8.904000e+03 2.600000e-03
8.905000e+03 2.200000e-03
8.906000e+03 2.200000e-03
8.907000e+03 2.200000e-03
8.908000e+03 2.200000e-03
8.909000e+03 1.700000e-03
8.910000e+03 1.700000e-03
8.911000e+03 1.700000e-03
8.912000e+03 1.700000e-03
8.913000e+03 1.700000e-03
8.914000e+03 1.300000e-03
8.915000e+03 1.300000e-03
8.916000e+03 1.300000e-03
8.917000e+03 1.300000e-03
8.918000e+03 1.300000e-03
8.919000e+03 1.300000e-03
8.920000e+03 8.000000e-04
8.921000e+03 8.000000e-04
8.922000e+03 8.000000e-04
8.923000e+03 8.000000e-04
8.924000e+03 8.000000e-04
8.925000e+03 8.000000e-04
8.926000e+03 8.000000e-04
8.927000e+03 8.000000e-04
8.928000e+03 8.000000e-04
8.929000e+03 8.000000e-04
8.930000e+03 8.000000e-04
8.931000e+03 8.000000e-04
8.932000e+03 8.000000e-04
8.933000e+03 4.000000e-04
8.934000e+03 4.000000e-04
8.935000e+03 4.000000e-04
8.936000e+03 4.000000e-04
8.937000e+03 4.000000e-04
8.938000e+03 4.000000e-04
8.939000e+03 4.000000e-04
8.940000e+03 4.000000e-04
8.941000e+03 4.000000e-04
8.942000e+03 4.000000e-04
8.943000e+03 4.000000e-04
8.944000e+03 4.000000e-04
8.945000e+03 4.000000e-04
8.946000e+03 4.000000e-04
8.947000e+03 4.000000e-04
8.948000e+03 4.000000e-04
8.949000e+03 4.000000e-04
8.950000e+03 4.000000e-04
8.951000e+03 4.000000e-04
8.952000e+03 4.000000e-04
8.953000e+03 4.000000e-04
8.954000e+03 4.000000e-04
