# # Wavelength(Angstrom)  Transmission
8.901000e+03 5.000000e-04
8.902000e+03 1.600000e-03
8.903000e+03 3.000000e-04
8.904000e+03 0.000000e+00
8.905000e+03 0.000000e+00
8.906000e+03 0.000000e+00
8.907000e+03 7.000000e-04
8.908000e+03 0.000000e+00
8.909000e+03 0.000000e+00
8.910000e+03 3.000000e-04
8.911000e+03 3.000000e-04
8.912000e+03 0.000000e+00
8.913000e+03 9.000000e-04
8.914000e+03 0.000000e+00
8.915000e+03 7.000000e-04
8.916000e+03 0.000000e+00
8.917000e+03 0.000000e+00
8.918000e+03 0.000000e+00
8.919000e+03 0.000000e+00
8.920000e+03 3.000000e-04
8.921000e+03 0.000000e+00
8.922000e+03 0.000000e+00
8.923000e+03 5.000000e-04
8.924000e+03 0.000000e+00
8.925000e+03 0.000000e+00
8.926000e+03 0.000000e+00
8.927000e+03 3.000000e-04
8.928000e+03 0.000000e+00
8.929000e+03 7.000000e-04
8.930000e+03 1.100000e-03
8.931000e+03 0.000000e+00
8.932000e+03 0.000000e+00
8.933000e+03 6.000000e-04
8.934000e+03 0.000000e+00
8.935000e+03 4.000000e-04
8.936000e+03 2.000000e-04
8.937000e+03 0.000000e+00
8.938000e+03 7.000000e-04
8.939000e+03 0.000000e+00
8.940000e+03 1.400000e-03
8.941000e+03 5.000000e-04
8.942000e+03 1.000000e-04
8.943000e+03 0.000000e+00
8.944000e+03 0.000000e+00
8.945000e+03 0.000000e+00
8.946000e+03 5.000000e-04
8.947000e+03 0.000000e+00
8.948000e+03 3.000000e-04
8.949000e+03 1.200000e-03
8.950000e+03 8.000000e-04
8.951000e+03 7.000000e-04
8.952000e+03 0.000000e+00
8.953000e+03 1.900000e-03
8.954000e+03 5.000000e-04
8.955000e+03 0.000000e+00
8.956000e+03 0.000000e+00
8.957000e+03 9.000000e-04
8.958000e+03 1.000000e-04
8.959000e+03 0.000000e+00
8.960000e+03 0.000000e+00
8.961000e+03 3.000000e-04
8.962000e+03 0.000000e+00
8.963000e+03 0.000000e+00
8.964000e+03 9.000000e-04
8.965000e+03 3.000000e-04
8.966000e+03 0.000000e+00
8.967000e+03 8.000000e-04
8.968000e+03 0.000000e+00
8.969000e+03 0.000000e+00
8.970000e+03 0.000000e+00
8.971000e+03 0.000000e+00
8.972000e+03 0.000000e+00
8.973000e+03 0.000000e+00
8.974000e+03 0.000000e+00
8.975000e+03 2.100000e-03
8.976000e+03 0.000000e+00
8.977000e+03 4.000000e-04
8.978000e+03 0.000000e+00
8.979000e+03 0.000000e+00
8.980000e+03 1.800000e-03
8.981000e+03 9.000000e-04
8.982000e+03 0.000000e+00
8.983000e+03 0.000000e+00
8.984000e+03 1.400000e-03
8.985000e+03 0.000000e+00
8.986000e+03 0.000000e+00
8.987000e+03 2.100000e-03
8.988000e+03 6.000000e-04
8.989000e+03 0.000000e+00
8.990000e+03 1.600000e-03
8.991000e+03 2.000000e-03
8.992000e+03 1.900000e-03
8.993000e+03 1.100000e-03
8.994000e+03 1.600000e-03
8.995000e+03 8.000000e-04
8.996000e+03 1.400000e-03
8.997000e+03 1.700000e-03
8.998000e+03 3.900000e-03
8.999000e+03 1.900000e-03
9.000000e+03 3.500000e-03
9.001000e+03 3.100000e-03
9.002000e+03 2.600000e-03
9.003000e+03 3.600000e-03
9.004000e+03 3.400000e-03
9.005000e+03 4.500000e-03
9.006000e+03 4.300000e-03
9.007000e+03 6.700000e-03
9.008000e+03 7.400000e-03
9.009000e+03 1.030000e-02
9.010000e+03 1.240000e-02
9.011000e+03 1.320000e-02
9.012000e+03 1.830000e-02
9.013000e+03 2.320000e-02
9.014000e+03 2.710000e-02
9.015000e+03 3.230000e-02
9.016000e+03 3.920000e-02
9.017000e+03 4.880000e-02
9.018000e+03 6.060000e-02
9.019000e+03 7.520000e-02
9.020000e+03 8.400000e-02
9.021000e+03 1.021000e-01
9.022000e+03 1.181000e-01
9.023000e+03 1.393000e-01
9.024000e+03 1.575000e-01
9.025000e+03 1.852000e-01
9.026000e+03 2.119000e-01
9.027000e+03 2.376000e-01
9.028000e+03 2.545000e-01
9.029000e+03 2.720000e-01
9.030000e+03 2.909000e-01
9.031000e+03 3.118000e-01
9.032000e+03 3.201000e-01
9.033000e+03 3.275000e-01
9.034000e+03 3.348000e-01
9.035000e+03 3.395000e-01
9.036000e+03 3.333000e-01
9.037000e+03 3.402000e-01
9.038000e+03 3.375000e-01
9.039000e+03 3.350000e-01
9.040000e+03 3.384000e-01
9.041000e+03 3.341000e-01
9.042000e+03 3.355000e-01
9.043000e+03 3.384000e-01
9.044000e+03 3.345000e-01
9.045000e+03 3.395000e-01
9.046000e+03 3.346000e-01
9.047000e+03 3.405000e-01
9.048000e+03 3.355000e-01
9.049000e+03 3.348000e-01
9.050000e+03 3.387000e-01
9.051000e+03 3.330000e-01
9.052000e+03 3.381000e-01
9.053000e+03 3.394000e-01
9.054000e+03 3.392000e-01
9.055000e+03 3.445000e-01
9.056000e+03 3.344000e-01
9.057000e+03 3.416000e-01
9.058000e+03 3.407000e-01
9.059000e+03 3.446000e-01
9.060000e+03 3.350000e-01
9.061000e+03 3.363000e-01
9.062000e+03 3.360000e-01
9.063000e+03 3.408000e-01
9.064000e+03 3.352000e-01
9.065000e+03 3.339000e-01
9.066000e+03 3.343000e-01
9.067000e+03 3.345000e-01
9.068000e+03 3.345000e-01
9.069000e+03 3.403000e-01
9.070000e+03 3.386000e-01
9.071000e+03 3.336000e-01
9.072000e+03 3.339000e-01
9.073000e+03 3.356000e-01
9.074000e+03 3.360000e-01
9.075000e+03 3.395000e-01
9.076000e+03 3.318000e-01
9.077000e+03 3.333000e-01
9.078000e+03 3.362000e-01
9.079000e+03 3.363000e-01
9.080000e+03 3.359000e-01
9.081000e+03 3.338000e-01
9.082000e+03 3.289000e-01
9.083000e+03 3.319000e-01
9.084000e+03 3.339000e-01
9.085000e+03 3.367000e-01
9.086000e+03 3.361000e-01
9.087000e+03 3.329000e-01
9.088000e+03 3.386000e-01
9.089000e+03 3.248000e-01
9.090000e+03 3.320000e-01
9.091000e+03 3.292000e-01
9.092000e+03 3.282000e-01
9.093000e+03 3.336000e-01
9.094000e+03 3.276000e-01
9.095000e+03 3.307000e-01
9.096000e+03 3.336000e-01
9.097000e+03 3.356000e-01
9.098000e+03 3.248000e-01
9.099000e+03 3.310000e-01
9.100000e+03 3.340000e-01
9.101000e+03 3.301000e-01
9.102000e+03 3.260000e-01
9.103000e+03 3.288000e-01
9.104000e+03 3.285000e-01
9.105000e+03 3.291000e-01
9.106000e+03 3.321000e-01
9.107000e+03 3.299000e-01
9.108000e+03 3.179000e-01
9.109000e+03 3.264000e-01
9.110000e+03 3.260000e-01
9.111000e+03 3.239000e-01
9.112000e+03 3.272000e-01
9.113000e+03 3.231000e-01
9.114000e+03 3.224000e-01
9.115000e+03 3.249000e-01
9.116000e+03 3.211000e-01
9.117000e+03 3.228000e-01
9.118000e+03 3.248000e-01
9.119000e+03 3.264000e-01
9.120000e+03 3.165000e-01
9.121000e+03 3.123000e-01
9.122000e+03 3.245000e-01
9.123000e+03 3.201000e-01
9.124000e+03 3.164000e-01
9.125000e+03 3.224000e-01
9.126000e+03 3.168000e-01
9.127000e+03 3.219000e-01
9.128000e+03 3.190000e-01
9.129000e+03 3.136000e-01
9.130000e+03 3.140000e-01
9.131000e+03 3.253000e-01
9.132000e+03 3.191000e-01
9.133000e+03 3.143000e-01
9.134000e+03 3.150000e-01
9.135000e+03 3.219000e-01
9.136000e+03 3.111000e-01
9.137000e+03 3.202000e-01
9.138000e+03 3.211000e-01
9.139000e+03 3.154000e-01
9.140000e+03 3.134000e-01
9.141000e+03 3.132000e-01
9.142000e+03 3.142000e-01
9.143000e+03 3.188000e-01
9.144000e+03 3.078000e-01
9.145000e+03 3.110000e-01
9.146000e+03 3.129000e-01
9.147000e+03 3.101000e-01
9.148000e+03 3.121000e-01
9.149000e+03 3.027000e-01
9.150000e+03 3.094000e-01
9.151000e+03 3.035000e-01
9.152000e+03 3.059000e-01
9.153000e+03 3.073000e-01
9.154000e+03 3.082000e-01
9.155000e+03 3.103000e-01
9.156000e+03 3.007000e-01
9.157000e+03 3.042000e-01
9.158000e+03 2.984000e-01
9.159000e+03 3.009000e-01
9.160000e+03 3.034000e-01
9.161000e+03 2.925000e-01
9.162000e+03 2.891000e-01
9.163000e+03 2.821000e-01
9.164000e+03 2.796000e-01
9.165000e+03 2.558000e-01
9.166000e+03 2.417000e-01
9.167000e+03 2.320000e-01
9.168000e+03 2.176000e-01
9.169000e+03 1.923000e-01
9.170000e+03 1.697000e-01
9.171000e+03 1.530000e-01
9.172000e+03 1.274000e-01
9.173000e+03 1.129000e-01
9.174000e+03 9.350000e-02
9.175000e+03 8.420000e-02
9.176000e+03 7.390000e-02
9.177000e+03 5.950000e-02
9.178000e+03 5.110000e-02
9.179000e+03 4.170000e-02
9.180000e+03 3.450000e-02
9.181000e+03 2.720000e-02
9.182000e+03 1.860000e-02
9.183000e+03 1.550000e-02
9.184000e+03 1.850000e-02
9.185000e+03 1.280000e-02
9.186000e+03 1.100000e-02
9.187000e+03 9.200000e-03
9.188000e+03 9.600000e-03
9.189000e+03 8.900000e-03
9.190000e+03 6.100000e-03
9.191000e+03 4.000000e-03
9.192000e+03 3.600000e-03
9.193000e+03 6.900000e-03
9.194000e+03 1.700000e-03
9.195000e+03 4.300000e-03
9.196000e+03 1.000000e-03
9.197000e+03 5.800000e-03
9.198000e+03 8.000000e-04
