# # Wavelength(Angstrom)  Transmission
6.783000e+03 1.000000e-04
6.784000e+03 1.000000e-04
6.785000e+03 1.000000e-04
6.786000e+03 1.000000e-04
6.787000e+03 1.000000e-04
6.788000e+03 1.000000e-04
6.789000e+03 1.000000e-04
6.790000e+03 1.000000e-04
6.791000e+03 1.000000e-04
6.792000e+03 1.000000e-04
6.793000e+03 2.000000e-04
6.794000e+03 2.000000e-04
6.795000e+03 2.000000e-04
6.796000e+03 2.000000e-04
6.797000e+03 2.000000e-04
6.798000e+03 3.000000e-04
6.799000e+03 3.000000e-04
6.800000e+03 3.000000e-04
6.801000e+03 4.000000e-04
6.802000e+03 4.000000e-04
6.803000e+03 5.000000e-04
6.804000e+03 6.000000e-04
6.805000e+03 6.000000e-04
6.806000e+03 7.000000e-04
6.807000e+03 8.000000e-04
6.808000e+03 9.000000e-04
6.809000e+03 1.000000e-03
6.810000e+03 1.200000e-03
6.811000e+03 1.400000e-03
6.812000e+03 1.600000e-03
6.813000e+03 1.800000e-03
6.814000e+03 2.100000e-03
6.815000e+03 2.400000e-03
6.816000e+03 2.800000e-03
6.817000e+03 3.300000e-03
6.818000e+03 3.800000e-03
6.819000e+03 4.400000e-03
6.820000e+03 5.100000e-03
6.821000e+03 6.000000e-03
6.822000e+03 7.100000e-03
6.823000e+03 8.300000e-03
6.824000e+03 9.900000e-03
6.825000e+03 1.170000e-02
6.826000e+03 1.420000e-02
6.827000e+03 1.670000e-02
6.828000e+03 2.020000e-02
6.829000e+03 2.420000e-02
6.830000e+03 2.930000e-02
6.831000e+03 3.510000e-02
6.832000e+03 4.260000e-02
6.833000e+03 5.170000e-02
6.834000e+03 6.320000e-02
6.835000e+03 7.750000e-02
6.836000e+03 9.420000e-02
6.837000e+03 1.148000e-01
6.838000e+03 1.380000e-01
6.839000e+03 1.693000e-01
6.840000e+03 2.011000e-01
6.841000e+03 2.403000e-01
6.842000e+03 2.786000e-01
6.843000e+03 3.240000e-01
6.844000e+03 3.674000e-01
6.845000e+03 4.115000e-01
6.846000e+03 4.522000e-01
6.847000e+03 4.885000e-01
6.848000e+03 5.200000e-01
6.849000e+03 5.426000e-01
6.850000e+03 5.598000e-01
6.851000e+03 5.708000e-01
6.852000e+03 5.785000e-01
6.853000e+03 5.820000e-01
6.854000e+03 5.833000e-01
6.855000e+03 5.825000e-01
6.856000e+03 5.814000e-01
6.857000e+03 5.795000e-01
6.858000e+03 5.779000e-01
6.859000e+03 5.760000e-01
6.860000e+03 5.751000e-01
6.861000e+03 5.740000e-01
6.862000e+03 5.730000e-01
6.863000e+03 5.727000e-01
6.864000e+03 5.720000e-01
6.865000e+03 5.723000e-01
6.866000e+03 5.724000e-01
6.867000e+03 5.731000e-01
6.868000e+03 5.729000e-01
6.869000e+03 5.745000e-01
6.870000e+03 5.745000e-01
6.871000e+03 5.750000e-01
6.872000e+03 5.751000e-01
6.873000e+03 5.758000e-01
6.874000e+03 5.752000e-01
6.875000e+03 5.744000e-01
6.876000e+03 5.746000e-01
6.877000e+03 5.742000e-01
6.878000e+03 5.732000e-01
6.879000e+03 5.726000e-01
6.880000e+03 5.717000e-01
6.881000e+03 5.712000e-01
6.882000e+03 5.714000e-01
6.883000e+03 5.710000e-01
6.884000e+03 5.702000e-01
6.885000e+03 5.698000e-01
6.886000e+03 5.699000e-01
6.887000e+03 5.697000e-01
6.888000e+03 5.691000e-01
6.889000e+03 5.688000e-01
6.890000e+03 5.688000e-01
6.891000e+03 5.684000e-01
6.892000e+03 5.682000e-01
6.893000e+03 5.677000e-01
6.894000e+03 5.680000e-01
6.895000e+03 5.677000e-01
6.896000e+03 5.682000e-01
6.897000e+03 5.686000e-01
6.898000e+03 5.684000e-01
6.899000e+03 5.684000e-01
6.900000e+03 5.682000e-01
6.901000e+03 5.685000e-01
6.902000e+03 5.685000e-01
6.903000e+03 5.680000e-01
6.904000e+03 5.686000e-01
6.905000e+03 5.690000e-01
6.906000e+03 5.684000e-01
6.907000e+03 5.693000e-01
6.908000e+03 5.700000e-01
6.909000e+03 5.710000e-01
6.910000e+03 5.713000e-01
6.911000e+03 5.717000e-01
6.912000e+03 5.720000e-01
6.913000e+03 5.719000e-01
6.914000e+03 5.726000e-01
6.915000e+03 5.728000e-01
6.916000e+03 5.735000e-01
6.917000e+03 5.739000e-01
6.918000e+03 5.742000e-01
6.919000e+03 5.745000e-01
6.920000e+03 5.750000e-01
6.921000e+03 5.757000e-01
6.922000e+03 5.760000e-01
6.923000e+03 5.757000e-01
6.924000e+03 5.762000e-01
6.925000e+03 5.769000e-01
6.926000e+03 5.774000e-01
6.927000e+03 5.780000e-01
6.928000e+03 5.780000e-01
6.929000e+03 5.788000e-01
6.930000e+03 5.792000e-01
6.931000e+03 5.798000e-01
6.932000e+03 5.800000e-01
6.933000e+03 5.806000e-01
6.934000e+03 5.811000e-01
6.935000e+03 5.814000e-01
6.936000e+03 5.818000e-01
6.937000e+03 5.821000e-01
6.938000e+03 5.830000e-01
6.939000e+03 5.832000e-01
6.940000e+03 5.838000e-01
6.941000e+03 5.844000e-01
6.942000e+03 5.852000e-01
6.943000e+03 5.860000e-01
6.944000e+03 5.869000e-01
6.945000e+03 5.872000e-01
6.946000e+03 5.879000e-01
6.947000e+03 5.885000e-01
6.948000e+03 5.892000e-01
6.949000e+03 5.900000e-01
6.950000e+03 5.910000e-01
6.951000e+03 5.917000e-01
6.952000e+03 5.921000e-01
6.953000e+03 5.930000e-01
6.954000e+03 5.938000e-01
6.955000e+03 5.939000e-01
6.956000e+03 5.947000e-01
6.957000e+03 5.950000e-01
6.958000e+03 5.954000e-01
6.959000e+03 5.949000e-01
6.960000e+03 5.956000e-01
6.961000e+03 5.950000e-01
6.962000e+03 5.953000e-01
6.963000e+03 5.949000e-01
6.964000e+03 5.953000e-01
6.965000e+03 5.952000e-01
6.966000e+03 5.952000e-01
6.967000e+03 5.954000e-01
6.968000e+03 5.955000e-01
6.969000e+03 5.960000e-01
6.970000e+03 5.966000e-01
6.971000e+03 5.968000e-01
6.972000e+03 5.979000e-01
6.973000e+03 5.974000e-01
6.974000e+03 5.981000e-01
6.975000e+03 5.979000e-01
6.976000e+03 5.970000e-01
6.977000e+03 5.946000e-01
6.978000e+03 5.902000e-01
6.979000e+03 5.841000e-01
6.980000e+03 5.749000e-01
6.981000e+03 5.619000e-01
6.982000e+03 5.439000e-01
6.983000e+03 5.223000e-01
6.984000e+03 4.951000e-01
6.985000e+03 4.661000e-01
6.986000e+03 4.305000e-01
6.987000e+03 3.919000e-01
6.988000e+03 3.506000e-01
6.989000e+03 3.113000e-01
6.990000e+03 2.729000e-01
6.991000e+03 2.344000e-01
6.992000e+03 2.014000e-01
6.993000e+03 1.705000e-01
6.994000e+03 1.454000e-01
6.995000e+03 1.212000e-01
6.996000e+03 1.027000e-01
6.997000e+03 8.510000e-02
6.998000e+03 7.140000e-02
6.999000e+03 5.930000e-02
7.000000e+03 4.920000e-02
7.001000e+03 4.130000e-02
7.002000e+03 3.460000e-02
7.003000e+03 2.960000e-02
7.004000e+03 2.460000e-02
7.005000e+03 2.100000e-02
7.006000e+03 1.770000e-02
7.007000e+03 1.510000e-02
7.008000e+03 1.280000e-02
7.009000e+03 1.100000e-02
7.010000e+03 9.400000e-03
7.011000e+03 8.000000e-03
7.012000e+03 6.900000e-03
7.013000e+03 5.900000e-03
7.014000e+03 5.100000e-03
7.015000e+03 4.500000e-03
7.016000e+03 3.900000e-03
7.017000e+03 3.400000e-03
7.018000e+03 3.000000e-03
7.019000e+03 2.600000e-03
7.020000e+03 2.300000e-03
7.021000e+03 2.000000e-03
7.022000e+03 1.800000e-03
7.023000e+03 1.500000e-03
7.024000e+03 1.400000e-03
7.025000e+03 1.200000e-03
7.026000e+03 1.100000e-03
7.027000e+03 1.000000e-03
7.028000e+03 9.000000e-04
7.029000e+03 7.000000e-04
7.030000e+03 7.000000e-04
7.031000e+03 6.000000e-04
7.032000e+03 5.000000e-04
7.033000e+03 5.000000e-04
7.034000e+03 4.000000e-04
7.035000e+03 4.000000e-04
7.036000e+03 3.000000e-04
7.037000e+03 3.000000e-04
7.038000e+03 3.000000e-04
7.039000e+03 3.000000e-04
7.040000e+03 2.000000e-04
7.041000e+03 2.000000e-04
7.042000e+03 2.000000e-04
7.043000e+03 2.000000e-04
7.044000e+03 2.000000e-04
7.045000e+03 1.000000e-04
7.046000e+03 1.000000e-04
7.047000e+03 1.000000e-04
7.048000e+03 1.000000e-04
7.049000e+03 1.000000e-04
7.050000e+03 1.000000e-04
7.051000e+03 1.000000e-04
7.052000e+03 1.000000e-04
7.053000e+03 1.000000e-04
7.054000e+03 1.000000e-04
7.055000e+03 1.000000e-04
