# # Wavelength(Angstrom)  Transmission
8.692000e+03 1.000000e-04
8.693000e+03 1.000000e-04
8.694000e+03 1.000000e-04
8.695000e+03 1.000000e-04
8.696000e+03 1.000000e-04
8.697000e+03 1.000000e-04
8.698000e+03 1.000000e-04
8.699000e+03 1.000000e-04
8.700000e+03 2.000000e-04
8.701000e+03 2.000000e-04
8.702000e+03 2.000000e-04
8.703000e+03 2.000000e-04
8.704000e+03 2.000000e-04
8.705000e+03 3.000000e-04
8.706000e+03 3.000000e-04
8.707000e+03 3.000000e-04
8.708000e+03 4.000000e-04
8.709000e+03 4.000000e-04
8.710000e+03 5.000000e-04
8.711000e+03 6.000000e-04
8.712000e+03 7.000000e-04
8.713000e+03 7.000000e-04
8.714000e+03 9.000000e-04
8.715000e+03 1.000000e-03
8.716000e+03 1.200000e-03
8.717000e+03 1.400000e-03
8.718000e+03 1.600000e-03
8.719000e+03 1.900000e-03
8.720000e+03 2.100000e-03
8.721000e+03 2.600000e-03
8.722000e+03 2.900000e-03
8.723000e+03 3.400000e-03
8.724000e+03 4.100000e-03
8.725000e+03 4.900000e-03
8.726000e+03 5.600000e-03
8.727000e+03 6.500000e-03
8.728000e+03 7.800000e-03
8.729000e+03 9.300000e-03
8.730000e+03 1.120000e-02
8.731000e+03 1.300000e-02
8.732000e+03 1.610000e-02
8.733000e+03 2.010000e-02
8.734000e+03 2.520000e-02
8.735000e+03 2.980000e-02
8.736000e+03 3.560000e-02
8.737000e+03 4.320000e-02
8.738000e+03 5.320000e-02
8.739000e+03 6.270000e-02
8.740000e+03 7.480000e-02
8.741000e+03 9.140000e-02
8.742000e+03 1.100000e-01
8.743000e+03 1.301000e-01
8.744000e+03 1.456000e-01
8.745000e+03 1.680000e-01
8.746000e+03 1.912000e-01
8.747000e+03 2.186000e-01
8.748000e+03 2.419000e-01
8.749000e+03 2.690000e-01
8.750000e+03 2.950000e-01
8.751000e+03 3.227000e-01
8.752000e+03 3.409000e-01
8.753000e+03 3.545000e-01
8.754000e+03 3.689000e-01
8.755000e+03 3.805000e-01
8.756000e+03 3.888000e-01
8.757000e+03 3.932000e-01
8.758000e+03 4.001000e-01
8.759000e+03 4.029000e-01
8.760000e+03 4.063000e-01
8.761000e+03 4.071000e-01
8.762000e+03 4.082000e-01
8.763000e+03 4.079000e-01
8.764000e+03 4.096000e-01
8.765000e+03 4.104000e-01
8.766000e+03 4.090000e-01
8.767000e+03 4.096000e-01
8.768000e+03 4.117000e-01
8.769000e+03 4.105000e-01
8.770000e+03 4.110000e-01
8.771000e+03 4.121000e-01
8.772000e+03 4.117000e-01
8.773000e+03 4.104000e-01
8.774000e+03 4.106000e-01
8.775000e+03 4.105000e-01
8.776000e+03 4.098000e-01
8.777000e+03 4.099000e-01
8.778000e+03 4.080000e-01
8.779000e+03 4.091000e-01
8.780000e+03 4.086000e-01
8.781000e+03 4.074000e-01
8.782000e+03 4.067000e-01
8.783000e+03 4.072000e-01
8.784000e+03 4.060000e-01
8.785000e+03 4.078000e-01
8.786000e+03 4.066000e-01
8.787000e+03 4.056000e-01
8.788000e+03 4.078000e-01
8.789000e+03 4.052000e-01
8.790000e+03 4.063000e-01
8.791000e+03 4.069000e-01
8.792000e+03 4.069000e-01
8.793000e+03 4.060000e-01
8.794000e+03 4.051000e-01
8.795000e+03 4.052000e-01
8.796000e+03 4.051000e-01
8.797000e+03 4.051000e-01
8.798000e+03 4.055000e-01
8.799000e+03 4.041000e-01
8.800000e+03 4.064000e-01
8.801000e+03 4.052000e-01
8.802000e+03 4.054000e-01
8.803000e+03 4.069000e-01
8.804000e+03 4.059000e-01
8.805000e+03 4.075000e-01
8.806000e+03 4.072000e-01
8.807000e+03 4.057000e-01
8.808000e+03 4.061000e-01
8.809000e+03 4.057000e-01
8.810000e+03 4.059000e-01
8.811000e+03 4.062000e-01
8.812000e+03 4.059000e-01
8.813000e+03 4.061000e-01
8.814000e+03 4.048000e-01
8.815000e+03 4.053000e-01
8.816000e+03 4.046000e-01
8.817000e+03 4.056000e-01
8.818000e+03 4.050000e-01
8.819000e+03 4.044000e-01
8.820000e+03 4.046000e-01
8.821000e+03 4.050000e-01
8.822000e+03 4.040000e-01
8.823000e+03 4.037000e-01
8.824000e+03 4.037000e-01
8.825000e+03 4.036000e-01
8.826000e+03 4.032000e-01
8.827000e+03 4.032000e-01
8.828000e+03 4.030000e-01
8.829000e+03 4.015000e-01
8.830000e+03 4.014000e-01
8.831000e+03 4.019000e-01
8.832000e+03 4.012000e-01
8.833000e+03 4.018000e-01
8.834000e+03 3.998000e-01
8.835000e+03 3.993000e-01
8.836000e+03 4.005000e-01
8.837000e+03 3.993000e-01
8.838000e+03 3.993000e-01
8.839000e+03 3.983000e-01
8.840000e+03 3.968000e-01
8.841000e+03 3.977000e-01
8.842000e+03 3.973000e-01
8.843000e+03 3.988000e-01
8.844000e+03 3.986000e-01
8.845000e+03 3.982000e-01
8.846000e+03 3.960000e-01
8.847000e+03 3.970000e-01
8.848000e+03 3.980000e-01
8.849000e+03 3.960000e-01
8.850000e+03 3.946000e-01
8.851000e+03 3.953000e-01
8.852000e+03 3.954000e-01
8.853000e+03 3.950000e-01
8.854000e+03 3.953000e-01
8.855000e+03 3.955000e-01
8.856000e+03 3.968000e-01
8.857000e+03 3.952000e-01
8.858000e+03 3.951000e-01
8.859000e+03 3.960000e-01
8.860000e+03 3.957000e-01
8.861000e+03 3.938000e-01
8.862000e+03 3.963000e-01
8.863000e+03 3.944000e-01
8.864000e+03 3.930000e-01
8.865000e+03 3.926000e-01
8.866000e+03 3.920000e-01
8.867000e+03 3.912000e-01
8.868000e+03 3.917000e-01
8.869000e+03 3.927000e-01
8.870000e+03 3.907000e-01
8.871000e+03 3.899000e-01
8.872000e+03 3.880000e-01
8.873000e+03 3.886000e-01
8.874000e+03 3.887000e-01
8.875000e+03 3.884000e-01
8.876000e+03 3.884000e-01
8.877000e+03 3.880000e-01
8.878000e+03 3.885000e-01
8.879000e+03 3.862000e-01
8.880000e+03 3.852000e-01
8.881000e+03 3.829000e-01
8.882000e+03 3.812000e-01
8.883000e+03 3.797000e-01
8.884000e+03 3.733000e-01
8.885000e+03 3.651000e-01
8.886000e+03 3.548000e-01
8.887000e+03 3.439000e-01
8.888000e+03 3.240000e-01
8.889000e+03 3.023000e-01
8.890000e+03 2.779000e-01
8.891000e+03 2.555000e-01
8.892000e+03 2.309000e-01
8.893000e+03 2.058000e-01
8.894000e+03 1.792000e-01
8.895000e+03 1.571000e-01
8.896000e+03 1.335000e-01
8.897000e+03 1.114000e-01
8.898000e+03 9.220000e-02
8.899000e+03 7.910000e-02
8.900000e+03 6.610000e-02
8.901000e+03 5.560000e-02
8.902000e+03 4.630000e-02
8.903000e+03 3.840000e-02
8.904000e+03 3.210000e-02
8.905000e+03 2.460000e-02
8.906000e+03 2.010000e-02
8.907000e+03 1.630000e-02
8.908000e+03 1.350000e-02
8.909000e+03 1.150000e-02
8.910000e+03 9.800000e-03
8.911000e+03 7.900000e-03
8.912000e+03 6.800000e-03
8.913000e+03 6.100000e-03
8.914000e+03 4.800000e-03
8.915000e+03 4.000000e-03
8.916000e+03 3.600000e-03
8.917000e+03 3.100000e-03
8.918000e+03 2.700000e-03
8.919000e+03 2.400000e-03
8.920000e+03 2.000000e-03
8.921000e+03 1.800000e-03
8.922000e+03 1.600000e-03
8.923000e+03 1.400000e-03
8.924000e+03 1.100000e-03
8.925000e+03 1.000000e-03
8.926000e+03 9.000000e-04
8.927000e+03 7.000000e-04
8.928000e+03 6.000000e-04
8.929000e+03 6.000000e-04
8.930000e+03 5.000000e-04
8.931000e+03 5.000000e-04
8.932000e+03 4.000000e-04
8.933000e+03 4.000000e-04
8.934000e+03 3.000000e-04
8.935000e+03 3.000000e-04
8.936000e+03 3.000000e-04
8.937000e+03 2.000000e-04
8.938000e+03 2.000000e-04
8.939000e+03 2.000000e-04
8.940000e+03 2.000000e-04
8.941000e+03 2.000000e-04
8.942000e+03 1.000000e-04
8.943000e+03 1.000000e-04
8.944000e+03 1.000000e-04
8.945000e+03 1.000000e-04
8.946000e+03 1.000000e-04
8.947000e+03 1.000000e-04
8.948000e+03 1.000000e-04
