# # Wavelength(Angstrom)  Transmission
8.584000e+03 1.000000e-04
8.585000e+03 1.000000e-04
8.586000e+03 1.000000e-04
8.587000e+03 1.000000e-04
8.588000e+03 1.000000e-04
8.589000e+03 1.000000e-04
8.590000e+03 1.000000e-04
8.591000e+03 1.000000e-04
8.592000e+03 1.000000e-04
8.593000e+03 1.000000e-04
8.594000e+03 2.000000e-04
8.595000e+03 2.000000e-04
8.596000e+03 2.000000e-04
8.597000e+03 3.000000e-04
8.598000e+03 3.000000e-04
8.599000e+03 3.000000e-04
8.600000e+03 4.000000e-04
8.601000e+03 4.000000e-04
8.602000e+03 5.000000e-04
8.603000e+03 6.000000e-04
8.604000e+03 7.000000e-04
8.605000e+03 8.000000e-04
8.606000e+03 9.000000e-04
8.607000e+03 1.000000e-03
8.608000e+03 1.200000e-03
8.609000e+03 1.400000e-03
8.610000e+03 1.600000e-03
8.611000e+03 1.900000e-03
8.612000e+03 2.300000e-03
8.613000e+03 2.800000e-03
8.614000e+03 3.200000e-03
8.615000e+03 3.800000e-03
8.616000e+03 4.500000e-03
8.617000e+03 5.400000e-03
8.618000e+03 6.300000e-03
8.619000e+03 7.500000e-03
8.620000e+03 9.100000e-03
8.621000e+03 1.120000e-02
8.622000e+03 1.370000e-02
8.623000e+03 1.600000e-02
8.624000e+03 1.960000e-02
8.625000e+03 2.350000e-02
8.626000e+03 2.960000e-02
8.627000e+03 3.530000e-02
8.628000e+03 4.450000e-02
8.629000e+03 5.740000e-02
8.630000e+03 7.290000e-02
8.631000e+03 8.910000e-02
8.632000e+03 1.073000e-01
8.633000e+03 1.272000e-01
8.634000e+03 1.506000e-01
8.635000e+03 1.758000e-01
8.636000e+03 2.011000e-01
8.637000e+03 2.332000e-01
8.638000e+03 2.616000e-01
8.639000e+03 2.959000e-01
8.640000e+03 3.175000e-01
8.641000e+03 3.411000e-01
8.642000e+03 3.606000e-01
8.643000e+03 3.787000e-01
8.644000e+03 3.915000e-01
8.645000e+03 4.009000e-01
8.646000e+03 4.076000e-01
8.647000e+03 4.093000e-01
8.648000e+03 4.101000e-01
8.649000e+03 4.098000e-01
8.650000e+03 4.086000e-01
8.651000e+03 4.083000e-01
8.652000e+03 4.079000e-01
8.653000e+03 4.080000e-01
8.654000e+03 4.084000e-01
8.655000e+03 4.087000e-01
8.656000e+03 4.086000e-01
8.657000e+03 4.085000e-01
8.658000e+03 4.081000e-01
8.659000e+03 4.099000e-01
8.660000e+03 4.089000e-01
8.661000e+03 4.095000e-01
8.662000e+03 4.109000e-01
8.663000e+03 4.116000e-01
8.664000e+03 4.134000e-01
8.665000e+03 4.158000e-01
8.666000e+03 4.167000e-01
8.667000e+03 4.177000e-01
8.668000e+03 4.184000e-01
8.669000e+03 4.193000e-01
8.670000e+03 4.196000e-01
8.671000e+03 4.199000e-01
8.672000e+03 4.195000e-01
8.673000e+03 4.189000e-01
8.674000e+03 4.183000e-01
8.675000e+03 4.187000e-01
8.676000e+03 4.193000e-01
8.677000e+03 4.194000e-01
8.678000e+03 4.193000e-01
8.679000e+03 4.182000e-01
8.680000e+03 4.195000e-01
8.681000e+03 4.201000e-01
8.682000e+03 4.197000e-01
8.683000e+03 4.184000e-01
8.684000e+03 4.191000e-01
8.685000e+03 4.186000e-01
8.686000e+03 4.186000e-01
8.687000e+03 4.184000e-01
8.688000e+03 4.181000e-01
8.689000e+03 4.186000e-01
8.690000e+03 4.188000e-01
8.691000e+03 4.187000e-01
8.692000e+03 4.186000e-01
8.693000e+03 4.183000e-01
8.694000e+03 4.179000e-01
8.695000e+03 4.183000e-01
8.696000e+03 4.192000e-01
8.697000e+03 4.181000e-01
8.698000e+03 4.188000e-01
8.699000e+03 4.174000e-01
8.700000e+03 4.171000e-01
8.701000e+03 4.177000e-01
8.702000e+03 4.176000e-01
8.703000e+03 4.168000e-01
8.704000e+03 4.169000e-01
8.705000e+03 4.183000e-01
8.706000e+03 4.160000e-01
8.707000e+03 4.166000e-01
8.708000e+03 4.171000e-01
8.709000e+03 4.166000e-01
8.710000e+03 4.159000e-01
8.711000e+03 4.157000e-01
8.712000e+03 4.154000e-01
8.713000e+03 4.157000e-01
8.714000e+03 4.148000e-01
8.715000e+03 4.144000e-01
8.716000e+03 4.139000e-01
8.717000e+03 4.146000e-01
8.718000e+03 4.131000e-01
8.719000e+03 4.133000e-01
8.720000e+03 4.134000e-01
8.721000e+03 4.131000e-01
8.722000e+03 4.135000e-01
8.723000e+03 4.123000e-01
8.724000e+03 4.129000e-01
8.725000e+03 4.131000e-01
8.726000e+03 4.124000e-01
8.727000e+03 4.116000e-01
8.728000e+03 4.117000e-01
8.729000e+03 4.109000e-01
8.730000e+03 4.107000e-01
8.731000e+03 4.104000e-01
8.732000e+03 4.081000e-01
8.733000e+03 4.086000e-01
8.734000e+03 4.081000e-01
8.735000e+03 4.080000e-01
8.736000e+03 4.072000e-01
8.737000e+03 4.082000e-01
8.738000e+03 4.059000e-01
8.739000e+03 4.064000e-01
8.740000e+03 4.060000e-01
8.741000e+03 4.064000e-01
8.742000e+03 4.063000e-01
8.743000e+03 4.080000e-01
8.744000e+03 4.079000e-01
8.745000e+03 4.075000e-01
8.746000e+03 4.087000e-01
8.747000e+03 4.073000e-01
8.748000e+03 4.076000e-01
8.749000e+03 4.077000e-01
8.750000e+03 4.059000e-01
8.751000e+03 4.058000e-01
8.752000e+03 4.071000e-01
8.753000e+03 4.062000e-01
8.754000e+03 4.054000e-01
8.755000e+03 4.049000e-01
8.756000e+03 4.054000e-01
8.757000e+03 4.041000e-01
8.758000e+03 4.037000e-01
8.759000e+03 4.033000e-01
8.760000e+03 4.015000e-01
8.761000e+03 4.022000e-01
8.762000e+03 4.024000e-01
8.763000e+03 4.006000e-01
8.764000e+03 4.020000e-01
8.765000e+03 4.005000e-01
8.766000e+03 4.003000e-01
8.767000e+03 4.007000e-01
8.768000e+03 3.982000e-01
8.769000e+03 3.973000e-01
8.770000e+03 3.964000e-01
8.771000e+03 3.927000e-01
8.772000e+03 3.895000e-01
8.773000e+03 3.825000e-01
8.774000e+03 3.756000e-01
8.775000e+03 3.668000e-01
8.776000e+03 3.552000e-01
8.777000e+03 3.347000e-01
8.778000e+03 3.195000e-01
8.779000e+03 3.013000e-01
8.780000e+03 2.783000e-01
8.781000e+03 2.547000e-01
8.782000e+03 2.258000e-01
8.783000e+03 2.044000e-01
8.784000e+03 1.772000e-01
8.785000e+03 1.512000e-01
8.786000e+03 1.260000e-01
8.787000e+03 1.102000e-01
8.788000e+03 9.450000e-02
8.789000e+03 8.190000e-02
8.790000e+03 6.740000e-02
8.791000e+03 5.730000e-02
8.792000e+03 4.900000e-02
8.793000e+03 3.970000e-02
8.794000e+03 3.200000e-02
8.795000e+03 2.640000e-02
8.796000e+03 2.250000e-02
8.797000e+03 1.890000e-02
8.798000e+03 1.580000e-02
8.799000e+03 1.270000e-02
8.800000e+03 1.090000e-02
8.801000e+03 9.100000e-03
8.802000e+03 7.500000e-03
8.803000e+03 6.000000e-03
8.804000e+03 5.300000e-03
8.805000e+03 4.700000e-03
8.806000e+03 4.100000e-03
8.807000e+03 3.600000e-03
8.808000e+03 3.000000e-03
8.809000e+03 2.800000e-03
8.810000e+03 2.400000e-03
8.811000e+03 2.000000e-03
8.812000e+03 1.800000e-03
8.813000e+03 1.500000e-03
8.814000e+03 1.400000e-03
8.815000e+03 1.200000e-03
8.816000e+03 1.000000e-03
8.817000e+03 8.000000e-04
8.818000e+03 8.000000e-04
8.819000e+03 7.000000e-04
8.820000e+03 6.000000e-04
8.821000e+03 5.000000e-04
8.822000e+03 5.000000e-04
8.823000e+03 4.000000e-04
8.824000e+03 4.000000e-04
8.825000e+03 3.000000e-04
8.826000e+03 3.000000e-04
8.827000e+03 3.000000e-04
8.828000e+03 3.000000e-04
8.829000e+03 2.000000e-04
8.830000e+03 2.000000e-04
8.831000e+03 2.000000e-04
8.832000e+03 2.000000e-04
8.833000e+03 1.000000e-04
8.834000e+03 1.000000e-04
8.835000e+03 1.000000e-04
8.836000e+03 1.000000e-04
8.837000e+03 1.000000e-04
8.838000e+03 1.000000e-04
8.839000e+03 1.000000e-04
8.840000e+03 1.000000e-04
8.841000e+03 1.000000e-04
8.842000e+03 1.000000e-04
8.843000e+03 1.000000e-04
