# # Wavelength(Angstrom)  Transmission
7.379000e+03 1.000000e-04
7.380000e+03 1.000000e-04
7.381000e+03 1.000000e-04
7.382000e+03 1.000000e-04
7.383000e+03 1.000000e-04
7.384000e+03 1.000000e-04
7.385000e+03 1.000000e-04
7.386000e+03 1.000000e-04
7.387000e+03 1.000000e-04
7.388000e+03 1.000000e-04
7.389000e+03 1.000000e-04
7.390000e+03 2.000000e-04
7.391000e+03 2.000000e-04
7.392000e+03 2.000000e-04
7.393000e+03 2.000000e-04
7.394000e+03 3.000000e-04
7.395000e+03 3.000000e-04
7.396000e+03 3.000000e-04
7.397000e+03 4.000000e-04
7.398000e+03 5.000000e-04
7.399000e+03 6.000000e-04
7.400000e+03 6.000000e-04
7.401000e+03 7.000000e-04
7.402000e+03 8.000000e-04
7.403000e+03 1.000000e-03
7.404000e+03 1.200000e-03
7.405000e+03 1.400000e-03
7.406000e+03 1.600000e-03
7.407000e+03 1.900000e-03
7.408000e+03 2.200000e-03
7.409000e+03 2.700000e-03
7.410000e+03 3.100000e-03
7.411000e+03 3.700000e-03
7.412000e+03 4.600000e-03
7.413000e+03 5.500000e-03
7.414000e+03 6.600000e-03
7.415000e+03 7.900000e-03
7.416000e+03 9.500000e-03
7.417000e+03 1.170000e-02
7.418000e+03 1.430000e-02
7.419000e+03 1.760000e-02
7.420000e+03 2.160000e-02
7.421000e+03 2.700000e-02
7.422000e+03 3.340000e-02
7.423000e+03 4.210000e-02
7.424000e+03 5.250000e-02
7.425000e+03 6.700000e-02
7.426000e+03 8.350000e-02
7.427000e+03 1.047000e-01
7.428000e+03 1.286000e-01
7.429000e+03 1.597000e-01
7.430000e+03 1.949000e-01
7.431000e+03 2.351000e-01
7.432000e+03 2.794000e-01
7.433000e+03 3.238000e-01
7.434000e+03 3.720000e-01
7.435000e+03 4.126000e-01
7.436000e+03 4.516000e-01
7.437000e+03 4.817000e-01
7.438000e+03 5.081000e-01
7.439000e+03 5.246000e-01
7.440000e+03 5.364000e-01
7.441000e+03 5.421000e-01
7.442000e+03 5.442000e-01
7.443000e+03 5.442000e-01
7.444000e+03 5.436000e-01
7.445000e+03 5.425000e-01
7.446000e+03 5.413000e-01
7.447000e+03 5.402000e-01
7.448000e+03 5.401000e-01
7.449000e+03 5.399000e-01
7.450000e+03 5.394000e-01
7.451000e+03 5.397000e-01
7.452000e+03 5.413000e-01
7.453000e+03 5.425000e-01
7.454000e+03 5.421000e-01
7.455000e+03 5.451000e-01
7.456000e+03 5.468000e-01
7.457000e+03 5.465000e-01
7.458000e+03 5.475000e-01
7.459000e+03 5.487000e-01
7.460000e+03 5.485000e-01
7.461000e+03 5.488000e-01
7.462000e+03 5.483000e-01
7.463000e+03 5.485000e-01
7.464000e+03 5.483000e-01
7.465000e+03 5.476000e-01
7.466000e+03 5.465000e-01
7.467000e+03 5.467000e-01
7.468000e+03 5.445000e-01
7.469000e+03 5.454000e-01
7.470000e+03 5.437000e-01
7.471000e+03 5.439000e-01
7.472000e+03 5.428000e-01
7.473000e+03 5.429000e-01
7.474000e+03 5.415000e-01
7.475000e+03 5.425000e-01
7.476000e+03 5.424000e-01
7.477000e+03 5.415000e-01
7.478000e+03 5.424000e-01
7.479000e+03 5.400000e-01
7.480000e+03 5.407000e-01
7.481000e+03 5.414000e-01
7.482000e+03 5.417000e-01
7.483000e+03 5.414000e-01
7.484000e+03 5.408000e-01
7.485000e+03 5.422000e-01
7.486000e+03 5.417000e-01
7.487000e+03 5.407000e-01
7.488000e+03 5.407000e-01
7.489000e+03 5.420000e-01
7.490000e+03 5.414000e-01
7.491000e+03 5.412000e-01
7.492000e+03 5.402000e-01
7.493000e+03 5.397000e-01
7.494000e+03 5.419000e-01
7.495000e+03 5.408000e-01
7.496000e+03 5.411000e-01
7.497000e+03 5.401000e-01
7.498000e+03 5.410000e-01
7.499000e+03 5.414000e-01
7.500000e+03 5.404000e-01
7.501000e+03 5.397000e-01
7.502000e+03 5.409000e-01
7.503000e+03 5.401000e-01
7.504000e+03 5.391000e-01
7.505000e+03 5.394000e-01
7.506000e+03 5.377000e-01
7.507000e+03 5.393000e-01
7.508000e+03 5.394000e-01
7.509000e+03 5.396000e-01
7.510000e+03 5.381000e-01
7.511000e+03 5.392000e-01
7.512000e+03 5.404000e-01
7.513000e+03 5.399000e-01
7.514000e+03 5.408000e-01
7.515000e+03 5.391000e-01
7.516000e+03 5.377000e-01
7.517000e+03 5.387000e-01
7.518000e+03 5.389000e-01
7.519000e+03 5.388000e-01
7.520000e+03 5.381000e-01
7.521000e+03 5.391000e-01
7.522000e+03 5.372000e-01
7.523000e+03 5.373000e-01
7.524000e+03 5.384000e-01
7.525000e+03 5.373000e-01
7.526000e+03 5.357000e-01
7.527000e+03 5.381000e-01
7.528000e+03 5.366000e-01
7.529000e+03 5.359000e-01
7.530000e+03 5.354000e-01
7.531000e+03 5.356000e-01
7.532000e+03 5.362000e-01
7.533000e+03 5.376000e-01
7.534000e+03 5.375000e-01
7.535000e+03 5.387000e-01
7.536000e+03 5.386000e-01
7.537000e+03 5.380000e-01
7.538000e+03 5.394000e-01
7.539000e+03 5.405000e-01
7.540000e+03 5.404000e-01
7.541000e+03 5.397000e-01
7.542000e+03 5.414000e-01
7.543000e+03 5.409000e-01
7.544000e+03 5.412000e-01
7.545000e+03 5.412000e-01
7.546000e+03 5.404000e-01
7.547000e+03 5.406000e-01
7.548000e+03 5.406000e-01
7.549000e+03 5.406000e-01
7.550000e+03 5.403000e-01
7.551000e+03 5.392000e-01
7.552000e+03 5.403000e-01
7.553000e+03 5.406000e-01
7.554000e+03 5.398000e-01
7.555000e+03 5.394000e-01
7.556000e+03 5.379000e-01
7.557000e+03 5.380000e-01
7.558000e+03 5.390000e-01
7.559000e+03 5.373000e-01
7.560000e+03 5.370000e-01
7.561000e+03 5.341000e-01
7.562000e+03 5.311000e-01
7.563000e+03 5.254000e-01
7.564000e+03 5.152000e-01
7.565000e+03 5.031000e-01
7.566000e+03 4.850000e-01
7.567000e+03 4.628000e-01
7.568000e+03 4.343000e-01
7.569000e+03 4.021000e-01
7.570000e+03 3.663000e-01
7.571000e+03 3.279000e-01
7.572000e+03 2.870000e-01
7.573000e+03 2.452000e-01
7.574000e+03 2.096000e-01
7.575000e+03 1.755000e-01
7.576000e+03 1.478000e-01
7.577000e+03 1.189000e-01
7.578000e+03 9.860000e-02
7.579000e+03 7.940000e-02
7.580000e+03 6.550000e-02
7.581000e+03 5.180000e-02
7.582000e+03 4.160000e-02
7.583000e+03 3.300000e-02
7.584000e+03 2.670000e-02
7.585000e+03 2.150000e-02
7.586000e+03 1.710000e-02
7.587000e+03 1.390000e-02
7.588000e+03 1.130000e-02
7.589000e+03 9.300000e-03
7.590000e+03 7.500000e-03
7.591000e+03 6.100000e-03
7.592000e+03 5.000000e-03
7.593000e+03 4.100000e-03
7.594000e+03 3.400000e-03
7.595000e+03 2.800000e-03
7.596000e+03 2.300000e-03
7.597000e+03 1.900000e-03
7.598000e+03 1.600000e-03
7.599000e+03 1.300000e-03
7.600000e+03 1.100000e-03
7.601000e+03 9.000000e-04
7.602000e+03 8.000000e-04
7.603000e+03 7.000000e-04
7.604000e+03 5.000000e-04
7.605000e+03 5.000000e-04
7.606000e+03 4.000000e-04
7.607000e+03 4.000000e-04
7.608000e+03 3.000000e-04
7.609000e+03 3.000000e-04
7.610000e+03 2.000000e-04
7.611000e+03 2.000000e-04
7.612000e+03 2.000000e-04
7.613000e+03 2.000000e-04
7.614000e+03 2.000000e-04
7.615000e+03 1.000000e-04
7.616000e+03 1.000000e-04
7.617000e+03 1.000000e-04
7.618000e+03 1.000000e-04
7.619000e+03 1.000000e-04
7.620000e+03 1.000000e-04
7.621000e+03 1.000000e-04
7.622000e+03 1.000000e-04
7.623000e+03 1.000000e-04
7.624000e+03 1.000000e-04
7.625000e+03 1.000000e-04
7.626000e+03 1.000000e-04
