# # Wavelength(Angstrom)  Transmission
4.278000e+03 1.000000e-04
4.279000e+03 1.000000e-04
4.280000e+03 1.000000e-04
4.281000e+03 1.000000e-04
4.282000e+03 1.000000e-04
4.283000e+03 1.000000e-04
4.284000e+03 1.000000e-04
4.285000e+03 1.000000e-04
4.286000e+03 1.000000e-04
4.287000e+03 1.000000e-04
4.288000e+03 2.000000e-04
4.289000e+03 2.000000e-04
4.290000e+03 2.000000e-04
4.291000e+03 2.000000e-04
4.292000e+03 3.000000e-04
4.293000e+03 3.000000e-04
4.294000e+03 3.000000e-04
4.295000e+03 4.000000e-04
4.296000e+03 4.000000e-04
4.297000e+03 5.000000e-04
4.298000e+03 6.000000e-04
4.299000e+03 6.000000e-04
4.300000e+03 7.000000e-04
4.301000e+03 9.000000e-04
4.302000e+03 1.000000e-03
4.303000e+03 1.100000e-03
4.304000e+03 1.300000e-03
4.305000e+03 1.500000e-03
4.306000e+03 1.700000e-03
4.307000e+03 2.000000e-03
4.308000e+03 2.400000e-03
4.309000e+03 2.800000e-03
4.310000e+03 3.200000e-03
4.311000e+03 3.700000e-03
4.312000e+03 4.500000e-03
4.313000e+03 5.300000e-03
4.314000e+03 6.200000e-03
4.315000e+03 7.300000e-03
4.316000e+03 8.900000e-03
4.317000e+03 1.060000e-02
4.318000e+03 1.270000e-02
4.319000e+03 1.510000e-02
4.320000e+03 1.830000e-02
4.321000e+03 2.190000e-02
4.322000e+03 2.660000e-02
4.323000e+03 3.240000e-02
4.324000e+03 3.890000e-02
4.325000e+03 4.790000e-02
4.326000e+03 5.770000e-02
4.327000e+03 7.070000e-02
4.328000e+03 8.520000e-02
4.329000e+03 1.048000e-01
4.330000e+03 1.244000e-01
4.331000e+03 1.493000e-01
4.332000e+03 1.747000e-01
4.333000e+03 2.041000e-01
4.334000e+03 2.340000e-01
4.335000e+03 2.646000e-01
4.336000e+03 2.939000e-01
4.337000e+03 3.218000e-01
4.338000e+03 3.483000e-01
4.339000e+03 3.677000e-01
4.340000e+03 3.855000e-01
4.341000e+03 3.985000e-01
4.342000e+03 4.096000e-01
4.343000e+03 4.169000e-01
4.344000e+03 4.216000e-01
4.345000e+03 4.246000e-01
4.346000e+03 4.267000e-01
4.347000e+03 4.284000e-01
4.348000e+03 4.290000e-01
4.349000e+03 4.293000e-01
4.350000e+03 4.294000e-01
4.351000e+03 4.299000e-01
4.352000e+03 4.306000e-01
4.353000e+03 4.305000e-01
4.354000e+03 4.311000e-01
4.355000e+03 4.310000e-01
4.356000e+03 4.319000e-01
4.357000e+03 4.318000e-01
4.358000e+03 4.324000e-01
4.359000e+03 4.326000e-01
4.360000e+03 4.325000e-01
4.361000e+03 4.335000e-01
4.362000e+03 4.334000e-01
4.363000e+03 4.334000e-01
4.364000e+03 4.338000e-01
4.365000e+03 4.333000e-01
4.366000e+03 4.337000e-01
4.367000e+03 4.337000e-01
4.368000e+03 4.340000e-01
4.369000e+03 4.340000e-01
4.370000e+03 4.345000e-01
4.371000e+03 4.341000e-01
4.372000e+03 4.342000e-01
4.373000e+03 4.344000e-01
4.374000e+03 4.340000e-01
4.375000e+03 4.348000e-01
4.376000e+03 4.348000e-01
4.377000e+03 4.350000e-01
4.378000e+03 4.354000e-01
4.379000e+03 4.357000e-01
4.380000e+03 4.356000e-01
4.381000e+03 4.366000e-01
4.382000e+03 4.369000e-01
4.383000e+03 4.374000e-01
4.384000e+03 4.376000e-01
4.385000e+03 4.380000e-01
4.386000e+03 4.385000e-01
4.387000e+03 4.396000e-01
4.388000e+03 4.393000e-01
4.389000e+03 4.394000e-01
4.390000e+03 4.403000e-01
4.391000e+03 4.406000e-01
4.392000e+03 4.414000e-01
4.393000e+03 4.415000e-01
4.394000e+03 4.413000e-01
4.395000e+03 4.416000e-01
4.396000e+03 4.421000e-01
4.397000e+03 4.426000e-01
4.398000e+03 4.427000e-01
4.399000e+03 4.424000e-01
4.400000e+03 4.432000e-01
4.401000e+03 4.430000e-01
4.402000e+03 4.436000e-01
4.403000e+03 4.437000e-01
4.404000e+03 4.430000e-01
4.405000e+03 4.435000e-01
4.406000e+03 4.432000e-01
4.407000e+03 4.435000e-01
4.408000e+03 4.434000e-01
4.409000e+03 4.439000e-01
4.410000e+03 4.442000e-01
4.411000e+03 4.440000e-01
4.412000e+03 4.438000e-01
4.413000e+03 4.440000e-01
4.414000e+03 4.441000e-01
4.415000e+03 4.443000e-01
4.416000e+03 4.441000e-01
4.417000e+03 4.444000e-01
4.418000e+03 4.444000e-01
4.419000e+03 4.447000e-01
4.420000e+03 4.449000e-01
4.421000e+03 4.457000e-01
4.422000e+03 4.454000e-01
4.423000e+03 4.458000e-01
4.424000e+03 4.455000e-01
4.425000e+03 4.458000e-01
4.426000e+03 4.462000e-01
4.427000e+03 4.461000e-01
4.428000e+03 4.466000e-01
4.429000e+03 4.466000e-01
4.430000e+03 4.472000e-01
4.431000e+03 4.476000e-01
4.432000e+03 4.478000e-01
4.433000e+03 4.479000e-01
4.434000e+03 4.494000e-01
4.435000e+03 4.492000e-01
4.436000e+03 4.500000e-01
4.437000e+03 4.508000e-01
4.438000e+03 4.507000e-01
4.439000e+03 4.519000e-01
4.440000e+03 4.527000e-01
4.441000e+03 4.531000e-01
4.442000e+03 4.537000e-01
4.443000e+03 4.542000e-01
4.444000e+03 4.546000e-01
4.445000e+03 4.549000e-01
4.446000e+03 4.555000e-01
4.447000e+03 4.569000e-01
4.448000e+03 4.565000e-01
4.449000e+03 4.572000e-01
4.450000e+03 4.573000e-01
4.451000e+03 4.578000e-01
4.452000e+03 4.584000e-01
4.453000e+03 4.584000e-01
4.454000e+03 4.590000e-01
4.455000e+03 4.591000e-01
4.456000e+03 4.583000e-01
4.457000e+03 4.585000e-01
4.458000e+03 4.586000e-01
4.459000e+03 4.590000e-01
4.460000e+03 4.586000e-01
4.461000e+03 4.588000e-01
4.462000e+03 4.585000e-01
4.463000e+03 4.590000e-01
4.464000e+03 4.587000e-01
4.465000e+03 4.583000e-01
4.466000e+03 4.581000e-01
4.467000e+03 4.572000e-01
4.468000e+03 4.561000e-01
4.469000e+03 4.531000e-01
4.470000e+03 4.499000e-01
4.471000e+03 4.451000e-01
4.472000e+03 4.371000e-01
4.473000e+03 4.283000e-01
4.474000e+03 4.157000e-01
4.475000e+03 4.015000e-01
4.476000e+03 3.836000e-01
4.477000e+03 3.623000e-01
4.478000e+03 3.386000e-01
4.479000e+03 3.128000e-01
4.480000e+03 2.856000e-01
4.481000e+03 2.558000e-01
4.482000e+03 2.292000e-01
4.483000e+03 2.012000e-01
4.484000e+03 1.771000e-01
4.485000e+03 1.502000e-01
4.486000e+03 1.301000e-01
4.487000e+03 1.106000e-01
4.488000e+03 9.540000e-02
4.489000e+03 8.080000e-02
4.490000e+03 6.890000e-02
4.491000e+03 5.850000e-02
4.492000e+03 4.960000e-02
4.493000e+03 4.220000e-02
4.494000e+03 3.550000e-02
4.495000e+03 3.040000e-02
4.496000e+03 2.580000e-02
4.497000e+03 2.210000e-02
4.498000e+03 1.860000e-02
4.499000e+03 1.610000e-02
4.500000e+03 1.380000e-02
4.501000e+03 1.200000e-02
4.502000e+03 1.030000e-02
4.503000e+03 8.900000e-03
4.504000e+03 7.700000e-03
4.505000e+03 6.700000e-03
4.506000e+03 5.900000e-03
4.507000e+03 5.100000e-03
4.508000e+03 4.500000e-03
4.509000e+03 3.900000e-03
4.510000e+03 3.400000e-03
4.511000e+03 3.000000e-03
4.512000e+03 2.600000e-03
4.513000e+03 2.300000e-03
4.514000e+03 2.100000e-03
4.515000e+03 1.800000e-03
4.516000e+03 1.600000e-03
4.517000e+03 1.400000e-03
4.518000e+03 1.300000e-03
4.519000e+03 1.200000e-03
4.520000e+03 1.000000e-03
4.521000e+03 9.000000e-04
4.522000e+03 8.000000e-04
4.523000e+03 7.000000e-04
4.524000e+03 7.000000e-04
4.525000e+03 6.000000e-04
4.526000e+03 5.000000e-04
4.527000e+03 5.000000e-04
4.528000e+03 4.000000e-04
4.529000e+03 4.000000e-04
4.530000e+03 4.000000e-04
4.531000e+03 3.000000e-04
4.532000e+03 3.000000e-04
4.533000e+03 3.000000e-04
4.534000e+03 2.000000e-04
4.535000e+03 2.000000e-04
4.536000e+03 2.000000e-04
4.537000e+03 2.000000e-04
4.538000e+03 2.000000e-04
4.539000e+03 2.000000e-04
4.540000e+03 1.000000e-04
4.541000e+03 1.000000e-04
4.542000e+03 1.000000e-04
4.543000e+03 1.000000e-04
4.544000e+03 1.000000e-04
4.545000e+03 1.000000e-04
4.546000e+03 1.000000e-04
4.547000e+03 1.000000e-04
4.548000e+03 1.000000e-04
4.549000e+03 1.000000e-04
4.550000e+03 1.000000e-04
4.551000e+03 1.000000e-04
4.552000e+03 1.000000e-04
