# # Wavelength(Angstrom)  Transmission
6.990000e+03 1.000000e-04
6.991000e+03 1.000000e-04
6.992000e+03 1.000000e-04
6.993000e+03 1.000000e-04
6.994000e+03 1.000000e-04
6.995000e+03 1.000000e-04
6.996000e+03 1.000000e-04
6.997000e+03 1.000000e-04
6.998000e+03 1.000000e-04
6.999000e+03 1.000000e-04
7.000000e+03 1.000000e-04
7.001000e+03 2.000000e-04
7.002000e+03 2.000000e-04
7.003000e+03 2.000000e-04
7.004000e+03 2.000000e-04
7.005000e+03 3.000000e-04
7.006000e+03 3.000000e-04
7.007000e+03 3.000000e-04
7.008000e+03 4.000000e-04
7.009000e+03 4.000000e-04
7.010000e+03 5.000000e-04
7.011000e+03 5.000000e-04
7.012000e+03 6.000000e-04
7.013000e+03 7.000000e-04
7.014000e+03 8.000000e-04
7.015000e+03 9.000000e-04
7.016000e+03 1.000000e-03
7.017000e+03 1.200000e-03
7.018000e+03 1.300000e-03
7.019000e+03 1.500000e-03
7.020000e+03 1.700000e-03
7.021000e+03 2.000000e-03
7.022000e+03 2.300000e-03
7.023000e+03 2.800000e-03
7.024000e+03 3.200000e-03
7.025000e+03 3.700000e-03
7.026000e+03 4.300000e-03
7.027000e+03 5.000000e-03
7.028000e+03 5.800000e-03
7.029000e+03 6.900000e-03
7.030000e+03 8.200000e-03
7.031000e+03 9.700000e-03
7.032000e+03 1.150000e-02
7.033000e+03 1.360000e-02
7.034000e+03 1.630000e-02
7.035000e+03 1.960000e-02
7.036000e+03 2.340000e-02
7.037000e+03 2.790000e-02
7.038000e+03 3.360000e-02
7.039000e+03 4.120000e-02
7.040000e+03 5.010000e-02
7.041000e+03 6.150000e-02
7.042000e+03 7.450000e-02
7.043000e+03 9.170000e-02
7.044000e+03 1.097000e-01
7.045000e+03 1.324000e-01
7.046000e+03 1.566000e-01
7.047000e+03 1.866000e-01
7.048000e+03 2.219000e-01
7.049000e+03 2.613000e-01
7.050000e+03 3.034000e-01
7.051000e+03 3.439000e-01
7.052000e+03 3.900000e-01
7.053000e+03 4.277000e-01
7.054000e+03 4.635000e-01
7.055000e+03 4.930000e-01
7.056000e+03 5.211000e-01
7.057000e+03 5.417000e-01
7.058000e+03 5.597000e-01
7.059000e+03 5.721000e-01
7.060000e+03 5.813000e-01
7.061000e+03 5.864000e-01
7.062000e+03 5.889000e-01
7.063000e+03 5.902000e-01
7.064000e+03 5.910000e-01
7.065000e+03 5.917000e-01
7.066000e+03 5.925000e-01
7.067000e+03 5.921000e-01
7.068000e+03 5.919000e-01
7.069000e+03 5.916000e-01
7.070000e+03 5.917000e-01
7.071000e+03 5.916000e-01
7.072000e+03 5.927000e-01
7.073000e+03 5.928000e-01
7.074000e+03 5.931000e-01
7.075000e+03 5.941000e-01
7.076000e+03 5.952000e-01
7.077000e+03 5.960000e-01
7.078000e+03 5.952000e-01
7.079000e+03 5.960000e-01
7.080000e+03 5.961000e-01
7.081000e+03 5.966000e-01
7.082000e+03 5.965000e-01
7.083000e+03 5.964000e-01
7.084000e+03 5.967000e-01
7.085000e+03 5.961000e-01
7.086000e+03 5.966000e-01
7.087000e+03 5.966000e-01
7.088000e+03 5.965000e-01
7.089000e+03 5.967000e-01
7.090000e+03 5.963000e-01
7.091000e+03 5.959000e-01
7.092000e+03 5.960000e-01
7.093000e+03 5.951000e-01
7.094000e+03 5.953000e-01
7.095000e+03 5.945000e-01
7.096000e+03 5.952000e-01
7.097000e+03 5.954000e-01
7.098000e+03 5.956000e-01
7.099000e+03 5.956000e-01
7.100000e+03 5.960000e-01
7.101000e+03 5.958000e-01
7.102000e+03 5.958000e-01
7.103000e+03 5.946000e-01
7.104000e+03 5.954000e-01
7.105000e+03 5.954000e-01
7.106000e+03 5.951000e-01
7.107000e+03 5.952000e-01
7.108000e+03 5.952000e-01
7.109000e+03 5.953000e-01
7.110000e+03 5.949000e-01
7.111000e+03 5.947000e-01
7.112000e+03 5.943000e-01
7.113000e+03 5.934000e-01
7.114000e+03 5.929000e-01
7.115000e+03 5.934000e-01
7.116000e+03 5.926000e-01
7.117000e+03 5.924000e-01
7.118000e+03 5.919000e-01
7.119000e+03 5.921000e-01
7.120000e+03 5.920000e-01
7.121000e+03 5.916000e-01
7.122000e+03 5.905000e-01
7.123000e+03 5.904000e-01
7.124000e+03 5.906000e-01
7.125000e+03 5.904000e-01
7.126000e+03 5.905000e-01
7.127000e+03 5.893000e-01
7.128000e+03 5.888000e-01
7.129000e+03 5.892000e-01
7.130000e+03 5.881000e-01
7.131000e+03 5.878000e-01
7.132000e+03 5.854000e-01
7.133000e+03 5.846000e-01
7.134000e+03 5.826000e-01
7.135000e+03 5.816000e-01
7.136000e+03 5.804000e-01
7.137000e+03 5.794000e-01
7.138000e+03 5.784000e-01
7.139000e+03 5.768000e-01
7.140000e+03 5.753000e-01
7.141000e+03 5.737000e-01
7.142000e+03 5.718000e-01
7.143000e+03 5.702000e-01
7.144000e+03 5.693000e-01
7.145000e+03 5.686000e-01
7.146000e+03 5.675000e-01
7.147000e+03 5.668000e-01
7.148000e+03 5.649000e-01
7.149000e+03 5.647000e-01
7.150000e+03 5.638000e-01
7.151000e+03 5.613000e-01
7.152000e+03 5.608000e-01
7.153000e+03 5.599000e-01
7.154000e+03 5.589000e-01
7.155000e+03 5.584000e-01
7.156000e+03 5.587000e-01
7.157000e+03 5.585000e-01
7.158000e+03 5.577000e-01
7.159000e+03 5.570000e-01
7.160000e+03 5.572000e-01
7.161000e+03 5.558000e-01
7.162000e+03 5.546000e-01
7.163000e+03 5.541000e-01
7.164000e+03 5.536000e-01
7.165000e+03 5.529000e-01
7.166000e+03 5.515000e-01
7.167000e+03 5.496000e-01
7.168000e+03 5.488000e-01
7.169000e+03 5.473000e-01
7.170000e+03 5.458000e-01
7.171000e+03 5.443000e-01
7.172000e+03 5.427000e-01
7.173000e+03 5.419000e-01
7.174000e+03 5.401000e-01
7.175000e+03 5.376000e-01
7.176000e+03 5.361000e-01
7.177000e+03 5.350000e-01
7.178000e+03 5.338000e-01
7.179000e+03 5.331000e-01
7.180000e+03 5.335000e-01
7.181000e+03 5.349000e-01
7.182000e+03 5.360000e-01
7.183000e+03 5.367000e-01
7.184000e+03 5.365000e-01
7.185000e+03 5.354000e-01
7.186000e+03 5.333000e-01
7.187000e+03 5.301000e-01
7.188000e+03 5.227000e-01
7.189000e+03 5.131000e-01
7.190000e+03 4.978000e-01
7.191000e+03 4.762000e-01
7.192000e+03 4.526000e-01
7.193000e+03 4.223000e-01
7.194000e+03 3.903000e-01
7.195000e+03 3.519000e-01
7.196000e+03 3.152000e-01
7.197000e+03 2.758000e-01
7.198000e+03 2.392000e-01
7.199000e+03 2.015000e-01
7.200000e+03 1.690000e-01
7.201000e+03 1.406000e-01
7.202000e+03 1.172000e-01
7.203000e+03 9.830000e-02
7.204000e+03 8.150000e-02
7.205000e+03 6.790000e-02
7.206000e+03 5.590000e-02
7.207000e+03 4.640000e-02
7.208000e+03 3.710000e-02
7.209000e+03 3.100000e-02
7.210000e+03 2.570000e-02
7.211000e+03 2.170000e-02
7.212000e+03 1.840000e-02
7.213000e+03 1.570000e-02
7.214000e+03 1.330000e-02
7.215000e+03 1.140000e-02
7.216000e+03 9.600000e-03
7.217000e+03 8.100000e-03
7.218000e+03 6.900000e-03
7.219000e+03 5.800000e-03
7.220000e+03 5.000000e-03
7.221000e+03 4.300000e-03
7.222000e+03 3.800000e-03
7.223000e+03 3.300000e-03
7.224000e+03 2.900000e-03
7.225000e+03 2.500000e-03
7.226000e+03 2.300000e-03
7.227000e+03 1.900000e-03
7.228000e+03 1.700000e-03
7.229000e+03 1.500000e-03
7.230000e+03 1.300000e-03
7.231000e+03 1.100000e-03
7.232000e+03 1.000000e-03
7.233000e+03 9.000000e-04
7.234000e+03 8.000000e-04
7.235000e+03 7.000000e-04
7.236000e+03 6.000000e-04
7.237000e+03 6.000000e-04
7.238000e+03 5.000000e-04
7.239000e+03 4.000000e-04
7.240000e+03 4.000000e-04
7.241000e+03 3.000000e-04
7.242000e+03 3.000000e-04
7.243000e+03 3.000000e-04
7.244000e+03 2.000000e-04
7.245000e+03 2.000000e-04
7.246000e+03 2.000000e-04
7.247000e+03 2.000000e-04
7.248000e+03 2.000000e-04
7.249000e+03 2.000000e-04
7.250000e+03 1.000000e-04
7.251000e+03 1.000000e-04
7.252000e+03 1.000000e-04
7.253000e+03 1.000000e-04
7.254000e+03 1.000000e-04
7.255000e+03 1.000000e-04
7.256000e+03 1.000000e-04
7.257000e+03 1.000000e-04
7.258000e+03 1.000000e-04
7.259000e+03 1.000000e-04
7.260000e+03 1.000000e-04
