# # Wavelength(Angstrom)  Transmission
5.071000e+03 1.000000e-04
5.072000e+03 1.000000e-04
5.073000e+03 1.000000e-04
5.074000e+03 1.000000e-04
5.075000e+03 1.000000e-04
5.076000e+03 1.000000e-04
5.077000e+03 1.000000e-04
5.078000e+03 1.000000e-04
5.079000e+03 1.000000e-04
5.080000e+03 1.000000e-04
5.081000e+03 1.000000e-04
5.082000e+03 2.000000e-04
5.083000e+03 2.000000e-04
5.084000e+03 2.000000e-04
5.085000e+03 2.000000e-04
5.086000e+03 2.000000e-04
5.087000e+03 3.000000e-04
5.088000e+03 3.000000e-04
5.089000e+03 3.000000e-04
5.090000e+03 4.000000e-04
5.091000e+03 4.000000e-04
5.092000e+03 5.000000e-04
5.093000e+03 5.000000e-04
5.094000e+03 6.000000e-04
5.095000e+03 7.000000e-04
5.096000e+03 8.000000e-04
5.097000e+03 8.000000e-04
5.098000e+03 9.000000e-04
5.099000e+03 1.100000e-03
5.100000e+03 1.200000e-03
5.101000e+03 1.400000e-03
5.102000e+03 1.600000e-03
5.103000e+03 1.900000e-03
5.104000e+03 2.100000e-03
5.105000e+03 2.400000e-03
5.106000e+03 2.700000e-03
5.107000e+03 3.200000e-03
5.108000e+03 3.700000e-03
5.109000e+03 4.300000e-03
5.110000e+03 5.000000e-03
5.111000e+03 5.800000e-03
5.112000e+03 6.700000e-03
5.113000e+03 7.700000e-03
5.114000e+03 9.000000e-03
5.115000e+03 1.060000e-02
5.116000e+03 1.260000e-02
5.117000e+03 1.490000e-02
5.118000e+03 1.790000e-02
5.119000e+03 2.080000e-02
5.120000e+03 2.450000e-02
5.121000e+03 2.850000e-02
5.122000e+03 3.400000e-02
5.123000e+03 4.080000e-02
5.124000e+03 4.910000e-02
5.125000e+03 5.860000e-02
5.126000e+03 6.910000e-02
5.127000e+03 8.250000e-02
5.128000e+03 9.680000e-02
5.129000e+03 1.153000e-01
5.130000e+03 1.359000e-01
5.131000e+03 1.629000e-01
5.132000e+03 1.891000e-01
5.133000e+03 2.189000e-01
5.134000e+03 2.470000e-01
5.135000e+03 2.783000e-01
5.136000e+03 3.115000e-01
5.137000e+03 3.455000e-01
5.138000e+03 3.785000e-01
5.139000e+03 4.076000e-01
5.140000e+03 4.344000e-01
5.141000e+03 4.548000e-01
5.142000e+03 4.717000e-01
5.143000e+03 4.864000e-01
5.144000e+03 5.013000e-01
5.145000e+03 5.116000e-01
5.146000e+03 5.193000e-01
5.147000e+03 5.231000e-01
5.148000e+03 5.265000e-01
5.149000e+03 5.279000e-01
5.150000e+03 5.291000e-01
5.151000e+03 5.308000e-01
5.152000e+03 5.320000e-01
5.153000e+03 5.320000e-01
5.154000e+03 5.322000e-01
5.155000e+03 5.322000e-01
5.156000e+03 5.316000e-01
5.157000e+03 5.314000e-01
5.158000e+03 5.316000e-01
5.159000e+03 5.312000e-01
5.160000e+03 5.307000e-01
5.161000e+03 5.311000e-01
5.162000e+03 5.308000e-01
5.163000e+03 5.313000e-01
5.164000e+03 5.316000e-01
5.165000e+03 5.307000e-01
5.166000e+03 5.310000e-01
5.167000e+03 5.314000e-01
5.168000e+03 5.309000e-01
5.169000e+03 5.307000e-01
5.170000e+03 5.311000e-01
5.171000e+03 5.305000e-01
5.172000e+03 5.300000e-01
5.173000e+03 5.303000e-01
5.174000e+03 5.303000e-01
5.175000e+03 5.303000e-01
5.176000e+03 5.299000e-01
5.177000e+03 5.304000e-01
5.178000e+03 5.301000e-01
5.179000e+03 5.300000e-01
5.180000e+03 5.295000e-01
5.181000e+03 5.290000e-01
5.182000e+03 5.289000e-01
5.183000e+03 5.291000e-01
5.184000e+03 5.287000e-01
5.185000e+03 5.285000e-01
5.186000e+03 5.280000e-01
5.187000e+03 5.281000e-01
5.188000e+03 5.280000e-01
5.189000e+03 5.273000e-01
5.190000e+03 5.267000e-01
5.191000e+03 5.264000e-01
5.192000e+03 5.264000e-01
5.193000e+03 5.261000e-01
5.194000e+03 5.263000e-01
5.195000e+03 5.259000e-01
5.196000e+03 5.256000e-01
5.197000e+03 5.246000e-01
5.198000e+03 5.245000e-01
5.199000e+03 5.237000e-01
5.200000e+03 5.240000e-01
5.201000e+03 5.235000e-01
5.202000e+03 5.231000e-01
5.203000e+03 5.231000e-01
5.204000e+03 5.226000e-01
5.205000e+03 5.223000e-01
5.206000e+03 5.210000e-01
5.207000e+03 5.209000e-01
5.208000e+03 5.210000e-01
5.209000e+03 5.214000e-01
5.210000e+03 5.212000e-01
5.211000e+03 5.203000e-01
5.212000e+03 5.200000e-01
5.213000e+03 5.194000e-01
5.214000e+03 5.179000e-01
5.215000e+03 5.176000e-01
5.216000e+03 5.175000e-01
5.217000e+03 5.167000e-01
5.218000e+03 5.165000e-01
5.219000e+03 5.171000e-01
5.220000e+03 5.158000e-01
5.221000e+03 5.156000e-01
5.222000e+03 5.142000e-01
5.223000e+03 5.137000e-01
5.224000e+03 5.122000e-01
5.225000e+03 5.129000e-01
5.226000e+03 5.131000e-01
5.227000e+03 5.131000e-01
5.228000e+03 5.126000e-01
5.229000e+03 5.117000e-01
5.230000e+03 5.108000e-01
5.231000e+03 5.103000e-01
5.232000e+03 5.101000e-01
5.233000e+03 5.104000e-01
5.234000e+03 5.110000e-01
5.235000e+03 5.112000e-01
5.236000e+03 5.109000e-01
5.237000e+03 5.109000e-01
5.238000e+03 5.103000e-01
5.239000e+03 5.102000e-01
5.240000e+03 5.110000e-01
5.241000e+03 5.108000e-01
5.242000e+03 5.127000e-01
5.243000e+03 5.123000e-01
5.244000e+03 5.129000e-01
5.245000e+03 5.127000e-01
5.246000e+03 5.125000e-01
5.247000e+03 5.117000e-01
5.248000e+03 5.117000e-01
5.249000e+03 5.121000e-01
5.250000e+03 5.117000e-01
5.251000e+03 5.114000e-01
5.252000e+03 5.110000e-01
5.253000e+03 5.103000e-01
5.254000e+03 5.097000e-01
5.255000e+03 5.077000e-01
5.256000e+03 5.069000e-01
5.257000e+03 5.059000e-01
5.258000e+03 5.046000e-01
5.259000e+03 5.042000e-01
5.260000e+03 5.049000e-01
5.261000e+03 5.043000e-01
5.262000e+03 5.034000e-01
5.263000e+03 5.025000e-01
5.264000e+03 5.019000e-01
5.265000e+03 5.023000e-01
5.266000e+03 5.031000e-01
5.267000e+03 5.042000e-01
5.268000e+03 5.066000e-01
5.269000e+03 5.074000e-01
5.270000e+03 5.089000e-01
5.271000e+03 5.084000e-01
5.272000e+03 5.076000e-01
5.273000e+03 5.050000e-01
5.274000e+03 5.006000e-01
5.275000e+03 4.933000e-01
5.276000e+03 4.825000e-01
5.277000e+03 4.687000e-01
5.278000e+03 4.508000e-01
5.279000e+03 4.267000e-01
5.280000e+03 3.980000e-01
5.281000e+03 3.654000e-01
5.282000e+03 3.297000e-01
5.283000e+03 2.906000e-01
5.284000e+03 2.566000e-01
5.285000e+03 2.226000e-01
5.286000e+03 1.939000e-01
5.287000e+03 1.639000e-01
5.288000e+03 1.388000e-01
5.289000e+03 1.147000e-01
5.290000e+03 9.610000e-02
5.291000e+03 8.020000e-02
5.292000e+03 6.690000e-02
5.293000e+03 5.690000e-02
5.294000e+03 4.850000e-02
5.295000e+03 4.120000e-02
5.296000e+03 3.390000e-02
5.297000e+03 2.840000e-02
5.298000e+03 2.360000e-02
5.299000e+03 2.000000e-02
5.300000e+03 1.700000e-02
5.301000e+03 1.490000e-02
5.302000e+03 1.280000e-02
5.303000e+03 1.100000e-02
5.304000e+03 9.400000e-03
5.305000e+03 7.900000e-03
5.306000e+03 6.800000e-03
5.307000e+03 5.900000e-03
5.308000e+03 5.200000e-03
5.309000e+03 4.500000e-03
5.310000e+03 4.100000e-03
5.311000e+03 3.500000e-03
5.312000e+03 3.100000e-03
5.313000e+03 2.600000e-03
5.314000e+03 2.300000e-03
5.315000e+03 2.100000e-03
5.316000e+03 1.800000e-03
5.317000e+03 1.600000e-03
5.318000e+03 1.500000e-03
5.319000e+03 1.300000e-03
5.320000e+03 1.200000e-03
5.321000e+03 1.000000e-03
5.322000e+03 9.000000e-04
5.323000e+03 8.000000e-04
5.324000e+03 7.000000e-04
5.325000e+03 6.000000e-04
5.326000e+03 6.000000e-04
5.327000e+03 5.000000e-04
5.328000e+03 5.000000e-04
5.329000e+03 4.000000e-04
5.330000e+03 4.000000e-04
5.331000e+03 4.000000e-04
5.332000e+03 3.000000e-04
5.333000e+03 3.000000e-04
5.334000e+03 3.000000e-04
5.335000e+03 2.000000e-04
5.336000e+03 2.000000e-04
5.337000e+03 2.000000e-04
5.338000e+03 2.000000e-04
5.339000e+03 2.000000e-04
5.340000e+03 1.000000e-04
5.341000e+03 1.000000e-04
5.342000e+03 1.000000e-04
5.343000e+03 1.000000e-04
5.344000e+03 1.000000e-04
5.345000e+03 1.000000e-04
5.346000e+03 1.000000e-04
5.347000e+03 1.000000e-04
5.348000e+03 1.000000e-04
5.349000e+03 1.000000e-04
5.350000e+03 1.000000e-04
5.351000e+03 1.000000e-04
5.352000e+03 1.000000e-04
