# # Wavelength(Angstrom)  Transmission
4.771000e+03 1.000000e-04
4.772000e+03 1.000000e-04
4.773000e+03 1.000000e-04
4.774000e+03 1.000000e-04
4.775000e+03 1.000000e-04
4.776000e+03 1.000000e-04
4.777000e+03 1.000000e-04
4.778000e+03 1.000000e-04
4.779000e+03 1.000000e-04
4.780000e+03 1.000000e-04
4.781000e+03 2.000000e-04
4.782000e+03 2.000000e-04
4.783000e+03 2.000000e-04
4.784000e+03 2.000000e-04
4.785000e+03 2.000000e-04
4.786000e+03 3.000000e-04
4.787000e+03 3.000000e-04
4.788000e+03 3.000000e-04
4.789000e+03 4.000000e-04
4.790000e+03 4.000000e-04
4.791000e+03 5.000000e-04
4.792000e+03 5.000000e-04
4.793000e+03 6.000000e-04
4.794000e+03 7.000000e-04
4.795000e+03 8.000000e-04
4.796000e+03 9.000000e-04
4.797000e+03 1.000000e-03
4.798000e+03 1.200000e-03
4.799000e+03 1.300000e-03
4.800000e+03 1.500000e-03
4.801000e+03 1.700000e-03
4.802000e+03 2.000000e-03
4.803000e+03 2.300000e-03
4.804000e+03 2.600000e-03
4.805000e+03 3.000000e-03
4.806000e+03 3.500000e-03
4.807000e+03 4.100000e-03
4.808000e+03 4.700000e-03
4.809000e+03 5.500000e-03
4.810000e+03 6.400000e-03
4.811000e+03 7.500000e-03
4.812000e+03 8.800000e-03
4.813000e+03 1.030000e-02
4.814000e+03 1.210000e-02
4.815000e+03 1.440000e-02
4.816000e+03 1.700000e-02
4.817000e+03 2.040000e-02
4.818000e+03 2.410000e-02
4.819000e+03 2.920000e-02
4.820000e+03 3.460000e-02
4.821000e+03 4.170000e-02
4.822000e+03 4.970000e-02
4.823000e+03 5.980000e-02
4.824000e+03 7.210000e-02
4.825000e+03 8.660000e-02
4.826000e+03 1.034000e-01
4.827000e+03 1.228000e-01
4.828000e+03 1.475000e-01
4.829000e+03 1.725000e-01
4.830000e+03 2.024000e-01
4.831000e+03 2.324000e-01
4.832000e+03 2.693000e-01
4.833000e+03 3.020000e-01
4.834000e+03 3.366000e-01
4.835000e+03 3.665000e-01
4.836000e+03 3.962000e-01
4.837000e+03 4.206000e-01
4.838000e+03 4.416000e-01
4.839000e+03 4.582000e-01
4.840000e+03 4.713000e-01
4.841000e+03 4.813000e-01
4.842000e+03 4.872000e-01
4.843000e+03 4.923000e-01
4.844000e+03 4.947000e-01
4.845000e+03 4.961000e-01
4.846000e+03 4.976000e-01
4.847000e+03 4.976000e-01
4.848000e+03 4.977000e-01
4.849000e+03 4.976000e-01
4.850000e+03 4.982000e-01
4.851000e+03 4.982000e-01
4.852000e+03 4.982000e-01
4.853000e+03 4.986000e-01
4.854000e+03 4.983000e-01
4.855000e+03 4.988000e-01
4.856000e+03 4.989000e-01
4.857000e+03 4.987000e-01
4.858000e+03 4.993000e-01
4.859000e+03 4.994000e-01
4.860000e+03 5.001000e-01
4.861000e+03 4.999000e-01
4.862000e+03 5.006000e-01
4.863000e+03 5.003000e-01
4.864000e+03 5.006000e-01
4.865000e+03 5.000000e-01
4.866000e+03 5.002000e-01
4.867000e+03 5.000000e-01
4.868000e+03 5.001000e-01
4.869000e+03 4.997000e-01
4.870000e+03 5.000000e-01
4.871000e+03 4.997000e-01
4.872000e+03 4.992000e-01
4.873000e+03 4.993000e-01
4.874000e+03 4.992000e-01
4.875000e+03 4.989000e-01
4.876000e+03 4.989000e-01
4.877000e+03 4.985000e-01
4.878000e+03 4.988000e-01
4.879000e+03 4.988000e-01
4.880000e+03 4.996000e-01
4.881000e+03 4.996000e-01
4.882000e+03 4.997000e-01
4.883000e+03 5.001000e-01
4.884000e+03 5.007000e-01
4.885000e+03 5.007000e-01
4.886000e+03 5.015000e-01
4.887000e+03 5.016000e-01
4.888000e+03 5.021000e-01
4.889000e+03 5.025000e-01
4.890000e+03 5.030000e-01
4.891000e+03 5.033000e-01
4.892000e+03 5.041000e-01
4.893000e+03 5.043000e-01
4.894000e+03 5.054000e-01
4.895000e+03 5.052000e-01
4.896000e+03 5.058000e-01
4.897000e+03 5.068000e-01
4.898000e+03 5.065000e-01
4.899000e+03 5.074000e-01
4.900000e+03 5.077000e-01
4.901000e+03 5.079000e-01
4.902000e+03 5.081000e-01
4.903000e+03 5.091000e-01
4.904000e+03 5.088000e-01
4.905000e+03 5.089000e-01
4.906000e+03 5.095000e-01
4.907000e+03 5.100000e-01
4.908000e+03 5.099000e-01
4.909000e+03 5.106000e-01
4.910000e+03 5.109000e-01
4.911000e+03 5.109000e-01
4.912000e+03 5.107000e-01
4.913000e+03 5.112000e-01
4.914000e+03 5.119000e-01
4.915000e+03 5.115000e-01
4.916000e+03 5.119000e-01
4.917000e+03 5.115000e-01
4.918000e+03 5.120000e-01
4.919000e+03 5.126000e-01
4.920000e+03 5.122000e-01
4.921000e+03 5.128000e-01
4.922000e+03 5.127000e-01
4.923000e+03 5.127000e-01
4.924000e+03 5.125000e-01
4.925000e+03 5.132000e-01
4.926000e+03 5.126000e-01
4.927000e+03 5.123000e-01
4.928000e+03 5.121000e-01
4.929000e+03 5.124000e-01
4.930000e+03 5.133000e-01
4.931000e+03 5.127000e-01
4.932000e+03 5.131000e-01
4.933000e+03 5.129000e-01
4.934000e+03 5.127000e-01
4.935000e+03 5.126000e-01
4.936000e+03 5.126000e-01
4.937000e+03 5.129000e-01
4.938000e+03 5.125000e-01
4.939000e+03 5.124000e-01
4.940000e+03 5.129000e-01
4.941000e+03 5.119000e-01
4.942000e+03 5.127000e-01
4.943000e+03 5.125000e-01
4.944000e+03 5.123000e-01
4.945000e+03 5.117000e-01
4.946000e+03 5.120000e-01
4.947000e+03 5.122000e-01
4.948000e+03 5.120000e-01
4.949000e+03 5.118000e-01
4.950000e+03 5.114000e-01
4.951000e+03 5.112000e-01
4.952000e+03 5.109000e-01
4.953000e+03 5.108000e-01
4.954000e+03 5.112000e-01
4.955000e+03 5.110000e-01
4.956000e+03 5.111000e-01
4.957000e+03 5.109000e-01
4.958000e+03 5.104000e-01
4.959000e+03 5.103000e-01
4.960000e+03 5.101000e-01
4.961000e+03 5.103000e-01
4.962000e+03 5.102000e-01
4.963000e+03 5.092000e-01
4.964000e+03 5.089000e-01
4.965000e+03 5.074000e-01
4.966000e+03 5.053000e-01
4.967000e+03 5.025000e-01
4.968000e+03 4.988000e-01
4.969000e+03 4.937000e-01
4.970000e+03 4.874000e-01
4.971000e+03 4.787000e-01
4.972000e+03 4.685000e-01
4.973000e+03 4.547000e-01
4.974000e+03 4.395000e-01
4.975000e+03 4.192000e-01
4.976000e+03 3.991000e-01
4.977000e+03 3.745000e-01
4.978000e+03 3.496000e-01
4.979000e+03 3.212000e-01
4.980000e+03 2.932000e-01
4.981000e+03 2.649000e-01
4.982000e+03 2.376000e-01
4.983000e+03 2.116000e-01
4.984000e+03 1.852000e-01
4.985000e+03 1.628000e-01
4.986000e+03 1.411000e-01
4.987000e+03 1.226000e-01
4.988000e+03 1.043000e-01
4.989000e+03 9.050000e-02
4.990000e+03 7.750000e-02
4.991000e+03 6.710000e-02
4.992000e+03 5.740000e-02
4.993000e+03 4.910000e-02
4.994000e+03 4.230000e-02
4.995000e+03 3.660000e-02
4.996000e+03 3.160000e-02
4.997000e+03 2.710000e-02
4.998000e+03 2.340000e-02
4.999000e+03 2.010000e-02
5.000000e+03 1.750000e-02
5.001000e+03 1.500000e-02
5.002000e+03 1.320000e-02
5.003000e+03 1.140000e-02
5.004000e+03 1.010000e-02
5.005000e+03 8.700000e-03
5.006000e+03 7.700000e-03
5.007000e+03 6.700000e-03
5.008000e+03 5.900000e-03
5.009000e+03 5.200000e-03
5.010000e+03 4.600000e-03
5.011000e+03 4.100000e-03
5.012000e+03 3.600000e-03
5.013000e+03 3.200000e-03
5.014000e+03 2.800000e-03
5.015000e+03 2.500000e-03
5.016000e+03 2.200000e-03
5.017000e+03 2.000000e-03
5.018000e+03 1.800000e-03
5.019000e+03 1.600000e-03
5.020000e+03 1.400000e-03
5.021000e+03 1.300000e-03
5.022000e+03 1.200000e-03
5.023000e+03 1.000000e-03
5.024000e+03 9.000000e-04
5.025000e+03 8.000000e-04
5.026000e+03 8.000000e-04
5.027000e+03 7.000000e-04
5.028000e+03 6.000000e-04
5.029000e+03 6.000000e-04
5.030000e+03 5.000000e-04
5.031000e+03 5.000000e-04
5.032000e+03 4.000000e-04
5.033000e+03 4.000000e-04
5.034000e+03 3.000000e-04
5.035000e+03 3.000000e-04
5.036000e+03 3.000000e-04
5.037000e+03 3.000000e-04
5.038000e+03 2.000000e-04
5.039000e+03 2.000000e-04
5.040000e+03 2.000000e-04
5.041000e+03 2.000000e-04
5.042000e+03 2.000000e-04
5.043000e+03 2.000000e-04
5.044000e+03 1.000000e-04
5.045000e+03 1.000000e-04
5.046000e+03 1.000000e-04
5.047000e+03 1.000000e-04
5.048000e+03 1.000000e-04
5.049000e+03 1.000000e-04
5.050000e+03 1.000000e-04
5.051000e+03 1.000000e-04
5.052000e+03 1.000000e-04
5.053000e+03 1.000000e-04
5.054000e+03 1.000000e-04
5.055000e+03 1.000000e-04
5.056000e+03 1.000000e-04
5.057000e+03 1.000000e-04
