# # Wavelength(Angstrom)  Transmission
8.901000e+03 5.000000e-04
8.902000e+03 1.600000e-03
8.903000e+03 3.000000e-04
8.904000e+03 0.000000e+00
8.905000e+03 0.000000e+00
8.906000e+03 0.000000e+00
8.907000e+03 7.000000e-04
8.908000e+03 0.000000e+00
8.909000e+03 0.000000e+00
8.910000e+03 3.000000e-04
8.911000e+03 3.000000e-04
8.912000e+03 0.000000e+00
8.913000e+03 9.000000e-04
8.914000e+03 0.000000e+00
8.915000e+03 7.000000e-04
8.916000e+03 0.000000e+00
8.917000e+03 0.000000e+00
8.918000e+03 0.000000e+00
8.919000e+03 0.000000e+00
8.920000e+03 3.000000e-04
8.921000e+03 0.000000e+00
8.922000e+03 0.000000e+00
8.923000e+03 5.000000e-04
8.924000e+03 0.000000e+00
8.925000e+03 0.000000e+00
8.926000e+03 0.000000e+00
8.927000e+03 3.000000e-04
8.928000e+03 0.000000e+00
8.929000e+03 7.000000e-04
8.930000e+03 1.100000e-03
8.931000e+03 0.000000e+00
8.932000e+03 0.000000e+00
8.933000e+03 6.000000e-04
8.934000e+03 0.000000e+00
8.935000e+03 4.000000e-04
8.936000e+03 2.000000e-04
8.937000e+03 0.000000e+00
8.938000e+03 7.000000e-04
8.939000e+03 0.000000e+00
8.940000e+03 1.400000e-03
8.941000e+03 5.000000e-04
8.942000e+03 1.000000e-04
8.943000e+03 0.000000e+00
8.944000e+03 0.000000e+00
8.945000e+03 0.000000e+00
8.946000e+03 5.000000e-04
8.947000e+03 0.000000e+00
8.948000e+03 3.000000e-04
8.949000e+03 1.200000e-03
8.950000e+03 8.000000e-04
8.951000e+03 7.000000e-04
8.952000e+03 0.000000e+00
8.953000e+03 1.900000e-03
8.954000e+03 5.000000e-04
8.955000e+03 0.000000e+00
8.956000e+03 0.000000e+00
8.957000e+03 9.000000e-04
8.958000e+03 1.000000e-04
8.959000e+03 0.000000e+00
8.960000e+03 0.000000e+00
8.961000e+03 3.000000e-04
8.962000e+03 0.000000e+00
8.963000e+03 0.000000e+00
8.964000e+03 9.000000e-04
8.965000e+03 3.000000e-04
8.966000e+03 0.000000e+00
8.967000e+03 8.000000e-04
8.968000e+03 0.000000e+00
8.969000e+03 0.000000e+00
8.970000e+03 0.000000e+00
8.971000e+03 0.000000e+00
8.972000e+03 0.000000e+00
8.973000e+03 0.000000e+00
8.974000e+03 0.000000e+00
8.975000e+03 2.100000e-03
8.976000e+03 0.000000e+00
8.977000e+03 4.000000e-04
8.978000e+03 0.000000e+00
8.979000e+03 0.000000e+00
8.980000e+03 1.800000e-03
8.981000e+03 9.000000e-04
8.982000e+03 0.000000e+00
8.983000e+03 0.000000e+00
8.984000e+03 1.400000e-03
8.985000e+03 0.000000e+00
8.986000e+03 0.000000e+00
8.987000e+03 2.100000e-03
8.988000e+03 6.000000e-04
8.989000e+03 0.000000e+00
8.990000e+03 1.600000e-03
8.991000e+03 2.000000e-03
8.992000e+03 1.900000e-03
8.993000e+03 1.100000e-03
8.994000e+03 1.600000e-03
8.995000e+03 8.000000e-04
8.996000e+03 1.400000e-03
8.997000e+03 1.700000e-03
8.998000e+03 3.900000e-03
8.999000e+03 1.900000e-03
9.000000e+03 1.000000e-04
9.001000e+03 0.000000e+00
9.002000e+03 0.000000e+00
9.003000e+03 0.000000e+00
9.004000e+03 0.000000e+00
9.005000e+03 0.000000e+00
9.006000e+03 0.000000e+00
9.007000e+03 1.000000e-04
9.008000e+03 0.000000e+00
9.009000e+03 1.000000e-04
9.010000e+03 1.000000e-04
9.011000e+03 0.000000e+00
9.012000e+03 0.000000e+00
9.013000e+03 0.000000e+00
9.014000e+03 1.000000e-04
9.015000e+03 1.000000e-04
9.016000e+03 1.000000e-04
9.017000e+03 1.000000e-04
9.018000e+03 1.000000e-04
9.019000e+03 1.000000e-04
9.020000e+03 1.000000e-04
9.021000e+03 1.000000e-04
9.022000e+03 1.000000e-04
9.023000e+03 1.000000e-04
9.024000e+03 1.000000e-04
9.025000e+03 1.000000e-04
9.026000e+03 1.000000e-04
9.027000e+03 1.000000e-04
9.028000e+03 1.000000e-04
9.029000e+03 1.000000e-04
9.030000e+03 1.000000e-04
9.031000e+03 1.000000e-04
9.032000e+03 1.000000e-04
9.033000e+03 1.000000e-04
9.034000e+03 1.000000e-04
9.035000e+03 2.000000e-04
9.036000e+03 2.000000e-04
9.037000e+03 2.000000e-04
9.038000e+03 1.000000e-04
9.039000e+03 2.000000e-04
9.040000e+03 2.000000e-04
9.041000e+03 2.000000e-04
9.042000e+03 2.000000e-04
9.043000e+03 2.000000e-04
9.044000e+03 2.000000e-04
9.045000e+03 3.000000e-04
9.046000e+03 3.000000e-04
9.047000e+03 3.000000e-04
9.048000e+03 3.000000e-04
9.049000e+03 3.000000e-04
9.050000e+03 4.000000e-04
9.051000e+03 4.000000e-04
9.052000e+03 4.000000e-04
9.053000e+03 5.000000e-04
9.054000e+03 5.000000e-04
9.055000e+03 5.000000e-04
9.056000e+03 5.000000e-04
9.057000e+03 5.000000e-04
9.058000e+03 6.000000e-04
9.059000e+03 6.000000e-04
9.060000e+03 6.000000e-04
9.061000e+03 6.000000e-04
9.062000e+03 8.000000e-04
9.063000e+03 8.000000e-04
9.064000e+03 9.000000e-04
9.065000e+03 9.000000e-04
9.066000e+03 9.000000e-04
9.067000e+03 1.000000e-03
9.068000e+03 1.000000e-03
9.069000e+03 1.100000e-03
9.070000e+03 1.200000e-03
9.071000e+03 1.300000e-03
9.072000e+03 1.600000e-03
9.073000e+03 1.600000e-03
9.074000e+03 1.700000e-03
9.075000e+03 1.700000e-03
9.076000e+03 1.900000e-03
9.077000e+03 1.900000e-03
9.078000e+03 2.100000e-03
9.079000e+03 2.300000e-03
9.080000e+03 2.400000e-03
9.081000e+03 2.500000e-03
9.082000e+03 2.600000e-03
9.083000e+03 2.800000e-03
9.084000e+03 3.000000e-03
9.085000e+03 3.200000e-03
9.086000e+03 3.400000e-03
9.087000e+03 3.800000e-03
9.088000e+03 4.100000e-03
9.089000e+03 4.500000e-03
9.090000e+03 4.800000e-03
9.091000e+03 5.000000e-03
9.092000e+03 5.700000e-03
9.093000e+03 6.000000e-03
9.094000e+03 6.700000e-03
9.095000e+03 7.000000e-03
9.096000e+03 8.100000e-03
9.097000e+03 8.800000e-03
9.098000e+03 9.500000e-03
9.099000e+03 1.020000e-02
9.100000e+03 1.090000e-02
9.101000e+03 1.210000e-02
9.102000e+03 1.270000e-02
9.103000e+03 1.400000e-02
9.104000e+03 1.460000e-02
9.105000e+03 1.620000e-02
9.106000e+03 1.810000e-02
9.107000e+03 1.910000e-02
9.108000e+03 2.050000e-02
9.109000e+03 2.230000e-02
9.110000e+03 2.500000e-02
9.111000e+03 2.790000e-02
9.112000e+03 2.970000e-02
9.113000e+03 3.280000e-02
9.114000e+03 3.710000e-02
9.115000e+03 4.170000e-02
9.116000e+03 4.450000e-02
9.117000e+03 4.750000e-02
9.118000e+03 5.160000e-02
9.119000e+03 5.690000e-02
9.120000e+03 6.110000e-02
9.121000e+03 6.530000e-02
9.122000e+03 7.120000e-02
9.123000e+03 7.770000e-02
9.124000e+03 8.420000e-02
9.125000e+03 8.940000e-02
9.126000e+03 9.510000e-02
9.127000e+03 1.035000e-01
9.128000e+03 1.110000e-01
9.129000e+03 1.174000e-01
9.130000e+03 1.287000e-01
9.131000e+03 1.401000e-01
9.132000e+03 1.545000e-01
9.133000e+03 1.619000e-01
9.134000e+03 1.734000e-01
9.135000e+03 1.828000e-01
9.136000e+03 1.953000e-01
9.137000e+03 2.062000e-01
9.138000e+03 2.154000e-01
9.139000e+03 2.229000e-01
9.140000e+03 2.315000e-01
9.141000e+03 2.432000e-01
9.142000e+03 2.485000e-01
9.143000e+03 2.531000e-01
9.144000e+03 2.589000e-01
9.145000e+03 2.654000e-01
9.146000e+03 2.712000e-01
9.147000e+03 2.767000e-01
9.148000e+03 2.817000e-01
9.149000e+03 2.890000e-01
9.150000e+03 2.934000e-01
9.151000e+03 2.939000e-01
9.152000e+03 2.999000e-01
9.153000e+03 3.023000e-01
9.154000e+03 3.016000e-01
9.155000e+03 3.050000e-01
9.156000e+03 3.065000e-01
9.157000e+03 3.025000e-01
9.158000e+03 3.091000e-01
9.159000e+03 3.073000e-01
9.160000e+03 3.039000e-01
9.161000e+03 3.035000e-01
9.162000e+03 3.056000e-01
9.163000e+03 3.072000e-01
9.164000e+03 3.046000e-01
9.165000e+03 3.062000e-01
9.166000e+03 3.086000e-01
9.167000e+03 3.055000e-01
9.168000e+03 3.072000e-01
9.169000e+03 3.042000e-01
9.170000e+03 3.044000e-01
9.171000e+03 3.085000e-01
9.172000e+03 3.077000e-01
9.173000e+03 3.062000e-01
9.174000e+03 3.059000e-01
9.175000e+03 3.050000e-01
9.176000e+03 3.048000e-01
9.177000e+03 3.026000e-01
9.178000e+03 3.032000e-01
9.179000e+03 3.024000e-01
9.180000e+03 3.035000e-01
9.181000e+03 3.048000e-01
9.182000e+03 3.069000e-01
9.183000e+03 3.036000e-01
9.184000e+03 3.059000e-01
9.185000e+03 3.059000e-01
9.186000e+03 3.079000e-01
9.187000e+03 3.077000e-01
9.188000e+03 3.053000e-01
9.189000e+03 3.077000e-01
9.190000e+03 3.101000e-01
9.191000e+03 3.089000e-01
9.192000e+03 3.071000e-01
9.193000e+03 3.100000e-01
9.194000e+03 3.081000e-01
9.195000e+03 3.085000e-01
9.196000e+03 3.095000e-01
9.197000e+03 3.090000e-01
9.198000e+03 3.085000e-01
9.199000e+03 3.101000e-01
9.200000e+03 3.086000e-01
9.201000e+03 3.031000e-01
9.202000e+03 3.105000e-01
9.203000e+03 3.093000e-01
9.204000e+03 3.085000e-01
9.205000e+03 3.101000e-01
9.206000e+03 3.092000e-01
9.207000e+03 3.091000e-01
9.208000e+03 3.114000e-01
9.209000e+03 3.085000e-01
9.210000e+03 3.068000e-01
9.211000e+03 3.078000e-01
9.212000e+03 3.120000e-01
9.213000e+03 3.092000e-01
9.214000e+03 3.103000e-01
9.215000e+03 3.079000e-01
9.216000e+03 3.065000e-01
9.217000e+03 3.097000e-01
9.218000e+03 3.084000e-01
9.219000e+03 3.075000e-01
9.220000e+03 3.046000e-01
9.221000e+03 3.081000e-01
9.222000e+03 3.092000e-01
9.223000e+03 3.053000e-01
9.224000e+03 3.059000e-01
9.225000e+03 3.058000e-01
9.226000e+03 3.046000e-01
9.227000e+03 3.013000e-01
9.228000e+03 3.040000e-01
9.229000e+03 3.042000e-01
9.230000e+03 3.006000e-01
9.231000e+03 3.017000e-01
9.232000e+03 3.007000e-01
9.233000e+03 3.007000e-01
9.234000e+03 2.967000e-01
9.235000e+03 2.997000e-01
9.236000e+03 2.972000e-01
9.237000e+03 2.958000e-01
9.238000e+03 2.949000e-01
9.239000e+03 2.965000e-01
9.240000e+03 2.994000e-01
9.241000e+03 2.955000e-01
9.242000e+03 2.906000e-01
9.243000e+03 2.932000e-01
9.244000e+03 2.942000e-01
9.245000e+03 2.861000e-01
9.246000e+03 2.904000e-01
9.247000e+03 2.877000e-01
9.248000e+03 2.881000e-01
9.249000e+03 2.841000e-01
9.250000e+03 2.862000e-01
9.251000e+03 2.832000e-01
9.252000e+03 2.811000e-01
9.253000e+03 2.810000e-01
9.254000e+03 2.832000e-01
9.255000e+03 2.803000e-01
9.256000e+03 2.795000e-01
9.257000e+03 2.759000e-01
9.258000e+03 2.787000e-01
9.259000e+03 2.771000e-01
9.260000e+03 2.781000e-01
9.261000e+03 2.738000e-01
9.262000e+03 2.748000e-01
9.263000e+03 2.714000e-01
9.264000e+03 2.730000e-01
9.265000e+03 2.684000e-01
9.266000e+03 2.687000e-01
9.267000e+03 2.656000e-01
9.268000e+03 2.673000e-01
9.269000e+03 2.634000e-01
9.270000e+03 2.637000e-01
9.271000e+03 2.629000e-01
9.272000e+03 2.613000e-01
9.273000e+03 2.607000e-01
9.274000e+03 2.590000e-01
9.275000e+03 2.549000e-01
9.276000e+03 2.571000e-01
9.277000e+03 2.537000e-01
9.278000e+03 2.545000e-01
9.279000e+03 2.550000e-01
9.280000e+03 2.524000e-01
9.281000e+03 2.493000e-01
9.282000e+03 2.536000e-01
9.283000e+03 2.518000e-01
9.284000e+03 2.497000e-01
9.285000e+03 2.469000e-01
9.286000e+03 2.455000e-01
9.287000e+03 2.444000e-01
9.288000e+03 2.429000e-01
9.289000e+03 2.405000e-01
9.290000e+03 2.408000e-01
9.291000e+03 2.394000e-01
9.292000e+03 2.401000e-01
9.293000e+03 2.348000e-01
9.294000e+03 2.347000e-01
9.295000e+03 2.348000e-01
9.296000e+03 2.337000e-01
9.297000e+03 2.338000e-01
9.298000e+03 2.282000e-01
9.299000e+03 2.286000e-01
9.300000e+03 2.281000e-01
9.301000e+03 2.268000e-01
9.302000e+03 2.255000e-01
9.303000e+03 2.241000e-01
9.304000e+03 2.228000e-01
9.305000e+03 2.214000e-01
9.306000e+03 2.203000e-01
9.307000e+03 2.193000e-01
9.308000e+03 2.182000e-01
9.309000e+03 2.171000e-01
9.310000e+03 2.161000e-01
9.311000e+03 2.150000e-01
9.312000e+03 2.139000e-01
9.313000e+03 2.129000e-01
9.314000e+03 2.118000e-01
9.315000e+03 2.108000e-01
9.316000e+03 2.097000e-01
9.317000e+03 2.087000e-01
9.318000e+03 2.076000e-01
9.319000e+03 2.066000e-01
9.320000e+03 2.055000e-01
9.321000e+03 2.045000e-01
9.322000e+03 2.034000e-01
9.323000e+03 2.024000e-01
9.324000e+03 2.013000e-01
9.325000e+03 2.002000e-01
9.326000e+03 1.992000e-01
9.327000e+03 1.981000e-01
9.328000e+03 1.971000e-01
9.329000e+03 1.960000e-01
9.330000e+03 1.950000e-01
9.331000e+03 1.945000e-01
9.332000e+03 1.940000e-01
9.333000e+03 1.935000e-01
9.334000e+03 1.930000e-01
9.335000e+03 1.925000e-01
9.336000e+03 1.920000e-01
9.337000e+03 1.915000e-01
9.338000e+03 1.910000e-01
9.339000e+03 1.905000e-01
9.340000e+03 1.900000e-01
9.341000e+03 1.895000e-01
9.342000e+03 1.890000e-01
9.343000e+03 1.886000e-01
9.344000e+03 1.881000e-01
9.345000e+03 1.876000e-01
9.346000e+03 1.871000e-01
9.347000e+03 1.866000e-01
9.348000e+03 1.861000e-01
9.349000e+03 1.856000e-01
9.350000e+03 1.851000e-01
9.351000e+03 1.846000e-01
9.352000e+03 1.841000e-01
9.353000e+03 1.836000e-01
9.354000e+03 1.832000e-01
9.355000e+03 1.827000e-01
9.356000e+03 1.827000e-01
9.357000e+03 1.828000e-01
9.358000e+03 1.829000e-01
9.359000e+03 1.829000e-01
9.360000e+03 1.830000e-01
9.361000e+03 1.831000e-01
9.362000e+03 1.831000e-01
9.363000e+03 1.832000e-01
9.364000e+03 1.833000e-01
9.365000e+03 1.833000e-01
9.366000e+03 1.834000e-01
9.367000e+03 1.835000e-01
9.368000e+03 1.835000e-01
9.369000e+03 1.836000e-01
9.370000e+03 1.836000e-01
9.371000e+03 1.837000e-01
9.372000e+03 1.838000e-01
9.373000e+03 1.838000e-01
9.374000e+03 1.839000e-01
9.375000e+03 1.840000e-01
9.376000e+03 1.840000e-01
9.377000e+03 1.841000e-01
9.378000e+03 1.842000e-01
9.379000e+03 1.842000e-01
9.380000e+03 1.843000e-01
9.381000e+03 1.845000e-01
9.382000e+03 1.846000e-01
9.383000e+03 1.848000e-01
9.384000e+03 1.850000e-01
9.385000e+03 1.852000e-01
9.386000e+03 1.853000e-01
9.387000e+03 1.855000e-01
9.388000e+03 1.857000e-01
9.389000e+03 1.859000e-01
9.390000e+03 1.860000e-01
9.391000e+03 1.862000e-01
9.392000e+03 1.863000e-01
9.393000e+03 1.865000e-01
9.394000e+03 1.867000e-01
9.395000e+03 1.868000e-01
9.396000e+03 1.870000e-01
9.397000e+03 1.871000e-01
9.398000e+03 1.873000e-01
9.399000e+03 1.875000e-01
9.400000e+03 1.876000e-01
9.401000e+03 1.879000e-01
9.402000e+03 1.881000e-01
9.403000e+03 1.883000e-01
9.404000e+03 1.885000e-01
9.405000e+03 1.888000e-01
9.406000e+03 1.886000e-01
9.407000e+03 1.884000e-01
9.408000e+03 1.883000e-01
9.409000e+03 1.881000e-01
9.410000e+03 1.879000e-01
9.411000e+03 1.877000e-01
9.412000e+03 1.876000e-01
9.413000e+03 1.874000e-01
9.414000e+03 1.872000e-01
9.415000e+03 1.871000e-01
9.416000e+03 1.869000e-01
9.417000e+03 1.867000e-01
9.418000e+03 1.865000e-01
9.419000e+03 1.864000e-01
9.420000e+03 1.862000e-01
9.421000e+03 1.860000e-01
9.422000e+03 1.859000e-01
9.423000e+03 1.857000e-01
9.424000e+03 1.855000e-01
9.425000e+03 1.853000e-01
9.426000e+03 1.852000e-01
9.427000e+03 1.850000e-01
9.428000e+03 1.848000e-01
9.429000e+03 1.847000e-01
9.430000e+03 1.845000e-01
9.431000e+03 1.840000e-01
9.432000e+03 1.836000e-01
9.433000e+03 1.831000e-01
9.434000e+03 1.826000e-01
9.435000e+03 1.821000e-01
9.436000e+03 1.817000e-01
9.437000e+03 1.812000e-01
9.438000e+03 1.807000e-01
9.439000e+03 1.803000e-01
9.440000e+03 1.798000e-01
9.441000e+03 1.793000e-01
9.442000e+03 1.789000e-01
9.443000e+03 1.784000e-01
9.444000e+03 1.779000e-01
9.445000e+03 1.775000e-01
9.446000e+03 1.770000e-01
9.447000e+03 1.765000e-01
9.448000e+03 1.761000e-01
9.449000e+03 1.756000e-01
9.450000e+03 1.751000e-01
9.451000e+03 1.747000e-01
9.452000e+03 1.742000e-01
9.453000e+03 1.737000e-01
9.454000e+03 1.733000e-01
9.455000e+03 1.728000e-01
9.456000e+03 1.727000e-01
9.457000e+03 1.727000e-01
9.458000e+03 1.726000e-01
9.459000e+03 1.725000e-01
9.460000e+03 1.725000e-01
9.461000e+03 1.724000e-01
9.462000e+03 1.723000e-01
9.463000e+03 1.722000e-01
9.464000e+03 1.722000e-01
9.465000e+03 1.721000e-01
9.466000e+03 1.720000e-01
9.467000e+03 1.720000e-01
9.468000e+03 1.719000e-01
9.469000e+03 1.718000e-01
9.470000e+03 1.717000e-01
9.471000e+03 1.717000e-01
9.472000e+03 1.716000e-01
9.473000e+03 1.715000e-01
9.474000e+03 1.715000e-01
9.475000e+03 1.714000e-01
9.476000e+03 1.713000e-01
9.477000e+03 1.712000e-01
9.478000e+03 1.712000e-01
9.479000e+03 1.711000e-01
9.480000e+03 1.710000e-01
9.481000e+03 1.710000e-01
9.482000e+03 1.711000e-01
9.483000e+03 1.711000e-01
9.484000e+03 1.711000e-01
9.485000e+03 1.711000e-01
9.486000e+03 1.712000e-01
9.487000e+03 1.712000e-01
9.488000e+03 1.712000e-01
9.489000e+03 1.712000e-01
9.490000e+03 1.713000e-01
9.491000e+03 1.713000e-01
9.492000e+03 1.713000e-01
9.493000e+03 1.713000e-01
9.494000e+03 1.713000e-01
9.495000e+03 1.713000e-01
9.496000e+03 1.714000e-01
9.497000e+03 1.714000e-01
9.498000e+03 1.714000e-01
9.499000e+03 1.714000e-01
9.500000e+03 1.714000e-01
9.501000e+03 1.714000e-01
9.502000e+03 1.714000e-01
9.503000e+03 1.714000e-01
9.504000e+03 1.714000e-01
9.505000e+03 1.714000e-01
9.506000e+03 1.712000e-01
9.507000e+03 1.709000e-01
9.508000e+03 1.706000e-01
9.509000e+03 1.704000e-01
9.510000e+03 1.701000e-01
9.511000e+03 1.698000e-01
9.512000e+03 1.696000e-01
9.513000e+03 1.693000e-01
9.514000e+03 1.690000e-01
9.515000e+03 1.688000e-01
9.516000e+03 1.685000e-01
9.517000e+03 1.682000e-01
9.518000e+03 1.680000e-01
9.519000e+03 1.677000e-01
9.520000e+03 1.674000e-01
9.521000e+03 1.672000e-01
9.522000e+03 1.669000e-01
9.523000e+03 1.666000e-01
9.524000e+03 1.664000e-01
9.525000e+03 1.661000e-01
9.526000e+03 1.658000e-01
9.527000e+03 1.656000e-01
9.528000e+03 1.653000e-01
9.529000e+03 1.650000e-01
9.530000e+03 1.648000e-01
9.531000e+03 1.647000e-01
9.532000e+03 1.646000e-01
9.533000e+03 1.644000e-01
9.534000e+03 1.643000e-01
9.535000e+03 1.642000e-01
9.536000e+03 1.641000e-01
9.537000e+03 1.640000e-01
9.538000e+03 1.639000e-01
9.539000e+03 1.638000e-01
9.540000e+03 1.637000e-01
9.541000e+03 1.636000e-01
9.542000e+03 1.635000e-01
9.543000e+03 1.633000e-01
9.544000e+03 1.632000e-01
9.545000e+03 1.631000e-01
9.546000e+03 1.630000e-01
9.547000e+03 1.629000e-01
9.548000e+03 1.628000e-01
9.549000e+03 1.627000e-01
9.550000e+03 1.626000e-01
9.551000e+03 1.624000e-01
9.552000e+03 1.623000e-01
9.553000e+03 1.622000e-01
9.554000e+03 1.621000e-01
9.555000e+03 1.620000e-01
9.556000e+03 1.621000e-01
9.557000e+03 1.622000e-01
9.558000e+03 1.622000e-01
9.559000e+03 1.623000e-01
9.560000e+03 1.624000e-01
9.561000e+03 1.625000e-01
9.562000e+03 1.626000e-01
9.563000e+03 1.627000e-01
9.564000e+03 1.628000e-01
9.565000e+03 1.628000e-01
9.566000e+03 1.629000e-01
9.567000e+03 1.630000e-01
9.568000e+03 1.631000e-01
9.569000e+03 1.632000e-01
9.570000e+03 1.633000e-01
9.571000e+03 1.634000e-01
9.572000e+03 1.634000e-01
9.573000e+03 1.635000e-01
9.574000e+03 1.636000e-01
9.575000e+03 1.637000e-01
9.576000e+03 1.638000e-01
9.577000e+03 1.639000e-01
9.578000e+03 1.640000e-01
9.579000e+03 1.640000e-01
9.580000e+03 1.641000e-01
9.581000e+03 1.642000e-01
9.582000e+03 1.642000e-01
9.583000e+03 1.643000e-01
9.584000e+03 1.643000e-01
9.585000e+03 1.644000e-01
9.586000e+03 1.644000e-01
9.587000e+03 1.645000e-01
9.588000e+03 1.645000e-01
9.589000e+03 1.646000e-01
9.590000e+03 1.646000e-01
9.591000e+03 1.647000e-01
9.592000e+03 1.648000e-01
9.593000e+03 1.648000e-01
9.594000e+03 1.649000e-01
9.595000e+03 1.649000e-01
9.596000e+03 1.650000e-01
9.597000e+03 1.650000e-01
9.598000e+03 1.651000e-01
9.599000e+03 1.651000e-01
9.600000e+03 1.652000e-01
9.601000e+03 1.652000e-01
9.602000e+03 1.653000e-01
9.603000e+03 1.653000e-01
9.604000e+03 1.653000e-01
9.605000e+03 1.654000e-01
9.606000e+03 1.655000e-01
9.607000e+03 1.655000e-01
9.608000e+03 1.656000e-01
9.609000e+03 1.657000e-01
9.610000e+03 1.657000e-01
9.611000e+03 1.658000e-01
9.612000e+03 1.659000e-01
9.613000e+03 1.660000e-01
9.614000e+03 1.660000e-01
9.615000e+03 1.661000e-01
9.616000e+03 1.662000e-01
9.617000e+03 1.662000e-01
9.618000e+03 1.663000e-01
9.619000e+03 1.664000e-01
9.620000e+03 1.665000e-01
9.621000e+03 1.665000e-01
9.622000e+03 1.666000e-01
9.623000e+03 1.667000e-01
9.624000e+03 1.668000e-01
9.625000e+03 1.668000e-01
9.626000e+03 1.669000e-01
9.627000e+03 1.669000e-01
9.628000e+03 1.670000e-01
9.629000e+03 1.670000e-01
9.630000e+03 1.671000e-01
9.631000e+03 1.672000e-01
9.632000e+03 1.673000e-01
9.633000e+03 1.674000e-01
9.634000e+03 1.675000e-01
9.635000e+03 1.677000e-01
9.636000e+03 1.678000e-01
9.637000e+03 1.679000e-01
9.638000e+03 1.680000e-01
9.639000e+03 1.681000e-01
9.640000e+03 1.682000e-01
9.641000e+03 1.683000e-01
9.642000e+03 1.684000e-01
9.643000e+03 1.685000e-01
9.644000e+03 1.687000e-01
9.645000e+03 1.688000e-01
9.646000e+03 1.689000e-01
9.647000e+03 1.690000e-01
9.648000e+03 1.691000e-01
9.649000e+03 1.692000e-01
9.650000e+03 1.693000e-01
9.651000e+03 1.694000e-01
9.652000e+03 1.695000e-01
9.653000e+03 1.696000e-01
9.654000e+03 1.697000e-01
9.655000e+03 1.698000e-01
9.656000e+03 1.698000e-01
9.657000e+03 1.699000e-01
9.658000e+03 1.699000e-01
9.659000e+03 1.699000e-01
9.660000e+03 1.699000e-01
9.661000e+03 1.700000e-01
9.662000e+03 1.700000e-01
9.663000e+03 1.700000e-01
9.664000e+03 1.700000e-01
9.665000e+03 1.701000e-01
9.666000e+03 1.701000e-01
9.667000e+03 1.701000e-01
9.668000e+03 1.701000e-01
9.669000e+03 1.701000e-01
9.670000e+03 1.701000e-01
9.671000e+03 1.701000e-01
9.672000e+03 1.701000e-01
9.673000e+03 1.701000e-01
9.674000e+03 1.702000e-01
9.675000e+03 1.702000e-01
9.676000e+03 1.702000e-01
9.677000e+03 1.702000e-01
9.678000e+03 1.702000e-01
9.679000e+03 1.702000e-01
9.680000e+03 1.702000e-01
9.681000e+03 1.700000e-01
9.682000e+03 1.698000e-01
9.683000e+03 1.696000e-01
9.684000e+03 1.694000e-01
9.685000e+03 1.692000e-01
9.686000e+03 1.690000e-01
9.687000e+03 1.688000e-01
9.688000e+03 1.685000e-01
9.689000e+03 1.683000e-01
9.690000e+03 1.681000e-01
9.691000e+03 1.679000e-01
9.692000e+03 1.677000e-01
9.693000e+03 1.675000e-01
9.694000e+03 1.673000e-01
9.695000e+03 1.671000e-01
9.696000e+03 1.669000e-01
9.697000e+03 1.667000e-01
9.698000e+03 1.664000e-01
9.699000e+03 1.662000e-01
9.700000e+03 1.660000e-01
9.701000e+03 1.658000e-01
9.702000e+03 1.657000e-01
9.703000e+03 1.655000e-01
9.704000e+03 1.653000e-01
9.705000e+03 1.651000e-01
9.706000e+03 1.647000e-01
9.707000e+03 1.643000e-01
9.708000e+03 1.639000e-01
9.709000e+03 1.635000e-01
9.710000e+03 1.631000e-01
9.711000e+03 1.628000e-01
9.712000e+03 1.624000e-01
9.713000e+03 1.620000e-01
9.714000e+03 1.616000e-01
9.715000e+03 1.612000e-01
9.716000e+03 1.608000e-01
9.717000e+03 1.604000e-01
9.718000e+03 1.600000e-01
9.719000e+03 1.596000e-01
9.720000e+03 1.592000e-01
9.721000e+03 1.588000e-01
9.722000e+03 1.585000e-01
9.723000e+03 1.581000e-01
9.724000e+03 1.577000e-01
9.725000e+03 1.573000e-01
9.726000e+03 1.569000e-01
9.727000e+03 1.565000e-01
9.728000e+03 1.561000e-01
9.729000e+03 1.557000e-01
9.730000e+03 1.553000e-01
9.731000e+03 1.550000e-01
9.732000e+03 1.547000e-01
9.733000e+03 1.543000e-01
9.734000e+03 1.540000e-01
9.735000e+03 1.537000e-01
9.736000e+03 1.533000e-01
9.737000e+03 1.530000e-01
9.738000e+03 1.527000e-01
9.739000e+03 1.524000e-01
9.740000e+03 1.520000e-01
9.741000e+03 1.517000e-01
9.742000e+03 1.514000e-01
9.743000e+03 1.510000e-01
9.744000e+03 1.507000e-01
9.745000e+03 1.504000e-01
9.746000e+03 1.500000e-01
9.747000e+03 1.497000e-01
9.748000e+03 1.494000e-01
9.749000e+03 1.491000e-01
9.750000e+03 1.487000e-01
9.751000e+03 1.484000e-01
9.752000e+03 1.480000e-01
9.753000e+03 1.477000e-01
9.754000e+03 1.473000e-01
9.755000e+03 1.470000e-01
9.756000e+03 1.468000e-01
9.757000e+03 1.466000e-01
9.758000e+03 1.464000e-01
9.759000e+03 1.462000e-01
9.760000e+03 1.460000e-01
9.761000e+03 1.458000e-01
9.762000e+03 1.455000e-01
9.763000e+03 1.453000e-01
9.764000e+03 1.451000e-01
9.765000e+03 1.449000e-01
9.766000e+03 1.447000e-01
9.767000e+03 1.445000e-01
9.768000e+03 1.443000e-01
9.769000e+03 1.441000e-01
9.770000e+03 1.439000e-01
9.771000e+03 1.437000e-01
9.772000e+03 1.435000e-01
9.773000e+03 1.432000e-01
9.774000e+03 1.430000e-01
9.775000e+03 1.428000e-01
9.776000e+03 1.426000e-01
9.777000e+03 1.424000e-01
9.778000e+03 1.422000e-01
9.779000e+03 1.420000e-01
9.780000e+03 1.418000e-01
9.781000e+03 1.416000e-01
9.782000e+03 1.415000e-01
9.783000e+03 1.413000e-01
9.784000e+03 1.412000e-01
9.785000e+03 1.410000e-01
9.786000e+03 1.409000e-01
9.787000e+03 1.407000e-01
9.788000e+03 1.406000e-01
9.789000e+03 1.404000e-01
9.790000e+03 1.403000e-01
9.791000e+03 1.402000e-01
9.792000e+03 1.400000e-01
9.793000e+03 1.399000e-01
9.794000e+03 1.397000e-01
9.795000e+03 1.396000e-01
9.796000e+03 1.394000e-01
9.797000e+03 1.393000e-01
9.798000e+03 1.391000e-01
9.799000e+03 1.390000e-01
9.800000e+03 1.389000e-01
9.801000e+03 1.387000e-01
9.802000e+03 1.386000e-01
9.803000e+03 1.385000e-01
9.804000e+03 1.384000e-01
9.805000e+03 1.383000e-01
9.806000e+03 1.381000e-01
9.807000e+03 1.380000e-01
9.808000e+03 1.379000e-01
9.809000e+03 1.378000e-01
9.810000e+03 1.377000e-01
9.811000e+03 1.376000e-01
9.812000e+03 1.374000e-01
9.813000e+03 1.373000e-01
9.814000e+03 1.372000e-01
9.815000e+03 1.371000e-01
9.816000e+03 1.370000e-01
9.817000e+03 1.369000e-01
9.818000e+03 1.367000e-01
9.819000e+03 1.366000e-01
9.820000e+03 1.365000e-01
9.821000e+03 1.364000e-01
9.822000e+03 1.363000e-01
9.823000e+03 1.362000e-01
9.824000e+03 1.361000e-01
9.825000e+03 1.359000e-01
9.826000e+03 1.358000e-01
9.827000e+03 1.357000e-01
9.828000e+03 1.356000e-01
9.829000e+03 1.355000e-01
9.830000e+03 1.354000e-01
9.831000e+03 1.352000e-01
9.832000e+03 1.350000e-01
9.833000e+03 1.348000e-01
9.834000e+03 1.347000e-01
9.835000e+03 1.345000e-01
9.836000e+03 1.343000e-01
9.837000e+03 1.341000e-01
9.838000e+03 1.340000e-01
9.839000e+03 1.338000e-01
9.840000e+03 1.336000e-01
9.841000e+03 1.334000e-01
9.842000e+03 1.333000e-01
9.843000e+03 1.331000e-01
9.844000e+03 1.329000e-01
9.845000e+03 1.327000e-01
9.846000e+03 1.326000e-01
9.847000e+03 1.324000e-01
9.848000e+03 1.322000e-01
9.849000e+03 1.320000e-01
9.850000e+03 1.319000e-01
9.851000e+03 1.317000e-01
9.852000e+03 1.315000e-01
9.853000e+03 1.313000e-01
9.854000e+03 1.311000e-01
9.855000e+03 1.310000e-01
9.856000e+03 1.307000e-01
9.857000e+03 1.304000e-01
9.858000e+03 1.302000e-01
9.859000e+03 1.299000e-01
9.860000e+03 1.296000e-01
9.861000e+03 1.294000e-01
9.862000e+03 1.291000e-01
9.863000e+03 1.289000e-01
9.864000e+03 1.286000e-01
9.865000e+03 1.283000e-01
9.866000e+03 1.281000e-01
9.867000e+03 1.278000e-01
9.868000e+03 1.275000e-01
9.869000e+03 1.273000e-01
9.870000e+03 1.270000e-01
9.871000e+03 1.268000e-01
9.872000e+03 1.265000e-01
9.873000e+03 1.262000e-01
9.874000e+03 1.260000e-01
9.875000e+03 1.257000e-01
9.876000e+03 1.254000e-01
9.877000e+03 1.252000e-01
9.878000e+03 1.249000e-01
9.879000e+03 1.246000e-01
9.880000e+03 1.244000e-01
9.881000e+03 1.241000e-01
9.882000e+03 1.238000e-01
9.883000e+03 1.236000e-01
9.884000e+03 1.233000e-01
9.885000e+03 1.230000e-01
9.886000e+03 1.227000e-01
9.887000e+03 1.225000e-01
9.888000e+03 1.222000e-01
9.889000e+03 1.219000e-01
9.890000e+03 1.217000e-01
9.891000e+03 1.214000e-01
9.892000e+03 1.211000e-01
9.893000e+03 1.208000e-01
9.894000e+03 1.206000e-01
9.895000e+03 1.203000e-01
9.896000e+03 1.200000e-01
9.897000e+03 1.197000e-01
9.898000e+03 1.195000e-01
9.899000e+03 1.192000e-01
9.900000e+03 1.189000e-01
9.901000e+03 1.187000e-01
9.902000e+03 1.184000e-01
9.903000e+03 1.182000e-01
9.904000e+03 1.179000e-01
9.905000e+03 1.176000e-01
9.906000e+03 1.174000e-01
9.907000e+03 1.171000e-01
9.908000e+03 1.169000e-01
9.909000e+03 1.166000e-01
9.910000e+03 1.163000e-01
9.911000e+03 1.161000e-01
9.912000e+03 1.158000e-01
9.913000e+03 1.156000e-01
9.914000e+03 1.153000e-01
9.915000e+03 1.151000e-01
9.916000e+03 1.148000e-01
9.917000e+03 1.145000e-01
9.918000e+03 1.143000e-01
9.919000e+03 1.140000e-01
9.920000e+03 1.138000e-01
9.921000e+03 1.135000e-01
9.922000e+03 1.132000e-01
9.923000e+03 1.130000e-01
9.924000e+03 1.127000e-01
9.925000e+03 1.125000e-01
9.926000e+03 1.122000e-01
9.927000e+03 1.120000e-01
9.928000e+03 1.117000e-01
9.929000e+03 1.114000e-01
9.930000e+03 1.112000e-01
9.931000e+03 1.109000e-01
9.932000e+03 1.107000e-01
9.933000e+03 1.104000e-01
9.934000e+03 1.101000e-01
9.935000e+03 1.099000e-01
9.936000e+03 1.096000e-01
9.937000e+03 1.094000e-01
9.938000e+03 1.091000e-01
9.939000e+03 1.089000e-01
9.940000e+03 1.086000e-01
9.941000e+03 1.083000e-01
9.942000e+03 1.081000e-01
9.943000e+03 1.078000e-01
9.944000e+03 1.076000e-01
9.945000e+03 1.073000e-01
9.946000e+03 1.071000e-01
9.947000e+03 1.068000e-01
9.948000e+03 1.065000e-01
9.949000e+03 1.063000e-01
9.950000e+03 1.060000e-01
9.951000e+03 1.058000e-01
9.952000e+03 1.055000e-01
9.953000e+03 1.052000e-01
9.954000e+03 1.050000e-01
9.955000e+03 1.047000e-01
9.956000e+03 1.045000e-01
9.957000e+03 1.042000e-01
9.958000e+03 1.040000e-01
9.959000e+03 1.037000e-01
9.960000e+03 1.034000e-01
9.961000e+03 1.032000e-01
9.962000e+03 1.029000e-01
9.963000e+03 1.027000e-01
9.964000e+03 1.024000e-01
9.965000e+03 1.022000e-01
9.966000e+03 1.019000e-01
9.967000e+03 1.016000e-01
9.968000e+03 1.014000e-01
9.969000e+03 1.011000e-01
9.970000e+03 1.009000e-01
9.971000e+03 1.006000e-01
9.972000e+03 1.004000e-01
9.973000e+03 1.001000e-01
9.974000e+03 9.980000e-02
9.975000e+03 9.960000e-02
9.976000e+03 9.930000e-02
9.977000e+03 9.910000e-02
9.978000e+03 9.880000e-02
9.979000e+03 9.860000e-02
9.980000e+03 9.830000e-02
9.981000e+03 9.800000e-02
9.982000e+03 9.780000e-02
9.983000e+03 9.750000e-02
9.984000e+03 9.730000e-02
9.985000e+03 9.700000e-02
9.986000e+03 9.680000e-02
9.987000e+03 9.650000e-02
9.988000e+03 9.630000e-02
9.989000e+03 9.600000e-02
9.990000e+03 9.570000e-02
9.991000e+03 9.550000e-02
9.992000e+03 9.520000e-02
9.993000e+03 9.500000e-02
9.994000e+03 9.470000e-02
9.995000e+03 9.440000e-02
9.996000e+03 9.420000e-02
9.997000e+03 9.390000e-02
9.998000e+03 9.360000e-02
9.999000e+03 9.340000e-02
1.000000e+04 9.310000e-02
1.000100e+04 9.290000e-02
1.000200e+04 9.270000e-02
1.000300e+04 9.240000e-02
1.000400e+04 9.220000e-02
1.000500e+04 9.200000e-02
1.000600e+04 9.170000e-02
1.000700e+04 9.150000e-02
1.000800e+04 9.130000e-02
1.000900e+04 9.110000e-02
1.001000e+04 9.080000e-02
1.001100e+04 9.060000e-02
1.001200e+04 9.040000e-02
1.001300e+04 9.020000e-02
1.001400e+04 8.990000e-02
1.001500e+04 8.970000e-02
1.001600e+04 8.950000e-02
1.001700e+04 8.920000e-02
1.001800e+04 8.900000e-02
1.001900e+04 8.880000e-02
1.002000e+04 8.860000e-02
1.002100e+04 8.830000e-02
1.002200e+04 8.810000e-02
1.002300e+04 8.790000e-02
1.002400e+04 8.760000e-02
1.002500e+04 8.740000e-02
1.002600e+04 8.720000e-02
1.002700e+04 8.700000e-02
1.002800e+04 8.670000e-02
1.002900e+04 8.650000e-02
1.003000e+04 8.630000e-02
1.003100e+04 8.600000e-02
1.003200e+04 8.580000e-02
1.003300e+04 8.560000e-02
1.003400e+04 8.540000e-02
1.003500e+04 8.510000e-02
1.003600e+04 8.490000e-02
1.003700e+04 8.470000e-02
1.003800e+04 8.450000e-02
1.003900e+04 8.420000e-02
1.004000e+04 8.400000e-02
1.004100e+04 8.380000e-02
1.004200e+04 8.350000e-02
1.004300e+04 8.330000e-02
1.004400e+04 8.310000e-02
1.004500e+04 8.290000e-02
1.004600e+04 8.260000e-02
1.004700e+04 8.240000e-02
1.004800e+04 8.220000e-02
1.004900e+04 8.200000e-02
1.005000e+04 8.170000e-02
1.005100e+04 8.150000e-02
1.005200e+04 8.130000e-02
1.005300e+04 8.100000e-02
1.005400e+04 8.080000e-02
1.005500e+04 8.060000e-02
1.005600e+04 8.040000e-02
1.005700e+04 8.010000e-02
1.005800e+04 7.990000e-02
1.005900e+04 7.970000e-02
1.006000e+04 7.940000e-02
1.006100e+04 7.920000e-02
1.006200e+04 7.900000e-02
1.006300e+04 7.880000e-02
1.006400e+04 7.850000e-02
1.006500e+04 7.830000e-02
1.006600e+04 7.810000e-02
1.006700e+04 7.790000e-02
1.006800e+04 7.760000e-02
1.006900e+04 7.740000e-02
1.007000e+04 7.720000e-02
1.007100e+04 7.690000e-02
1.007200e+04 7.670000e-02
1.007300e+04 7.650000e-02
1.007400e+04 7.630000e-02
1.007500e+04 7.600000e-02
1.007600e+04 7.580000e-02
1.007700e+04 7.560000e-02
1.007800e+04 7.540000e-02
1.007900e+04 7.510000e-02
1.008000e+04 7.490000e-02
1.008100e+04 7.470000e-02
1.008200e+04 7.440000e-02
1.008300e+04 7.420000e-02
1.008400e+04 7.400000e-02
1.008500e+04 7.380000e-02
1.008600e+04 7.350000e-02
1.008700e+04 7.330000e-02
1.008800e+04 7.310000e-02
1.008900e+04 7.290000e-02
1.009000e+04 7.260000e-02
1.009100e+04 7.240000e-02
1.009200e+04 7.220000e-02
1.009300e+04 7.200000e-02
1.009400e+04 7.170000e-02
1.009500e+04 7.150000e-02
1.009600e+04 7.130000e-02
1.009700e+04 7.110000e-02
1.009800e+04 7.080000e-02
1.009900e+04 7.060000e-02
1.010000e+04 7.040000e-02
1.010100e+04 7.020000e-02
1.010200e+04 7.000000e-02
1.010300e+04 6.980000e-02
1.010400e+04 6.960000e-02
1.010500e+04 6.940000e-02
1.010600e+04 6.930000e-02
1.010700e+04 6.910000e-02
1.010800e+04 6.890000e-02
1.010900e+04 6.870000e-02
1.011000e+04 6.850000e-02
1.011100e+04 6.830000e-02
1.011200e+04 6.810000e-02
1.011300e+04 6.790000e-02
1.011400e+04 6.780000e-02
1.011500e+04 6.760000e-02
1.011600e+04 6.740000e-02
1.011700e+04 6.720000e-02
1.011800e+04 6.700000e-02
1.011900e+04 6.680000e-02
1.012000e+04 6.660000e-02
1.012100e+04 6.650000e-02
1.012200e+04 6.630000e-02
1.012300e+04 6.610000e-02
1.012400e+04 6.590000e-02
1.012500e+04 6.570000e-02
1.012600e+04 6.550000e-02
1.012700e+04 6.530000e-02
1.012800e+04 6.510000e-02
1.012900e+04 6.500000e-02
1.013000e+04 6.480000e-02
1.013100e+04 6.460000e-02
1.013200e+04 6.440000e-02
1.013300e+04 6.420000e-02
1.013400e+04 6.400000e-02
1.013500e+04 6.380000e-02
1.013600e+04 6.370000e-02
1.013700e+04 6.350000e-02
1.013800e+04 6.330000e-02
1.013900e+04 6.310000e-02
1.014000e+04 6.290000e-02
1.014100e+04 6.270000e-02
1.014200e+04 6.250000e-02
1.014300e+04 6.240000e-02
1.014400e+04 6.220000e-02
1.014500e+04 6.200000e-02
1.014600e+04 6.180000e-02
1.014700e+04 6.160000e-02
1.014800e+04 6.140000e-02
1.014900e+04 6.120000e-02
1.015000e+04 6.110000e-02
1.015100e+04 6.090000e-02
1.015200e+04 6.070000e-02
1.015300e+04 6.050000e-02
1.015400e+04 6.030000e-02
1.015500e+04 6.010000e-02
1.015600e+04 5.990000e-02
1.015700e+04 5.980000e-02
1.015800e+04 5.960000e-02
1.015900e+04 5.940000e-02
1.016000e+04 5.920000e-02
1.016100e+04 5.900000e-02
1.016200e+04 5.880000e-02
1.016300e+04 5.860000e-02
1.016400e+04 5.850000e-02
1.016500e+04 5.830000e-02
1.016600e+04 5.810000e-02
1.016700e+04 5.790000e-02
1.016800e+04 5.770000e-02
1.016900e+04 5.750000e-02
1.017000e+04 5.740000e-02
1.017100e+04 5.720000e-02
1.017200e+04 5.700000e-02
1.017300e+04 5.680000e-02
1.017400e+04 5.660000e-02
1.017500e+04 5.640000e-02
1.017600e+04 5.620000e-02
1.017700e+04 5.610000e-02
1.017800e+04 5.590000e-02
1.017900e+04 5.570000e-02
1.018000e+04 5.550000e-02
1.018100e+04 5.530000e-02
1.018200e+04 5.510000e-02
1.018300e+04 5.500000e-02
1.018400e+04 5.480000e-02
1.018500e+04 5.460000e-02
1.018600e+04 5.440000e-02
1.018700e+04 5.420000e-02
1.018800e+04 5.400000e-02
1.018900e+04 5.380000e-02
1.019000e+04 5.370000e-02
1.019100e+04 5.350000e-02
1.019200e+04 5.330000e-02
1.019300e+04 5.310000e-02
1.019400e+04 5.290000e-02
1.019500e+04 5.270000e-02
1.019600e+04 5.260000e-02
1.019700e+04 5.240000e-02
1.019800e+04 5.220000e-02
1.019900e+04 5.200000e-02
1.020000e+04 5.180000e-02
1.020100e+04 5.170000e-02
1.020200e+04 5.150000e-02
1.020300e+04 5.140000e-02
1.020400e+04 5.120000e-02
1.020500e+04 5.110000e-02
1.020600e+04 5.090000e-02
1.020700e+04 5.080000e-02
1.020800e+04 5.070000e-02
1.020900e+04 5.050000e-02
1.021000e+04 5.040000e-02
1.021100e+04 5.020000e-02
1.021200e+04 5.010000e-02
1.021300e+04 4.990000e-02
1.021400e+04 4.980000e-02
1.021500e+04 4.960000e-02
1.021600e+04 4.950000e-02
1.021700e+04 4.930000e-02
1.021800e+04 4.920000e-02
1.021900e+04 4.910000e-02
1.022000e+04 4.890000e-02
1.022100e+04 4.880000e-02
1.022200e+04 4.860000e-02
1.022300e+04 4.850000e-02
1.022400e+04 4.830000e-02
1.022500e+04 4.820000e-02
1.022600e+04 4.800000e-02
1.022700e+04 4.790000e-02
1.022800e+04 4.780000e-02
1.022900e+04 4.760000e-02
1.023000e+04 4.750000e-02
1.023100e+04 4.730000e-02
1.023200e+04 4.720000e-02
1.023300e+04 4.700000e-02
1.023400e+04 4.690000e-02
1.023500e+04 4.670000e-02
1.023600e+04 4.660000e-02
1.023700e+04 4.640000e-02
1.023800e+04 4.630000e-02
1.023900e+04 4.620000e-02
1.024000e+04 4.600000e-02
1.024100e+04 4.590000e-02
1.024200e+04 4.570000e-02
1.024300e+04 4.560000e-02
1.024400e+04 4.540000e-02
1.024500e+04 4.530000e-02
1.024600e+04 4.510000e-02
1.024700e+04 4.500000e-02
1.024800e+04 4.490000e-02
1.024900e+04 4.470000e-02
1.025000e+04 4.460000e-02
1.025100e+04 4.440000e-02
1.025200e+04 4.430000e-02
1.025300e+04 4.410000e-02
1.025400e+04 4.400000e-02
1.025500e+04 4.380000e-02
1.025600e+04 4.370000e-02
1.025700e+04 4.360000e-02
1.025800e+04 4.340000e-02
1.025900e+04 4.330000e-02
1.026000e+04 4.310000e-02
1.026100e+04 4.300000e-02
1.026200e+04 4.280000e-02
1.026300e+04 4.270000e-02
1.026400e+04 4.260000e-02
1.026500e+04 4.240000e-02
1.026600e+04 4.230000e-02
1.026700e+04 4.210000e-02
1.026800e+04 4.200000e-02
1.026900e+04 4.180000e-02
1.027000e+04 4.170000e-02
1.027100e+04 4.150000e-02
1.027200e+04 4.140000e-02
1.027300e+04 4.130000e-02
1.027400e+04 4.110000e-02
1.027500e+04 4.100000e-02
1.027600e+04 4.080000e-02
1.027700e+04 4.070000e-02
1.027800e+04 4.050000e-02
1.027900e+04 4.040000e-02
1.028000e+04 4.020000e-02
1.028100e+04 4.010000e-02
1.028200e+04 4.000000e-02
1.028300e+04 3.980000e-02
1.028400e+04 3.970000e-02
1.028500e+04 3.950000e-02
1.028600e+04 3.940000e-02
1.028700e+04 3.920000e-02
1.028800e+04 3.910000e-02
1.028900e+04 3.890000e-02
1.029000e+04 3.880000e-02
1.029100e+04 3.870000e-02
1.029200e+04 3.850000e-02
1.029300e+04 3.840000e-02
1.029400e+04 3.820000e-02
1.029500e+04 3.810000e-02
1.029600e+04 3.790000e-02
1.029700e+04 3.780000e-02
1.029800e+04 3.770000e-02
1.029900e+04 3.750000e-02
1.030000e+04 3.740000e-02
1.030100e+04 3.720000e-02
1.030200e+04 3.710000e-02
1.030300e+04 3.700000e-02
1.030400e+04 3.690000e-02
1.030500e+04 3.680000e-02
1.030600e+04 3.670000e-02
1.030700e+04 3.650000e-02
1.030800e+04 3.640000e-02
1.030900e+04 3.630000e-02
1.031000e+04 3.620000e-02
1.031100e+04 3.610000e-02
1.031200e+04 3.600000e-02
1.031300e+04 3.580000e-02
1.031400e+04 3.570000e-02
1.031500e+04 3.560000e-02
1.031600e+04 3.550000e-02
1.031700e+04 3.540000e-02
1.031800e+04 3.520000e-02
1.031900e+04 3.510000e-02
1.032000e+04 3.500000e-02
1.032100e+04 3.490000e-02
1.032200e+04 3.480000e-02
1.032300e+04 3.470000e-02
1.032400e+04 3.450000e-02
1.032500e+04 3.440000e-02
1.032600e+04 3.430000e-02
1.032700e+04 3.420000e-02
1.032800e+04 3.410000e-02
1.032900e+04 3.400000e-02
1.033000e+04 3.380000e-02
1.033100e+04 3.370000e-02
1.033200e+04 3.360000e-02
1.033300e+04 3.350000e-02
1.033400e+04 3.340000e-02
1.033500e+04 3.330000e-02
1.033600e+04 3.310000e-02
1.033700e+04 3.300000e-02
1.033800e+04 3.290000e-02
1.033900e+04 3.280000e-02
1.034000e+04 3.270000e-02
1.034100e+04 3.250000e-02
1.034200e+04 3.240000e-02
1.034300e+04 3.230000e-02
1.034400e+04 3.220000e-02
1.034500e+04 3.210000e-02
1.034600e+04 3.200000e-02
1.034700e+04 3.180000e-02
1.034800e+04 3.170000e-02
1.034900e+04 3.160000e-02
1.035000e+04 3.150000e-02
1.035100e+04 3.140000e-02
1.035200e+04 3.130000e-02
1.035300e+04 3.110000e-02
1.035400e+04 3.100000e-02
1.035500e+04 3.090000e-02
1.035600e+04 3.080000e-02
1.035700e+04 3.070000e-02
1.035800e+04 3.060000e-02
1.035900e+04 3.040000e-02
1.036000e+04 3.030000e-02
1.036100e+04 3.020000e-02
1.036200e+04 3.010000e-02
1.036300e+04 3.000000e-02
1.036400e+04 2.990000e-02
1.036500e+04 2.970000e-02
1.036600e+04 2.960000e-02
1.036700e+04 2.950000e-02
1.036800e+04 2.940000e-02
1.036900e+04 2.930000e-02
1.037000e+04 2.920000e-02
1.037100e+04 2.900000e-02
1.037200e+04 2.890000e-02
1.037300e+04 2.880000e-02
1.037400e+04 2.870000e-02
1.037500e+04 2.860000e-02
1.037600e+04 2.850000e-02
1.037700e+04 2.830000e-02
1.037800e+04 2.820000e-02
1.037900e+04 2.810000e-02
1.038000e+04 2.800000e-02
1.038100e+04 2.790000e-02
1.038200e+04 2.780000e-02
1.038300e+04 2.760000e-02
1.038400e+04 2.750000e-02
1.038500e+04 2.740000e-02
1.038600e+04 2.730000e-02
1.038700e+04 2.720000e-02
1.038800e+04 2.710000e-02
1.038900e+04 2.690000e-02
1.039000e+04 2.680000e-02
1.039100e+04 2.670000e-02
1.039200e+04 2.660000e-02
1.039300e+04 2.650000e-02
1.039400e+04 2.640000e-02
1.039500e+04 2.620000e-02
1.039600e+04 2.610000e-02
1.039700e+04 2.600000e-02
1.039800e+04 2.590000e-02
1.039900e+04 2.580000e-02
1.040000e+04 2.570000e-02
1.040100e+04 2.560000e-02
1.040200e+04 2.550000e-02
1.040300e+04 2.540000e-02
1.040400e+04 2.530000e-02
1.040500e+04 2.520000e-02
1.040600e+04 2.510000e-02
1.040700e+04 2.500000e-02
1.040800e+04 2.490000e-02
1.040900e+04 2.480000e-02
1.041000e+04 2.470000e-02
1.041100e+04 2.470000e-02
1.041200e+04 2.460000e-02
1.041300e+04 2.450000e-02
1.041400e+04 2.440000e-02
1.041500e+04 2.430000e-02
1.041600e+04 2.420000e-02
1.041700e+04 2.410000e-02
1.041800e+04 2.400000e-02
1.041900e+04 2.390000e-02
1.042000e+04 2.380000e-02
1.042100e+04 2.370000e-02
1.042200e+04 2.370000e-02
1.042300e+04 2.360000e-02
1.042400e+04 2.350000e-02
1.042500e+04 2.340000e-02
1.042600e+04 2.330000e-02
1.042700e+04 2.320000e-02
1.042800e+04 2.310000e-02
1.042900e+04 2.300000e-02
1.043000e+04 2.290000e-02
1.043100e+04 2.280000e-02
1.043200e+04 2.270000e-02
1.043300e+04 2.270000e-02
1.043400e+04 2.260000e-02
1.043500e+04 2.250000e-02
1.043600e+04 2.240000e-02
1.043700e+04 2.230000e-02
1.043800e+04 2.220000e-02
1.043900e+04 2.210000e-02
1.044000e+04 2.200000e-02
1.044100e+04 2.190000e-02
1.044200e+04 2.180000e-02
1.044300e+04 2.170000e-02
1.044400e+04 2.170000e-02
1.044500e+04 2.160000e-02
1.044600e+04 2.150000e-02
1.044700e+04 2.140000e-02
1.044800e+04 2.130000e-02
1.044900e+04 2.120000e-02
1.045000e+04 2.110000e-02
1.045100e+04 2.100000e-02
1.045200e+04 2.090000e-02
1.045300e+04 2.080000e-02
1.045400e+04 2.070000e-02
1.045500e+04 2.070000e-02
1.045600e+04 2.060000e-02
1.045700e+04 2.050000e-02
1.045800e+04 2.040000e-02
1.045900e+04 2.030000e-02
1.046000e+04 2.020000e-02
1.046100e+04 2.010000e-02
1.046200e+04 2.000000e-02
1.046300e+04 1.990000e-02
1.046400e+04 1.980000e-02
1.046500e+04 1.970000e-02
1.046600e+04 1.970000e-02
1.046700e+04 1.960000e-02
1.046800e+04 1.950000e-02
1.046900e+04 1.940000e-02
1.047000e+04 1.930000e-02
1.047100e+04 1.920000e-02
1.047200e+04 1.910000e-02
1.047300e+04 1.900000e-02
1.047400e+04 1.890000e-02
1.047500e+04 1.880000e-02
1.047600e+04 1.880000e-02
1.047700e+04 1.870000e-02
1.047800e+04 1.860000e-02
1.047900e+04 1.850000e-02
1.048000e+04 1.840000e-02
1.048100e+04 1.830000e-02
1.048200e+04 1.820000e-02
1.048300e+04 1.810000e-02
1.048400e+04 1.800000e-02
1.048500e+04 1.790000e-02
1.048600e+04 1.790000e-02
1.048700e+04 1.780000e-02
1.048800e+04 1.770000e-02
1.048900e+04 1.760000e-02
1.049000e+04 1.750000e-02
1.049100e+04 1.740000e-02
1.049200e+04 1.730000e-02
1.049300e+04 1.720000e-02
1.049400e+04 1.710000e-02
1.049500e+04 1.700000e-02
1.049600e+04 1.690000e-02
1.049700e+04 1.690000e-02
1.049800e+04 1.680000e-02
1.049900e+04 1.670000e-02
1.050000e+04 1.660000e-02
1.050100e+04 1.650000e-02
1.050200e+04 1.650000e-02
1.050300e+04 1.640000e-02
1.050400e+04 1.630000e-02
1.050500e+04 1.630000e-02
1.050600e+04 1.620000e-02
1.050700e+04 1.610000e-02
1.050800e+04 1.610000e-02
1.050900e+04 1.600000e-02
1.051000e+04 1.590000e-02
1.051100e+04 1.590000e-02
1.051200e+04 1.580000e-02
1.051300e+04 1.570000e-02
1.051400e+04 1.570000e-02
1.051500e+04 1.560000e-02
1.051600e+04 1.560000e-02
1.051700e+04 1.550000e-02
1.051800e+04 1.540000e-02
1.051900e+04 1.540000e-02
1.052000e+04 1.530000e-02
1.052100e+04 1.520000e-02
1.052200e+04 1.520000e-02
1.052300e+04 1.510000e-02
1.052400e+04 1.500000e-02
1.052500e+04 1.500000e-02
1.052600e+04 1.490000e-02
1.052700e+04 1.480000e-02
1.052800e+04 1.480000e-02
1.052900e+04 1.470000e-02
1.053000e+04 1.470000e-02
1.053100e+04 1.460000e-02
1.053200e+04 1.450000e-02
1.053300e+04 1.450000e-02
1.053400e+04 1.440000e-02
1.053500e+04 1.430000e-02
1.053600e+04 1.430000e-02
1.053700e+04 1.420000e-02
1.053800e+04 1.410000e-02
1.053900e+04 1.410000e-02
1.054000e+04 1.400000e-02
1.054100e+04 1.390000e-02
1.054200e+04 1.390000e-02
1.054300e+04 1.380000e-02
1.054400e+04 1.380000e-02
1.054500e+04 1.370000e-02
1.054600e+04 1.360000e-02
1.054700e+04 1.360000e-02
1.054800e+04 1.350000e-02
1.054900e+04 1.340000e-02
1.055000e+04 1.340000e-02
1.055100e+04 1.330000e-02
1.055200e+04 1.320000e-02
1.055300e+04 1.320000e-02
1.055400e+04 1.310000e-02
1.055500e+04 1.300000e-02
1.055600e+04 1.300000e-02
1.055700e+04 1.290000e-02
1.055800e+04 1.290000e-02
1.055900e+04 1.280000e-02
1.056000e+04 1.270000e-02
1.056100e+04 1.270000e-02
1.056200e+04 1.260000e-02
1.056300e+04 1.250000e-02
1.056400e+04 1.250000e-02
1.056500e+04 1.240000e-02
1.056600e+04 1.230000e-02
1.056700e+04 1.230000e-02
1.056800e+04 1.220000e-02
1.056900e+04 1.210000e-02
1.057000e+04 1.210000e-02
1.057100e+04 1.200000e-02
1.057200e+04 1.200000e-02
1.057300e+04 1.190000e-02
1.057400e+04 1.180000e-02
1.057500e+04 1.180000e-02
1.057600e+04 1.170000e-02
1.057700e+04 1.160000e-02
1.057800e+04 1.160000e-02
1.057900e+04 1.150000e-02
1.058000e+04 1.140000e-02
1.058100e+04 1.140000e-02
1.058200e+04 1.130000e-02
1.058300e+04 1.130000e-02
1.058400e+04 1.120000e-02
1.058500e+04 1.110000e-02
1.058600e+04 1.110000e-02
1.058700e+04 1.100000e-02
1.058800e+04 1.090000e-02
1.058900e+04 1.090000e-02
1.059000e+04 1.080000e-02
1.059100e+04 1.070000e-02
1.059200e+04 1.070000e-02
1.059300e+04 1.060000e-02
1.059400e+04 1.050000e-02
1.059500e+04 1.050000e-02
1.059600e+04 1.040000e-02
1.059700e+04 1.040000e-02
1.059800e+04 1.030000e-02
1.059900e+04 1.020000e-02
1.060000e+04 1.020000e-02
1.060100e+04 1.010000e-02
1.060200e+04 1.010000e-02
1.060300e+04 1.000000e-02
1.060400e+04 1.000000e-02
1.060500e+04 9.900000e-03
1.060600e+04 9.900000e-03
1.060700e+04 9.800000e-03
1.060800e+04 9.800000e-03
1.060900e+04 9.800000e-03
1.061000e+04 9.700000e-03
1.061100e+04 9.700000e-03
1.061200e+04 9.600000e-03
1.061300e+04 9.600000e-03
1.061400e+04 9.500000e-03
1.061500e+04 9.500000e-03
1.061600e+04 9.400000e-03
1.061700e+04 9.400000e-03
1.061800e+04 9.400000e-03
1.061900e+04 9.300000e-03
1.062000e+04 9.300000e-03
1.062100e+04 9.200000e-03
1.062200e+04 9.200000e-03
1.062300e+04 9.100000e-03
1.062400e+04 9.100000e-03
1.062500e+04 9.000000e-03
1.062600e+04 9.000000e-03
1.062700e+04 9.000000e-03
1.062800e+04 8.900000e-03
1.062900e+04 8.900000e-03
1.063000e+04 8.800000e-03
1.063100e+04 8.800000e-03
1.063200e+04 8.700000e-03
1.063300e+04 8.700000e-03
1.063400e+04 8.600000e-03
1.063500e+04 8.600000e-03
1.063600e+04 8.600000e-03
1.063700e+04 8.500000e-03
1.063800e+04 8.500000e-03
1.063900e+04 8.400000e-03
1.064000e+04 8.400000e-03
1.064100e+04 8.300000e-03
1.064200e+04 8.300000e-03
1.064300e+04 8.200000e-03
1.064400e+04 8.200000e-03
1.064500e+04 8.100000e-03
1.064600e+04 8.100000e-03
1.064700e+04 8.100000e-03
1.064800e+04 8.000000e-03
1.064900e+04 8.000000e-03
1.065000e+04 7.900000e-03
1.065100e+04 7.900000e-03
1.065200e+04 7.800000e-03
1.065300e+04 7.800000e-03
1.065400e+04 7.700000e-03
1.065500e+04 7.700000e-03
1.065600e+04 7.700000e-03
1.065700e+04 7.600000e-03
1.065800e+04 7.600000e-03
1.065900e+04 7.500000e-03
1.066000e+04 7.500000e-03
1.066100e+04 7.400000e-03
1.066200e+04 7.400000e-03
1.066300e+04 7.300000e-03
1.066400e+04 7.300000e-03
1.066500e+04 7.300000e-03
1.066600e+04 7.200000e-03
1.066700e+04 7.200000e-03
1.066800e+04 7.100000e-03
1.066900e+04 7.100000e-03
1.067000e+04 7.000000e-03
1.067100e+04 7.000000e-03
1.067200e+04 6.900000e-03
1.067300e+04 6.900000e-03
1.067400e+04 6.900000e-03
1.067500e+04 6.800000e-03
1.067600e+04 6.800000e-03
1.067700e+04 6.700000e-03
1.067800e+04 6.700000e-03
1.067900e+04 6.600000e-03
1.068000e+04 6.600000e-03
1.068100e+04 6.500000e-03
1.068200e+04 6.500000e-03
1.068300e+04 6.500000e-03
1.068400e+04 6.400000e-03
1.068500e+04 6.400000e-03
1.068600e+04 6.300000e-03
1.068700e+04 6.300000e-03
1.068800e+04 6.200000e-03
1.068900e+04 6.200000e-03
1.069000e+04 6.100000e-03
1.069100e+04 6.100000e-03
1.069200e+04 6.000000e-03
1.069300e+04 6.000000e-03
1.069400e+04 6.000000e-03
1.069500e+04 5.900000e-03
1.069600e+04 5.900000e-03
1.069700e+04 5.800000e-03
1.069800e+04 5.800000e-03
1.069900e+04 5.700000e-03
1.070000e+04 5.700000e-03
1.070100e+04 5.700000e-03
1.070200e+04 5.600000e-03
1.070300e+04 5.600000e-03
1.070400e+04 5.600000e-03
1.070500e+04 5.600000e-03
1.070600e+04 5.500000e-03
1.070700e+04 5.500000e-03
1.070800e+04 5.500000e-03
1.070900e+04 5.500000e-03
1.071000e+04 5.400000e-03
1.071100e+04 5.400000e-03
1.071200e+04 5.400000e-03
1.071300e+04 5.400000e-03
1.071400e+04 5.300000e-03
1.071500e+04 5.300000e-03
1.071600e+04 5.300000e-03
1.071700e+04 5.300000e-03
1.071800e+04 5.200000e-03
1.071900e+04 5.200000e-03
1.072000e+04 5.200000e-03
1.072100e+04 5.200000e-03
1.072200e+04 5.100000e-03
1.072300e+04 5.100000e-03
1.072400e+04 5.100000e-03
1.072500e+04 5.100000e-03
1.072600e+04 5.000000e-03
1.072700e+04 5.000000e-03
1.072800e+04 5.000000e-03
1.072900e+04 5.000000e-03
1.073000e+04 4.900000e-03
1.073100e+04 4.900000e-03
1.073200e+04 4.900000e-03
1.073300e+04 4.900000e-03
1.073400e+04 4.800000e-03
1.073500e+04 4.800000e-03
1.073600e+04 4.800000e-03
1.073700e+04 4.700000e-03
1.073800e+04 4.700000e-03
1.073900e+04 4.700000e-03
1.074000e+04 4.700000e-03
1.074100e+04 4.600000e-03
1.074200e+04 4.600000e-03
1.074300e+04 4.600000e-03
1.074400e+04 4.600000e-03
1.074500e+04 4.500000e-03
1.074600e+04 4.500000e-03
1.074700e+04 4.500000e-03
1.074800e+04 4.500000e-03
1.074900e+04 4.400000e-03
1.075000e+04 4.400000e-03
1.075100e+04 4.400000e-03
1.075200e+04 4.400000e-03
1.075300e+04 4.300000e-03
1.075400e+04 4.300000e-03
1.075500e+04 4.300000e-03
1.075600e+04 4.300000e-03
1.075700e+04 4.200000e-03
1.075800e+04 4.200000e-03
1.075900e+04 4.200000e-03
1.076000e+04 4.200000e-03
1.076100e+04 4.100000e-03
1.076200e+04 4.100000e-03
1.076300e+04 4.100000e-03
1.076400e+04 4.100000e-03
1.076500e+04 4.000000e-03
1.076600e+04 4.000000e-03
1.076700e+04 4.000000e-03
1.076800e+04 4.000000e-03
1.076900e+04 3.900000e-03
1.077000e+04 3.900000e-03
1.077100e+04 3.900000e-03
1.077200e+04 3.900000e-03
1.077300e+04 3.800000e-03
1.077400e+04 3.800000e-03
1.077500e+04 3.800000e-03
1.077600e+04 3.800000e-03
1.077700e+04 3.700000e-03
1.077800e+04 3.700000e-03
1.077900e+04 3.700000e-03
1.078000e+04 3.700000e-03
1.078100e+04 3.600000e-03
1.078200e+04 3.600000e-03
1.078300e+04 3.600000e-03
1.078400e+04 3.600000e-03
1.078500e+04 3.500000e-03
1.078600e+04 3.500000e-03
1.078700e+04 3.500000e-03
1.078800e+04 3.500000e-03
1.078900e+04 3.400000e-03
1.079000e+04 3.400000e-03
1.079100e+04 3.400000e-03
1.079200e+04 3.300000e-03
1.079300e+04 3.300000e-03
1.079400e+04 3.300000e-03
1.079500e+04 3.300000e-03
1.079600e+04 3.200000e-03
1.079700e+04 3.200000e-03
1.079800e+04 3.200000e-03
1.079900e+04 3.200000e-03
1.080000e+04 3.100000e-03
1.080100e+04 3.100000e-03
1.080200e+04 3.100000e-03
1.080300e+04 3.100000e-03
1.080400e+04 3.100000e-03
1.080500e+04 3.100000e-03
1.080600e+04 3.100000e-03
1.080700e+04 3.100000e-03
1.080800e+04 3.000000e-03
1.080900e+04 3.000000e-03
1.081000e+04 3.000000e-03
1.081100e+04 3.000000e-03
1.081200e+04 3.000000e-03
1.081300e+04 3.000000e-03
1.081400e+04 3.000000e-03
1.081500e+04 3.000000e-03
1.081600e+04 2.900000e-03
1.081700e+04 2.900000e-03
1.081800e+04 2.900000e-03
1.081900e+04 2.900000e-03
1.082000e+04 2.900000e-03
1.082100e+04 2.900000e-03
1.082200e+04 2.900000e-03
1.082300e+04 2.900000e-03
1.082400e+04 2.800000e-03
1.082500e+04 2.800000e-03
1.082600e+04 2.800000e-03
1.082700e+04 2.800000e-03
1.082800e+04 2.800000e-03
1.082900e+04 2.800000e-03
1.083000e+04 2.800000e-03
1.083100e+04 2.800000e-03
1.083200e+04 2.700000e-03
1.083300e+04 2.700000e-03
1.083400e+04 2.700000e-03
1.083500e+04 2.700000e-03
1.083600e+04 2.700000e-03
1.083700e+04 2.700000e-03
1.083800e+04 2.700000e-03
1.083900e+04 2.700000e-03
1.084000e+04 2.600000e-03
1.084100e+04 2.600000e-03
1.084200e+04 2.600000e-03
1.084300e+04 2.600000e-03
1.084400e+04 2.600000e-03
1.084500e+04 2.600000e-03
1.084600e+04 2.600000e-03
1.084700e+04 2.500000e-03
1.084800e+04 2.500000e-03
1.084900e+04 2.500000e-03
1.085000e+04 2.500000e-03
1.085100e+04 2.500000e-03
1.085200e+04 2.500000e-03
1.085300e+04 2.500000e-03
1.085400e+04 2.500000e-03
1.085500e+04 2.400000e-03
1.085600e+04 2.400000e-03
1.085700e+04 2.400000e-03
1.085800e+04 2.400000e-03
1.085900e+04 2.400000e-03
1.086000e+04 2.400000e-03
1.086100e+04 2.400000e-03
1.086200e+04 2.400000e-03
1.086300e+04 2.300000e-03
1.086400e+04 2.300000e-03
1.086500e+04 2.300000e-03
1.086600e+04 2.300000e-03
1.086700e+04 2.300000e-03
1.086800e+04 2.300000e-03
1.086900e+04 2.300000e-03
1.087000e+04 2.300000e-03
1.087100e+04 2.200000e-03
1.087200e+04 2.200000e-03
1.087300e+04 2.200000e-03
1.087400e+04 2.200000e-03
1.087500e+04 2.200000e-03
1.087600e+04 2.200000e-03
1.087700e+04 2.200000e-03
1.087800e+04 2.200000e-03
1.087900e+04 2.100000e-03
1.088000e+04 2.100000e-03
1.088100e+04 2.100000e-03
1.088200e+04 2.100000e-03
1.088300e+04 2.100000e-03
1.088400e+04 2.100000e-03
1.088500e+04 2.100000e-03
1.088600e+04 2.100000e-03
1.088700e+04 2.000000e-03
1.088800e+04 2.000000e-03
1.088900e+04 2.000000e-03
1.089000e+04 2.000000e-03
1.089100e+04 2.000000e-03
1.089200e+04 2.000000e-03
1.089300e+04 2.000000e-03
1.089400e+04 2.000000e-03
1.089500e+04 1.900000e-03
1.089600e+04 1.900000e-03
1.089700e+04 1.900000e-03
1.089800e+04 1.900000e-03
1.089900e+04 1.900000e-03
1.090000e+04 1.900000e-03
1.090100e+04 1.900000e-03
1.090200e+04 1.800000e-03
1.090300e+04 1.800000e-03
1.090400e+04 1.800000e-03
1.090500e+04 1.800000e-03
1.090600e+04 1.800000e-03
1.090700e+04 1.700000e-03
1.090800e+04 1.700000e-03
1.090900e+04 1.700000e-03
1.091000e+04 1.700000e-03
1.091100e+04 1.700000e-03
1.091200e+04 1.700000e-03
1.091300e+04 1.600000e-03
1.091400e+04 1.600000e-03
1.091500e+04 1.600000e-03
1.091600e+04 1.600000e-03
1.091700e+04 1.600000e-03
1.091800e+04 1.500000e-03
1.091900e+04 1.500000e-03
1.092000e+04 1.500000e-03
1.092100e+04 1.500000e-03
1.092200e+04 1.500000e-03
1.092300e+04 1.400000e-03
1.092400e+04 1.400000e-03
1.092500e+04 1.400000e-03
1.092600e+04 1.400000e-03
1.092700e+04 1.400000e-03
1.092800e+04 1.400000e-03
1.092900e+04 1.300000e-03
1.093000e+04 1.300000e-03
1.093100e+04 1.300000e-03
1.093200e+04 1.300000e-03
1.093300e+04 1.300000e-03
1.093400e+04 1.200000e-03
1.093500e+04 1.200000e-03
1.093600e+04 1.200000e-03
1.093700e+04 1.200000e-03
1.093800e+04 1.200000e-03
1.093900e+04 1.100000e-03
1.094000e+04 1.100000e-03
1.094100e+04 1.100000e-03
1.094200e+04 1.100000e-03
1.094300e+04 1.100000e-03
1.094400e+04 1.000000e-03
1.094500e+04 1.000000e-03
1.094600e+04 1.000000e-03
1.094700e+04 1.000000e-03
1.094800e+04 1.000000e-03
1.094900e+04 1.000000e-03
1.095000e+04 9.000000e-04
1.095100e+04 9.000000e-04
1.095200e+04 9.000000e-04
1.095300e+04 9.000000e-04
1.095400e+04 9.000000e-04
1.095500e+04 8.000000e-04
1.095600e+04 8.000000e-04
1.095700e+04 8.000000e-04
1.095800e+04 8.000000e-04
1.095900e+04 8.000000e-04
1.096000e+04 7.000000e-04
1.096100e+04 7.000000e-04
1.096200e+04 7.000000e-04
1.096300e+04 7.000000e-04
1.096400e+04 7.000000e-04
1.096500e+04 7.000000e-04
1.096600e+04 6.000000e-04
1.096700e+04 6.000000e-04
1.096800e+04 6.000000e-04
1.096900e+04 6.000000e-04
1.097000e+04 6.000000e-04
1.097100e+04 5.000000e-04
1.097200e+04 5.000000e-04
1.097300e+04 5.000000e-04
1.097400e+04 5.000000e-04
1.097500e+04 5.000000e-04
1.097600e+04 4.000000e-04
1.097700e+04 4.000000e-04
1.097800e+04 4.000000e-04
1.097900e+04 4.000000e-04
1.098000e+04 4.000000e-04
1.098100e+04 4.000000e-04
1.098200e+04 3.000000e-04
1.098300e+04 3.000000e-04
1.098400e+04 3.000000e-04
1.098500e+04 3.000000e-04
1.098600e+04 3.000000e-04
1.098700e+04 2.000000e-04
1.098800e+04 2.000000e-04
1.098900e+04 2.000000e-04
1.099000e+04 2.000000e-04
1.099100e+04 2.000000e-04
1.099200e+04 1.000000e-04
1.099300e+04 1.000000e-04
1.099400e+04 1.000000e-04
1.099500e+04 1.000000e-04
1.099600e+04 1.000000e-04
1.099700e+04 1.000000e-04
