# # Wavelength(Angstrom)  Transmission
6.478000e+03 1.000000e-04
6.479000e+03 1.000000e-04
6.480000e+03 1.000000e-04
6.481000e+03 1.000000e-04
6.482000e+03 1.000000e-04
6.483000e+03 1.000000e-04
6.484000e+03 1.000000e-04
6.485000e+03 1.000000e-04
6.486000e+03 1.000000e-04
6.487000e+03 2.000000e-04
6.488000e+03 2.000000e-04
6.489000e+03 2.000000e-04
6.490000e+03 2.000000e-04
6.491000e+03 3.000000e-04
6.492000e+03 3.000000e-04
6.493000e+03 3.000000e-04
6.494000e+03 4.000000e-04
6.495000e+03 4.000000e-04
6.496000e+03 5.000000e-04
6.497000e+03 5.000000e-04
6.498000e+03 6.000000e-04
6.499000e+03 7.000000e-04
6.500000e+03 8.000000e-04
6.501000e+03 9.000000e-04
6.502000e+03 1.000000e-03
6.503000e+03 1.200000e-03
6.504000e+03 1.400000e-03
6.505000e+03 1.600000e-03
6.506000e+03 1.800000e-03
6.507000e+03 2.100000e-03
6.508000e+03 2.500000e-03
6.509000e+03 2.900000e-03
6.510000e+03 3.400000e-03
6.511000e+03 4.000000e-03
6.512000e+03 4.700000e-03
6.513000e+03 5.500000e-03
6.514000e+03 6.500000e-03
6.515000e+03 7.700000e-03
6.516000e+03 9.200000e-03
6.517000e+03 1.090000e-02
6.518000e+03 1.340000e-02
6.519000e+03 1.630000e-02
6.520000e+03 1.960000e-02
6.521000e+03 2.370000e-02
6.522000e+03 2.920000e-02
6.523000e+03 3.520000e-02
6.524000e+03 4.310000e-02
6.525000e+03 5.240000e-02
6.526000e+03 6.470000e-02
6.527000e+03 8.100000e-02
6.528000e+03 9.990000e-02
6.529000e+03 1.243000e-01
6.530000e+03 1.521000e-01
6.531000e+03 1.896000e-01
6.532000e+03 2.281000e-01
6.533000e+03 2.739000e-01
6.534000e+03 3.185000e-01
6.535000e+03 3.717000e-01
6.536000e+03 4.220000e-01
6.537000e+03 4.728000e-01
6.538000e+03 5.180000e-01
6.539000e+03 5.542000e-01
6.540000e+03 5.842000e-01
6.541000e+03 6.022000e-01
6.542000e+03 6.141000e-01
6.543000e+03 6.193000e-01
6.544000e+03 6.214000e-01
6.545000e+03 6.209000e-01
6.546000e+03 6.189000e-01
6.547000e+03 6.161000e-01
6.548000e+03 6.127000e-01
6.549000e+03 6.104000e-01
6.550000e+03 6.086000e-01
6.551000e+03 6.084000e-01
6.552000e+03 6.084000e-01
6.553000e+03 6.090000e-01
6.554000e+03 6.098000e-01
6.555000e+03 6.105000e-01
6.556000e+03 6.112000e-01
6.557000e+03 6.125000e-01
6.558000e+03 6.132000e-01
6.559000e+03 6.147000e-01
6.560000e+03 6.168000e-01
6.561000e+03 6.194000e-01
6.562000e+03 6.215000e-01
6.563000e+03 6.227000e-01
6.564000e+03 6.240000e-01
6.565000e+03 6.249000e-01
6.566000e+03 6.249000e-01
6.567000e+03 6.257000e-01
6.568000e+03 6.254000e-01
6.569000e+03 6.251000e-01
6.570000e+03 6.247000e-01
6.571000e+03 6.246000e-01
6.572000e+03 6.245000e-01
6.573000e+03 6.239000e-01
6.574000e+03 6.238000e-01
6.575000e+03 6.242000e-01
6.576000e+03 6.236000e-01
6.577000e+03 6.236000e-01
6.578000e+03 6.230000e-01
6.579000e+03 6.226000e-01
6.580000e+03 6.218000e-01
6.581000e+03 6.213000e-01
6.582000e+03 6.207000e-01
6.583000e+03 6.211000e-01
6.584000e+03 6.214000e-01
6.585000e+03 6.217000e-01
6.586000e+03 6.224000e-01
6.587000e+03 6.231000e-01
6.588000e+03 6.234000e-01
6.589000e+03 6.234000e-01
6.590000e+03 6.231000e-01
6.591000e+03 6.229000e-01
6.592000e+03 6.231000e-01
6.593000e+03 6.233000e-01
6.594000e+03 6.232000e-01
6.595000e+03 6.243000e-01
6.596000e+03 6.245000e-01
6.597000e+03 6.245000e-01
6.598000e+03 6.250000e-01
6.599000e+03 6.254000e-01
6.600000e+03 6.249000e-01
6.601000e+03 6.249000e-01
6.602000e+03 6.244000e-01
6.603000e+03 6.245000e-01
6.604000e+03 6.248000e-01
6.605000e+03 6.248000e-01
6.606000e+03 6.252000e-01
6.607000e+03 6.249000e-01
6.608000e+03 6.246000e-01
6.609000e+03 6.250000e-01
6.610000e+03 6.243000e-01
6.611000e+03 6.243000e-01
6.612000e+03 6.245000e-01
6.613000e+03 6.239000e-01
6.614000e+03 6.236000e-01
6.615000e+03 6.239000e-01
6.616000e+03 6.242000e-01
6.617000e+03 6.240000e-01
6.618000e+03 6.236000e-01
6.619000e+03 6.230000e-01
6.620000e+03 6.227000e-01
6.621000e+03 6.218000e-01
6.622000e+03 6.219000e-01
6.623000e+03 6.211000e-01
6.624000e+03 6.209000e-01
6.625000e+03 6.208000e-01
6.626000e+03 6.208000e-01
6.627000e+03 6.206000e-01
6.628000e+03 6.205000e-01
6.629000e+03 6.203000e-01
6.630000e+03 6.196000e-01
6.631000e+03 6.185000e-01
6.632000e+03 6.174000e-01
6.633000e+03 6.175000e-01
6.634000e+03 6.177000e-01
6.635000e+03 6.177000e-01
6.636000e+03 6.186000e-01
6.637000e+03 6.190000e-01
6.638000e+03 6.191000e-01
6.639000e+03 6.187000e-01
6.640000e+03 6.189000e-01
6.641000e+03 6.183000e-01
6.642000e+03 6.186000e-01
6.643000e+03 6.187000e-01
6.644000e+03 6.187000e-01
6.645000e+03 6.196000e-01
6.646000e+03 6.199000e-01
6.647000e+03 6.201000e-01
6.648000e+03 6.198000e-01
6.649000e+03 6.186000e-01
6.650000e+03 6.188000e-01
6.651000e+03 6.183000e-01
6.652000e+03 6.175000e-01
6.653000e+03 6.169000e-01
6.654000e+03 6.152000e-01
6.655000e+03 6.136000e-01
6.656000e+03 6.124000e-01
6.657000e+03 6.108000e-01
6.658000e+03 6.095000e-01
6.659000e+03 6.083000e-01
6.660000e+03 6.081000e-01
6.661000e+03 6.082000e-01
6.662000e+03 6.071000e-01
6.663000e+03 6.075000e-01
6.664000e+03 6.080000e-01
6.665000e+03 6.073000e-01
6.666000e+03 6.082000e-01
6.667000e+03 6.084000e-01
6.668000e+03 6.096000e-01
6.669000e+03 6.108000e-01
6.670000e+03 6.112000e-01
6.671000e+03 6.101000e-01
6.672000e+03 6.067000e-01
6.673000e+03 6.001000e-01
6.674000e+03 5.882000e-01
6.675000e+03 5.729000e-01
6.676000e+03 5.500000e-01
6.677000e+03 5.225000e-01
6.678000e+03 4.873000e-01
6.679000e+03 4.448000e-01
6.680000e+03 3.991000e-01
6.681000e+03 3.518000e-01
6.682000e+03 3.079000e-01
6.683000e+03 2.619000e-01
6.684000e+03 2.238000e-01
6.685000e+03 1.873000e-01
6.686000e+03 1.575000e-01
6.687000e+03 1.284000e-01
6.688000e+03 1.059000e-01
6.689000e+03 8.600000e-02
6.690000e+03 7.050000e-02
6.691000e+03 5.770000e-02
6.692000e+03 4.730000e-02
6.693000e+03 3.950000e-02
6.694000e+03 3.290000e-02
6.695000e+03 2.780000e-02
6.696000e+03 2.310000e-02
6.697000e+03 1.950000e-02
6.698000e+03 1.610000e-02
6.699000e+03 1.350000e-02
6.700000e+03 1.120000e-02
6.701000e+03 9.500000e-03
6.702000e+03 8.000000e-03
6.703000e+03 6.900000e-03
6.704000e+03 6.000000e-03
6.705000e+03 5.100000e-03
6.706000e+03 4.400000e-03
6.707000e+03 3.900000e-03
6.708000e+03 3.400000e-03
6.709000e+03 2.900000e-03
6.710000e+03 2.500000e-03
6.711000e+03 2.200000e-03
6.712000e+03 1.900000e-03
6.713000e+03 1.600000e-03
6.714000e+03 1.400000e-03
6.715000e+03 1.300000e-03
6.716000e+03 1.100000e-03
6.717000e+03 1.000000e-03
6.718000e+03 9.000000e-04
6.719000e+03 8.000000e-04
6.720000e+03 7.000000e-04
6.721000e+03 6.000000e-04
6.722000e+03 5.000000e-04
6.723000e+03 5.000000e-04
6.724000e+03 4.000000e-04
6.725000e+03 4.000000e-04
6.726000e+03 3.000000e-04
6.727000e+03 3.000000e-04
6.728000e+03 3.000000e-04
6.729000e+03 3.000000e-04
6.730000e+03 2.000000e-04
6.731000e+03 2.000000e-04
6.732000e+03 2.000000e-04
6.733000e+03 2.000000e-04
6.734000e+03 1.000000e-04
6.735000e+03 1.000000e-04
6.736000e+03 1.000000e-04
6.737000e+03 1.000000e-04
6.738000e+03 1.000000e-04
6.739000e+03 1.000000e-04
6.740000e+03 1.000000e-04
6.741000e+03 1.000000e-04
6.742000e+03 1.000000e-04
6.743000e+03 1.000000e-04
