# # Wavelength(Angstrom)  Transmission
6.092000e+03 1.000000e-04
6.093000e+03 1.000000e-04
6.094000e+03 1.000000e-04
6.095000e+03 1.000000e-04
6.096000e+03 2.000000e-04
6.097000e+03 2.000000e-04
6.098000e+03 3.000000e-04
6.099000e+03 4.000000e-04
6.100000e+03 5.000000e-04
6.101000e+03 6.000000e-04
6.102000e+03 8.000000e-04
6.103000e+03 1.000000e-03
6.104000e+03 1.200000e-03
6.105000e+03 1.500000e-03
6.106000e+03 1.800000e-03
6.107000e+03 2.100000e-03
6.108000e+03 2.500000e-03
6.109000e+03 3.000000e-03
6.110000e+03 3.500000e-03
6.111000e+03 4.100000e-03
6.112000e+03 4.800000e-03
6.113000e+03 5.600000e-03
6.114000e+03 6.600000e-03
6.115000e+03 7.900000e-03
6.116000e+03 9.400000e-03
6.117000e+03 1.120000e-02
6.118000e+03 1.320000e-02
6.119000e+03 1.590000e-02
6.120000e+03 1.890000e-02
6.121000e+03 2.280000e-02
6.122000e+03 2.720000e-02
6.123000e+03 3.280000e-02
6.124000e+03 3.980000e-02
6.125000e+03 4.790000e-02
6.126000e+03 5.820000e-02
6.127000e+03 7.010000e-02
6.128000e+03 8.670000e-02
6.129000e+03 1.048000e-01
6.130000e+03 1.279000e-01
6.131000e+03 1.526000e-01
6.132000e+03 1.837000e-01
6.133000e+03 2.169000e-01
6.134000e+03 2.561000e-01
6.135000e+03 2.963000e-01
6.136000e+03 3.402000e-01
6.137000e+03 3.864000e-01
6.138000e+03 4.290000e-01
6.139000e+03 4.691000e-01
6.140000e+03 5.026000e-01
6.141000e+03 5.342000e-01
6.142000e+03 5.578000e-01
6.143000e+03 5.765000e-01
6.144000e+03 5.894000e-01
6.145000e+03 5.987000e-01
6.146000e+03 6.039000e-01
6.147000e+03 6.071000e-01
6.148000e+03 6.074000e-01
6.149000e+03 6.077000e-01
6.150000e+03 6.074000e-01
6.151000e+03 6.071000e-01
6.152000e+03 6.070000e-01
6.153000e+03 6.069000e-01
6.154000e+03 6.063000e-01
6.155000e+03 6.060000e-01
6.156000e+03 6.059000e-01
6.157000e+03 6.064000e-01
6.158000e+03 6.068000e-01
6.159000e+03 6.075000e-01
6.160000e+03 6.084000e-01
6.161000e+03 6.096000e-01
6.162000e+03 6.107000e-01
6.163000e+03 6.113000e-01
6.164000e+03 6.115000e-01
6.165000e+03 6.119000e-01
6.166000e+03 6.122000e-01
6.167000e+03 6.124000e-01
6.168000e+03 6.130000e-01
6.169000e+03 6.134000e-01
6.170000e+03 6.135000e-01
6.171000e+03 6.134000e-01
6.172000e+03 6.138000e-01
6.173000e+03 6.135000e-01
6.174000e+03 6.132000e-01
6.175000e+03 6.123000e-01
6.176000e+03 6.121000e-01
6.177000e+03 6.120000e-01
6.178000e+03 6.120000e-01
6.179000e+03 6.118000e-01
6.180000e+03 6.122000e-01
6.181000e+03 6.119000e-01
6.182000e+03 6.116000e-01
6.183000e+03 6.114000e-01
6.184000e+03 6.112000e-01
6.185000e+03 6.106000e-01
6.186000e+03 6.104000e-01
6.187000e+03 6.106000e-01
6.188000e+03 6.107000e-01
6.189000e+03 6.111000e-01
6.190000e+03 6.112000e-01
6.191000e+03 6.116000e-01
6.192000e+03 6.117000e-01
6.193000e+03 6.113000e-01
6.194000e+03 6.111000e-01
6.195000e+03 6.104000e-01
6.196000e+03 6.105000e-01
6.197000e+03 6.109000e-01
6.198000e+03 6.112000e-01
6.199000e+03 6.117000e-01
6.200000e+03 6.125000e-01
6.201000e+03 6.126000e-01
6.202000e+03 6.120000e-01
6.203000e+03 6.113000e-01
6.204000e+03 6.108000e-01
6.205000e+03 6.110000e-01
6.206000e+03 6.108000e-01
6.207000e+03 6.121000e-01
6.208000e+03 6.121000e-01
6.209000e+03 6.130000e-01
6.210000e+03 6.129000e-01
6.211000e+03 6.127000e-01
6.212000e+03 6.122000e-01
6.213000e+03 6.115000e-01
6.214000e+03 6.113000e-01
6.215000e+03 6.114000e-01
6.216000e+03 6.121000e-01
6.217000e+03 6.126000e-01
6.218000e+03 6.133000e-01
6.219000e+03 6.137000e-01
6.220000e+03 6.135000e-01
6.221000e+03 6.133000e-01
6.222000e+03 6.130000e-01
6.223000e+03 6.127000e-01
6.224000e+03 6.126000e-01
6.225000e+03 6.130000e-01
6.226000e+03 6.132000e-01
6.227000e+03 6.142000e-01
6.228000e+03 6.148000e-01
6.229000e+03 6.148000e-01
6.230000e+03 6.146000e-01
6.231000e+03 6.149000e-01
6.232000e+03 6.146000e-01
6.233000e+03 6.145000e-01
6.234000e+03 6.149000e-01
6.235000e+03 6.157000e-01
6.236000e+03 6.156000e-01
6.237000e+03 6.161000e-01
6.238000e+03 6.169000e-01
6.239000e+03 6.177000e-01
6.240000e+03 6.176000e-01
6.241000e+03 6.176000e-01
6.242000e+03 6.177000e-01
6.243000e+03 6.178000e-01
6.244000e+03 6.179000e-01
6.245000e+03 6.179000e-01
6.246000e+03 6.183000e-01
6.247000e+03 6.188000e-01
6.248000e+03 6.188000e-01
6.249000e+03 6.195000e-01
6.250000e+03 6.189000e-01
6.251000e+03 6.182000e-01
6.252000e+03 6.179000e-01
6.253000e+03 6.162000e-01
6.254000e+03 6.158000e-01
6.255000e+03 6.154000e-01
6.256000e+03 6.148000e-01
6.257000e+03 6.148000e-01
6.258000e+03 6.147000e-01
6.259000e+03 6.142000e-01
6.260000e+03 6.136000e-01
6.261000e+03 6.127000e-01
6.262000e+03 6.122000e-01
6.263000e+03 6.111000e-01
6.264000e+03 6.109000e-01
6.265000e+03 6.110000e-01
6.266000e+03 6.122000e-01
6.267000e+03 6.131000e-01
6.268000e+03 6.135000e-01
6.269000e+03 6.130000e-01
6.270000e+03 6.123000e-01
6.271000e+03 6.088000e-01
6.272000e+03 6.044000e-01
6.273000e+03 5.973000e-01
6.274000e+03 5.878000e-01
6.275000e+03 5.745000e-01
6.276000e+03 5.573000e-01
6.277000e+03 5.357000e-01
6.278000e+03 5.093000e-01
6.279000e+03 4.761000e-01
6.280000e+03 4.373000e-01
6.281000e+03 3.986000e-01
6.282000e+03 3.561000e-01
6.283000e+03 3.167000e-01
6.284000e+03 2.727000e-01
6.285000e+03 2.363000e-01
6.286000e+03 2.008000e-01
6.287000e+03 1.728000e-01
6.288000e+03 1.451000e-01
6.289000e+03 1.217000e-01
6.290000e+03 1.018000e-01
6.291000e+03 8.540000e-02
6.292000e+03 7.150000e-02
6.293000e+03 5.930000e-02
6.294000e+03 4.990000e-02
6.295000e+03 4.170000e-02
6.296000e+03 3.540000e-02
6.297000e+03 2.930000e-02
6.298000e+03 2.490000e-02
6.299000e+03 2.100000e-02
6.300000e+03 1.800000e-02
6.301000e+03 1.540000e-02
6.302000e+03 1.300000e-02
6.303000e+03 1.120000e-02
6.304000e+03 9.600000e-03
6.305000e+03 8.300000e-03
6.306000e+03 7.100000e-03
6.307000e+03 6.200000e-03
6.308000e+03 5.300000e-03
6.309000e+03 4.700000e-03
6.310000e+03 4.000000e-03
6.311000e+03 3.500000e-03
6.312000e+03 3.100000e-03
6.313000e+03 2.700000e-03
6.314000e+03 2.400000e-03
6.315000e+03 2.100000e-03
6.316000e+03 1.800000e-03
6.317000e+03 1.600000e-03
6.318000e+03 1.400000e-03
6.319000e+03 1.300000e-03
6.320000e+03 1.100000e-03
6.321000e+03 1.000000e-03
6.322000e+03 9.000000e-04
6.323000e+03 8.000000e-04
6.324000e+03 7.000000e-04
6.325000e+03 6.000000e-04
6.326000e+03 6.000000e-04
6.327000e+03 5.000000e-04
6.328000e+03 5.000000e-04
6.329000e+03 4.000000e-04
6.330000e+03 4.000000e-04
6.331000e+03 3.000000e-04
6.332000e+03 3.000000e-04
6.333000e+03 3.000000e-04
6.334000e+03 2.000000e-04
6.335000e+03 2.000000e-04
6.336000e+03 2.000000e-04
6.337000e+03 2.000000e-04
6.338000e+03 2.000000e-04
6.339000e+03 2.000000e-04
6.340000e+03 1.000000e-04
6.341000e+03 1.000000e-04
6.342000e+03 1.000000e-04
6.343000e+03 1.000000e-04
6.344000e+03 1.000000e-04
6.345000e+03 1.000000e-04
6.346000e+03 1.000000e-04
6.347000e+03 1.000000e-04
6.348000e+03 1.000000e-04
6.349000e+03 1.000000e-04
6.350000e+03 1.000000e-04
6.351000e+03 1.000000e-04
