# # Wavelength(Angstrom)  Transmission
7.476000e+03 1.000000e-04
7.477000e+03 1.000000e-04
7.478000e+03 1.000000e-04
7.479000e+03 1.000000e-04
7.480000e+03 1.000000e-04
7.481000e+03 1.000000e-04
7.482000e+03 1.000000e-04
7.483000e+03 1.000000e-04
7.484000e+03 1.000000e-04
7.485000e+03 1.000000e-04
7.486000e+03 2.000000e-04
7.487000e+03 2.000000e-04
7.488000e+03 2.000000e-04
7.489000e+03 2.000000e-04
7.490000e+03 2.000000e-04
7.491000e+03 3.000000e-04
7.492000e+03 3.000000e-04
7.493000e+03 4.000000e-04
7.494000e+03 4.000000e-04
7.495000e+03 5.000000e-04
7.496000e+03 5.000000e-04
7.497000e+03 7.000000e-04
7.498000e+03 7.000000e-04
7.499000e+03 9.000000e-04
7.500000e+03 1.000000e-03
7.501000e+03 1.100000e-03
7.502000e+03 1.300000e-03
7.503000e+03 1.500000e-03
7.504000e+03 1.800000e-03
7.505000e+03 2.000000e-03
7.506000e+03 2.400000e-03
7.507000e+03 2.700000e-03
7.508000e+03 3.300000e-03
7.509000e+03 3.900000e-03
7.510000e+03 4.600000e-03
7.511000e+03 5.400000e-03
7.512000e+03 6.700000e-03
7.513000e+03 7.800000e-03
7.514000e+03 9.500000e-03
7.515000e+03 1.120000e-02
7.516000e+03 1.350000e-02
7.517000e+03 1.600000e-02
7.518000e+03 1.930000e-02
7.519000e+03 2.340000e-02
7.520000e+03 2.850000e-02
7.521000e+03 3.540000e-02
7.522000e+03 4.340000e-02
7.523000e+03 5.420000e-02
7.524000e+03 6.670000e-02
7.525000e+03 8.430000e-02
7.526000e+03 1.027000e-01
7.527000e+03 1.257000e-01
7.528000e+03 1.494000e-01
7.529000e+03 1.813000e-01
7.530000e+03 2.161000e-01
7.531000e+03 2.543000e-01
7.532000e+03 2.959000e-01
7.533000e+03 3.368000e-01
7.534000e+03 3.812000e-01
7.535000e+03 4.194000e-01
7.536000e+03 4.528000e-01
7.537000e+03 4.778000e-01
7.538000e+03 4.982000e-01
7.539000e+03 5.107000e-01
7.540000e+03 5.185000e-01
7.541000e+03 5.251000e-01
7.542000e+03 5.279000e-01
7.543000e+03 5.293000e-01
7.544000e+03 5.277000e-01
7.545000e+03 5.274000e-01
7.546000e+03 5.264000e-01
7.547000e+03 5.234000e-01
7.548000e+03 5.244000e-01
7.549000e+03 5.249000e-01
7.550000e+03 5.243000e-01
7.551000e+03 5.253000e-01
7.552000e+03 5.257000e-01
7.553000e+03 5.262000e-01
7.554000e+03 5.258000e-01
7.555000e+03 5.265000e-01
7.556000e+03 5.255000e-01
7.557000e+03 5.275000e-01
7.558000e+03 5.275000e-01
7.559000e+03 5.281000e-01
7.560000e+03 5.289000e-01
7.561000e+03 5.297000e-01
7.562000e+03 5.291000e-01
7.563000e+03 5.293000e-01
7.564000e+03 5.291000e-01
7.565000e+03 5.287000e-01
7.566000e+03 5.281000e-01
7.567000e+03 5.280000e-01
7.568000e+03 5.289000e-01
7.569000e+03 5.283000e-01
7.570000e+03 5.275000e-01
7.571000e+03 5.261000e-01
7.572000e+03 5.263000e-01
7.573000e+03 5.247000e-01
7.574000e+03 5.244000e-01
7.575000e+03 5.230000e-01
7.576000e+03 5.240000e-01
7.577000e+03 5.236000e-01
7.578000e+03 5.248000e-01
7.579000e+03 5.245000e-01
7.580000e+03 5.252000e-01
7.581000e+03 5.147000e-01
7.582000e+03 5.038000e-01
7.583000e+03 4.943000e-01
7.584000e+03 4.840000e-01
7.585000e+03 4.739000e-01
7.586000e+03 4.641000e-01
7.587000e+03 4.544000e-01
7.588000e+03 4.445000e-01
7.589000e+03 4.353000e-01
7.590000e+03 4.262000e-01
7.591000e+03 4.161000e-01
7.592000e+03 4.069000e-01
7.593000e+03 3.969000e-01
7.594000e+03 3.863000e-01
7.595000e+03 3.761000e-01
7.596000e+03 3.664000e-01
7.597000e+03 3.557000e-01
7.598000e+03 3.460000e-01
7.599000e+03 3.366000e-01
7.600000e+03 3.261000e-01
7.601000e+03 3.168000e-01
7.602000e+03 3.063000e-01
7.603000e+03 2.958000e-01
7.604000e+03 2.857000e-01
7.605000e+03 2.763000e-01
7.606000e+03 2.795000e-01
7.607000e+03 2.830000e-01
7.608000e+03 2.861000e-01
7.609000e+03 2.899000e-01
7.610000e+03 2.936000e-01
7.611000e+03 2.967000e-01
7.612000e+03 3.006000e-01
7.613000e+03 3.040000e-01
7.614000e+03 3.070000e-01
7.615000e+03 3.112000e-01
7.616000e+03 3.152000e-01
7.617000e+03 3.183000e-01
7.618000e+03 3.215000e-01
7.619000e+03 3.242000e-01
7.620000e+03 3.275000e-01
7.621000e+03 3.314000e-01
7.622000e+03 3.348000e-01
7.623000e+03 3.384000e-01
7.624000e+03 3.415000e-01
7.625000e+03 3.460000e-01
7.626000e+03 3.494000e-01
7.627000e+03 3.534000e-01
7.628000e+03 3.571000e-01
7.629000e+03 3.605000e-01
7.630000e+03 3.643000e-01
7.631000e+03 3.675000e-01
7.632000e+03 3.702000e-01
7.633000e+03 3.731000e-01
7.634000e+03 3.756000e-01
7.635000e+03 3.794000e-01
7.636000e+03 3.828000e-01
7.637000e+03 3.860000e-01
7.638000e+03 3.892000e-01
7.639000e+03 3.919000e-01
7.640000e+03 3.947000e-01
7.641000e+03 3.976000e-01
7.642000e+03 4.008000e-01
7.643000e+03 4.039000e-01
7.644000e+03 4.070000e-01
7.645000e+03 4.093000e-01
7.646000e+03 4.115000e-01
7.647000e+03 4.146000e-01
7.648000e+03 4.160000e-01
7.649000e+03 4.185000e-01
7.650000e+03 4.200000e-01
7.651000e+03 4.228000e-01
7.652000e+03 4.246000e-01
7.653000e+03 4.278000e-01
7.654000e+03 4.317000e-01
7.655000e+03 4.347000e-01
7.656000e+03 4.388000e-01
7.657000e+03 4.428000e-01
7.658000e+03 4.468000e-01
7.659000e+03 4.507000e-01
7.660000e+03 4.545000e-01
7.661000e+03 4.584000e-01
7.662000e+03 4.609000e-01
7.663000e+03 4.644000e-01
7.664000e+03 4.668000e-01
7.665000e+03 4.662000e-01
7.666000e+03 4.624000e-01
7.667000e+03 4.572000e-01
7.668000e+03 4.477000e-01
7.669000e+03 4.348000e-01
7.670000e+03 4.164000e-01
7.671000e+03 3.934000e-01
7.672000e+03 3.669000e-01
7.673000e+03 3.339000e-01
7.674000e+03 2.984000e-01
7.675000e+03 2.618000e-01
7.676000e+03 2.278000e-01
7.677000e+03 1.907000e-01
7.678000e+03 1.621000e-01
7.679000e+03 1.353000e-01
7.680000e+03 1.157000e-01
7.681000e+03 9.550000e-02
7.682000e+03 8.070000e-02
7.683000e+03 6.680000e-02
7.684000e+03 5.560000e-02
7.685000e+03 4.550000e-02
7.686000e+03 3.720000e-02
7.687000e+03 3.050000e-02
7.688000e+03 2.500000e-02
7.689000e+03 2.080000e-02
7.690000e+03 1.710000e-02
7.691000e+03 1.450000e-02
7.692000e+03 1.220000e-02
7.693000e+03 1.050000e-02
7.694000e+03 9.000000e-03
7.695000e+03 7.700000e-03
7.696000e+03 6.600000e-03
7.697000e+03 5.600000e-03
7.698000e+03 4.800000e-03
7.699000e+03 4.000000e-03
7.700000e+03 3.400000e-03
7.701000e+03 2.900000e-03
7.702000e+03 2.500000e-03
7.703000e+03 2.200000e-03
7.704000e+03 1.900000e-03
7.705000e+03 1.700000e-03
7.706000e+03 1.500000e-03
7.707000e+03 1.300000e-03
7.708000e+03 1.200000e-03
7.709000e+03 1.000000e-03
7.710000e+03 9.000000e-04
7.711000e+03 8.000000e-04
7.712000e+03 7.000000e-04
7.713000e+03 6.000000e-04
7.714000e+03 5.000000e-04
7.715000e+03 5.000000e-04
7.716000e+03 4.000000e-04
7.717000e+03 4.000000e-04
7.718000e+03 3.000000e-04
7.719000e+03 3.000000e-04
7.720000e+03 3.000000e-04
7.721000e+03 2.000000e-04
7.722000e+03 2.000000e-04
7.723000e+03 2.000000e-04
7.724000e+03 2.000000e-04
7.725000e+03 2.000000e-04
7.726000e+03 1.000000e-04
7.727000e+03 1.000000e-04
7.728000e+03 1.000000e-04
7.729000e+03 1.000000e-04
7.730000e+03 1.000000e-04
7.731000e+03 1.000000e-04
7.732000e+03 1.000000e-04
7.733000e+03 1.000000e-04
7.734000e+03 1.000000e-04
7.735000e+03 1.000000e-04
