# # Wavelength(Angstrom)  Transmission
4.972000e+03 1.000000e-04
4.973000e+03 1.000000e-04
4.974000e+03 1.000000e-04
4.975000e+03 1.000000e-04
4.976000e+03 1.000000e-04
4.977000e+03 1.000000e-04
4.978000e+03 1.000000e-04
4.979000e+03 1.000000e-04
4.980000e+03 1.000000e-04
4.981000e+03 2.000000e-04
4.982000e+03 2.000000e-04
4.983000e+03 2.000000e-04
4.984000e+03 2.000000e-04
4.985000e+03 2.000000e-04
4.986000e+03 3.000000e-04
4.987000e+03 3.000000e-04
4.988000e+03 3.000000e-04
4.989000e+03 4.000000e-04
4.990000e+03 4.000000e-04
4.991000e+03 5.000000e-04
4.992000e+03 5.000000e-04
4.993000e+03 6.000000e-04
4.994000e+03 7.000000e-04
4.995000e+03 8.000000e-04
4.996000e+03 9.000000e-04
4.997000e+03 1.100000e-03
4.998000e+03 1.200000e-03
4.999000e+03 1.500000e-03
5.000000e+03 1.700000e-03
5.001000e+03 1.900000e-03
5.002000e+03 2.200000e-03
5.003000e+03 2.600000e-03
5.004000e+03 3.000000e-03
5.005000e+03 3.500000e-03
5.006000e+03 4.200000e-03
5.007000e+03 4.900000e-03
5.008000e+03 5.800000e-03
5.009000e+03 6.800000e-03
5.010000e+03 8.100000e-03
5.011000e+03 9.600000e-03
5.012000e+03 1.140000e-02
5.013000e+03 1.370000e-02
5.014000e+03 1.690000e-02
5.015000e+03 2.020000e-02
5.016000e+03 2.460000e-02
5.017000e+03 2.940000e-02
5.018000e+03 3.560000e-02
5.019000e+03 4.320000e-02
5.020000e+03 5.290000e-02
5.021000e+03 6.470000e-02
5.022000e+03 7.800000e-02
5.023000e+03 9.640000e-02
5.024000e+03 1.175000e-01
5.025000e+03 1.435000e-01
5.026000e+03 1.702000e-01
5.027000e+03 2.042000e-01
5.028000e+03 2.378000e-01
5.029000e+03 2.762000e-01
5.030000e+03 3.118000e-01
5.031000e+03 3.494000e-01
5.032000e+03 3.855000e-01
5.033000e+03 4.165000e-01
5.034000e+03 4.437000e-01
5.035000e+03 4.650000e-01
5.036000e+03 4.825000e-01
5.037000e+03 4.938000e-01
5.038000e+03 5.015000e-01
5.039000e+03 5.070000e-01
5.040000e+03 5.122000e-01
5.041000e+03 5.137000e-01
5.042000e+03 5.151000e-01
5.043000e+03 5.162000e-01
5.044000e+03 5.162000e-01
5.045000e+03 5.159000e-01
5.046000e+03 5.157000e-01
5.047000e+03 5.159000e-01
5.048000e+03 5.171000e-01
5.049000e+03 5.170000e-01
5.050000e+03 5.166000e-01
5.051000e+03 5.171000e-01
5.052000e+03 5.179000e-01
5.053000e+03 5.182000e-01
5.054000e+03 5.189000e-01
5.055000e+03 5.193000e-01
5.056000e+03 5.187000e-01
5.057000e+03 5.182000e-01
5.058000e+03 5.178000e-01
5.059000e+03 5.177000e-01
5.060000e+03 5.177000e-01
5.061000e+03 5.182000e-01
5.062000e+03 5.174000e-01
5.063000e+03 5.164000e-01
5.064000e+03 5.156000e-01
5.065000e+03 5.148000e-01
5.066000e+03 5.142000e-01
5.067000e+03 5.137000e-01
5.068000e+03 5.137000e-01
5.069000e+03 5.128000e-01
5.070000e+03 5.123000e-01
5.071000e+03 5.117000e-01
5.072000e+03 5.115000e-01
5.073000e+03 5.113000e-01
5.074000e+03 5.117000e-01
5.075000e+03 5.118000e-01
5.076000e+03 5.113000e-01
5.077000e+03 5.108000e-01
5.078000e+03 5.111000e-01
5.079000e+03 5.119000e-01
5.080000e+03 5.123000e-01
5.081000e+03 5.126000e-01
5.082000e+03 5.126000e-01
5.083000e+03 5.121000e-01
5.084000e+03 5.122000e-01
5.085000e+03 5.125000e-01
5.086000e+03 5.137000e-01
5.087000e+03 5.140000e-01
5.088000e+03 5.140000e-01
5.089000e+03 5.143000e-01
5.090000e+03 5.140000e-01
5.091000e+03 5.142000e-01
5.092000e+03 5.153000e-01
5.093000e+03 5.152000e-01
5.094000e+03 5.157000e-01
5.095000e+03 5.157000e-01
5.096000e+03 5.156000e-01
5.097000e+03 5.152000e-01
5.098000e+03 5.158000e-01
5.099000e+03 5.164000e-01
5.100000e+03 5.164000e-01
5.101000e+03 5.164000e-01
5.102000e+03 5.163000e-01
5.103000e+03 5.168000e-01
5.104000e+03 5.161000e-01
5.105000e+03 5.173000e-01
5.106000e+03 5.172000e-01
5.107000e+03 5.180000e-01
5.108000e+03 5.177000e-01
5.109000e+03 5.174000e-01
5.110000e+03 5.172000e-01
5.111000e+03 5.172000e-01
5.112000e+03 5.177000e-01
5.113000e+03 5.180000e-01
5.114000e+03 5.179000e-01
5.115000e+03 5.180000e-01
5.116000e+03 5.174000e-01
5.117000e+03 5.172000e-01
5.118000e+03 5.177000e-01
5.119000e+03 5.178000e-01
5.120000e+03 5.178000e-01
5.121000e+03 5.182000e-01
5.122000e+03 5.179000e-01
5.123000e+03 5.179000e-01
5.124000e+03 5.177000e-01
5.125000e+03 5.182000e-01
5.126000e+03 5.185000e-01
5.127000e+03 5.188000e-01
5.128000e+03 5.187000e-01
5.129000e+03 5.181000e-01
5.130000e+03 5.187000e-01
5.131000e+03 5.188000e-01
5.132000e+03 5.194000e-01
5.133000e+03 5.200000e-01
5.134000e+03 5.200000e-01
5.135000e+03 5.197000e-01
5.136000e+03 5.199000e-01
5.137000e+03 5.193000e-01
5.138000e+03 5.194000e-01
5.139000e+03 5.199000e-01
5.140000e+03 5.203000e-01
5.141000e+03 5.206000e-01
5.142000e+03 5.195000e-01
5.143000e+03 5.187000e-01
5.144000e+03 5.178000e-01
5.145000e+03 5.178000e-01
5.146000e+03 5.181000e-01
5.147000e+03 5.175000e-01
5.148000e+03 5.163000e-01
5.149000e+03 5.152000e-01
5.150000e+03 5.140000e-01
5.151000e+03 5.138000e-01
5.152000e+03 5.138000e-01
5.153000e+03 5.131000e-01
5.154000e+03 5.127000e-01
5.155000e+03 5.122000e-01
5.156000e+03 5.122000e-01
5.157000e+03 5.122000e-01
5.158000e+03 5.126000e-01
5.159000e+03 5.130000e-01
5.160000e+03 5.138000e-01
5.161000e+03 5.143000e-01
5.162000e+03 5.139000e-01
5.163000e+03 5.136000e-01
5.164000e+03 5.109000e-01
5.165000e+03 5.080000e-01
5.166000e+03 5.032000e-01
5.167000e+03 4.949000e-01
5.168000e+03 4.833000e-01
5.169000e+03 4.688000e-01
5.170000e+03 4.454000e-01
5.171000e+03 4.201000e-01
5.172000e+03 3.906000e-01
5.173000e+03 3.618000e-01
5.174000e+03 3.268000e-01
5.175000e+03 2.906000e-01
5.176000e+03 2.545000e-01
5.177000e+03 2.214000e-01
5.178000e+03 1.909000e-01
5.179000e+03 1.617000e-01
5.180000e+03 1.375000e-01
5.181000e+03 1.144000e-01
5.182000e+03 9.530000e-02
5.183000e+03 7.830000e-02
5.184000e+03 6.660000e-02
5.185000e+03 5.590000e-02
5.186000e+03 4.720000e-02
5.187000e+03 3.900000e-02
5.188000e+03 3.280000e-02
5.189000e+03 2.780000e-02
5.190000e+03 2.350000e-02
5.191000e+03 2.000000e-02
5.192000e+03 1.660000e-02
5.193000e+03 1.430000e-02
5.194000e+03 1.200000e-02
5.195000e+03 1.040000e-02
5.196000e+03 8.900000e-03
5.197000e+03 7.800000e-03
5.198000e+03 6.600000e-03
5.199000e+03 5.700000e-03
5.200000e+03 5.000000e-03
5.201000e+03 4.300000e-03
5.202000e+03 3.700000e-03
5.203000e+03 3.200000e-03
5.204000e+03 2.800000e-03
5.205000e+03 2.500000e-03
5.206000e+03 2.200000e-03
5.207000e+03 1.900000e-03
5.208000e+03 1.700000e-03
5.209000e+03 1.500000e-03
5.210000e+03 1.300000e-03
5.211000e+03 1.200000e-03
5.212000e+03 1.100000e-03
5.213000e+03 9.000000e-04
5.214000e+03 8.000000e-04
5.215000e+03 7.000000e-04
5.216000e+03 7.000000e-04
5.217000e+03 6.000000e-04
5.218000e+03 5.000000e-04
5.219000e+03 5.000000e-04
5.220000e+03 4.000000e-04
5.221000e+03 4.000000e-04
5.222000e+03 3.000000e-04
5.223000e+03 3.000000e-04
5.224000e+03 3.000000e-04
5.225000e+03 3.000000e-04
5.226000e+03 2.000000e-04
5.227000e+03 2.000000e-04
5.228000e+03 2.000000e-04
5.229000e+03 2.000000e-04
5.230000e+03 2.000000e-04
5.231000e+03 1.000000e-04
5.232000e+03 1.000000e-04
5.233000e+03 1.000000e-04
5.234000e+03 1.000000e-04
5.235000e+03 1.000000e-04
5.236000e+03 1.000000e-04
5.237000e+03 1.000000e-04
5.238000e+03 1.000000e-04
5.239000e+03 1.000000e-04
5.240000e+03 1.000000e-04
5.241000e+03 1.000000e-04
5.242000e+03 1.000000e-04
