# # Wavelength(Angstrom)  Transmission
8.781000e+03 1.000000e-04
8.782000e+03 0.000000e+00
8.783000e+03 0.000000e+00
8.784000e+03 0.000000e+00
8.785000e+03 0.000000e+00
8.786000e+03 0.000000e+00
8.787000e+03 1.000000e-04
8.788000e+03 1.000000e-04
8.789000e+03 1.000000e-04
8.790000e+03 1.000000e-04
8.791000e+03 1.000000e-04
8.792000e+03 1.000000e-04
8.793000e+03 1.000000e-04
8.794000e+03 1.000000e-04
8.795000e+03 2.000000e-04
8.796000e+03 2.000000e-04
8.797000e+03 2.000000e-04
8.798000e+03 3.000000e-04
8.799000e+03 3.000000e-04
8.800000e+03 3.000000e-04
8.801000e+03 3.000000e-04
8.802000e+03 4.000000e-04
8.803000e+03 4.000000e-04
8.804000e+03 5.000000e-04
8.805000e+03 6.000000e-04
8.806000e+03 6.000000e-04
8.807000e+03 8.000000e-04
8.808000e+03 9.000000e-04
8.809000e+03 1.000000e-03
8.810000e+03 1.100000e-03
8.811000e+03 1.300000e-03
8.812000e+03 1.600000e-03
8.813000e+03 1.800000e-03
8.814000e+03 2.200000e-03
8.815000e+03 2.500000e-03
8.816000e+03 2.800000e-03
8.817000e+03 3.300000e-03
8.818000e+03 4.000000e-03
8.819000e+03 4.500000e-03
8.820000e+03 5.500000e-03
8.821000e+03 6.800000e-03
8.822000e+03 8.500000e-03
8.823000e+03 9.900000e-03
8.824000e+03 1.180000e-02
8.825000e+03 1.420000e-02
8.826000e+03 1.790000e-02
8.827000e+03 2.110000e-02
8.828000e+03 2.580000e-02
8.829000e+03 3.170000e-02
8.830000e+03 4.060000e-02
8.831000e+03 5.010000e-02
8.832000e+03 5.860000e-02
8.833000e+03 7.080000e-02
8.834000e+03 8.610000e-02
8.835000e+03 1.062000e-01
8.836000e+03 1.249000e-01
8.837000e+03 1.493000e-01
8.838000e+03 1.802000e-01
8.839000e+03 2.201000e-01
8.840000e+03 2.458000e-01
8.841000e+03 2.715000e-01
8.842000e+03 3.000000e-01
8.843000e+03 3.255000e-01
8.844000e+03 3.511000e-01
8.845000e+03 3.627000e-01
8.846000e+03 3.797000e-01
8.847000e+03 3.866000e-01
8.848000e+03 3.936000e-01
8.849000e+03 3.957000e-01
8.850000e+03 3.956000e-01
8.851000e+03 3.981000e-01
8.852000e+03 3.959000e-01
8.853000e+03 3.959000e-01
8.854000e+03 3.926000e-01
8.855000e+03 3.924000e-01
8.856000e+03 3.900000e-01
8.857000e+03 3.897000e-01
8.858000e+03 3.901000e-01
8.859000e+03 3.890000e-01
8.860000e+03 3.899000e-01
8.861000e+03 3.916000e-01
8.862000e+03 3.918000e-01
8.863000e+03 3.925000e-01
8.864000e+03 3.919000e-01
8.865000e+03 3.940000e-01
8.866000e+03 3.939000e-01
8.867000e+03 3.955000e-01
8.868000e+03 3.951000e-01
8.869000e+03 3.976000e-01
8.870000e+03 3.958000e-01
8.871000e+03 3.965000e-01
8.872000e+03 3.951000e-01
8.873000e+03 3.966000e-01
8.874000e+03 3.963000e-01
8.875000e+03 3.966000e-01
8.876000e+03 3.958000e-01
8.877000e+03 3.968000e-01
8.878000e+03 3.956000e-01
8.879000e+03 3.943000e-01
8.880000e+03 3.948000e-01
8.881000e+03 3.944000e-01
8.882000e+03 3.931000e-01
8.883000e+03 3.938000e-01
8.884000e+03 3.929000e-01
8.885000e+03 3.941000e-01
8.886000e+03 3.932000e-01
8.887000e+03 3.927000e-01
8.888000e+03 3.934000e-01
8.889000e+03 3.920000e-01
8.890000e+03 3.926000e-01
8.891000e+03 3.923000e-01
8.892000e+03 3.910000e-01
8.893000e+03 3.932000e-01
8.894000e+03 3.918000e-01
8.895000e+03 3.923000e-01
8.896000e+03 3.919000e-01
8.897000e+03 3.921000e-01
8.898000e+03 3.940000e-01
8.899000e+03 3.908000e-01
8.900000e+03 3.921000e-01
8.901000e+03 3.924000e-01
8.902000e+03 3.934000e-01
8.903000e+03 3.912000e-01
8.904000e+03 3.909000e-01
8.905000e+03 3.943000e-01
8.906000e+03 3.909000e-01
8.907000e+03 3.918000e-01
8.908000e+03 3.893000e-01
8.909000e+03 3.880000e-01
8.910000e+03 3.907000e-01
8.911000e+03 3.877000e-01
8.912000e+03 3.897000e-01
8.913000e+03 3.885000e-01
8.914000e+03 3.864000e-01
8.915000e+03 3.862000e-01
8.916000e+03 3.869000e-01
8.917000e+03 3.872000e-01
8.918000e+03 3.855000e-01
8.919000e+03 3.841000e-01
8.920000e+03 3.825000e-01
8.921000e+03 3.827000e-01
8.922000e+03 3.823000e-01
8.923000e+03 3.818000e-01
8.924000e+03 3.813000e-01
8.925000e+03 3.822000e-01
8.926000e+03 3.824000e-01
8.927000e+03 3.794000e-01
8.928000e+03 3.786000e-01
8.929000e+03 3.771000e-01
8.930000e+03 3.766000e-01
8.931000e+03 3.783000e-01
8.932000e+03 3.755000e-01
8.933000e+03 3.736000e-01
8.934000e+03 3.747000e-01
8.935000e+03 3.721000e-01
8.936000e+03 3.720000e-01
8.937000e+03 3.717000e-01
8.938000e+03 3.709000e-01
8.939000e+03 3.696000e-01
8.940000e+03 3.678000e-01
8.941000e+03 3.683000e-01
8.942000e+03 3.634000e-01
8.943000e+03 3.667000e-01
8.944000e+03 3.633000e-01
8.945000e+03 3.641000e-01
8.946000e+03 3.634000e-01
8.947000e+03 3.635000e-01
8.948000e+03 3.630000e-01
8.949000e+03 3.642000e-01
8.950000e+03 3.604000e-01
8.951000e+03 3.592000e-01
8.952000e+03 3.592000e-01
8.953000e+03 3.588000e-01
8.954000e+03 3.577000e-01
8.955000e+03 3.590000e-01
8.956000e+03 3.585000e-01
8.957000e+03 3.593000e-01
8.958000e+03 3.575000e-01
8.959000e+03 3.569000e-01
8.960000e+03 3.546000e-01
8.961000e+03 3.546000e-01
8.962000e+03 3.551000e-01
8.963000e+03 3.538000e-01
8.964000e+03 3.535000e-01
8.965000e+03 3.513000e-01
8.966000e+03 3.522000e-01
8.967000e+03 3.482000e-01
8.968000e+03 3.459000e-01
8.969000e+03 3.430000e-01
8.970000e+03 3.451000e-01
8.971000e+03 3.426000e-01
8.972000e+03 3.386000e-01
8.973000e+03 3.378000e-01
8.974000e+03 3.317000e-01
8.975000e+03 3.281000e-01
8.976000e+03 3.237000e-01
8.977000e+03 3.156000e-01
8.978000e+03 3.086000e-01
8.979000e+03 2.980000e-01
8.980000e+03 2.888000e-01
8.981000e+03 2.767000e-01
8.982000e+03 2.581000e-01
8.983000e+03 2.451000e-01
8.984000e+03 2.267000e-01
8.985000e+03 2.059000e-01
8.986000e+03 1.842000e-01
8.987000e+03 1.683000e-01
8.988000e+03 1.512000e-01
8.989000e+03 1.327000e-01
8.990000e+03 1.140000e-01
8.991000e+03 9.910000e-02
8.992000e+03 8.620000e-02
8.993000e+03 7.140000e-02
8.994000e+03 5.870000e-02
8.995000e+03 4.760000e-02
8.996000e+03 4.130000e-02
8.997000e+03 3.420000e-02
8.998000e+03 2.890000e-02
8.999000e+03 2.420000e-02
9.000000e+03 2.050000e-02
9.001000e+03 1.730000e-02
9.002000e+03 1.420000e-02
9.003000e+03 1.140000e-02
9.004000e+03 9.800000e-03
9.005000e+03 8.500000e-03
9.006000e+03 7.000000e-03
9.007000e+03 6.000000e-03
9.008000e+03 5.100000e-03
9.009000e+03 4.400000e-03
9.010000e+03 3.800000e-03
9.011000e+03 3.300000e-03
9.012000e+03 2.700000e-03
9.013000e+03 2.300000e-03
9.014000e+03 2.200000e-03
9.015000e+03 1.700000e-03
9.016000e+03 1.500000e-03
9.017000e+03 1.400000e-03
9.018000e+03 1.200000e-03
9.019000e+03 1.000000e-03
9.020000e+03 1.000000e-03
9.021000e+03 8.000000e-04
9.022000e+03 7.000000e-04
9.023000e+03 7.000000e-04
9.024000e+03 6.000000e-04
9.025000e+03 5.000000e-04
9.026000e+03 4.000000e-04
9.027000e+03 3.000000e-04
9.028000e+03 3.000000e-04
9.029000e+03 3.000000e-04
9.030000e+03 2.000000e-04
9.031000e+03 2.000000e-04
9.032000e+03 3.000000e-04
9.033000e+03 2.000000e-04
9.034000e+03 2.000000e-04
9.035000e+03 2.000000e-04
9.036000e+03 2.000000e-04
9.037000e+03 1.000000e-04
9.038000e+03 2.000000e-04
