# # Wavelength(Angstrom)  Transmission
6.181000e+03 1.000000e-04
6.182000e+03 1.000000e-04
6.183000e+03 1.000000e-04
6.184000e+03 1.000000e-04
6.185000e+03 1.000000e-04
6.186000e+03 1.000000e-04
6.187000e+03 1.000000e-04
6.188000e+03 1.000000e-04
6.189000e+03 1.000000e-04
6.190000e+03 1.000000e-04
6.191000e+03 2.000000e-04
6.192000e+03 2.000000e-04
6.193000e+03 2.000000e-04
6.194000e+03 2.000000e-04
6.195000e+03 3.000000e-04
6.196000e+03 3.000000e-04
6.197000e+03 3.000000e-04
6.198000e+03 4.000000e-04
6.199000e+03 4.000000e-04
6.200000e+03 5.000000e-04
6.201000e+03 6.000000e-04
6.202000e+03 6.000000e-04
6.203000e+03 7.000000e-04
6.204000e+03 8.000000e-04
6.205000e+03 9.000000e-04
6.206000e+03 1.100000e-03
6.207000e+03 1.200000e-03
6.208000e+03 1.400000e-03
6.209000e+03 1.600000e-03
6.210000e+03 1.900000e-03
6.211000e+03 2.200000e-03
6.212000e+03 2.500000e-03
6.213000e+03 2.900000e-03
6.214000e+03 3.400000e-03
6.215000e+03 4.000000e-03
6.216000e+03 4.700000e-03
6.217000e+03 5.500000e-03
6.218000e+03 6.500000e-03
6.219000e+03 7.700000e-03
6.220000e+03 9.200000e-03
6.221000e+03 1.090000e-02
6.222000e+03 1.300000e-02
6.223000e+03 1.580000e-02
6.224000e+03 1.890000e-02
6.225000e+03 2.300000e-02
6.226000e+03 2.740000e-02
6.227000e+03 3.310000e-02
6.228000e+03 4.030000e-02
6.229000e+03 4.950000e-02
6.230000e+03 6.060000e-02
6.231000e+03 7.390000e-02
6.232000e+03 9.120000e-02
6.233000e+03 1.110000e-01
6.234000e+03 1.357000e-01
6.235000e+03 1.639000e-01
6.236000e+03 2.006000e-01
6.237000e+03 2.378000e-01
6.238000e+03 2.803000e-01
6.239000e+03 3.229000e-01
6.240000e+03 3.713000e-01
6.241000e+03 4.189000e-01
6.242000e+03 4.626000e-01
6.243000e+03 5.031000e-01
6.244000e+03 5.363000e-01
6.245000e+03 5.644000e-01
6.246000e+03 5.833000e-01
6.247000e+03 5.968000e-01
6.248000e+03 6.042000e-01
6.249000e+03 6.097000e-01
6.250000e+03 6.119000e-01
6.251000e+03 6.126000e-01
6.252000e+03 6.117000e-01
6.253000e+03 6.107000e-01
6.254000e+03 6.093000e-01
6.255000e+03 6.084000e-01
6.256000e+03 6.080000e-01
6.257000e+03 6.078000e-01
6.258000e+03 6.079000e-01
6.259000e+03 6.083000e-01
6.260000e+03 6.091000e-01
6.261000e+03 6.100000e-01
6.262000e+03 6.114000e-01
6.263000e+03 6.126000e-01
6.264000e+03 6.131000e-01
6.265000e+03 6.145000e-01
6.266000e+03 6.152000e-01
6.267000e+03 6.156000e-01
6.268000e+03 6.173000e-01
6.269000e+03 6.174000e-01
6.270000e+03 6.185000e-01
6.271000e+03 6.185000e-01
6.272000e+03 6.184000e-01
6.273000e+03 6.181000e-01
6.274000e+03 6.185000e-01
6.275000e+03 6.176000e-01
6.276000e+03 6.175000e-01
6.277000e+03 6.171000e-01
6.278000e+03 6.167000e-01
6.279000e+03 6.167000e-01
6.280000e+03 6.164000e-01
6.281000e+03 6.159000e-01
6.282000e+03 6.155000e-01
6.283000e+03 6.152000e-01
6.284000e+03 6.148000e-01
6.285000e+03 6.145000e-01
6.286000e+03 6.140000e-01
6.287000e+03 6.137000e-01
6.288000e+03 6.136000e-01
6.289000e+03 6.138000e-01
6.290000e+03 6.139000e-01
6.291000e+03 6.140000e-01
6.292000e+03 6.144000e-01
6.293000e+03 6.139000e-01
6.294000e+03 6.137000e-01
6.295000e+03 6.138000e-01
6.296000e+03 6.142000e-01
6.297000e+03 6.145000e-01
6.298000e+03 6.145000e-01
6.299000e+03 6.148000e-01
6.300000e+03 6.150000e-01
6.301000e+03 6.152000e-01
6.302000e+03 6.159000e-01
6.303000e+03 6.156000e-01
6.304000e+03 6.161000e-01
6.305000e+03 6.163000e-01
6.306000e+03 6.164000e-01
6.307000e+03 6.173000e-01
6.308000e+03 6.173000e-01
6.309000e+03 6.176000e-01
6.310000e+03 6.183000e-01
6.311000e+03 6.182000e-01
6.312000e+03 6.187000e-01
6.313000e+03 6.184000e-01
6.314000e+03 6.187000e-01
6.315000e+03 6.194000e-01
6.316000e+03 6.195000e-01
6.317000e+03 6.199000e-01
6.318000e+03 6.208000e-01
6.319000e+03 6.203000e-01
6.320000e+03 6.209000e-01
6.321000e+03 6.208000e-01
6.322000e+03 6.213000e-01
6.323000e+03 6.206000e-01
6.324000e+03 6.207000e-01
6.325000e+03 6.214000e-01
6.326000e+03 6.210000e-01
6.327000e+03 6.206000e-01
6.328000e+03 6.205000e-01
6.329000e+03 6.200000e-01
6.330000e+03 6.200000e-01
6.331000e+03 6.202000e-01
6.332000e+03 6.197000e-01
6.333000e+03 6.194000e-01
6.334000e+03 6.194000e-01
6.335000e+03 6.191000e-01
6.336000e+03 6.187000e-01
6.337000e+03 6.188000e-01
6.338000e+03 6.186000e-01
6.339000e+03 6.183000e-01
6.340000e+03 6.185000e-01
6.341000e+03 6.188000e-01
6.342000e+03 6.187000e-01
6.343000e+03 6.191000e-01
6.344000e+03 6.195000e-01
6.345000e+03 6.194000e-01
6.346000e+03 6.201000e-01
6.347000e+03 6.201000e-01
6.348000e+03 6.208000e-01
6.349000e+03 6.208000e-01
6.350000e+03 6.213000e-01
6.351000e+03 6.220000e-01
6.352000e+03 6.222000e-01
6.353000e+03 6.226000e-01
6.354000e+03 6.229000e-01
6.355000e+03 6.224000e-01
6.356000e+03 6.223000e-01
6.357000e+03 6.224000e-01
6.358000e+03 6.223000e-01
6.359000e+03 6.222000e-01
6.360000e+03 6.218000e-01
6.361000e+03 6.210000e-01
6.362000e+03 6.206000e-01
6.363000e+03 6.202000e-01
6.364000e+03 6.198000e-01
6.365000e+03 6.200000e-01
6.366000e+03 6.193000e-01
6.367000e+03 6.197000e-01
6.368000e+03 6.196000e-01
6.369000e+03 6.206000e-01
6.370000e+03 6.211000e-01
6.371000e+03 6.216000e-01
6.372000e+03 6.224000e-01
6.373000e+03 6.223000e-01
6.374000e+03 6.219000e-01
6.375000e+03 6.202000e-01
6.376000e+03 6.167000e-01
6.377000e+03 6.106000e-01
6.378000e+03 6.013000e-01
6.379000e+03 5.870000e-01
6.380000e+03 5.683000e-01
6.381000e+03 5.440000e-01
6.382000e+03 5.144000e-01
6.383000e+03 4.796000e-01
6.384000e+03 4.377000e-01
6.385000e+03 3.960000e-01
6.386000e+03 3.520000e-01
6.387000e+03 3.088000e-01
6.388000e+03 2.638000e-01
6.389000e+03 2.250000e-01
6.390000e+03 1.887000e-01
6.391000e+03 1.587000e-01
6.392000e+03 1.311000e-01
6.393000e+03 1.092000e-01
6.394000e+03 9.010000e-02
6.395000e+03 7.520000e-02
6.396000e+03 6.250000e-02
6.397000e+03 5.160000e-02
6.398000e+03 4.310000e-02
6.399000e+03 3.590000e-02
6.400000e+03 3.020000e-02
6.401000e+03 2.500000e-02
6.402000e+03 2.110000e-02
6.403000e+03 1.760000e-02
6.404000e+03 1.500000e-02
6.405000e+03 1.260000e-02
6.406000e+03 1.080000e-02
6.407000e+03 9.200000e-03
6.408000e+03 7.900000e-03
6.409000e+03 6.800000e-03
6.410000e+03 5.800000e-03
6.411000e+03 5.000000e-03
6.412000e+03 4.300000e-03
6.413000e+03 3.800000e-03
6.414000e+03 3.200000e-03
6.415000e+03 2.800000e-03
6.416000e+03 2.500000e-03
6.417000e+03 2.100000e-03
6.418000e+03 1.900000e-03
6.419000e+03 1.600000e-03
6.420000e+03 1.500000e-03
6.421000e+03 1.300000e-03
6.422000e+03 1.100000e-03
6.423000e+03 1.000000e-03
6.424000e+03 9.000000e-04
6.425000e+03 8.000000e-04
6.426000e+03 7.000000e-04
6.427000e+03 6.000000e-04
6.428000e+03 6.000000e-04
6.429000e+03 5.000000e-04
6.430000e+03 4.000000e-04
6.431000e+03 4.000000e-04
6.432000e+03 4.000000e-04
6.433000e+03 3.000000e-04
6.434000e+03 3.000000e-04
6.435000e+03 3.000000e-04
6.436000e+03 2.000000e-04
6.437000e+03 2.000000e-04
6.438000e+03 2.000000e-04
6.439000e+03 2.000000e-04
6.440000e+03 2.000000e-04
6.441000e+03 1.000000e-04
6.442000e+03 1.000000e-04
6.443000e+03 1.000000e-04
6.444000e+03 1.000000e-04
6.445000e+03 1.000000e-04
6.446000e+03 1.000000e-04
6.447000e+03 1.000000e-04
6.448000e+03 1.000000e-04
6.449000e+03 1.000000e-04
6.450000e+03 1.000000e-04
6.451000e+03 1.000000e-04
