# # Wavelength(Angstrom)  Transmission
6.374000e+03 1.000000e-04
6.375000e+03 1.000000e-04
6.376000e+03 1.000000e-04
6.377000e+03 1.000000e-04
6.378000e+03 1.000000e-04
6.379000e+03 1.000000e-04
6.380000e+03 1.000000e-04
6.381000e+03 1.000000e-04
6.382000e+03 1.000000e-04
6.383000e+03 1.000000e-04
6.384000e+03 1.000000e-04
6.385000e+03 2.000000e-04
6.386000e+03 2.000000e-04
6.387000e+03 2.000000e-04
6.388000e+03 2.000000e-04
6.389000e+03 2.000000e-04
6.390000e+03 3.000000e-04
6.391000e+03 3.000000e-04
6.392000e+03 4.000000e-04
6.393000e+03 4.000000e-04
6.394000e+03 4.000000e-04
6.395000e+03 5.000000e-04
6.396000e+03 6.000000e-04
6.397000e+03 7.000000e-04
6.398000e+03 7.000000e-04
6.399000e+03 8.000000e-04
6.400000e+03 1.000000e-03
6.401000e+03 1.100000e-03
6.402000e+03 1.200000e-03
6.403000e+03 1.400000e-03
6.404000e+03 1.700000e-03
6.405000e+03 1.900000e-03
6.406000e+03 2.200000e-03
6.407000e+03 2.600000e-03
6.408000e+03 3.000000e-03
6.409000e+03 3.400000e-03
6.410000e+03 4.000000e-03
6.411000e+03 4.700000e-03
6.412000e+03 5.500000e-03
6.413000e+03 6.500000e-03
6.414000e+03 7.800000e-03
6.415000e+03 9.100000e-03
6.416000e+03 1.090000e-02
6.417000e+03 1.290000e-02
6.418000e+03 1.560000e-02
6.419000e+03 1.840000e-02
6.420000e+03 2.220000e-02
6.421000e+03 2.660000e-02
6.422000e+03 3.230000e-02
6.423000e+03 3.930000e-02
6.424000e+03 4.770000e-02
6.425000e+03 5.830000e-02
6.426000e+03 7.030000e-02
6.427000e+03 8.750000e-02
6.428000e+03 1.059000e-01
6.429000e+03 1.299000e-01
6.430000e+03 1.554000e-01
6.431000e+03 1.887000e-01
6.432000e+03 2.234000e-01
6.433000e+03 2.641000e-01
6.434000e+03 3.068000e-01
6.435000e+03 3.521000e-01
6.436000e+03 3.997000e-01
6.437000e+03 4.438000e-01
6.438000e+03 4.846000e-01
6.439000e+03 5.185000e-01
6.440000e+03 5.515000e-01
6.441000e+03 5.742000e-01
6.442000e+03 5.923000e-01
6.443000e+03 6.040000e-01
6.444000e+03 6.121000e-01
6.445000e+03 6.176000e-01
6.446000e+03 6.199000e-01
6.447000e+03 6.213000e-01
6.448000e+03 6.214000e-01
6.449000e+03 6.211000e-01
6.450000e+03 6.209000e-01
6.451000e+03 6.209000e-01
6.452000e+03 6.204000e-01
6.453000e+03 6.205000e-01
6.454000e+03 6.206000e-01
6.455000e+03 6.211000e-01
6.456000e+03 6.217000e-01
6.457000e+03 6.222000e-01
6.458000e+03 6.225000e-01
6.459000e+03 6.233000e-01
6.460000e+03 6.237000e-01
6.461000e+03 6.244000e-01
6.462000e+03 6.245000e-01
6.463000e+03 6.251000e-01
6.464000e+03 6.250000e-01
6.465000e+03 6.247000e-01
6.466000e+03 6.247000e-01
6.467000e+03 6.238000e-01
6.468000e+03 6.242000e-01
6.469000e+03 6.239000e-01
6.470000e+03 6.230000e-01
6.471000e+03 6.225000e-01
6.472000e+03 6.219000e-01
6.473000e+03 6.215000e-01
6.474000e+03 6.210000e-01
6.475000e+03 6.207000e-01
6.476000e+03 6.198000e-01
6.477000e+03 6.195000e-01
6.478000e+03 6.194000e-01
6.479000e+03 6.194000e-01
6.480000e+03 6.194000e-01
6.481000e+03 6.190000e-01
6.482000e+03 6.194000e-01
6.483000e+03 6.197000e-01
6.484000e+03 6.200000e-01
6.485000e+03 6.204000e-01
6.486000e+03 6.204000e-01
6.487000e+03 6.211000e-01
6.488000e+03 6.213000e-01
6.489000e+03 6.219000e-01
6.490000e+03 6.226000e-01
6.491000e+03 6.230000e-01
6.492000e+03 6.234000e-01
6.493000e+03 6.234000e-01
6.494000e+03 6.240000e-01
6.495000e+03 6.245000e-01
6.496000e+03 6.251000e-01
6.497000e+03 6.255000e-01
6.498000e+03 6.256000e-01
6.499000e+03 6.264000e-01
6.500000e+03 6.262000e-01
6.501000e+03 6.267000e-01
6.502000e+03 6.269000e-01
6.503000e+03 6.268000e-01
6.504000e+03 6.273000e-01
6.505000e+03 6.274000e-01
6.506000e+03 6.277000e-01
6.507000e+03 6.276000e-01
6.508000e+03 6.278000e-01
6.509000e+03 6.278000e-01
6.510000e+03 6.274000e-01
6.511000e+03 6.281000e-01
6.512000e+03 6.276000e-01
6.513000e+03 6.282000e-01
6.514000e+03 6.281000e-01
6.515000e+03 6.284000e-01
6.516000e+03 6.280000e-01
6.517000e+03 6.279000e-01
6.518000e+03 6.282000e-01
6.519000e+03 6.284000e-01
6.520000e+03 6.284000e-01
6.521000e+03 6.286000e-01
6.522000e+03 6.281000e-01
6.523000e+03 6.279000e-01
6.524000e+03 6.281000e-01
6.525000e+03 6.280000e-01
6.526000e+03 6.282000e-01
6.527000e+03 6.281000e-01
6.528000e+03 6.281000e-01
6.529000e+03 6.281000e-01
6.530000e+03 6.279000e-01
6.531000e+03 6.279000e-01
6.532000e+03 6.280000e-01
6.533000e+03 6.279000e-01
6.534000e+03 6.279000e-01
6.535000e+03 6.282000e-01
6.536000e+03 6.279000e-01
6.537000e+03 6.282000e-01
6.538000e+03 6.281000e-01
6.539000e+03 6.281000e-01
6.540000e+03 6.284000e-01
6.541000e+03 6.281000e-01
6.542000e+03 6.283000e-01
6.543000e+03 6.285000e-01
6.544000e+03 6.285000e-01
6.545000e+03 6.287000e-01
6.546000e+03 6.279000e-01
6.547000e+03 6.281000e-01
6.548000e+03 6.272000e-01
6.549000e+03 6.273000e-01
6.550000e+03 6.270000e-01
6.551000e+03 6.266000e-01
6.552000e+03 6.260000e-01
6.553000e+03 6.260000e-01
6.554000e+03 6.251000e-01
6.555000e+03 6.247000e-01
6.556000e+03 6.242000e-01
6.557000e+03 6.239000e-01
6.558000e+03 6.233000e-01
6.559000e+03 6.232000e-01
6.560000e+03 6.230000e-01
6.561000e+03 6.230000e-01
6.562000e+03 6.238000e-01
6.563000e+03 6.240000e-01
6.564000e+03 6.243000e-01
6.565000e+03 6.244000e-01
6.566000e+03 6.246000e-01
6.567000e+03 6.240000e-01
6.568000e+03 6.229000e-01
6.569000e+03 6.197000e-01
6.570000e+03 6.143000e-01
6.571000e+03 6.075000e-01
6.572000e+03 5.964000e-01
6.573000e+03 5.823000e-01
6.574000e+03 5.641000e-01
6.575000e+03 5.396000e-01
6.576000e+03 5.108000e-01
6.577000e+03 4.765000e-01
6.578000e+03 4.391000e-01
6.579000e+03 3.961000e-01
6.580000e+03 3.555000e-01
6.581000e+03 3.119000e-01
6.582000e+03 2.728000e-01
6.583000e+03 2.320000e-01
6.584000e+03 1.985000e-01
6.585000e+03 1.672000e-01
6.586000e+03 1.424000e-01
6.587000e+03 1.190000e-01
6.588000e+03 9.970000e-02
6.589000e+03 8.270000e-02
6.590000e+03 6.900000e-02
6.591000e+03 5.790000e-02
6.592000e+03 4.780000e-02
6.593000e+03 4.020000e-02
6.594000e+03 3.350000e-02
6.595000e+03 2.830000e-02
6.596000e+03 2.360000e-02
6.597000e+03 2.000000e-02
6.598000e+03 1.700000e-02
6.599000e+03 1.460000e-02
6.600000e+03 1.240000e-02
6.601000e+03 1.060000e-02
6.602000e+03 9.000000e-03
6.603000e+03 7.800000e-03
6.604000e+03 6.700000e-03
6.605000e+03 5.700000e-03
6.606000e+03 5.000000e-03
6.607000e+03 4.300000e-03
6.608000e+03 3.800000e-03
6.609000e+03 3.200000e-03
6.610000e+03 2.800000e-03
6.611000e+03 2.500000e-03
6.612000e+03 2.200000e-03
6.613000e+03 1.900000e-03
6.614000e+03 1.700000e-03
6.615000e+03 1.500000e-03
6.616000e+03 1.300000e-03
6.617000e+03 1.200000e-03
6.618000e+03 1.000000e-03
6.619000e+03 9.000000e-04
6.620000e+03 8.000000e-04
6.621000e+03 7.000000e-04
6.622000e+03 7.000000e-04
6.623000e+03 6.000000e-04
6.624000e+03 5.000000e-04
6.625000e+03 5.000000e-04
6.626000e+03 4.000000e-04
6.627000e+03 4.000000e-04
6.628000e+03 3.000000e-04
6.629000e+03 3.000000e-04
6.630000e+03 3.000000e-04
6.631000e+03 2.000000e-04
6.632000e+03 2.000000e-04
6.633000e+03 2.000000e-04
6.634000e+03 2.000000e-04
6.635000e+03 2.000000e-04
6.636000e+03 2.000000e-04
6.637000e+03 1.000000e-04
6.638000e+03 1.000000e-04
6.639000e+03 1.000000e-04
6.640000e+03 1.000000e-04
6.641000e+03 1.000000e-04
6.642000e+03 1.000000e-04
6.643000e+03 1.000000e-04
6.644000e+03 1.000000e-04
6.645000e+03 1.000000e-04
6.646000e+03 1.000000e-04
6.647000e+03 1.000000e-04
6.648000e+03 1.000000e-04
