# # Wavelength(Angstrom)  Transmission
7.989000e+03 1.000000e-04
7.990000e+03 0.000000e+00
7.991000e+03 1.000000e-04
7.992000e+03 0.000000e+00
7.993000e+03 1.000000e-04
7.994000e+03 1.000000e-04
7.995000e+03 1.000000e-04
7.996000e+03 1.000000e-04
7.997000e+03 1.000000e-04
7.998000e+03 1.000000e-04
7.999000e+03 1.000000e-04
8.000000e+03 2.000000e-04
8.001000e+03 2.000000e-04
8.002000e+03 2.000000e-04
8.003000e+03 2.000000e-04
8.004000e+03 2.000000e-04
8.005000e+03 3.000000e-04
8.006000e+03 3.000000e-04
8.007000e+03 4.000000e-04
8.008000e+03 4.000000e-04
8.009000e+03 5.000000e-04
8.010000e+03 5.000000e-04
8.011000e+03 6.000000e-04
8.012000e+03 7.000000e-04
8.013000e+03 8.000000e-04
8.014000e+03 9.000000e-04
8.015000e+03 1.100000e-03
8.016000e+03 1.300000e-03
8.017000e+03 1.500000e-03
8.018000e+03 1.700000e-03
8.019000e+03 1.900000e-03
8.020000e+03 2.300000e-03
8.021000e+03 2.700000e-03
8.022000e+03 3.100000e-03
8.023000e+03 3.800000e-03
8.024000e+03 4.600000e-03
8.025000e+03 5.600000e-03
8.026000e+03 6.600000e-03
8.027000e+03 7.900000e-03
8.028000e+03 9.200000e-03
8.029000e+03 1.140000e-02
8.030000e+03 1.380000e-02
8.031000e+03 1.650000e-02
8.032000e+03 2.060000e-02
8.033000e+03 2.570000e-02
8.034000e+03 3.180000e-02
8.035000e+03 3.770000e-02
8.036000e+03 4.610000e-02
8.037000e+03 5.570000e-02
8.038000e+03 6.970000e-02
8.039000e+03 8.410000e-02
8.040000e+03 1.055000e-01
8.041000e+03 1.287000e-01
8.042000e+03 1.625000e-01
8.043000e+03 1.938000e-01
8.044000e+03 2.233000e-01
8.045000e+03 2.562000e-01
8.046000e+03 2.948000e-01
8.047000e+03 3.350000e-01
8.048000e+03 3.654000e-01
8.049000e+03 3.985000e-01
8.050000e+03 4.279000e-01
8.051000e+03 4.511000e-01
8.052000e+03 4.654000e-01
8.053000e+03 4.777000e-01
8.054000e+03 4.846000e-01
8.055000e+03 4.905000e-01
8.056000e+03 4.926000e-01
8.057000e+03 4.934000e-01
8.058000e+03 4.929000e-01
8.059000e+03 4.918000e-01
8.060000e+03 4.907000e-01
8.061000e+03 4.899000e-01
8.062000e+03 4.893000e-01
8.063000e+03 4.885000e-01
8.064000e+03 4.886000e-01
8.065000e+03 4.887000e-01
8.066000e+03 4.889000e-01
8.067000e+03 4.894000e-01
8.068000e+03 4.904000e-01
8.069000e+03 4.909000e-01
8.070000e+03 4.914000e-01
8.071000e+03 4.922000e-01
8.072000e+03 4.925000e-01
8.073000e+03 4.933000e-01
8.074000e+03 4.936000e-01
8.075000e+03 4.941000e-01
8.076000e+03 4.945000e-01
8.077000e+03 4.945000e-01
8.078000e+03 4.946000e-01
8.079000e+03 4.946000e-01
8.080000e+03 4.944000e-01
8.081000e+03 4.940000e-01
8.082000e+03 4.933000e-01
8.083000e+03 4.928000e-01
8.084000e+03 4.920000e-01
8.085000e+03 4.914000e-01
8.086000e+03 4.909000e-01
8.087000e+03 4.904000e-01
8.088000e+03 4.899000e-01
8.089000e+03 4.893000e-01
8.090000e+03 4.889000e-01
8.091000e+03 4.884000e-01
8.092000e+03 4.881000e-01
8.093000e+03 4.877000e-01
8.094000e+03 4.876000e-01
8.095000e+03 4.873000e-01
8.096000e+03 4.867000e-01
8.097000e+03 4.864000e-01
8.098000e+03 4.861000e-01
8.099000e+03 4.858000e-01
8.100000e+03 4.854000e-01
8.101000e+03 4.851000e-01
8.102000e+03 4.847000e-01
8.103000e+03 4.842000e-01
8.104000e+03 4.839000e-01
8.105000e+03 4.835000e-01
8.106000e+03 4.830000e-01
8.107000e+03 4.824000e-01
8.108000e+03 4.821000e-01
8.109000e+03 4.814000e-01
8.110000e+03 4.809000e-01
8.111000e+03 4.804000e-01
8.112000e+03 4.796000e-01
8.113000e+03 4.790000e-01
8.114000e+03 4.786000e-01
8.115000e+03 4.779000e-01
8.116000e+03 4.773000e-01
8.117000e+03 4.769000e-01
8.118000e+03 4.762000e-01
8.119000e+03 4.758000e-01
8.120000e+03 4.753000e-01
8.121000e+03 4.747000e-01
8.122000e+03 4.742000e-01
8.123000e+03 4.738000e-01
8.124000e+03 4.730000e-01
8.125000e+03 4.726000e-01
8.126000e+03 4.719000e-01
8.127000e+03 4.715000e-01
8.128000e+03 4.706000e-01
8.129000e+03 4.703000e-01
8.130000e+03 4.696000e-01
8.131000e+03 4.692000e-01
8.132000e+03 4.684000e-01
8.133000e+03 4.681000e-01
8.134000e+03 4.675000e-01
8.135000e+03 4.670000e-01
8.136000e+03 4.665000e-01
8.137000e+03 4.658000e-01
8.138000e+03 4.654000e-01
8.139000e+03 4.649000e-01
8.140000e+03 4.643000e-01
8.141000e+03 4.637000e-01
8.142000e+03 4.632000e-01
8.143000e+03 4.630000e-01
8.144000e+03 4.626000e-01
8.145000e+03 4.622000e-01
8.146000e+03 4.618000e-01
8.147000e+03 4.615000e-01
8.148000e+03 4.608000e-01
8.149000e+03 4.605000e-01
8.150000e+03 4.599000e-01
8.151000e+03 4.592000e-01
8.152000e+03 4.587000e-01
8.153000e+03 4.581000e-01
8.154000e+03 4.574000e-01
8.155000e+03 4.565000e-01
8.156000e+03 4.559000e-01
8.157000e+03 4.550000e-01
8.158000e+03 4.541000e-01
8.159000e+03 4.531000e-01
8.160000e+03 4.520000e-01
8.161000e+03 4.507000e-01
8.162000e+03 4.495000e-01
8.163000e+03 4.480000e-01
8.164000e+03 4.471000e-01
8.165000e+03 4.462000e-01
8.166000e+03 4.452000e-01
8.167000e+03 4.446000e-01
8.168000e+03 4.439000e-01
8.169000e+03 4.434000e-01
8.170000e+03 4.434000e-01
8.171000e+03 4.433000e-01
8.172000e+03 4.433000e-01
8.173000e+03 4.432000e-01
8.174000e+03 4.430000e-01
8.175000e+03 4.419000e-01
8.176000e+03 4.397000e-01
8.177000e+03 4.365000e-01
8.178000e+03 4.315000e-01
8.179000e+03 4.226000e-01
8.180000e+03 4.081000e-01
8.181000e+03 3.905000e-01
8.182000e+03 3.750000e-01
8.183000e+03 3.526000e-01
8.184000e+03 3.246000e-01
8.185000e+03 2.922000e-01
8.186000e+03 2.652000e-01
8.187000e+03 2.318000e-01
8.188000e+03 1.997000e-01
8.189000e+03 1.625000e-01
8.190000e+03 1.411000e-01
8.191000e+03 1.201000e-01
8.192000e+03 1.010000e-01
8.193000e+03 8.090000e-02
8.194000e+03 6.660000e-02
8.195000e+03 5.530000e-02
8.196000e+03 4.420000e-02
8.197000e+03 3.460000e-02
8.198000e+03 2.740000e-02
8.199000e+03 2.310000e-02
8.200000e+03 1.930000e-02
8.201000e+03 1.620000e-02
8.202000e+03 1.290000e-02
8.203000e+03 1.100000e-02
8.204000e+03 9.200000e-03
8.205000e+03 7.600000e-03
8.206000e+03 6.200000e-03
8.207000e+03 5.300000e-03
8.208000e+03 4.600000e-03
8.209000e+03 4.000000e-03
8.210000e+03 3.400000e-03
8.211000e+03 2.800000e-03
8.212000e+03 2.500000e-03
8.213000e+03 2.100000e-03
8.214000e+03 1.800000e-03
8.215000e+03 1.500000e-03
8.216000e+03 1.300000e-03
8.217000e+03 1.200000e-03
8.218000e+03 1.000000e-03
8.219000e+03 9.000000e-04
8.220000e+03 8.000000e-04
8.221000e+03 7.000000e-04
8.222000e+03 6.000000e-04
8.223000e+03 5.000000e-04
8.224000e+03 5.000000e-04
8.225000e+03 4.000000e-04
8.226000e+03 4.000000e-04
8.227000e+03 3.000000e-04
8.228000e+03 3.000000e-04
8.229000e+03 3.000000e-04
8.230000e+03 2.000000e-04
8.231000e+03 2.000000e-04
8.232000e+03 2.000000e-04
8.233000e+03 2.000000e-04
8.234000e+03 1.000000e-04
8.235000e+03 1.000000e-04
8.236000e+03 1.000000e-04
8.237000e+03 1.000000e-04
8.238000e+03 1.000000e-04
8.239000e+03 1.000000e-04
8.240000e+03 1.000000e-04
8.241000e+03 1.000000e-04
8.242000e+03 1.000000e-04
8.243000e+03 1.000000e-04
