# # Wavelength(Angstrom)  Transmission
4.086000e+03 1.000000e-04
4.087000e+03 1.000000e-04
4.088000e+03 1.000000e-04
4.089000e+03 1.000000e-04
4.090000e+03 1.000000e-04
4.091000e+03 1.000000e-04
4.092000e+03 1.000000e-04
4.093000e+03 1.000000e-04
4.094000e+03 1.000000e-04
4.095000e+03 1.000000e-04
4.096000e+03 2.000000e-04
4.097000e+03 2.000000e-04
4.098000e+03 2.000000e-04
4.099000e+03 2.000000e-04
4.100000e+03 3.000000e-04
4.101000e+03 3.000000e-04
4.102000e+03 4.000000e-04
4.103000e+03 4.000000e-04
4.104000e+03 5.000000e-04
4.105000e+03 6.000000e-04
4.106000e+03 7.000000e-04
4.107000e+03 8.000000e-04
4.108000e+03 9.000000e-04
4.109000e+03 1.000000e-03
4.110000e+03 1.200000e-03
4.111000e+03 1.400000e-03
4.112000e+03 1.700000e-03
4.113000e+03 2.000000e-03
4.114000e+03 2.300000e-03
4.115000e+03 2.800000e-03
4.116000e+03 3.300000e-03
4.117000e+03 4.000000e-03
4.118000e+03 4.800000e-03
4.119000e+03 5.800000e-03
4.120000e+03 6.900000e-03
4.121000e+03 8.500000e-03
4.122000e+03 1.040000e-02
4.123000e+03 1.260000e-02
4.124000e+03 1.560000e-02
4.125000e+03 1.900000e-02
4.126000e+03 2.350000e-02
4.127000e+03 2.890000e-02
4.128000e+03 3.560000e-02
4.129000e+03 4.420000e-02
4.130000e+03 5.570000e-02
4.131000e+03 6.850000e-02
4.132000e+03 8.530000e-02
4.133000e+03 1.031000e-01
4.134000e+03 1.263000e-01
4.135000e+03 1.500000e-01
4.136000e+03 1.772000e-01
4.137000e+03 2.046000e-01
4.138000e+03 2.331000e-01
4.139000e+03 2.606000e-01
4.140000e+03 2.843000e-01
4.141000e+03 3.049000e-01
4.142000e+03 3.218000e-01
4.143000e+03 3.362000e-01
4.144000e+03 3.451000e-01
4.145000e+03 3.520000e-01
4.146000e+03 3.572000e-01
4.147000e+03 3.603000e-01
4.148000e+03 3.621000e-01
4.149000e+03 3.641000e-01
4.150000e+03 3.652000e-01
4.151000e+03 3.666000e-01
4.152000e+03 3.677000e-01
4.153000e+03 3.682000e-01
4.154000e+03 3.690000e-01
4.155000e+03 3.697000e-01
4.156000e+03 3.700000e-01
4.157000e+03 3.714000e-01
4.158000e+03 3.715000e-01
4.159000e+03 3.727000e-01
4.160000e+03 3.722000e-01
4.161000e+03 3.723000e-01
4.162000e+03 3.720000e-01
4.163000e+03 3.727000e-01
4.164000e+03 3.727000e-01
4.165000e+03 3.722000e-01
4.166000e+03 3.718000e-01
4.167000e+03 3.721000e-01
4.168000e+03 3.718000e-01
4.169000e+03 3.711000e-01
4.170000e+03 3.709000e-01
4.171000e+03 3.711000e-01
4.172000e+03 3.708000e-01
4.173000e+03 3.708000e-01
4.174000e+03 3.712000e-01
4.175000e+03 3.707000e-01
4.176000e+03 3.714000e-01
4.177000e+03 3.711000e-01
4.178000e+03 3.724000e-01
4.179000e+03 3.730000e-01
4.180000e+03 3.737000e-01
4.181000e+03 3.741000e-01
4.182000e+03 3.746000e-01
4.183000e+03 3.757000e-01
4.184000e+03 3.758000e-01
4.185000e+03 3.769000e-01
4.186000e+03 3.770000e-01
4.187000e+03 3.778000e-01
4.188000e+03 3.784000e-01
4.189000e+03 3.783000e-01
4.190000e+03 3.790000e-01
4.191000e+03 3.789000e-01
4.192000e+03 3.801000e-01
4.193000e+03 3.796000e-01
4.194000e+03 3.794000e-01
4.195000e+03 3.790000e-01
4.196000e+03 3.785000e-01
4.197000e+03 3.789000e-01
4.198000e+03 3.772000e-01
4.199000e+03 3.774000e-01
4.200000e+03 3.762000e-01
4.201000e+03 3.756000e-01
4.202000e+03 3.753000e-01
4.203000e+03 3.743000e-01
4.204000e+03 3.736000e-01
4.205000e+03 3.728000e-01
4.206000e+03 3.716000e-01
4.207000e+03 3.710000e-01
4.208000e+03 3.707000e-01
4.209000e+03 3.694000e-01
4.210000e+03 3.689000e-01
4.211000e+03 3.688000e-01
4.212000e+03 3.678000e-01
4.213000e+03 3.676000e-01
4.214000e+03 3.674000e-01
4.215000e+03 3.664000e-01
4.216000e+03 3.665000e-01
4.217000e+03 3.667000e-01
4.218000e+03 3.670000e-01
4.219000e+03 3.663000e-01
4.220000e+03 3.667000e-01
4.221000e+03 3.675000e-01
4.222000e+03 3.675000e-01
4.223000e+03 3.671000e-01
4.224000e+03 3.680000e-01
4.225000e+03 3.682000e-01
4.226000e+03 3.693000e-01
4.227000e+03 3.698000e-01
4.228000e+03 3.708000e-01
4.229000e+03 3.711000e-01
4.230000e+03 3.724000e-01
4.231000e+03 3.730000e-01
4.232000e+03 3.735000e-01
4.233000e+03 3.740000e-01
4.234000e+03 3.748000e-01
4.235000e+03 3.758000e-01
4.236000e+03 3.773000e-01
4.237000e+03 3.783000e-01
4.238000e+03 3.794000e-01
4.239000e+03 3.796000e-01
4.240000e+03 3.808000e-01
4.241000e+03 3.818000e-01
4.242000e+03 3.830000e-01
4.243000e+03 3.838000e-01
4.244000e+03 3.850000e-01
4.245000e+03 3.854000e-01
4.246000e+03 3.870000e-01
4.247000e+03 3.876000e-01
4.248000e+03 3.881000e-01
4.249000e+03 3.884000e-01
4.250000e+03 3.885000e-01
4.251000e+03 3.890000e-01
4.252000e+03 3.891000e-01
4.253000e+03 3.894000e-01
4.254000e+03 3.892000e-01
4.255000e+03 3.888000e-01
4.256000e+03 3.879000e-01
4.257000e+03 3.880000e-01
4.258000e+03 3.875000e-01
4.259000e+03 3.869000e-01
4.260000e+03 3.870000e-01
4.261000e+03 3.862000e-01
4.262000e+03 3.858000e-01
4.263000e+03 3.855000e-01
4.264000e+03 3.853000e-01
4.265000e+03 3.848000e-01
4.266000e+03 3.854000e-01
4.267000e+03 3.851000e-01
4.268000e+03 3.857000e-01
4.269000e+03 3.852000e-01
4.270000e+03 3.847000e-01
4.271000e+03 3.834000e-01
4.272000e+03 3.803000e-01
4.273000e+03 3.749000e-01
4.274000e+03 3.684000e-01
4.275000e+03 3.579000e-01
4.276000e+03 3.452000e-01
4.277000e+03 3.266000e-01
4.278000e+03 3.072000e-01
4.279000e+03 2.833000e-01
4.280000e+03 2.588000e-01
4.281000e+03 2.318000e-01
4.282000e+03 2.029000e-01
4.283000e+03 1.754000e-01
4.284000e+03 1.511000e-01
4.285000e+03 1.290000e-01
4.286000e+03 1.072000e-01
4.287000e+03 9.010000e-02
4.288000e+03 7.440000e-02
4.289000e+03 6.230000e-02
4.290000e+03 5.100000e-02
4.291000e+03 4.250000e-02
4.292000e+03 3.520000e-02
4.293000e+03 2.960000e-02
4.294000e+03 2.450000e-02
4.295000e+03 2.060000e-02
4.296000e+03 1.720000e-02
4.297000e+03 1.460000e-02
4.298000e+03 1.240000e-02
4.299000e+03 1.030000e-02
4.300000e+03 8.800000e-03
4.301000e+03 7.500000e-03
4.302000e+03 6.400000e-03
4.303000e+03 5.400000e-03
4.304000e+03 4.700000e-03
4.305000e+03 4.000000e-03
4.306000e+03 3.500000e-03
4.307000e+03 3.000000e-03
4.308000e+03 2.600000e-03
4.309000e+03 2.300000e-03
4.310000e+03 2.000000e-03
4.311000e+03 1.700000e-03
4.312000e+03 1.500000e-03
4.313000e+03 1.300000e-03
4.314000e+03 1.200000e-03
4.315000e+03 1.000000e-03
4.316000e+03 9.000000e-04
4.317000e+03 8.000000e-04
4.318000e+03 7.000000e-04
4.319000e+03 6.000000e-04
4.320000e+03 6.000000e-04
4.321000e+03 5.000000e-04
4.322000e+03 4.000000e-04
4.323000e+03 4.000000e-04
4.324000e+03 4.000000e-04
4.325000e+03 3.000000e-04
4.326000e+03 3.000000e-04
4.327000e+03 3.000000e-04
4.328000e+03 2.000000e-04
4.329000e+03 2.000000e-04
4.330000e+03 2.000000e-04
4.331000e+03 2.000000e-04
4.332000e+03 2.000000e-04
4.333000e+03 1.000000e-04
4.334000e+03 1.000000e-04
4.335000e+03 1.000000e-04
4.336000e+03 1.000000e-04
4.337000e+03 1.000000e-04
4.338000e+03 1.000000e-04
4.339000e+03 1.000000e-04
4.340000e+03 1.000000e-04
4.341000e+03 1.000000e-04
4.342000e+03 1.000000e-04
4.343000e+03 1.000000e-04
4.344000e+03 1.000000e-04
