# # Wavelength(Angstrom)  Transmission
3.940000e+03 4.000000e-04
3.941000e+03 4.000000e-04
3.942000e+03 4.000000e-04
3.943000e+03 4.000000e-04
3.944000e+03 4.000000e-04
3.945000e+03 4.000000e-04
3.946000e+03 4.000000e-04
3.947000e+03 4.000000e-04
3.948000e+03 4.000000e-04
3.949000e+03 4.000000e-04
3.950000e+03 4.000000e-04
3.951000e+03 4.000000e-04
3.952000e+03 4.000000e-04
3.953000e+03 4.000000e-04
3.954000e+03 4.000000e-04
3.955000e+03 4.000000e-04
3.956000e+03 8.000000e-04
3.957000e+03 8.000000e-04
3.958000e+03 8.000000e-04
3.959000e+03 8.000000e-04
3.960000e+03 8.000000e-04
3.961000e+03 8.000000e-04
3.962000e+03 1.100000e-03
3.963000e+03 1.100000e-03
3.964000e+03 1.100000e-03
3.965000e+03 1.500000e-03
3.966000e+03 1.500000e-03
3.967000e+03 1.500000e-03
3.968000e+03 1.900000e-03
3.969000e+03 1.900000e-03
3.970000e+03 2.300000e-03
3.971000e+03 2.700000e-03
3.972000e+03 3.100000e-03
3.973000e+03 3.100000e-03
3.974000e+03 3.500000e-03
3.975000e+03 4.300000e-03
3.976000e+03 4.600000e-03
3.977000e+03 5.000000e-03
3.978000e+03 5.800000e-03
3.979000e+03 6.600000e-03
3.980000e+03 7.400000e-03
3.981000e+03 8.200000e-03
3.982000e+03 9.300000e-03
3.983000e+03 1.050000e-02
3.984000e+03 1.210000e-02
3.985000e+03 1.370000e-02
3.986000e+03 1.560000e-02
3.987000e+03 1.760000e-02
3.988000e+03 2.040000e-02
3.989000e+03 2.310000e-02
3.990000e+03 2.670000e-02
3.991000e+03 3.060000e-02
3.992000e+03 3.570000e-02
3.993000e+03 4.130000e-02
3.994000e+03 4.800000e-02
3.995000e+03 5.510000e-02
3.996000e+03 6.350000e-02
3.997000e+03 7.340000e-02
3.998000e+03 8.490000e-02
3.999000e+03 9.760000e-02
4.000000e+03 1.111000e-01
4.001000e+03 1.259000e-01
4.002000e+03 1.418000e-01
4.003000e+03 1.601000e-01
4.004000e+03 1.785000e-01
4.005000e+03 1.985000e-01
4.006000e+03 2.173000e-01
4.007000e+03 2.369000e-01
4.008000e+03 2.562000e-01
4.009000e+03 2.735000e-01
4.010000e+03 2.888000e-01
4.011000e+03 3.029000e-01
4.012000e+03 3.159000e-01
4.013000e+03 3.277000e-01
4.014000e+03 3.355000e-01
4.015000e+03 3.418000e-01
4.016000e+03 3.468000e-01
4.017000e+03 3.510000e-01
4.018000e+03 3.541000e-01
4.019000e+03 3.563000e-01
4.020000e+03 3.586000e-01
4.021000e+03 3.596000e-01
4.022000e+03 3.611000e-01
4.023000e+03 3.601000e-01
4.024000e+03 3.600000e-01
4.025000e+03 3.598000e-01
4.026000e+03 3.597000e-01
4.027000e+03 3.595000e-01
4.028000e+03 3.601000e-01
4.029000e+03 3.592000e-01
4.030000e+03 3.595000e-01
4.031000e+03 3.597000e-01
4.032000e+03 3.604000e-01
4.033000e+03 3.614000e-01
4.034000e+03 3.621000e-01
4.035000e+03 3.623000e-01
4.036000e+03 3.630000e-01
4.037000e+03 3.637000e-01
4.038000e+03 3.643000e-01
4.039000e+03 3.654000e-01
4.040000e+03 3.660000e-01
4.041000e+03 3.667000e-01
4.042000e+03 3.665000e-01
4.043000e+03 3.672000e-01
4.044000e+03 3.683000e-01
4.045000e+03 3.689000e-01
4.046000e+03 3.700000e-01
4.047000e+03 3.699000e-01
4.048000e+03 3.701000e-01
4.049000e+03 3.704000e-01
4.050000e+03 3.714000e-01
4.051000e+03 3.721000e-01
4.052000e+03 3.723000e-01
4.053000e+03 3.722000e-01
4.054000e+03 3.724000e-01
4.055000e+03 3.723000e-01
4.056000e+03 3.733000e-01
4.057000e+03 3.736000e-01
4.058000e+03 3.742000e-01
4.059000e+03 3.740000e-01
4.060000e+03 3.747000e-01
4.061000e+03 3.754000e-01
4.062000e+03 3.756000e-01
4.063000e+03 3.750000e-01
4.064000e+03 3.752000e-01
4.065000e+03 3.755000e-01
4.066000e+03 3.757000e-01
4.067000e+03 3.764000e-01
4.068000e+03 3.758000e-01
4.069000e+03 3.756000e-01
4.070000e+03 3.759000e-01
4.071000e+03 3.769000e-01
4.072000e+03 3.772000e-01
4.073000e+03 3.766000e-01
4.074000e+03 3.768000e-01
4.075000e+03 3.779000e-01
4.076000e+03 3.781000e-01
4.077000e+03 3.784000e-01
4.078000e+03 3.782000e-01
4.079000e+03 3.785000e-01
4.080000e+03 3.787000e-01
4.081000e+03 3.790000e-01
4.082000e+03 3.797000e-01
4.083000e+03 3.808000e-01
4.084000e+03 3.811000e-01
4.085000e+03 3.810000e-01
4.086000e+03 3.808000e-01
4.087000e+03 3.815000e-01
4.088000e+03 3.814000e-01
4.089000e+03 3.821000e-01
4.090000e+03 3.819000e-01
4.091000e+03 3.822000e-01
4.092000e+03 3.833000e-01
4.093000e+03 3.836000e-01
4.094000e+03 3.839000e-01
4.095000e+03 3.846000e-01
4.096000e+03 3.857000e-01
4.097000e+03 3.856000e-01
4.098000e+03 3.867000e-01
4.099000e+03 3.874000e-01
4.100000e+03 3.873000e-01
4.101000e+03 3.875000e-01
4.102000e+03 3.881000e-01
4.103000e+03 3.892000e-01
4.104000e+03 3.890000e-01
4.105000e+03 3.896000e-01
4.106000e+03 3.903000e-01
4.107000e+03 3.905000e-01
4.108000e+03 3.907000e-01
4.109000e+03 3.909000e-01
4.110000e+03 3.907000e-01
4.111000e+03 3.909000e-01
4.112000e+03 3.907000e-01
4.113000e+03 3.905000e-01
4.114000e+03 3.916000e-01
4.115000e+03 3.931000e-01
4.116000e+03 3.934000e-01
4.117000e+03 3.940000e-01
4.118000e+03 3.934000e-01
4.119000e+03 3.936000e-01
4.120000e+03 3.934000e-01
4.121000e+03 3.937000e-01
4.122000e+03 3.930000e-01
4.123000e+03 3.933000e-01
4.124000e+03 3.935000e-01
4.125000e+03 3.937000e-01
4.126000e+03 3.935000e-01
4.127000e+03 3.938000e-01
4.128000e+03 3.944000e-01
4.129000e+03 3.942000e-01
4.130000e+03 3.953000e-01
4.131000e+03 3.956000e-01
4.132000e+03 3.954000e-01
4.133000e+03 3.952000e-01
4.134000e+03 3.959000e-01
4.135000e+03 3.957000e-01
4.136000e+03 3.955000e-01
4.137000e+03 3.957000e-01
4.138000e+03 3.964000e-01
4.139000e+03 3.975000e-01
4.140000e+03 3.969000e-01
4.141000e+03 3.967000e-01
4.142000e+03 3.965000e-01
4.143000e+03 3.971000e-01
4.144000e+03 3.987000e-01
4.145000e+03 3.993000e-01
4.146000e+03 3.991000e-01
4.147000e+03 3.989000e-01
4.148000e+03 3.987000e-01
4.149000e+03 3.994000e-01
4.150000e+03 4.005000e-01
4.151000e+03 4.007000e-01
4.152000e+03 4.010000e-01
4.153000e+03 4.012000e-01
4.154000e+03 4.010000e-01
4.155000e+03 4.012000e-01
4.156000e+03 4.015000e-01
4.157000e+03 4.022000e-01
4.158000e+03 4.028000e-01
4.159000e+03 4.035000e-01
4.160000e+03 4.033000e-01
4.161000e+03 4.035000e-01
4.162000e+03 4.042000e-01
4.163000e+03 4.036000e-01
4.164000e+03 4.025000e-01
4.165000e+03 4.027000e-01
4.166000e+03 4.034000e-01
4.167000e+03 4.036000e-01
4.168000e+03 4.034000e-01
4.169000e+03 4.036000e-01
4.170000e+03 4.043000e-01
4.171000e+03 4.045000e-01
4.172000e+03 4.048000e-01
4.173000e+03 4.050000e-01
4.174000e+03 4.052000e-01
4.175000e+03 4.059000e-01
4.176000e+03 4.057000e-01
4.177000e+03 4.055000e-01
4.178000e+03 4.062000e-01
4.179000e+03 4.069000e-01
4.180000e+03 4.075000e-01
4.181000e+03 4.078000e-01
4.182000e+03 4.076000e-01
4.183000e+03 4.087000e-01
4.184000e+03 4.089000e-01
4.185000e+03 4.087000e-01
4.186000e+03 4.089000e-01
4.187000e+03 4.091000e-01
4.188000e+03 4.080000e-01
4.189000e+03 4.056000e-01
4.190000e+03 4.036000e-01
4.191000e+03 4.011000e-01
4.192000e+03 3.978000e-01
4.193000e+03 3.931000e-01
4.194000e+03 3.870000e-01
4.195000e+03 3.801000e-01
4.196000e+03 3.722000e-01
4.197000e+03 3.621000e-01
4.198000e+03 3.502000e-01
4.199000e+03 3.374000e-01
4.200000e+03 3.241000e-01
4.201000e+03 3.090000e-01
4.202000e+03 2.930000e-01
4.203000e+03 2.765000e-01
4.204000e+03 2.595000e-01
4.205000e+03 2.421000e-01
4.206000e+03 2.238000e-01
4.207000e+03 2.059000e-01
4.208000e+03 1.888000e-01
4.209000e+03 1.722000e-01
4.210000e+03 1.570000e-01
4.211000e+03 1.426000e-01
4.212000e+03 1.287000e-01
4.213000e+03 1.161000e-01
4.214000e+03 1.049000e-01
4.215000e+03 9.450000e-02
4.216000e+03 8.460000e-02
4.217000e+03 7.560000e-02
4.218000e+03 6.790000e-02
4.219000e+03 6.070000e-02
4.220000e+03 5.480000e-02
4.221000e+03 4.900000e-02
4.222000e+03 4.400000e-02
4.223000e+03 3.950000e-02
4.224000e+03 3.540000e-02
4.225000e+03 3.180000e-02
4.226000e+03 2.860000e-02
4.227000e+03 2.550000e-02
4.228000e+03 2.320000e-02
4.229000e+03 2.090000e-02
4.230000e+03 1.870000e-02
4.231000e+03 1.690000e-02
4.232000e+03 1.550000e-02
4.233000e+03 1.410000e-02
4.234000e+03 1.280000e-02
4.235000e+03 1.140000e-02
4.236000e+03 1.050000e-02
4.237000e+03 9.600000e-03
4.238000e+03 8.700000e-03
4.239000e+03 7.800000e-03
4.240000e+03 7.300000e-03
4.241000e+03 6.400000e-03
4.242000e+03 6.000000e-03
4.243000e+03 5.500000e-03
4.244000e+03 5.000000e-03
4.245000e+03 4.600000e-03
4.246000e+03 4.100000e-03
4.247000e+03 3.700000e-03
4.248000e+03 3.700000e-03
4.249000e+03 3.200000e-03
4.250000e+03 3.200000e-03
4.251000e+03 2.800000e-03
4.252000e+03 2.800000e-03
4.253000e+03 2.300000e-03
4.254000e+03 2.300000e-03
4.255000e+03 1.800000e-03
4.256000e+03 1.800000e-03
4.257000e+03 1.800000e-03
4.258000e+03 1.800000e-03
4.259000e+03 1.400000e-03
4.260000e+03 1.400000e-03
4.261000e+03 1.400000e-03
4.262000e+03 1.400000e-03
4.263000e+03 9.000000e-04
4.264000e+03 9.000000e-04
4.265000e+03 9.000000e-04
4.266000e+03 9.000000e-04
4.267000e+03 9.000000e-04
4.268000e+03 9.000000e-04
4.269000e+03 9.000000e-04
4.270000e+03 9.000000e-04
4.271000e+03 5.000000e-04
4.272000e+03 5.000000e-04
4.273000e+03 5.000000e-04
4.274000e+03 5.000000e-04
4.275000e+03 5.000000e-04
4.276000e+03 5.000000e-04
4.277000e+03 5.000000e-04
4.278000e+03 5.000000e-04
4.279000e+03 5.000000e-04
4.280000e+03 5.000000e-04
4.281000e+03 5.000000e-04
4.282000e+03 5.000000e-04
4.283000e+03 5.000000e-04
4.284000e+03 5.000000e-04
4.285000e+03 5.000000e-04
4.286000e+03 5.000000e-04
4.287000e+03 5.000000e-04
4.288000e+03 5.000000e-04
