# # Wavelength(Angstrom)  Transmission
6.579000e+03 1.000000e-04
6.580000e+03 1.000000e-04
6.581000e+03 1.000000e-04
6.582000e+03 1.000000e-04
6.583000e+03 1.000000e-04
6.584000e+03 1.000000e-04
6.585000e+03 1.000000e-04
6.586000e+03 1.000000e-04
6.587000e+03 1.000000e-04
6.588000e+03 1.000000e-04
6.589000e+03 1.000000e-04
6.590000e+03 2.000000e-04
6.591000e+03 2.000000e-04
6.592000e+03 2.000000e-04
6.593000e+03 2.000000e-04
6.594000e+03 3.000000e-04
6.595000e+03 3.000000e-04
6.596000e+03 3.000000e-04
6.597000e+03 4.000000e-04
6.598000e+03 4.000000e-04
6.599000e+03 5.000000e-04
6.600000e+03 5.000000e-04
6.601000e+03 6.000000e-04
6.602000e+03 7.000000e-04
6.603000e+03 8.000000e-04
6.604000e+03 9.000000e-04
6.605000e+03 1.000000e-03
6.606000e+03 1.100000e-03
6.607000e+03 1.300000e-03
6.608000e+03 1.500000e-03
6.609000e+03 1.700000e-03
6.610000e+03 2.000000e-03
6.611000e+03 2.300000e-03
6.612000e+03 2.600000e-03
6.613000e+03 3.000000e-03
6.614000e+03 3.500000e-03
6.615000e+03 4.100000e-03
6.616000e+03 4.700000e-03
6.617000e+03 5.500000e-03
6.618000e+03 6.500000e-03
6.619000e+03 7.600000e-03
6.620000e+03 9.000000e-03
6.621000e+03 1.050000e-02
6.622000e+03 1.270000e-02
6.623000e+03 1.500000e-02
6.624000e+03 1.800000e-02
6.625000e+03 2.130000e-02
6.626000e+03 2.560000e-02
6.627000e+03 3.080000e-02
6.628000e+03 3.720000e-02
6.629000e+03 4.490000e-02
6.630000e+03 5.420000e-02
6.631000e+03 6.620000e-02
6.632000e+03 7.930000e-02
6.633000e+03 9.660000e-02
6.634000e+03 1.157000e-01
6.635000e+03 1.419000e-01
6.636000e+03 1.681000e-01
6.637000e+03 2.004000e-01
6.638000e+03 2.335000e-01
6.639000e+03 2.728000e-01
6.640000e+03 3.134000e-01
6.641000e+03 3.565000e-01
6.642000e+03 3.983000e-01
6.643000e+03 4.377000e-01
6.644000e+03 4.770000e-01
6.645000e+03 5.078000e-01
6.646000e+03 5.361000e-01
6.647000e+03 5.570000e-01
6.648000e+03 5.753000e-01
6.649000e+03 5.870000e-01
6.650000e+03 5.952000e-01
6.651000e+03 6.000000e-01
6.652000e+03 6.028000e-01
6.653000e+03 6.037000e-01
6.654000e+03 6.032000e-01
6.655000e+03 6.031000e-01
6.656000e+03 6.022000e-01
6.657000e+03 6.014000e-01
6.658000e+03 6.008000e-01
6.659000e+03 5.998000e-01
6.660000e+03 5.999000e-01
6.661000e+03 5.995000e-01
6.662000e+03 5.998000e-01
6.663000e+03 5.996000e-01
6.664000e+03 6.003000e-01
6.665000e+03 6.007000e-01
6.666000e+03 6.008000e-01
6.667000e+03 6.015000e-01
6.668000e+03 6.021000e-01
6.669000e+03 6.022000e-01
6.670000e+03 6.026000e-01
6.671000e+03 6.032000e-01
6.672000e+03 6.033000e-01
6.673000e+03 6.038000e-01
6.674000e+03 6.038000e-01
6.675000e+03 6.037000e-01
6.676000e+03 6.035000e-01
6.677000e+03 6.040000e-01
6.678000e+03 6.041000e-01
6.679000e+03 6.041000e-01
6.680000e+03 6.043000e-01
6.681000e+03 6.036000e-01
6.682000e+03 6.041000e-01
6.683000e+03 6.040000e-01
6.684000e+03 6.037000e-01
6.685000e+03 6.044000e-01
6.686000e+03 6.038000e-01
6.687000e+03 6.037000e-01
6.688000e+03 6.036000e-01
6.689000e+03 6.035000e-01
6.690000e+03 6.039000e-01
6.691000e+03 6.039000e-01
6.692000e+03 6.039000e-01
6.693000e+03 6.035000e-01
6.694000e+03 6.032000e-01
6.695000e+03 6.030000e-01
6.696000e+03 6.030000e-01
6.697000e+03 6.034000e-01
6.698000e+03 6.031000e-01
6.699000e+03 6.031000e-01
6.700000e+03 6.026000e-01
6.701000e+03 6.025000e-01
6.702000e+03 6.023000e-01
6.703000e+03 6.025000e-01
6.704000e+03 6.022000e-01
6.705000e+03 6.017000e-01
6.706000e+03 6.017000e-01
6.707000e+03 6.022000e-01
6.708000e+03 6.014000e-01
6.709000e+03 6.013000e-01
6.710000e+03 6.014000e-01
6.711000e+03 6.010000e-01
6.712000e+03 6.009000e-01
6.713000e+03 6.004000e-01
6.714000e+03 6.004000e-01
6.715000e+03 6.002000e-01
6.716000e+03 6.000000e-01
6.717000e+03 6.000000e-01
6.718000e+03 5.994000e-01
6.719000e+03 5.996000e-01
6.720000e+03 5.990000e-01
6.721000e+03 5.990000e-01
6.722000e+03 5.986000e-01
6.723000e+03 5.982000e-01
6.724000e+03 5.981000e-01
6.725000e+03 5.978000e-01
6.726000e+03 5.978000e-01
6.727000e+03 5.969000e-01
6.728000e+03 5.970000e-01
6.729000e+03 5.966000e-01
6.730000e+03 5.972000e-01
6.731000e+03 5.964000e-01
6.732000e+03 5.966000e-01
6.733000e+03 5.965000e-01
6.734000e+03 5.962000e-01
6.735000e+03 5.965000e-01
6.736000e+03 5.971000e-01
6.737000e+03 5.973000e-01
6.738000e+03 5.971000e-01
6.739000e+03 5.977000e-01
6.740000e+03 5.981000e-01
6.741000e+03 5.984000e-01
6.742000e+03 5.986000e-01
6.743000e+03 5.998000e-01
6.744000e+03 6.003000e-01
6.745000e+03 6.009000e-01
6.746000e+03 6.020000e-01
6.747000e+03 6.023000e-01
6.748000e+03 6.031000e-01
6.749000e+03 6.035000e-01
6.750000e+03 6.042000e-01
6.751000e+03 6.049000e-01
6.752000e+03 6.053000e-01
6.753000e+03 6.055000e-01
6.754000e+03 6.057000e-01
6.755000e+03 6.066000e-01
6.756000e+03 6.062000e-01
6.757000e+03 6.061000e-01
6.758000e+03 6.059000e-01
6.759000e+03 6.056000e-01
6.760000e+03 6.057000e-01
6.761000e+03 6.055000e-01
6.762000e+03 6.051000e-01
6.763000e+03 6.047000e-01
6.764000e+03 6.045000e-01
6.765000e+03 6.038000e-01
6.766000e+03 6.044000e-01
6.767000e+03 6.048000e-01
6.768000e+03 6.054000e-01
6.769000e+03 6.062000e-01
6.770000e+03 6.068000e-01
6.771000e+03 6.080000e-01
6.772000e+03 6.081000e-01
6.773000e+03 6.080000e-01
6.774000e+03 6.069000e-01
6.775000e+03 6.048000e-01
6.776000e+03 5.997000e-01
6.777000e+03 5.927000e-01
6.778000e+03 5.813000e-01
6.779000e+03 5.669000e-01
6.780000e+03 5.468000e-01
6.781000e+03 5.228000e-01
6.782000e+03 4.909000e-01
6.783000e+03 4.558000e-01
6.784000e+03 4.175000e-01
6.785000e+03 3.762000e-01
6.786000e+03 3.364000e-01
6.787000e+03 2.912000e-01
6.788000e+03 2.524000e-01
6.789000e+03 2.136000e-01
6.790000e+03 1.822000e-01
6.791000e+03 1.519000e-01
6.792000e+03 1.274000e-01
6.793000e+03 1.056000e-01
6.794000e+03 8.850000e-02
6.795000e+03 7.340000e-02
6.796000e+03 6.080000e-02
6.797000e+03 5.090000e-02
6.798000e+03 4.240000e-02
6.799000e+03 3.570000e-02
6.800000e+03 2.950000e-02
6.801000e+03 2.490000e-02
6.802000e+03 2.070000e-02
6.803000e+03 1.770000e-02
6.804000e+03 1.490000e-02
6.805000e+03 1.270000e-02
6.806000e+03 1.070000e-02
6.807000e+03 9.300000e-03
6.808000e+03 7.900000e-03
6.809000e+03 6.700000e-03
6.810000e+03 5.900000e-03
6.811000e+03 5.000000e-03
6.812000e+03 4.400000e-03
6.813000e+03 3.700000e-03
6.814000e+03 3.300000e-03
6.815000e+03 2.800000e-03
6.816000e+03 2.500000e-03
6.817000e+03 2.200000e-03
6.818000e+03 1.900000e-03
6.819000e+03 1.700000e-03
6.820000e+03 1.500000e-03
6.821000e+03 1.300000e-03
6.822000e+03 1.100000e-03
6.823000e+03 1.000000e-03
6.824000e+03 9.000000e-04
6.825000e+03 8.000000e-04
6.826000e+03 7.000000e-04
6.827000e+03 6.000000e-04
6.828000e+03 6.000000e-04
6.829000e+03 5.000000e-04
6.830000e+03 4.000000e-04
6.831000e+03 4.000000e-04
6.832000e+03 4.000000e-04
6.833000e+03 3.000000e-04
6.834000e+03 3.000000e-04
6.835000e+03 3.000000e-04
6.836000e+03 2.000000e-04
6.837000e+03 2.000000e-04
6.838000e+03 2.000000e-04
6.839000e+03 2.000000e-04
6.840000e+03 2.000000e-04
6.841000e+03 1.000000e-04
6.842000e+03 1.000000e-04
6.843000e+03 1.000000e-04
6.844000e+03 1.000000e-04
6.845000e+03 1.000000e-04
6.846000e+03 1.000000e-04
6.847000e+03 1.000000e-04
6.848000e+03 1.000000e-04
6.849000e+03 1.000000e-04
6.850000e+03 1.000000e-04
6.851000e+03 1.000000e-04
