# # Wavelength(Angstrom)  Transmission
7.780000e+03 1.000000e-04
7.781000e+03 1.000000e-04
7.782000e+03 1.000000e-04
7.783000e+03 1.000000e-04
7.784000e+03 1.000000e-04
7.785000e+03 1.000000e-04
7.786000e+03 1.000000e-04
7.787000e+03 1.000000e-04
7.788000e+03 1.000000e-04
7.789000e+03 1.000000e-04
7.790000e+03 2.000000e-04
7.791000e+03 2.000000e-04
7.792000e+03 2.000000e-04
7.793000e+03 2.000000e-04
7.794000e+03 2.000000e-04
7.795000e+03 3.000000e-04
7.796000e+03 3.000000e-04
7.797000e+03 3.000000e-04
7.798000e+03 4.000000e-04
7.799000e+03 4.000000e-04
7.800000e+03 5.000000e-04
7.801000e+03 6.000000e-04
7.802000e+03 6.000000e-04
7.803000e+03 7.000000e-04
7.804000e+03 9.000000e-04
7.805000e+03 1.000000e-03
7.806000e+03 1.100000e-03
7.807000e+03 1.300000e-03
7.808000e+03 1.500000e-03
7.809000e+03 1.800000e-03
7.810000e+03 2.100000e-03
7.811000e+03 2.300000e-03
7.812000e+03 2.800000e-03
7.813000e+03 3.300000e-03
7.814000e+03 3.800000e-03
7.815000e+03 4.400000e-03
7.816000e+03 5.300000e-03
7.817000e+03 6.100000e-03
7.818000e+03 7.200000e-03
7.819000e+03 8.500000e-03
7.820000e+03 1.020000e-02
7.821000e+03 1.190000e-02
7.822000e+03 1.440000e-02
7.823000e+03 1.710000e-02
7.824000e+03 2.050000e-02
7.825000e+03 2.480000e-02
7.826000e+03 3.010000e-02
7.827000e+03 3.640000e-02
7.828000e+03 4.350000e-02
7.829000e+03 5.320000e-02
7.830000e+03 6.410000e-02
7.831000e+03 7.830000e-02
7.832000e+03 9.380000e-02
7.833000e+03 1.138000e-01
7.834000e+03 1.357000e-01
7.835000e+03 1.613000e-01
7.836000e+03 1.882000e-01
7.837000e+03 2.224000e-01
7.838000e+03 2.581000e-01
7.839000e+03 2.923000e-01
7.840000e+03 3.281000e-01
7.841000e+03 3.601000e-01
7.842000e+03 3.936000e-01
7.843000e+03 4.215000e-01
7.844000e+03 4.463000e-01
7.845000e+03 4.643000e-01
7.846000e+03 4.806000e-01
7.847000e+03 4.903000e-01
7.848000e+03 4.990000e-01
7.849000e+03 5.050000e-01
7.850000e+03 5.087000e-01
7.851000e+03 5.117000e-01
7.852000e+03 5.138000e-01
7.853000e+03 5.142000e-01
7.854000e+03 5.137000e-01
7.855000e+03 5.135000e-01
7.856000e+03 5.129000e-01
7.857000e+03 5.146000e-01
7.858000e+03 5.140000e-01
7.859000e+03 5.126000e-01
7.860000e+03 5.129000e-01
7.861000e+03 5.128000e-01
7.862000e+03 5.130000e-01
7.863000e+03 5.137000e-01
7.864000e+03 5.116000e-01
7.865000e+03 5.127000e-01
7.866000e+03 5.128000e-01
7.867000e+03 5.121000e-01
7.868000e+03 5.110000e-01
7.869000e+03 5.113000e-01
7.870000e+03 5.103000e-01
7.871000e+03 5.096000e-01
7.872000e+03 5.107000e-01
7.873000e+03 5.107000e-01
7.874000e+03 5.099000e-01
7.875000e+03 5.090000e-01
7.876000e+03 5.092000e-01
7.877000e+03 5.085000e-01
7.878000e+03 5.091000e-01
7.879000e+03 5.081000e-01
7.880000e+03 5.087000e-01
7.881000e+03 5.079000e-01
7.882000e+03 5.070000e-01
7.883000e+03 5.090000e-01
7.884000e+03 5.093000e-01
7.885000e+03 5.083000e-01
7.886000e+03 5.089000e-01
7.887000e+03 5.090000e-01
7.888000e+03 5.080000e-01
7.889000e+03 5.077000e-01
7.890000e+03 5.087000e-01
7.891000e+03 5.082000e-01
7.892000e+03 5.089000e-01
7.893000e+03 5.096000e-01
7.894000e+03 5.101000e-01
7.895000e+03 5.090000e-01
7.896000e+03 5.093000e-01
7.897000e+03 5.092000e-01
7.898000e+03 5.089000e-01
7.899000e+03 5.111000e-01
7.900000e+03 5.097000e-01
7.901000e+03 5.098000e-01
7.902000e+03 5.106000e-01
7.903000e+03 5.099000e-01
7.904000e+03 5.102000e-01
7.905000e+03 5.105000e-01
7.906000e+03 5.105000e-01
7.907000e+03 5.110000e-01
7.908000e+03 5.099000e-01
7.909000e+03 5.106000e-01
7.910000e+03 5.107000e-01
7.911000e+03 5.108000e-01
7.912000e+03 5.111000e-01
7.913000e+03 5.104000e-01
7.914000e+03 5.091000e-01
7.915000e+03 5.107000e-01
7.916000e+03 5.096000e-01
7.917000e+03 5.100000e-01
7.918000e+03 5.098000e-01
7.919000e+03 5.100000e-01
7.920000e+03 5.091000e-01
7.921000e+03 5.093000e-01
7.922000e+03 5.088000e-01
7.923000e+03 5.071000e-01
7.924000e+03 5.073000e-01
7.925000e+03 5.061000e-01
7.926000e+03 5.062000e-01
7.927000e+03 5.055000e-01
7.928000e+03 5.043000e-01
7.929000e+03 5.050000e-01
7.930000e+03 5.049000e-01
7.931000e+03 5.038000e-01
7.932000e+03 5.042000e-01
7.933000e+03 5.035000e-01
7.934000e+03 5.031000e-01
7.935000e+03 5.021000e-01
7.936000e+03 5.031000e-01
7.937000e+03 5.035000e-01
7.938000e+03 5.032000e-01
7.939000e+03 5.042000e-01
7.940000e+03 5.034000e-01
7.941000e+03 5.049000e-01
7.942000e+03 5.047000e-01
7.943000e+03 5.051000e-01
7.944000e+03 5.045000e-01
7.945000e+03 5.066000e-01
7.946000e+03 5.064000e-01
7.947000e+03 5.085000e-01
7.948000e+03 5.087000e-01
7.949000e+03 5.093000e-01
7.950000e+03 5.108000e-01
7.951000e+03 5.106000e-01
7.952000e+03 5.117000e-01
7.953000e+03 5.100000e-01
7.954000e+03 5.112000e-01
7.955000e+03 5.117000e-01
7.956000e+03 5.129000e-01
7.957000e+03 5.120000e-01
7.958000e+03 5.117000e-01
7.959000e+03 5.111000e-01
7.960000e+03 5.121000e-01
7.961000e+03 5.112000e-01
7.962000e+03 5.093000e-01
7.963000e+03 5.097000e-01
7.964000e+03 5.091000e-01
7.965000e+03 5.056000e-01
7.966000e+03 5.028000e-01
7.967000e+03 4.986000e-01
7.968000e+03 4.926000e-01
7.969000e+03 4.852000e-01
7.970000e+03 4.773000e-01
7.971000e+03 4.649000e-01
7.972000e+03 4.478000e-01
7.973000e+03 4.308000e-01
7.974000e+03 4.072000e-01
7.975000e+03 3.851000e-01
7.976000e+03 3.546000e-01
7.977000e+03 3.224000e-01
7.978000e+03 2.900000e-01
7.979000e+03 2.591000e-01
7.980000e+03 2.287000e-01
7.981000e+03 1.957000e-01
7.982000e+03 1.693000e-01
7.983000e+03 1.422000e-01
7.984000e+03 1.219000e-01
7.985000e+03 1.007000e-01
7.986000e+03 8.490000e-02
7.987000e+03 7.040000e-02
7.988000e+03 5.980000e-02
7.989000e+03 4.930000e-02
7.990000e+03 4.110000e-02
7.991000e+03 3.430000e-02
7.992000e+03 2.870000e-02
7.993000e+03 2.440000e-02
7.994000e+03 2.030000e-02
7.995000e+03 1.710000e-02
7.996000e+03 1.420000e-02
7.997000e+03 1.220000e-02
7.998000e+03 1.020000e-02
7.999000e+03 8.600000e-03
8.000000e+03 7.400000e-03
8.001000e+03 6.400000e-03
8.002000e+03 5.500000e-03
8.003000e+03 4.600000e-03
8.004000e+03 4.000000e-03
8.005000e+03 3.500000e-03
8.006000e+03 3.000000e-03
8.007000e+03 2.500000e-03
8.008000e+03 2.200000e-03
8.009000e+03 1.900000e-03
8.010000e+03 1.700000e-03
8.011000e+03 1.500000e-03
8.012000e+03 1.300000e-03
8.013000e+03 1.100000e-03
8.014000e+03 1.000000e-03
8.015000e+03 9.000000e-04
8.016000e+03 8.000000e-04
8.017000e+03 7.000000e-04
8.018000e+03 6.000000e-04
8.019000e+03 5.000000e-04
8.020000e+03 5.000000e-04
8.021000e+03 4.000000e-04
8.022000e+03 4.000000e-04
8.023000e+03 3.000000e-04
8.024000e+03 3.000000e-04
8.025000e+03 3.000000e-04
8.026000e+03 2.000000e-04
8.027000e+03 2.000000e-04
8.028000e+03 2.000000e-04
8.029000e+03 2.000000e-04
8.030000e+03 1.000000e-04
8.031000e+03 2.000000e-04
8.032000e+03 1.000000e-04
8.033000e+03 1.000000e-04
8.034000e+03 1.000000e-04
8.035000e+03 1.000000e-04
8.036000e+03 1.000000e-04
8.037000e+03 1.000000e-04
8.038000e+03 1.000000e-04
8.039000e+03 1.000000e-04
8.040000e+03 1.000000e-04
