# # Wavelength(Angstrom)  Transmission
4.993000e+03 6.000000e-04
4.994000e+03 6.000000e-04
4.995000e+03 6.000000e-04
4.996000e+03 6.000000e-04
4.997000e+03 6.000000e-04
4.998000e+03 6.000000e-04
4.999000e+03 6.000000e-04
5.000000e+03 6.000000e-04
5.001000e+03 6.000000e-04
5.002000e+03 6.000000e-04
5.003000e+03 6.000000e-04
5.004000e+03 1.200000e-03
5.005000e+03 1.200000e-03
5.006000e+03 1.200000e-03
5.007000e+03 1.200000e-03
5.008000e+03 1.800000e-03
5.009000e+03 1.800000e-03
5.010000e+03 1.800000e-03
5.011000e+03 2.400000e-03
5.012000e+03 3.000000e-03
5.013000e+03 3.000000e-03
5.014000e+03 3.600000e-03
5.015000e+03 4.100000e-03
5.016000e+03 5.300000e-03
5.017000e+03 5.900000e-03
5.018000e+03 7.100000e-03
5.019000e+03 8.900000e-03
5.020000e+03 1.070000e-02
5.021000e+03 1.250000e-02
5.022000e+03 1.540000e-02
5.023000e+03 1.840000e-02
5.024000e+03 2.260000e-02
5.025000e+03 2.790000e-02
5.026000e+03 3.450000e-02
5.027000e+03 4.220000e-02
5.028000e+03 5.170000e-02
5.029000e+03 6.360000e-02
5.030000e+03 7.850000e-02
5.031000e+03 9.570000e-02
5.032000e+03 1.165000e-01
5.033000e+03 1.404000e-01
5.034000e+03 1.683000e-01
5.035000e+03 2.011000e-01
5.036000e+03 2.362000e-01
5.037000e+03 2.737000e-01
5.038000e+03 3.113000e-01
5.039000e+03 3.488000e-01
5.040000e+03 3.870000e-01
5.041000e+03 4.204000e-01
5.042000e+03 4.509000e-01
5.043000e+03 4.748000e-01
5.044000e+03 4.945000e-01
5.045000e+03 5.089000e-01
5.046000e+03 5.185000e-01
5.047000e+03 5.246000e-01
5.048000e+03 5.276000e-01
5.049000e+03 5.289000e-01
5.050000e+03 5.296000e-01
5.051000e+03 5.303000e-01
5.052000e+03 5.292000e-01
5.053000e+03 5.275000e-01
5.054000e+03 5.270000e-01
5.055000e+03 5.259000e-01
5.056000e+03 5.259000e-01
5.057000e+03 5.254000e-01
5.058000e+03 5.267000e-01
5.059000e+03 5.280000e-01
5.060000e+03 5.281000e-01
5.061000e+03 5.276000e-01
5.062000e+03 5.282000e-01
5.063000e+03 5.289000e-01
5.064000e+03 5.290000e-01
5.065000e+03 5.291000e-01
5.066000e+03 5.298000e-01
5.067000e+03 5.293000e-01
5.068000e+03 5.293000e-01
5.069000e+03 5.294000e-01
5.070000e+03 5.295000e-01
5.071000e+03 5.290000e-01
5.072000e+03 5.285000e-01
5.073000e+03 5.286000e-01
5.074000e+03 5.281000e-01
5.075000e+03 5.275000e-01
5.076000e+03 5.270000e-01
5.077000e+03 5.265000e-01
5.078000e+03 5.266000e-01
5.079000e+03 5.267000e-01
5.080000e+03 5.268000e-01
5.081000e+03 5.257000e-01
5.082000e+03 5.257000e-01
5.083000e+03 5.258000e-01
5.084000e+03 5.259000e-01
5.085000e+03 5.260000e-01
5.086000e+03 5.267000e-01
5.087000e+03 5.274000e-01
5.088000e+03 5.280000e-01
5.089000e+03 5.287000e-01
5.090000e+03 5.294000e-01
5.091000e+03 5.307000e-01
5.092000e+03 5.314000e-01
5.093000e+03 5.321000e-01
5.094000e+03 5.328000e-01
5.095000e+03 5.334000e-01
5.096000e+03 5.347000e-01
5.097000e+03 5.360000e-01
5.098000e+03 5.367000e-01
5.099000e+03 5.368000e-01
5.100000e+03 5.387000e-01
5.101000e+03 5.393000e-01
5.102000e+03 5.400000e-01
5.103000e+03 5.407000e-01
5.104000e+03 5.414000e-01
5.105000e+03 5.421000e-01
5.106000e+03 5.421000e-01
5.107000e+03 5.428000e-01
5.108000e+03 5.441000e-01
5.109000e+03 5.448000e-01
5.110000e+03 5.448000e-01
5.111000e+03 5.455000e-01
5.112000e+03 5.456000e-01
5.113000e+03 5.457000e-01
5.114000e+03 5.452000e-01
5.115000e+03 5.452000e-01
5.116000e+03 5.459000e-01
5.117000e+03 5.466000e-01
5.118000e+03 5.485000e-01
5.119000e+03 5.485000e-01
5.120000e+03 5.486000e-01
5.121000e+03 5.487000e-01
5.122000e+03 5.481000e-01
5.123000e+03 5.488000e-01
5.124000e+03 5.488000e-01
5.125000e+03 5.483000e-01
5.126000e+03 5.490000e-01
5.127000e+03 5.490000e-01
5.128000e+03 5.491000e-01
5.129000e+03 5.491000e-01
5.130000e+03 5.498000e-01
5.131000e+03 5.505000e-01
5.132000e+03 5.499000e-01
5.133000e+03 5.500000e-01
5.134000e+03 5.500000e-01
5.135000e+03 5.501000e-01
5.136000e+03 5.489000e-01
5.137000e+03 5.490000e-01
5.138000e+03 5.490000e-01
5.139000e+03 5.490000e-01
5.140000e+03 5.479000e-01
5.141000e+03 5.479000e-01
5.142000e+03 5.468000e-01
5.143000e+03 5.468000e-01
5.144000e+03 5.462000e-01
5.145000e+03 5.469000e-01
5.146000e+03 5.469000e-01
5.147000e+03 5.458000e-01
5.148000e+03 5.458000e-01
5.149000e+03 5.453000e-01
5.150000e+03 5.447000e-01
5.151000e+03 5.453000e-01
5.152000e+03 5.460000e-01
5.153000e+03 5.454000e-01
5.154000e+03 5.449000e-01
5.155000e+03 5.443000e-01
5.156000e+03 5.450000e-01
5.157000e+03 5.450000e-01
5.158000e+03 5.450000e-01
5.159000e+03 5.451000e-01
5.160000e+03 5.445000e-01
5.161000e+03 5.434000e-01
5.162000e+03 5.440000e-01
5.163000e+03 5.441000e-01
5.164000e+03 5.441000e-01
5.165000e+03 5.441000e-01
5.166000e+03 5.442000e-01
5.167000e+03 5.442000e-01
5.168000e+03 5.455000e-01
5.169000e+03 5.455000e-01
5.170000e+03 5.450000e-01
5.171000e+03 5.444000e-01
5.172000e+03 5.445000e-01
5.173000e+03 5.451000e-01
5.174000e+03 5.445000e-01
5.175000e+03 5.446000e-01
5.176000e+03 5.446000e-01
5.177000e+03 5.441000e-01
5.178000e+03 5.435000e-01
5.179000e+03 5.441000e-01
5.180000e+03 5.436000e-01
5.181000e+03 5.454000e-01
5.182000e+03 5.455000e-01
5.183000e+03 5.443000e-01
5.184000e+03 5.443000e-01
5.185000e+03 5.450000e-01
5.186000e+03 5.450000e-01
5.187000e+03 5.463000e-01
5.188000e+03 5.463000e-01
5.189000e+03 5.458000e-01
5.190000e+03 5.446000e-01
5.191000e+03 5.446000e-01
5.192000e+03 5.453000e-01
5.193000e+03 5.459000e-01
5.194000e+03 5.460000e-01
5.195000e+03 5.454000e-01
5.196000e+03 5.461000e-01
5.197000e+03 5.467000e-01
5.198000e+03 5.474000e-01
5.199000e+03 5.480000e-01
5.200000e+03 5.486000e-01
5.201000e+03 5.481000e-01
5.202000e+03 5.494000e-01
5.203000e+03 5.500000e-01
5.204000e+03 5.495000e-01
5.205000e+03 5.495000e-01
5.206000e+03 5.490000e-01
5.207000e+03 5.496000e-01
5.208000e+03 5.503000e-01
5.209000e+03 5.509000e-01
5.210000e+03 5.504000e-01
5.211000e+03 5.498000e-01
5.212000e+03 5.493000e-01
5.213000e+03 5.481000e-01
5.214000e+03 5.488000e-01
5.215000e+03 5.482000e-01
5.216000e+03 5.465000e-01
5.217000e+03 5.465000e-01
5.218000e+03 5.453000e-01
5.219000e+03 5.436000e-01
5.220000e+03 5.436000e-01
5.221000e+03 5.431000e-01
5.222000e+03 5.425000e-01
5.223000e+03 5.413000e-01
5.224000e+03 5.408000e-01
5.225000e+03 5.415000e-01
5.226000e+03 5.403000e-01
5.227000e+03 5.397000e-01
5.228000e+03 5.398000e-01
5.229000e+03 5.392000e-01
5.230000e+03 5.381000e-01
5.231000e+03 5.357000e-01
5.232000e+03 5.327000e-01
5.233000e+03 5.279000e-01
5.234000e+03 5.212000e-01
5.235000e+03 5.115000e-01
5.236000e+03 4.988000e-01
5.237000e+03 4.824000e-01
5.238000e+03 4.623000e-01
5.239000e+03 4.392000e-01
5.240000e+03 4.118000e-01
5.241000e+03 3.826000e-01
5.242000e+03 3.504000e-01
5.243000e+03 3.169000e-01
5.244000e+03 2.834000e-01
5.245000e+03 2.493000e-01
5.246000e+03 2.176000e-01
5.247000e+03 1.878000e-01
5.248000e+03 1.609000e-01
5.249000e+03 1.366000e-01
5.250000e+03 1.134000e-01
5.251000e+03 9.510000e-02
5.252000e+03 8.050000e-02
5.253000e+03 6.770000e-02
5.254000e+03 5.670000e-02
5.255000e+03 4.760000e-02
5.256000e+03 4.030000e-02
5.257000e+03 3.420000e-02
5.258000e+03 2.870000e-02
5.259000e+03 2.440000e-02
5.260000e+03 2.010000e-02
5.261000e+03 1.710000e-02
5.262000e+03 1.470000e-02
5.263000e+03 1.280000e-02
5.264000e+03 1.100000e-02
5.265000e+03 9.200000e-03
5.266000e+03 7.900000e-03
5.267000e+03 6.700000e-03
5.268000e+03 6.100000e-03
5.269000e+03 5.500000e-03
5.270000e+03 4.900000e-03
5.271000e+03 4.300000e-03
5.272000e+03 3.700000e-03
5.273000e+03 3.100000e-03
5.274000e+03 3.100000e-03
5.275000e+03 2.400000e-03
5.276000e+03 2.400000e-03
5.277000e+03 1.800000e-03
5.278000e+03 1.800000e-03
5.279000e+03 1.800000e-03
5.280000e+03 1.200000e-03
5.281000e+03 1.200000e-03
5.282000e+03 1.200000e-03
5.283000e+03 1.200000e-03
5.284000e+03 1.200000e-03
5.285000e+03 6.000000e-04
5.286000e+03 6.000000e-04
5.287000e+03 6.000000e-04
5.288000e+03 6.000000e-04
5.289000e+03 6.000000e-04
5.290000e+03 6.000000e-04
5.291000e+03 6.000000e-04
5.292000e+03 6.000000e-04
5.293000e+03 6.000000e-04
5.294000e+03 6.000000e-04
5.295000e+03 6.000000e-04
5.296000e+03 6.000000e-04
5.297000e+03 6.000000e-04
5.298000e+03 6.000000e-04
