# # Wavelength(Angstrom)  Transmission
4.135000e+03 4.000000e-04
4.136000e+03 4.000000e-04
4.137000e+03 4.000000e-04
4.138000e+03 4.000000e-04
4.139000e+03 4.000000e-04
4.140000e+03 4.000000e-04
4.141000e+03 4.000000e-04
4.142000e+03 4.000000e-04
4.143000e+03 4.000000e-04
4.144000e+03 4.000000e-04
4.145000e+03 4.000000e-04
4.146000e+03 4.000000e-04
4.147000e+03 4.000000e-04
4.148000e+03 4.000000e-04
4.149000e+03 9.000000e-04
4.150000e+03 9.000000e-04
4.151000e+03 9.000000e-04
4.152000e+03 9.000000e-04
4.153000e+03 9.000000e-04
4.154000e+03 9.000000e-04
4.155000e+03 1.300000e-03
4.156000e+03 1.300000e-03
4.157000e+03 1.300000e-03
4.158000e+03 1.300000e-03
4.159000e+03 1.800000e-03
4.160000e+03 1.800000e-03
4.161000e+03 2.200000e-03
4.162000e+03 2.200000e-03
4.163000e+03 2.600000e-03
4.164000e+03 2.600000e-03
4.165000e+03 3.100000e-03
4.166000e+03 3.500000e-03
4.167000e+03 4.000000e-03
4.168000e+03 4.400000e-03
4.169000e+03 4.900000e-03
4.170000e+03 5.300000e-03
4.171000e+03 5.700000e-03
4.172000e+03 6.600000e-03
4.173000e+03 7.100000e-03
4.174000e+03 8.000000e-03
4.175000e+03 8.900000e-03
4.176000e+03 1.020000e-02
4.177000e+03 1.150000e-02
4.178000e+03 1.290000e-02
4.179000e+03 1.460000e-02
4.180000e+03 1.640000e-02
4.181000e+03 1.870000e-02
4.182000e+03 2.130000e-02
4.183000e+03 2.400000e-02
4.184000e+03 2.710000e-02
4.185000e+03 3.120000e-02
4.186000e+03 3.520000e-02
4.187000e+03 4.010000e-02
4.188000e+03 4.590000e-02
4.189000e+03 5.220000e-02
4.190000e+03 5.890000e-02
4.191000e+03 6.700000e-02
4.192000e+03 7.640000e-02
4.193000e+03 8.630000e-02
4.194000e+03 9.750000e-02
4.195000e+03 1.101000e-01
4.196000e+03 1.241000e-01
4.197000e+03 1.394000e-01
4.198000e+03 1.552000e-01
4.199000e+03 1.723000e-01
4.200000e+03 1.899000e-01
4.201000e+03 2.088000e-01
4.202000e+03 2.278000e-01
4.203000e+03 2.459000e-01
4.204000e+03 2.636000e-01
4.205000e+03 2.804000e-01
4.206000e+03 2.963000e-01
4.207000e+03 3.126000e-01
4.208000e+03 3.267000e-01
4.209000e+03 3.395000e-01
4.210000e+03 3.496000e-01
4.211000e+03 3.583000e-01
4.212000e+03 3.671000e-01
4.213000e+03 3.749000e-01
4.214000e+03 3.805000e-01
4.215000e+03 3.852000e-01
4.216000e+03 3.895000e-01
4.217000e+03 3.928000e-01
4.218000e+03 3.953000e-01
4.219000e+03 3.964000e-01
4.220000e+03 3.975000e-01
4.221000e+03 3.986000e-01
4.222000e+03 4.001000e-01
4.223000e+03 4.017000e-01
4.224000e+03 4.023000e-01
4.225000e+03 4.034000e-01
4.226000e+03 4.041000e-01
4.227000e+03 4.038000e-01
4.228000e+03 4.044000e-01
4.229000e+03 4.051000e-01
4.230000e+03 4.053000e-01
4.231000e+03 4.055000e-01
4.232000e+03 4.061000e-01
4.233000e+03 4.072000e-01
4.234000e+03 4.079000e-01
4.235000e+03 4.080000e-01
4.236000e+03 4.082000e-01
4.237000e+03 4.089000e-01
4.238000e+03 4.081000e-01
4.239000e+03 4.088000e-01
4.240000e+03 4.090000e-01
4.241000e+03 4.096000e-01
4.242000e+03 4.098000e-01
4.243000e+03 4.100000e-01
4.244000e+03 4.102000e-01
4.245000e+03 4.104000e-01
4.246000e+03 4.106000e-01
4.247000e+03 4.117000e-01
4.248000e+03 4.123000e-01
4.249000e+03 4.125000e-01
4.250000e+03 4.122000e-01
4.251000e+03 4.129000e-01
4.252000e+03 4.131000e-01
4.253000e+03 4.133000e-01
4.254000e+03 4.135000e-01
4.255000e+03 4.132000e-01
4.256000e+03 4.139000e-01
4.257000e+03 4.145000e-01
4.258000e+03 4.152000e-01
4.259000e+03 4.149000e-01
4.260000e+03 4.151000e-01
4.261000e+03 4.158000e-01
4.262000e+03 4.164000e-01
4.263000e+03 4.166000e-01
4.264000e+03 4.168000e-01
4.265000e+03 4.170000e-01
4.266000e+03 4.177000e-01
4.267000e+03 4.183000e-01
4.268000e+03 4.181000e-01
4.269000e+03 4.182000e-01
4.270000e+03 4.184000e-01
4.271000e+03 4.186000e-01
4.272000e+03 4.188000e-01
4.273000e+03 4.186000e-01
4.274000e+03 4.188000e-01
4.275000e+03 4.194000e-01
4.276000e+03 4.196000e-01
4.277000e+03 4.189000e-01
4.278000e+03 4.191000e-01
4.279000e+03 4.207000e-01
4.280000e+03 4.209000e-01
4.281000e+03 4.206000e-01
4.282000e+03 4.208000e-01
4.283000e+03 4.215000e-01
4.284000e+03 4.212000e-01
4.285000e+03 4.214000e-01
4.286000e+03 4.221000e-01
4.287000e+03 4.223000e-01
4.288000e+03 4.230000e-01
4.289000e+03 4.236000e-01
4.290000e+03 4.234000e-01
4.291000e+03 4.226000e-01
4.292000e+03 4.219000e-01
4.293000e+03 4.226000e-01
4.294000e+03 4.242000e-01
4.295000e+03 4.230000e-01
4.296000e+03 4.227000e-01
4.297000e+03 4.229000e-01
4.298000e+03 4.236000e-01
4.299000e+03 4.242000e-01
4.300000e+03 4.240000e-01
4.301000e+03 4.242000e-01
4.302000e+03 4.244000e-01
4.303000e+03 4.241000e-01
4.304000e+03 4.243000e-01
4.305000e+03 4.240000e-01
4.306000e+03 4.237000e-01
4.307000e+03 4.234000e-01
4.308000e+03 4.236000e-01
4.309000e+03 4.238000e-01
4.310000e+03 4.235000e-01
4.311000e+03 4.242000e-01
4.312000e+03 4.243000e-01
4.313000e+03 4.240000e-01
4.314000e+03 4.242000e-01
4.315000e+03 4.249000e-01
4.316000e+03 4.246000e-01
4.317000e+03 4.243000e-01
4.318000e+03 4.250000e-01
4.319000e+03 4.252000e-01
4.320000e+03 4.249000e-01
4.321000e+03 4.251000e-01
4.322000e+03 4.252000e-01
4.323000e+03 4.254000e-01
4.324000e+03 4.261000e-01
4.325000e+03 4.263000e-01
4.326000e+03 4.265000e-01
4.327000e+03 4.271000e-01
4.328000e+03 4.283000e-01
4.329000e+03 4.285000e-01
4.330000e+03 4.291000e-01
4.331000e+03 4.298000e-01
4.332000e+03 4.295000e-01
4.333000e+03 4.297000e-01
4.334000e+03 4.309000e-01
4.335000e+03 4.320000e-01
4.336000e+03 4.327000e-01
4.337000e+03 4.329000e-01
4.338000e+03 4.331000e-01
4.339000e+03 4.338000e-01
4.340000e+03 4.345000e-01
4.341000e+03 4.361000e-01
4.342000e+03 4.368000e-01
4.343000e+03 4.365000e-01
4.344000e+03 4.377000e-01
4.345000e+03 4.374000e-01
4.346000e+03 4.386000e-01
4.347000e+03 4.393000e-01
4.348000e+03 4.395000e-01
4.349000e+03 4.402000e-01
4.350000e+03 4.409000e-01
4.351000e+03 4.416000e-01
4.352000e+03 4.418000e-01
4.353000e+03 4.415000e-01
4.354000e+03 4.417000e-01
4.355000e+03 4.414000e-01
4.356000e+03 4.416000e-01
4.357000e+03 4.418000e-01
4.358000e+03 4.416000e-01
4.359000e+03 4.408000e-01
4.360000e+03 4.415000e-01
4.361000e+03 4.412000e-01
4.362000e+03 4.414000e-01
4.363000e+03 4.407000e-01
4.364000e+03 4.399000e-01
4.365000e+03 4.396000e-01
4.366000e+03 4.398000e-01
4.367000e+03 4.395000e-01
4.368000e+03 4.392000e-01
4.369000e+03 4.380000e-01
4.370000e+03 4.382000e-01
4.371000e+03 4.384000e-01
4.372000e+03 4.381000e-01
4.373000e+03 4.374000e-01
4.374000e+03 4.366000e-01
4.375000e+03 4.363000e-01
4.376000e+03 4.360000e-01
4.377000e+03 4.348000e-01
4.378000e+03 4.345000e-01
4.379000e+03 4.337000e-01
4.380000e+03 4.324000e-01
4.381000e+03 4.307000e-01
4.382000e+03 4.284000e-01
4.383000e+03 4.277000e-01
4.384000e+03 4.244000e-01
4.385000e+03 4.212000e-01
4.386000e+03 4.179000e-01
4.387000e+03 4.127000e-01
4.388000e+03 4.070000e-01
4.389000e+03 4.008000e-01
4.390000e+03 3.932000e-01
4.391000e+03 3.835000e-01
4.392000e+03 3.734000e-01
4.393000e+03 3.628000e-01
4.394000e+03 3.506000e-01
4.395000e+03 3.370000e-01
4.396000e+03 3.224000e-01
4.397000e+03 3.078000e-01
4.398000e+03 2.927000e-01
4.399000e+03 2.766000e-01
4.400000e+03 2.605000e-01
4.401000e+03 2.438000e-01
4.402000e+03 2.277000e-01
4.403000e+03 2.120000e-01
4.404000e+03 1.958000e-01
4.405000e+03 1.796000e-01
4.406000e+03 1.644000e-01
4.407000e+03 1.511000e-01
4.408000e+03 1.388000e-01
4.409000e+03 1.265000e-01
4.410000e+03 1.147000e-01
4.411000e+03 1.039000e-01
4.412000e+03 9.450000e-02
4.413000e+03 8.560000e-02
4.414000e+03 7.770000e-02
4.415000e+03 6.940000e-02
4.416000e+03 6.240000e-02
4.417000e+03 5.600000e-02
4.418000e+03 5.060000e-02
4.419000e+03 4.560000e-02
4.420000e+03 4.120000e-02
4.421000e+03 3.720000e-02
4.422000e+03 3.380000e-02
4.423000e+03 3.030000e-02
4.424000e+03 2.730000e-02
4.425000e+03 2.490000e-02
4.426000e+03 2.240000e-02
4.427000e+03 2.040000e-02
4.428000e+03 1.840000e-02
4.429000e+03 1.640000e-02
4.430000e+03 1.500000e-02
4.431000e+03 1.400000e-02
4.432000e+03 1.250000e-02
4.433000e+03 1.150000e-02
4.434000e+03 1.050000e-02
4.435000e+03 9.500000e-03
4.436000e+03 8.500000e-03
4.437000e+03 8.000000e-03
4.438000e+03 7.500000e-03
4.439000e+03 6.500000e-03
4.440000e+03 6.000000e-03
4.441000e+03 5.500000e-03
4.442000e+03 5.000000e-03
4.443000e+03 5.000000e-03
4.444000e+03 4.500000e-03
4.445000e+03 4.000000e-03
4.446000e+03 4.000000e-03
4.447000e+03 3.500000e-03
4.448000e+03 3.000000e-03
4.449000e+03 3.000000e-03
4.450000e+03 3.000000e-03
4.451000e+03 2.500000e-03
4.452000e+03 2.500000e-03
4.453000e+03 2.000000e-03
4.454000e+03 2.000000e-03
4.455000e+03 2.000000e-03
4.456000e+03 2.000000e-03
4.457000e+03 1.500000e-03
4.458000e+03 1.500000e-03
4.459000e+03 1.500000e-03
4.460000e+03 1.500000e-03
4.461000e+03 1.500000e-03
4.462000e+03 1.000000e-03
4.463000e+03 1.000000e-03
4.464000e+03 1.000000e-03
4.465000e+03 1.000000e-03
4.466000e+03 1.000000e-03
4.467000e+03 1.000000e-03
4.468000e+03 1.000000e-03
4.469000e+03 1.000000e-03
4.470000e+03 5.000000e-04
4.471000e+03 5.000000e-04
4.472000e+03 5.000000e-04
4.473000e+03 5.000000e-04
4.474000e+03 5.000000e-04
4.475000e+03 5.000000e-04
4.476000e+03 5.000000e-04
4.477000e+03 5.000000e-04
4.478000e+03 5.000000e-04
4.479000e+03 5.000000e-04
4.480000e+03 5.000000e-04
4.481000e+03 5.000000e-04
4.482000e+03 5.000000e-04
4.483000e+03 5.000000e-04
4.484000e+03 5.000000e-04
4.485000e+03 5.000000e-04
4.486000e+03 5.000000e-04
4.487000e+03 5.000000e-04
4.488000e+03 5.000000e-04
4.489000e+03 5.000000e-04
4.490000e+03 5.000000e-04
