# # Wavelength(Angstrom)  Transmission
6.274000e+03 1.000000e-04
6.275000e+03 1.000000e-04
6.276000e+03 1.000000e-04
6.277000e+03 1.000000e-04
6.278000e+03 1.000000e-04
6.279000e+03 1.000000e-04
6.280000e+03 1.000000e-04
6.281000e+03 1.000000e-04
6.282000e+03 1.000000e-04
6.283000e+03 1.000000e-04
6.284000e+03 1.000000e-04
6.285000e+03 2.000000e-04
6.286000e+03 2.000000e-04
6.287000e+03 2.000000e-04
6.288000e+03 2.000000e-04
6.289000e+03 2.000000e-04
6.290000e+03 3.000000e-04
6.291000e+03 3.000000e-04
6.292000e+03 3.000000e-04
6.293000e+03 4.000000e-04
6.294000e+03 4.000000e-04
6.295000e+03 5.000000e-04
6.296000e+03 5.000000e-04
6.297000e+03 6.000000e-04
6.298000e+03 6.000000e-04
6.299000e+03 7.000000e-04
6.300000e+03 8.000000e-04
6.301000e+03 9.000000e-04
6.302000e+03 1.100000e-03
6.303000e+03 1.200000e-03
6.304000e+03 1.400000e-03
6.305000e+03 1.500000e-03
6.306000e+03 1.800000e-03
6.307000e+03 2.000000e-03
6.308000e+03 2.400000e-03
6.309000e+03 2.700000e-03
6.310000e+03 3.200000e-03
6.311000e+03 3.600000e-03
6.312000e+03 4.200000e-03
6.313000e+03 4.900000e-03
6.314000e+03 5.700000e-03
6.315000e+03 6.600000e-03
6.316000e+03 7.800000e-03
6.317000e+03 9.000000e-03
6.318000e+03 1.070000e-02
6.319000e+03 1.270000e-02
6.320000e+03 1.500000e-02
6.321000e+03 1.790000e-02
6.322000e+03 2.100000e-02
6.323000e+03 2.550000e-02
6.324000e+03 3.040000e-02
6.325000e+03 3.680000e-02
6.326000e+03 4.370000e-02
6.327000e+03 5.320000e-02
6.328000e+03 6.360000e-02
6.329000e+03 7.710000e-02
6.330000e+03 9.200000e-02
6.331000e+03 1.106000e-01
6.332000e+03 1.347000e-01
6.333000e+03 1.612000e-01
6.334000e+03 1.915000e-01
6.335000e+03 2.236000e-01
6.336000e+03 2.645000e-01
6.337000e+03 3.042000e-01
6.338000e+03 3.488000e-01
6.339000e+03 3.882000e-01
6.340000e+03 4.315000e-01
6.341000e+03 4.681000e-01
6.342000e+03 5.024000e-01
6.343000e+03 5.304000e-01
6.344000e+03 5.543000e-01
6.345000e+03 5.734000e-01
6.346000e+03 5.865000e-01
6.347000e+03 5.965000e-01
6.348000e+03 6.029000e-01
6.349000e+03 6.076000e-01
6.350000e+03 6.103000e-01
6.351000e+03 6.124000e-01
6.352000e+03 6.128000e-01
6.353000e+03 6.137000e-01
6.354000e+03 6.138000e-01
6.355000e+03 6.137000e-01
6.356000e+03 6.142000e-01
6.357000e+03 6.144000e-01
6.358000e+03 6.154000e-01
6.359000e+03 6.161000e-01
6.360000e+03 6.169000e-01
6.361000e+03 6.178000e-01
6.362000e+03 6.190000e-01
6.363000e+03 6.196000e-01
6.364000e+03 6.204000e-01
6.365000e+03 6.215000e-01
6.366000e+03 6.221000e-01
6.367000e+03 6.228000e-01
6.368000e+03 6.232000e-01
6.369000e+03 6.237000e-01
6.370000e+03 6.241000e-01
6.371000e+03 6.244000e-01
6.372000e+03 6.244000e-01
6.373000e+03 6.246000e-01
6.374000e+03 6.245000e-01
6.375000e+03 6.244000e-01
6.376000e+03 6.244000e-01
6.377000e+03 6.244000e-01
6.378000e+03 6.245000e-01
6.379000e+03 6.245000e-01
6.380000e+03 6.248000e-01
6.381000e+03 6.246000e-01
6.382000e+03 6.247000e-01
6.383000e+03 6.244000e-01
6.384000e+03 6.248000e-01
6.385000e+03 6.250000e-01
6.386000e+03 6.250000e-01
6.387000e+03 6.252000e-01
6.388000e+03 6.254000e-01
6.389000e+03 6.256000e-01
6.390000e+03 6.254000e-01
6.391000e+03 6.260000e-01
6.392000e+03 6.261000e-01
6.393000e+03 6.266000e-01
6.394000e+03 6.265000e-01
6.395000e+03 6.270000e-01
6.396000e+03 6.269000e-01
6.397000e+03 6.273000e-01
6.398000e+03 6.274000e-01
6.399000e+03 6.277000e-01
6.400000e+03 6.278000e-01
6.401000e+03 6.283000e-01
6.402000e+03 6.281000e-01
6.403000e+03 6.285000e-01
6.404000e+03 6.286000e-01
6.405000e+03 6.288000e-01
6.406000e+03 6.286000e-01
6.407000e+03 6.287000e-01
6.408000e+03 6.292000e-01
6.409000e+03 6.290000e-01
6.410000e+03 6.291000e-01
6.411000e+03 6.294000e-01
6.412000e+03 6.289000e-01
6.413000e+03 6.291000e-01
6.414000e+03 6.291000e-01
6.415000e+03 6.293000e-01
6.416000e+03 6.291000e-01
6.417000e+03 6.292000e-01
6.418000e+03 6.292000e-01
6.419000e+03 6.297000e-01
6.420000e+03 6.290000e-01
6.421000e+03 6.291000e-01
6.422000e+03 6.291000e-01
6.423000e+03 6.295000e-01
6.424000e+03 6.291000e-01
6.425000e+03 6.296000e-01
6.426000e+03 6.295000e-01
6.427000e+03 6.294000e-01
6.428000e+03 6.298000e-01
6.429000e+03 6.295000e-01
6.430000e+03 6.290000e-01
6.431000e+03 6.296000e-01
6.432000e+03 6.292000e-01
6.433000e+03 6.297000e-01
6.434000e+03 6.293000e-01
6.435000e+03 6.297000e-01
6.436000e+03 6.299000e-01
6.437000e+03 6.296000e-01
6.438000e+03 6.296000e-01
6.439000e+03 6.298000e-01
6.440000e+03 6.301000e-01
6.441000e+03 6.299000e-01
6.442000e+03 6.301000e-01
6.443000e+03 6.305000e-01
6.444000e+03 6.304000e-01
6.445000e+03 6.305000e-01
6.446000e+03 6.303000e-01
6.447000e+03 6.299000e-01
6.448000e+03 6.297000e-01
6.449000e+03 6.296000e-01
6.450000e+03 6.295000e-01
6.451000e+03 6.292000e-01
6.452000e+03 6.289000e-01
6.453000e+03 6.281000e-01
6.454000e+03 6.282000e-01
6.455000e+03 6.275000e-01
6.456000e+03 6.271000e-01
6.457000e+03 6.265000e-01
6.458000e+03 6.266000e-01
6.459000e+03 6.261000e-01
6.460000e+03 6.258000e-01
6.461000e+03 6.256000e-01
6.462000e+03 6.257000e-01
6.463000e+03 6.258000e-01
6.464000e+03 6.263000e-01
6.465000e+03 6.265000e-01
6.466000e+03 6.272000e-01
6.467000e+03 6.275000e-01
6.468000e+03 6.276000e-01
6.469000e+03 6.274000e-01
6.470000e+03 6.268000e-01
6.471000e+03 6.248000e-01
6.472000e+03 6.211000e-01
6.473000e+03 6.157000e-01
6.474000e+03 6.074000e-01
6.475000e+03 5.952000e-01
6.476000e+03 5.798000e-01
6.477000e+03 5.592000e-01
6.478000e+03 5.351000e-01
6.479000e+03 5.022000e-01
6.480000e+03 4.685000e-01
6.481000e+03 4.281000e-01
6.482000e+03 3.908000e-01
6.483000e+03 3.480000e-01
6.484000e+03 3.087000e-01
6.485000e+03 2.692000e-01
6.486000e+03 2.323000e-01
6.487000e+03 1.987000e-01
6.488000e+03 1.676000e-01
6.489000e+03 1.426000e-01
6.490000e+03 1.199000e-01
6.491000e+03 1.015000e-01
6.492000e+03 8.410000e-02
6.493000e+03 7.100000e-02
6.494000e+03 5.930000e-02
6.495000e+03 5.050000e-02
6.496000e+03 4.230000e-02
6.497000e+03 3.580000e-02
6.498000e+03 3.030000e-02
6.499000e+03 2.570000e-02
6.500000e+03 2.190000e-02
6.501000e+03 1.850000e-02
6.502000e+03 1.590000e-02
6.503000e+03 1.360000e-02
6.504000e+03 1.180000e-02
6.505000e+03 1.000000e-02
6.506000e+03 8.600000e-03
6.507000e+03 7.400000e-03
6.508000e+03 6.500000e-03
6.509000e+03 5.700000e-03
6.510000e+03 4.900000e-03
6.511000e+03 4.300000e-03
6.512000e+03 3.700000e-03
6.513000e+03 3.300000e-03
6.514000e+03 2.900000e-03
6.515000e+03 2.600000e-03
6.516000e+03 2.200000e-03
6.517000e+03 2.000000e-03
6.518000e+03 1.700000e-03
6.519000e+03 1.500000e-03
6.520000e+03 1.400000e-03
6.521000e+03 1.200000e-03
6.522000e+03 1.100000e-03
6.523000e+03 1.000000e-03
6.524000e+03 9.000000e-04
6.525000e+03 8.000000e-04
6.526000e+03 7.000000e-04
6.527000e+03 6.000000e-04
6.528000e+03 6.000000e-04
6.529000e+03 5.000000e-04
6.530000e+03 5.000000e-04
6.531000e+03 4.000000e-04
6.532000e+03 4.000000e-04
6.533000e+03 3.000000e-04
6.534000e+03 3.000000e-04
6.535000e+03 3.000000e-04
6.536000e+03 2.000000e-04
6.537000e+03 2.000000e-04
6.538000e+03 2.000000e-04
6.539000e+03 2.000000e-04
6.540000e+03 2.000000e-04
6.541000e+03 2.000000e-04
6.542000e+03 1.000000e-04
6.543000e+03 1.000000e-04
6.544000e+03 1.000000e-04
6.545000e+03 1.000000e-04
6.546000e+03 1.000000e-04
6.547000e+03 1.000000e-04
6.548000e+03 1.000000e-04
6.549000e+03 1.000000e-04
6.550000e+03 1.000000e-04
6.551000e+03 1.000000e-04
6.552000e+03 1.000000e-04
6.553000e+03 1.000000e-04
