# # Wavelength(Angstrom)  Transmission
4.481000e+03 1.000000e-04
4.482000e+03 1.000000e-04
4.483000e+03 1.000000e-04
4.484000e+03 1.000000e-04
4.485000e+03 1.000000e-04
4.486000e+03 1.000000e-04
4.487000e+03 1.000000e-04
4.488000e+03 1.000000e-04
4.489000e+03 1.000000e-04
4.490000e+03 2.000000e-04
4.491000e+03 2.000000e-04
4.492000e+03 2.000000e-04
4.493000e+03 2.000000e-04
4.494000e+03 3.000000e-04
4.495000e+03 3.000000e-04
4.496000e+03 3.000000e-04
4.497000e+03 4.000000e-04
4.498000e+03 4.000000e-04
4.499000e+03 5.000000e-04
4.500000e+03 6.000000e-04
4.501000e+03 6.000000e-04
4.502000e+03 8.000000e-04
4.503000e+03 8.000000e-04
4.504000e+03 1.000000e-03
4.505000e+03 1.100000e-03
4.506000e+03 1.300000e-03
4.507000e+03 1.500000e-03
4.508000e+03 1.800000e-03
4.509000e+03 2.100000e-03
4.510000e+03 2.400000e-03
4.511000e+03 2.900000e-03
4.512000e+03 3.300000e-03
4.513000e+03 3.900000e-03
4.514000e+03 4.700000e-03
4.515000e+03 5.500000e-03
4.516000e+03 6.600000e-03
4.517000e+03 7.900000e-03
4.518000e+03 9.400000e-03
4.519000e+03 1.120000e-02
4.520000e+03 1.370000e-02
4.521000e+03 1.650000e-02
4.522000e+03 2.010000e-02
4.523000e+03 2.420000e-02
4.524000e+03 2.990000e-02
4.525000e+03 3.620000e-02
4.526000e+03 4.430000e-02
4.527000e+03 5.370000e-02
4.528000e+03 6.620000e-02
4.529000e+03 8.120000e-02
4.530000e+03 9.790000e-02
4.531000e+03 1.188000e-01
4.532000e+03 1.420000e-01
4.533000e+03 1.714000e-01
4.534000e+03 2.004000e-01
4.535000e+03 2.334000e-01
4.536000e+03 2.639000e-01
4.537000e+03 2.979000e-01
4.538000e+03 3.261000e-01
4.539000e+03 3.526000e-01
4.540000e+03 3.731000e-01
4.541000e+03 3.913000e-01
4.542000e+03 4.041000e-01
4.543000e+03 4.138000e-01
4.544000e+03 4.206000e-01
4.545000e+03 4.251000e-01
4.546000e+03 4.278000e-01
4.547000e+03 4.294000e-01
4.548000e+03 4.305000e-01
4.549000e+03 4.305000e-01
4.550000e+03 4.316000e-01
4.551000e+03 4.310000e-01
4.552000e+03 4.317000e-01
4.553000e+03 4.317000e-01
4.554000e+03 4.322000e-01
4.555000e+03 4.329000e-01
4.556000e+03 4.328000e-01
4.557000e+03 4.339000e-01
4.558000e+03 4.342000e-01
4.559000e+03 4.344000e-01
4.560000e+03 4.349000e-01
4.561000e+03 4.352000e-01
4.562000e+03 4.356000e-01
4.563000e+03 4.356000e-01
4.564000e+03 4.360000e-01
4.565000e+03 4.354000e-01
4.566000e+03 4.357000e-01
4.567000e+03 4.357000e-01
4.568000e+03 4.352000e-01
4.569000e+03 4.347000e-01
4.570000e+03 4.355000e-01
4.571000e+03 4.353000e-01
4.572000e+03 4.347000e-01
4.573000e+03 4.340000e-01
4.574000e+03 4.344000e-01
4.575000e+03 4.354000e-01
4.576000e+03 4.344000e-01
4.577000e+03 4.344000e-01
4.578000e+03 4.347000e-01
4.579000e+03 4.347000e-01
4.580000e+03 4.356000e-01
4.581000e+03 4.356000e-01
4.582000e+03 4.363000e-01
4.583000e+03 4.369000e-01
4.584000e+03 4.371000e-01
4.585000e+03 4.377000e-01
4.586000e+03 4.384000e-01
4.587000e+03 4.390000e-01
4.588000e+03 4.391000e-01
4.589000e+03 4.402000e-01
4.590000e+03 4.411000e-01
4.591000e+03 4.416000e-01
4.592000e+03 4.424000e-01
4.593000e+03 4.428000e-01
4.594000e+03 4.440000e-01
4.595000e+03 4.435000e-01
4.596000e+03 4.445000e-01
4.597000e+03 4.446000e-01
4.598000e+03 4.448000e-01
4.599000e+03 4.453000e-01
4.600000e+03 4.459000e-01
4.601000e+03 4.459000e-01
4.602000e+03 4.460000e-01
4.603000e+03 4.464000e-01
4.604000e+03 4.459000e-01
4.605000e+03 4.467000e-01
4.606000e+03 4.469000e-01
4.607000e+03 4.464000e-01
4.608000e+03 4.464000e-01
4.609000e+03 4.463000e-01
4.610000e+03 4.463000e-01
4.611000e+03 4.466000e-01
4.612000e+03 4.466000e-01
4.613000e+03 4.462000e-01
4.614000e+03 4.466000e-01
4.615000e+03 4.460000e-01
4.616000e+03 4.462000e-01
4.617000e+03 4.463000e-01
4.618000e+03 4.464000e-01
4.619000e+03 4.462000e-01
4.620000e+03 4.463000e-01
4.621000e+03 4.461000e-01
4.622000e+03 4.465000e-01
4.623000e+03 4.467000e-01
4.624000e+03 4.466000e-01
4.625000e+03 4.465000e-01
4.626000e+03 4.465000e-01
4.627000e+03 4.472000e-01
4.628000e+03 4.475000e-01
4.629000e+03 4.473000e-01
4.630000e+03 4.476000e-01
4.631000e+03 4.478000e-01
4.632000e+03 4.487000e-01
4.633000e+03 4.487000e-01
4.634000e+03 4.493000e-01
4.635000e+03 4.494000e-01
4.636000e+03 4.498000e-01
4.637000e+03 4.507000e-01
4.638000e+03 4.508000e-01
4.639000e+03 4.514000e-01
4.640000e+03 4.522000e-01
4.641000e+03 4.519000e-01
4.642000e+03 4.523000e-01
4.643000e+03 4.532000e-01
4.644000e+03 4.537000e-01
4.645000e+03 4.543000e-01
4.646000e+03 4.546000e-01
4.647000e+03 4.543000e-01
4.648000e+03 4.551000e-01
4.649000e+03 4.549000e-01
4.650000e+03 4.555000e-01
4.651000e+03 4.551000e-01
4.652000e+03 4.554000e-01
4.653000e+03 4.555000e-01
4.654000e+03 4.554000e-01
4.655000e+03 4.547000e-01
4.656000e+03 4.548000e-01
4.657000e+03 4.547000e-01
4.658000e+03 4.545000e-01
4.659000e+03 4.548000e-01
4.660000e+03 4.540000e-01
4.661000e+03 4.539000e-01
4.662000e+03 4.536000e-01
4.663000e+03 4.540000e-01
4.664000e+03 4.537000e-01
4.665000e+03 4.538000e-01
4.666000e+03 4.532000e-01
4.667000e+03 4.529000e-01
4.668000e+03 4.516000e-01
4.669000e+03 4.497000e-01
4.670000e+03 4.464000e-01
4.671000e+03 4.417000e-01
4.672000e+03 4.350000e-01
4.673000e+03 4.257000e-01
4.674000e+03 4.143000e-01
4.675000e+03 4.008000e-01
4.676000e+03 3.812000e-01
4.677000e+03 3.603000e-01
4.678000e+03 3.349000e-01
4.679000e+03 3.096000e-01
4.680000e+03 2.796000e-01
4.681000e+03 2.519000e-01
4.682000e+03 2.225000e-01
4.683000e+03 1.958000e-01
4.684000e+03 1.695000e-01
4.685000e+03 1.450000e-01
4.686000e+03 1.246000e-01
4.687000e+03 1.060000e-01
4.688000e+03 9.020000e-02
4.689000e+03 7.520000e-02
4.690000e+03 6.370000e-02
4.691000e+03 5.320000e-02
4.692000e+03 4.530000e-02
4.693000e+03 3.790000e-02
4.694000e+03 3.240000e-02
4.695000e+03 2.710000e-02
4.696000e+03 2.310000e-02
4.697000e+03 1.970000e-02
4.698000e+03 1.680000e-02
4.699000e+03 1.430000e-02
4.700000e+03 1.230000e-02
4.701000e+03 1.060000e-02
4.702000e+03 9.100000e-03
4.703000e+03 7.800000e-03
4.704000e+03 6.700000e-03
4.705000e+03 5.900000e-03
4.706000e+03 5.100000e-03
4.707000e+03 4.400000e-03
4.708000e+03 3.900000e-03
4.709000e+03 3.400000e-03
4.710000e+03 3.000000e-03
4.711000e+03 2.600000e-03
4.712000e+03 2.300000e-03
4.713000e+03 2.000000e-03
4.714000e+03 1.800000e-03
4.715000e+03 1.600000e-03
4.716000e+03 1.400000e-03
4.717000e+03 1.200000e-03
4.718000e+03 1.100000e-03
4.719000e+03 1.000000e-03
4.720000e+03 9.000000e-04
4.721000e+03 8.000000e-04
4.722000e+03 7.000000e-04
4.723000e+03 6.000000e-04
4.724000e+03 6.000000e-04
4.725000e+03 5.000000e-04
4.726000e+03 5.000000e-04
4.727000e+03 4.000000e-04
4.728000e+03 4.000000e-04
4.729000e+03 3.000000e-04
4.730000e+03 3.000000e-04
4.731000e+03 3.000000e-04
4.732000e+03 3.000000e-04
4.733000e+03 2.000000e-04
4.734000e+03 2.000000e-04
4.735000e+03 2.000000e-04
4.736000e+03 2.000000e-04
4.737000e+03 2.000000e-04
4.738000e+03 1.000000e-04
4.739000e+03 1.000000e-04
4.740000e+03 1.000000e-04
4.741000e+03 1.000000e-04
4.742000e+03 1.000000e-04
4.743000e+03 1.000000e-04
4.744000e+03 1.000000e-04
4.745000e+03 1.000000e-04
4.746000e+03 1.000000e-04
4.747000e+03 1.000000e-04
4.748000e+03 1.000000e-04
4.749000e+03 1.000000e-04
