# # Wavelength(Angstrom)  Transmission
5.265000e+03 1.000000e-04
5.266000e+03 1.000000e-04
5.267000e+03 1.000000e-04
5.268000e+03 1.000000e-04
5.269000e+03 1.000000e-04
5.270000e+03 1.000000e-04
5.271000e+03 1.000000e-04
5.272000e+03 1.000000e-04
5.273000e+03 1.000000e-04
5.274000e+03 1.000000e-04
5.275000e+03 1.000000e-04
5.276000e+03 2.000000e-04
5.277000e+03 2.000000e-04
5.278000e+03 2.000000e-04
5.279000e+03 2.000000e-04
5.280000e+03 3.000000e-04
5.281000e+03 3.000000e-04
5.282000e+03 3.000000e-04
5.283000e+03 3.000000e-04
5.284000e+03 4.000000e-04
5.285000e+03 5.000000e-04
5.286000e+03 5.000000e-04
5.287000e+03 6.000000e-04
5.288000e+03 7.000000e-04
5.289000e+03 7.000000e-04
5.290000e+03 9.000000e-04
5.291000e+03 1.000000e-03
5.292000e+03 1.100000e-03
5.293000e+03 1.300000e-03
5.294000e+03 1.500000e-03
5.295000e+03 1.700000e-03
5.296000e+03 2.000000e-03
5.297000e+03 2.300000e-03
5.298000e+03 2.700000e-03
5.299000e+03 3.100000e-03
5.300000e+03 3.700000e-03
5.301000e+03 4.300000e-03
5.302000e+03 5.100000e-03
5.303000e+03 5.900000e-03
5.304000e+03 7.100000e-03
5.305000e+03 8.300000e-03
5.306000e+03 1.000000e-02
5.307000e+03 1.180000e-02
5.308000e+03 1.420000e-02
5.309000e+03 1.700000e-02
5.310000e+03 2.050000e-02
5.311000e+03 2.470000e-02
5.312000e+03 2.980000e-02
5.313000e+03 3.660000e-02
5.314000e+03 4.420000e-02
5.315000e+03 5.450000e-02
5.316000e+03 6.630000e-02
5.317000e+03 8.190000e-02
5.318000e+03 9.930000e-02
5.319000e+03 1.216000e-01
5.320000e+03 1.449000e-01
5.321000e+03 1.751000e-01
5.322000e+03 2.085000e-01
5.323000e+03 2.458000e-01
5.324000e+03 2.847000e-01
5.325000e+03 3.236000e-01
5.326000e+03 3.660000e-01
5.327000e+03 4.024000e-01
5.328000e+03 4.367000e-01
5.329000e+03 4.639000e-01
5.330000e+03 4.886000e-01
5.331000e+03 5.057000e-01
5.332000e+03 5.179000e-01
5.333000e+03 5.253000e-01
5.334000e+03 5.298000e-01
5.335000e+03 5.330000e-01
5.336000e+03 5.334000e-01
5.337000e+03 5.343000e-01
5.338000e+03 5.330000e-01
5.339000e+03 5.325000e-01
5.340000e+03 5.315000e-01
5.341000e+03 5.312000e-01
5.342000e+03 5.307000e-01
5.343000e+03 5.307000e-01
5.344000e+03 5.308000e-01
5.345000e+03 5.311000e-01
5.346000e+03 5.309000e-01
5.347000e+03 5.319000e-01
5.348000e+03 5.324000e-01
5.349000e+03 5.335000e-01
5.350000e+03 5.339000e-01
5.351000e+03 5.345000e-01
5.352000e+03 5.336000e-01
5.353000e+03 5.339000e-01
5.354000e+03 5.341000e-01
5.355000e+03 5.347000e-01
5.356000e+03 5.343000e-01
5.357000e+03 5.346000e-01
5.358000e+03 5.338000e-01
5.359000e+03 5.332000e-01
5.360000e+03 5.326000e-01
5.361000e+03 5.327000e-01
5.362000e+03 5.324000e-01
5.363000e+03 5.321000e-01
5.364000e+03 5.314000e-01
5.365000e+03 5.310000e-01
5.366000e+03 5.311000e-01
5.367000e+03 5.302000e-01
5.368000e+03 5.302000e-01
5.369000e+03 5.296000e-01
5.370000e+03 5.301000e-01
5.371000e+03 5.295000e-01
5.372000e+03 5.301000e-01
5.373000e+03 5.299000e-01
5.374000e+03 5.297000e-01
5.375000e+03 5.299000e-01
5.376000e+03 5.299000e-01
5.377000e+03 5.300000e-01
5.378000e+03 5.307000e-01
5.379000e+03 5.304000e-01
5.380000e+03 5.305000e-01
5.381000e+03 5.310000e-01
5.382000e+03 5.306000e-01
5.383000e+03 5.306000e-01
5.384000e+03 5.306000e-01
5.385000e+03 5.305000e-01
5.386000e+03 5.309000e-01
5.387000e+03 5.306000e-01
5.388000e+03 5.307000e-01
5.389000e+03 5.307000e-01
5.390000e+03 5.307000e-01
5.391000e+03 5.304000e-01
5.392000e+03 5.307000e-01
5.393000e+03 5.304000e-01
5.394000e+03 5.303000e-01
5.395000e+03 5.304000e-01
5.396000e+03 5.303000e-01
5.397000e+03 5.304000e-01
5.398000e+03 5.296000e-01
5.399000e+03 5.304000e-01
5.400000e+03 5.301000e-01
5.401000e+03 5.295000e-01
5.402000e+03 5.296000e-01
5.403000e+03 5.299000e-01
5.404000e+03 5.289000e-01
5.405000e+03 5.289000e-01
5.406000e+03 5.281000e-01
5.407000e+03 5.278000e-01
5.408000e+03 5.275000e-01
5.409000e+03 5.278000e-01
5.410000e+03 5.273000e-01
5.411000e+03 5.272000e-01
5.412000e+03 5.266000e-01
5.413000e+03 5.258000e-01
5.414000e+03 5.260000e-01
5.415000e+03 5.256000e-01
5.416000e+03 5.253000e-01
5.417000e+03 5.243000e-01
5.418000e+03 5.238000e-01
5.419000e+03 5.237000e-01
5.420000e+03 5.231000e-01
5.421000e+03 5.229000e-01
5.422000e+03 5.225000e-01
5.423000e+03 5.227000e-01
5.424000e+03 5.220000e-01
5.425000e+03 5.218000e-01
5.426000e+03 5.211000e-01
5.427000e+03 5.220000e-01
5.428000e+03 5.219000e-01
5.429000e+03 5.218000e-01
5.430000e+03 5.218000e-01
5.431000e+03 5.223000e-01
5.432000e+03 5.226000e-01
5.433000e+03 5.221000e-01
5.434000e+03 5.233000e-01
5.435000e+03 5.228000e-01
5.436000e+03 5.232000e-01
5.437000e+03 5.236000e-01
5.438000e+03 5.243000e-01
5.439000e+03 5.242000e-01
5.440000e+03 5.243000e-01
5.441000e+03 5.243000e-01
5.442000e+03 5.254000e-01
5.443000e+03 5.255000e-01
5.444000e+03 5.249000e-01
5.445000e+03 5.249000e-01
5.446000e+03 5.254000e-01
5.447000e+03 5.251000e-01
5.448000e+03 5.253000e-01
5.449000e+03 5.248000e-01
5.450000e+03 5.246000e-01
5.451000e+03 5.244000e-01
5.452000e+03 5.244000e-01
5.453000e+03 5.237000e-01
5.454000e+03 5.233000e-01
5.455000e+03 5.228000e-01
5.456000e+03 5.215000e-01
5.457000e+03 5.209000e-01
5.458000e+03 5.180000e-01
5.459000e+03 5.153000e-01
5.460000e+03 5.110000e-01
5.461000e+03 5.055000e-01
5.462000e+03 4.981000e-01
5.463000e+03 4.889000e-01
5.464000e+03 4.765000e-01
5.465000e+03 4.596000e-01
5.466000e+03 4.408000e-01
5.467000e+03 4.172000e-01
5.468000e+03 3.926000e-01
5.469000e+03 3.610000e-01
5.470000e+03 3.306000e-01
5.471000e+03 2.967000e-01
5.472000e+03 2.654000e-01
5.473000e+03 2.306000e-01
5.474000e+03 2.014000e-01
5.475000e+03 1.730000e-01
5.476000e+03 1.489000e-01
5.477000e+03 1.266000e-01
5.478000e+03 1.064000e-01
5.479000e+03 9.010000e-02
5.480000e+03 7.600000e-02
5.481000e+03 6.450000e-02
5.482000e+03 5.360000e-02
5.483000e+03 4.530000e-02
5.484000e+03 3.790000e-02
5.485000e+03 3.220000e-02
5.486000e+03 2.680000e-02
5.487000e+03 2.290000e-02
5.488000e+03 1.940000e-02
5.489000e+03 1.670000e-02
5.490000e+03 1.420000e-02
5.491000e+03 1.210000e-02
5.492000e+03 1.030000e-02
5.493000e+03 8.900000e-03
5.494000e+03 7.700000e-03
5.495000e+03 6.600000e-03
5.496000e+03 5.700000e-03
5.497000e+03 4.900000e-03
5.498000e+03 4.300000e-03
5.499000e+03 3.700000e-03
5.500000e+03 3.200000e-03
5.501000e+03 2.800000e-03
5.502000e+03 2.500000e-03
5.503000e+03 2.200000e-03
5.504000e+03 1.900000e-03
5.505000e+03 1.700000e-03
5.506000e+03 1.500000e-03
5.507000e+03 1.300000e-03
5.508000e+03 1.200000e-03
5.509000e+03 1.000000e-03
5.510000e+03 9.000000e-04
5.511000e+03 8.000000e-04
5.512000e+03 7.000000e-04
5.513000e+03 7.000000e-04
5.514000e+03 6.000000e-04
5.515000e+03 5.000000e-04
5.516000e+03 5.000000e-04
5.517000e+03 4.000000e-04
5.518000e+03 4.000000e-04
5.519000e+03 3.000000e-04
5.520000e+03 3.000000e-04
5.521000e+03 3.000000e-04
5.522000e+03 3.000000e-04
5.523000e+03 2.000000e-04
5.524000e+03 2.000000e-04
5.525000e+03 2.000000e-04
5.526000e+03 2.000000e-04
5.527000e+03 2.000000e-04
5.528000e+03 1.000000e-04
5.529000e+03 1.000000e-04
5.530000e+03 1.000000e-04
5.531000e+03 1.000000e-04
5.532000e+03 1.000000e-04
5.533000e+03 1.000000e-04
5.534000e+03 1.000000e-04
5.535000e+03 1.000000e-04
5.536000e+03 1.000000e-04
5.537000e+03 1.000000e-04
5.538000e+03 1.000000e-04
5.539000e+03 1.000000e-04
5.540000e+03 1.000000e-04
5.541000e+03 1.000000e-04
