# # Wavelength(Angstrom)  Transmission
7.284000e+03 1.000000e-04
7.285000e+03 1.000000e-04
7.286000e+03 1.000000e-04
7.287000e+03 1.000000e-04
7.288000e+03 1.000000e-04
7.289000e+03 1.000000e-04
7.290000e+03 1.000000e-04
7.291000e+03 1.000000e-04
7.292000e+03 1.000000e-04
7.293000e+03 1.000000e-04
7.294000e+03 1.000000e-04
7.295000e+03 1.000000e-04
7.296000e+03 2.000000e-04
7.297000e+03 2.000000e-04
7.298000e+03 2.000000e-04
7.299000e+03 2.000000e-04
7.300000e+03 3.000000e-04
7.301000e+03 3.000000e-04
7.302000e+03 3.000000e-04
7.303000e+03 4.000000e-04
7.304000e+03 4.000000e-04
7.305000e+03 5.000000e-04
7.306000e+03 5.000000e-04
7.307000e+03 6.000000e-04
7.308000e+03 7.000000e-04
7.309000e+03 8.000000e-04
7.310000e+03 9.000000e-04
7.311000e+03 1.000000e-03
7.312000e+03 1.200000e-03
7.313000e+03 1.400000e-03
7.314000e+03 1.600000e-03
7.315000e+03 1.800000e-03
7.316000e+03 2.100000e-03
7.317000e+03 2.500000e-03
7.318000e+03 2.900000e-03
7.319000e+03 3.400000e-03
7.320000e+03 4.000000e-03
7.321000e+03 4.700000e-03
7.322000e+03 5.500000e-03
7.323000e+03 6.500000e-03
7.324000e+03 7.600000e-03
7.325000e+03 9.100000e-03
7.326000e+03 1.090000e-02
7.327000e+03 1.310000e-02
7.328000e+03 1.560000e-02
7.329000e+03 1.900000e-02
7.330000e+03 2.340000e-02
7.331000e+03 2.850000e-02
7.332000e+03 3.450000e-02
7.333000e+03 4.160000e-02
7.334000e+03 5.190000e-02
7.335000e+03 6.280000e-02
7.336000e+03 7.760000e-02
7.337000e+03 9.410000e-02
7.338000e+03 1.152000e-01
7.339000e+03 1.387000e-01
7.340000e+03 1.682000e-01
7.341000e+03 2.014000e-01
7.342000e+03 2.391000e-01
7.343000e+03 2.816000e-01
7.344000e+03 3.239000e-01
7.345000e+03 3.671000e-01
7.346000e+03 4.041000e-01
7.347000e+03 4.447000e-01
7.348000e+03 4.764000e-01
7.349000e+03 5.048000e-01
7.350000e+03 5.220000e-01
7.351000e+03 5.375000e-01
7.352000e+03 5.479000e-01
7.353000e+03 5.544000e-01
7.354000e+03 5.569000e-01
7.355000e+03 5.586000e-01
7.356000e+03 5.577000e-01
7.357000e+03 5.564000e-01
7.358000e+03 5.553000e-01
7.359000e+03 5.539000e-01
7.360000e+03 5.547000e-01
7.361000e+03 5.530000e-01
7.362000e+03 5.529000e-01
7.363000e+03 5.528000e-01
7.364000e+03 5.525000e-01
7.365000e+03 5.535000e-01
7.366000e+03 5.554000e-01
7.367000e+03 5.532000e-01
7.368000e+03 5.551000e-01
7.369000e+03 5.557000e-01
7.370000e+03 5.572000e-01
7.371000e+03 5.569000e-01
7.372000e+03 5.582000e-01
7.373000e+03 5.599000e-01
7.374000e+03 5.593000e-01
7.375000e+03 5.589000e-01
7.376000e+03 5.591000e-01
7.377000e+03 5.605000e-01
7.378000e+03 5.593000e-01
7.379000e+03 5.592000e-01
7.380000e+03 5.587000e-01
7.381000e+03 5.591000e-01
7.382000e+03 5.585000e-01
7.383000e+03 5.564000e-01
7.384000e+03 5.565000e-01
7.385000e+03 5.561000e-01
7.386000e+03 5.550000e-01
7.387000e+03 5.546000e-01
7.388000e+03 5.544000e-01
7.389000e+03 5.551000e-01
7.390000e+03 5.540000e-01
7.391000e+03 5.545000e-01
7.392000e+03 5.539000e-01
7.393000e+03 5.531000e-01
7.394000e+03 5.527000e-01
7.395000e+03 5.531000e-01
7.396000e+03 5.528000e-01
7.397000e+03 5.504000e-01
7.398000e+03 5.517000e-01
7.399000e+03 5.508000e-01
7.400000e+03 5.504000e-01
7.401000e+03 5.518000e-01
7.402000e+03 5.500000e-01
7.403000e+03 5.502000e-01
7.404000e+03 5.495000e-01
7.405000e+03 5.484000e-01
7.406000e+03 5.503000e-01
7.407000e+03 5.484000e-01
7.408000e+03 5.491000e-01
7.409000e+03 5.478000e-01
7.410000e+03 5.480000e-01
7.411000e+03 5.467000e-01
7.412000e+03 5.458000e-01
7.413000e+03 5.460000e-01
7.414000e+03 5.446000e-01
7.415000e+03 5.448000e-01
7.416000e+03 5.452000e-01
7.417000e+03 5.452000e-01
7.418000e+03 5.433000e-01
7.419000e+03 5.440000e-01
7.420000e+03 5.437000e-01
7.421000e+03 5.440000e-01
7.422000e+03 5.435000e-01
7.423000e+03 5.424000e-01
7.424000e+03 5.427000e-01
7.425000e+03 5.423000e-01
7.426000e+03 5.416000e-01
7.427000e+03 5.422000e-01
7.428000e+03 5.413000e-01
7.429000e+03 5.417000e-01
7.430000e+03 5.419000e-01
7.431000e+03 5.419000e-01
7.432000e+03 5.420000e-01
7.433000e+03 5.405000e-01
7.434000e+03 5.416000e-01
7.435000e+03 5.416000e-01
7.436000e+03 5.394000e-01
7.437000e+03 5.401000e-01
7.438000e+03 5.412000e-01
7.439000e+03 5.406000e-01
7.440000e+03 5.409000e-01
7.441000e+03 5.410000e-01
7.442000e+03 5.415000e-01
7.443000e+03 5.421000e-01
7.444000e+03 5.418000e-01
7.445000e+03 5.417000e-01
7.446000e+03 5.430000e-01
7.447000e+03 5.436000e-01
7.448000e+03 5.444000e-01
7.449000e+03 5.445000e-01
7.450000e+03 5.444000e-01
7.451000e+03 5.458000e-01
7.452000e+03 5.466000e-01
7.453000e+03 5.478000e-01
7.454000e+03 5.485000e-01
7.455000e+03 5.487000e-01
7.456000e+03 5.501000e-01
7.457000e+03 5.519000e-01
7.458000e+03 5.516000e-01
7.459000e+03 5.519000e-01
7.460000e+03 5.527000e-01
7.461000e+03 5.525000e-01
7.462000e+03 5.521000e-01
7.463000e+03 5.514000e-01
7.464000e+03 5.521000e-01
7.465000e+03 5.510000e-01
7.466000e+03 5.516000e-01
7.467000e+03 5.531000e-01
7.468000e+03 5.516000e-01
7.469000e+03 5.520000e-01
7.470000e+03 5.521000e-01
7.471000e+03 5.521000e-01
7.472000e+03 5.501000e-01
7.473000e+03 5.525000e-01
7.474000e+03 5.518000e-01
7.475000e+03 5.518000e-01
7.476000e+03 5.511000e-01
7.477000e+03 5.484000e-01
7.478000e+03 5.461000e-01
7.479000e+03 5.436000e-01
7.480000e+03 5.374000e-01
7.481000e+03 5.291000e-01
7.482000e+03 5.158000e-01
7.483000e+03 5.005000e-01
7.484000e+03 4.787000e-01
7.485000e+03 4.541000e-01
7.486000e+03 4.209000e-01
7.487000e+03 3.881000e-01
7.488000e+03 3.479000e-01
7.489000e+03 3.112000e-01
7.490000e+03 2.702000e-01
7.491000e+03 2.357000e-01
7.492000e+03 2.017000e-01
7.493000e+03 1.717000e-01
7.494000e+03 1.442000e-01
7.495000e+03 1.198000e-01
7.496000e+03 1.002000e-01
7.497000e+03 8.260000e-02
7.498000e+03 6.920000e-02
7.499000e+03 5.600000e-02
7.500000e+03 4.680000e-02
7.501000e+03 3.820000e-02
7.502000e+03 3.200000e-02
7.503000e+03 2.640000e-02
7.504000e+03 2.230000e-02
7.505000e+03 1.870000e-02
7.506000e+03 1.590000e-02
7.507000e+03 1.330000e-02
7.508000e+03 1.130000e-02
7.509000e+03 9.600000e-03
7.510000e+03 8.200000e-03
7.511000e+03 7.100000e-03
7.512000e+03 6.000000e-03
7.513000e+03 5.100000e-03
7.514000e+03 4.400000e-03
7.515000e+03 3.700000e-03
7.516000e+03 3.200000e-03
7.517000e+03 2.800000e-03
7.518000e+03 2.500000e-03
7.519000e+03 2.100000e-03
7.520000e+03 1.800000e-03
7.521000e+03 1.600000e-03
7.522000e+03 1.500000e-03
7.523000e+03 1.300000e-03
7.524000e+03 1.100000e-03
7.525000e+03 1.000000e-03
7.526000e+03 9.000000e-04
7.527000e+03 8.000000e-04
7.528000e+03 7.000000e-04
7.529000e+03 6.000000e-04
7.530000e+03 5.000000e-04
7.531000e+03 5.000000e-04
7.532000e+03 4.000000e-04
7.533000e+03 4.000000e-04
7.534000e+03 3.000000e-04
7.535000e+03 3.000000e-04
7.536000e+03 3.000000e-04
7.537000e+03 2.000000e-04
7.538000e+03 2.000000e-04
7.539000e+03 2.000000e-04
7.540000e+03 2.000000e-04
7.541000e+03 2.000000e-04
7.542000e+03 1.000000e-04
7.543000e+03 1.000000e-04
7.544000e+03 1.000000e-04
7.545000e+03 1.000000e-04
7.546000e+03 1.000000e-04
7.547000e+03 1.000000e-04
7.548000e+03 1.000000e-04
7.549000e+03 1.000000e-04
7.550000e+03 1.000000e-04
7.551000e+03 1.000000e-04
7.552000e+03 1.000000e-04
7.553000e+03 1.000000e-04
7.554000e+03 1.000000e-04
