# # Wavelength(Angstrom)  Transmission
6.488000e+03 6.000000e-04
6.489000e+03 6.000000e-04
6.490000e+03 6.000000e-04
6.491000e+03 6.000000e-04
6.492000e+03 6.000000e-04
6.493000e+03 6.000000e-04
6.494000e+03 6.000000e-04
6.495000e+03 6.000000e-04
6.496000e+03 6.000000e-04
6.497000e+03 6.000000e-04
6.498000e+03 1.300000e-03
6.499000e+03 1.300000e-03
6.500000e+03 1.300000e-03
6.501000e+03 1.300000e-03
6.502000e+03 1.900000e-03
6.503000e+03 1.900000e-03
6.504000e+03 1.900000e-03
6.505000e+03 2.500000e-03
6.506000e+03 2.500000e-03
6.507000e+03 3.100000e-03
6.508000e+03 3.800000e-03
6.509000e+03 4.400000e-03
6.510000e+03 5.600000e-03
6.511000e+03 6.300000e-03
6.512000e+03 7.500000e-03
6.513000e+03 9.400000e-03
6.514000e+03 1.060000e-02
6.515000e+03 1.310000e-02
6.516000e+03 1.560000e-02
6.517000e+03 1.940000e-02
6.518000e+03 2.310000e-02
6.519000e+03 2.870000e-02
6.520000e+03 3.500000e-02
6.521000e+03 4.310000e-02
6.522000e+03 5.310000e-02
6.523000e+03 6.500000e-02
6.524000e+03 8.060000e-02
6.525000e+03 1.000000e-01
6.526000e+03 1.237000e-01
6.527000e+03 1.506000e-01
6.528000e+03 1.812000e-01
6.529000e+03 2.149000e-01
6.530000e+03 2.536000e-01
6.531000e+03 2.948000e-01
6.532000e+03 3.366000e-01
6.533000e+03 3.785000e-01
6.534000e+03 4.197000e-01
6.535000e+03 4.571000e-01
6.536000e+03 4.896000e-01
6.537000e+03 5.158000e-01
6.538000e+03 5.382000e-01
6.539000e+03 5.569000e-01
6.540000e+03 5.706000e-01
6.541000e+03 5.794000e-01
6.542000e+03 5.856000e-01
6.543000e+03 5.899000e-01
6.544000e+03 5.936000e-01
6.545000e+03 5.942000e-01
6.546000e+03 5.948000e-01
6.547000e+03 5.948000e-01
6.548000e+03 5.954000e-01
6.549000e+03 5.947000e-01
6.550000e+03 5.960000e-01
6.551000e+03 5.959000e-01
6.552000e+03 5.959000e-01
6.553000e+03 5.959000e-01
6.554000e+03 5.971000e-01
6.555000e+03 5.989000e-01
6.556000e+03 5.995000e-01
6.557000e+03 5.994000e-01
6.558000e+03 5.988000e-01
6.559000e+03 5.994000e-01
6.560000e+03 5.993000e-01
6.561000e+03 5.999000e-01
6.562000e+03 5.998000e-01
6.563000e+03 6.004000e-01
6.564000e+03 5.991000e-01
6.565000e+03 5.978000e-01
6.566000e+03 5.978000e-01
6.567000e+03 5.978000e-01
6.568000e+03 5.983000e-01
6.569000e+03 5.983000e-01
6.570000e+03 5.970000e-01
6.571000e+03 5.976000e-01
6.572000e+03 5.963000e-01
6.573000e+03 5.975000e-01
6.574000e+03 5.962000e-01
6.575000e+03 5.962000e-01
6.576000e+03 5.967000e-01
6.577000e+03 5.967000e-01
6.578000e+03 5.973000e-01
6.579000e+03 5.972000e-01
6.580000e+03 5.972000e-01
6.581000e+03 5.971000e-01
6.582000e+03 5.971000e-01
6.583000e+03 5.970000e-01
6.584000e+03 5.963000e-01
6.585000e+03 5.969000e-01
6.586000e+03 5.968000e-01
6.587000e+03 5.974000e-01
6.588000e+03 5.979000e-01
6.589000e+03 5.979000e-01
6.590000e+03 5.972000e-01
6.591000e+03 5.977000e-01
6.592000e+03 5.971000e-01
6.593000e+03 5.970000e-01
6.594000e+03 5.975000e-01
6.595000e+03 5.987000e-01
6.596000e+03 5.987000e-01
6.597000e+03 5.980000e-01
6.598000e+03 5.973000e-01
6.599000e+03 5.972000e-01
6.600000e+03 5.972000e-01
6.601000e+03 5.977000e-01
6.602000e+03 5.977000e-01
6.603000e+03 5.970000e-01
6.604000e+03 5.969000e-01
6.605000e+03 5.962000e-01
6.606000e+03 5.968000e-01
6.607000e+03 5.967000e-01
6.608000e+03 5.966000e-01
6.609000e+03 5.953000e-01
6.610000e+03 5.958000e-01
6.611000e+03 5.957000e-01
6.612000e+03 5.956000e-01
6.613000e+03 5.943000e-01
6.614000e+03 5.942000e-01
6.615000e+03 5.947000e-01
6.616000e+03 5.946000e-01
6.617000e+03 5.927000e-01
6.618000e+03 5.932000e-01
6.619000e+03 5.925000e-01
6.620000e+03 5.912000e-01
6.621000e+03 5.905000e-01
6.622000e+03 5.910000e-01
6.623000e+03 5.909000e-01
6.624000e+03 5.902000e-01
6.625000e+03 5.895000e-01
6.626000e+03 5.888000e-01
6.627000e+03 5.881000e-01
6.628000e+03 5.892000e-01
6.629000e+03 5.891000e-01
6.630000e+03 5.890000e-01
6.631000e+03 5.883000e-01
6.632000e+03 5.894000e-01
6.633000e+03 5.893000e-01
6.634000e+03 5.898000e-01
6.635000e+03 5.903000e-01
6.636000e+03 5.896000e-01
6.637000e+03 5.907000e-01
6.638000e+03 5.906000e-01
6.639000e+03 5.917000e-01
6.640000e+03 5.916000e-01
6.641000e+03 5.915000e-01
6.642000e+03 5.914000e-01
6.643000e+03 5.913000e-01
6.644000e+03 5.918000e-01
6.645000e+03 5.910000e-01
6.646000e+03 5.909000e-01
6.647000e+03 5.908000e-01
6.648000e+03 5.907000e-01
6.649000e+03 5.900000e-01
6.650000e+03 5.886000e-01
6.651000e+03 5.873000e-01
6.652000e+03 5.872000e-01
6.653000e+03 5.858000e-01
6.654000e+03 5.851000e-01
6.655000e+03 5.844000e-01
6.656000e+03 5.843000e-01
6.657000e+03 5.841000e-01
6.658000e+03 5.834000e-01
6.659000e+03 5.833000e-01
6.660000e+03 5.832000e-01
6.661000e+03 5.843000e-01
6.662000e+03 5.849000e-01
6.663000e+03 5.848000e-01
6.664000e+03 5.846000e-01
6.665000e+03 5.839000e-01
6.666000e+03 5.826000e-01
6.667000e+03 5.794000e-01
6.668000e+03 5.732000e-01
6.669000e+03 5.639000e-01
6.670000e+03 5.490000e-01
6.671000e+03 5.287000e-01
6.672000e+03 5.034000e-01
6.673000e+03 4.751000e-01
6.674000e+03 4.400000e-01
6.675000e+03 3.994000e-01
6.676000e+03 3.558000e-01
6.677000e+03 3.110000e-01
6.678000e+03 2.692000e-01
6.679000e+03 2.287000e-01
6.680000e+03 1.907000e-01
6.681000e+03 1.582000e-01
6.682000e+03 1.306000e-01
6.683000e+03 1.072000e-01
6.684000e+03 8.700000e-02
6.685000e+03 6.980000e-02
6.686000e+03 5.700000e-02
6.687000e+03 4.720000e-02
6.688000e+03 3.860000e-02
6.689000e+03 3.180000e-02
6.690000e+03 2.630000e-02
6.691000e+03 2.200000e-02
6.692000e+03 1.840000e-02
6.693000e+03 1.530000e-02
6.694000e+03 1.290000e-02
6.695000e+03 1.100000e-02
6.696000e+03 9.200000e-03
6.697000e+03 8.000000e-03
6.698000e+03 6.700000e-03
6.699000e+03 6.100000e-03
6.700000e+03 5.500000e-03
6.701000e+03 4.300000e-03
6.702000e+03 3.700000e-03
6.703000e+03 3.700000e-03
6.704000e+03 3.100000e-03
6.705000e+03 3.100000e-03
6.706000e+03 2.400000e-03
6.707000e+03 2.400000e-03
6.708000e+03 1.800000e-03
6.709000e+03 1.800000e-03
6.710000e+03 1.800000e-03
6.711000e+03 1.200000e-03
6.712000e+03 1.200000e-03
6.713000e+03 1.200000e-03
6.714000e+03 1.200000e-03
6.715000e+03 1.200000e-03
6.716000e+03 1.200000e-03
6.717000e+03 1.200000e-03
6.718000e+03 6.000000e-04
6.719000e+03 6.000000e-04
6.720000e+03 6.000000e-04
6.721000e+03 6.000000e-04
6.722000e+03 6.000000e-04
6.723000e+03 6.000000e-04
6.724000e+03 6.000000e-04
6.725000e+03 6.000000e-04
6.726000e+03 6.000000e-04
6.727000e+03 6.000000e-04
6.728000e+03 6.000000e-04
6.729000e+03 6.000000e-04
6.730000e+03 6.000000e-04
6.731000e+03 6.000000e-04
6.732000e+03 6.000000e-04
6.733000e+03 6.000000e-04
6.734000e+03 6.000000e-04
6.735000e+03 6.000000e-04
6.736000e+03 6.000000e-04
6.737000e+03 6.000000e-04
6.738000e+03 6.000000e-04
6.739000e+03 6.000000e-04
