# # Wavelength(Angstrom)  Transmission
8.865000e+03 1.000000e-04
8.866000e+03 0.000000e+00
8.867000e+03 0.000000e+00
8.868000e+03 0.000000e+00
8.869000e+03 0.000000e+00
8.870000e+03 1.000000e-04
8.871000e+03 1.000000e-04
8.872000e+03 1.000000e-04
8.873000e+03 0.000000e+00
8.874000e+03 0.000000e+00
8.875000e+03 1.000000e-04
8.876000e+03 1.000000e-04
8.877000e+03 1.000000e-04
8.878000e+03 1.000000e-04
8.879000e+03 1.000000e-04
8.880000e+03 0.000000e+00
8.881000e+03 1.000000e-04
8.882000e+03 1.000000e-04
8.883000e+03 1.000000e-04
8.884000e+03 1.000000e-04
8.885000e+03 2.000000e-04
8.886000e+03 2.000000e-04
8.887000e+03 2.000000e-04
8.888000e+03 2.000000e-04
8.889000e+03 3.000000e-04
8.890000e+03 2.000000e-04
8.891000e+03 3.000000e-04
8.892000e+03 4.000000e-04
8.893000e+03 4.000000e-04
8.894000e+03 4.000000e-04
8.895000e+03 4.000000e-04
8.896000e+03 5.000000e-04
8.897000e+03 6.000000e-04
8.898000e+03 8.000000e-04
8.899000e+03 8.000000e-04
8.900000e+03 9.000000e-04
8.901000e+03 1.000000e-03
8.902000e+03 1.200000e-03
8.903000e+03 1.300000e-03
8.904000e+03 1.600000e-03
8.905000e+03 1.900000e-03
8.906000e+03 2.100000e-03
8.907000e+03 2.600000e-03
8.908000e+03 3.100000e-03
8.909000e+03 3.600000e-03
8.910000e+03 4.200000e-03
8.911000e+03 4.800000e-03
8.912000e+03 5.700000e-03
8.913000e+03 6.900000e-03
8.914000e+03 8.100000e-03
8.915000e+03 9.600000e-03
8.916000e+03 1.170000e-02
8.917000e+03 1.440000e-02
8.918000e+03 1.680000e-02
8.919000e+03 2.010000e-02
8.920000e+03 2.410000e-02
8.921000e+03 2.980000e-02
8.922000e+03 3.530000e-02
8.923000e+03 4.290000e-02
8.924000e+03 5.370000e-02
8.925000e+03 6.630000e-02
8.926000e+03 8.190000e-02
8.927000e+03 9.580000e-02
8.928000e+03 1.136000e-01
8.929000e+03 1.332000e-01
8.930000e+03 1.592000e-01
8.931000e+03 1.809000e-01
8.932000e+03 2.055000e-01
8.933000e+03 2.324000e-01
8.934000e+03 2.627000e-01
8.935000e+03 2.823000e-01
8.936000e+03 2.995000e-01
8.937000e+03 3.168000e-01
8.938000e+03 3.323000e-01
8.939000e+03 3.442000e-01
8.940000e+03 3.535000e-01
8.941000e+03 3.576000e-01
8.942000e+03 3.619000e-01
8.943000e+03 3.647000e-01
8.944000e+03 3.606000e-01
8.945000e+03 3.623000e-01
8.946000e+03 3.610000e-01
8.947000e+03 3.609000e-01
8.948000e+03 3.582000e-01
8.949000e+03 3.555000e-01
8.950000e+03 3.558000e-01
8.951000e+03 3.538000e-01
8.952000e+03 3.528000e-01
8.953000e+03 3.529000e-01
8.954000e+03 3.520000e-01
8.955000e+03 3.516000e-01
8.956000e+03 3.516000e-01
8.957000e+03 3.520000e-01
8.958000e+03 3.522000e-01
8.959000e+03 3.509000e-01
8.960000e+03 3.517000e-01
8.961000e+03 3.539000e-01
8.962000e+03 3.533000e-01
8.963000e+03 3.513000e-01
8.964000e+03 3.537000e-01
8.965000e+03 3.531000e-01
8.966000e+03 3.503000e-01
8.967000e+03 3.506000e-01
8.968000e+03 3.529000e-01
8.969000e+03 3.513000e-01
8.970000e+03 3.487000e-01
8.971000e+03 3.482000e-01
8.972000e+03 3.465000e-01
8.973000e+03 3.492000e-01
8.974000e+03 3.469000e-01
8.975000e+03 3.474000e-01
8.976000e+03 3.450000e-01
8.977000e+03 3.458000e-01
8.978000e+03 3.445000e-01
8.979000e+03 3.425000e-01
8.980000e+03 3.447000e-01
8.981000e+03 3.428000e-01
8.982000e+03 3.431000e-01
8.983000e+03 3.417000e-01
8.984000e+03 3.433000e-01
8.985000e+03 3.428000e-01
8.986000e+03 3.421000e-01
8.987000e+03 3.438000e-01
8.988000e+03 3.425000e-01
8.989000e+03 3.419000e-01
8.990000e+03 3.398000e-01
8.991000e+03 3.411000e-01
8.992000e+03 3.398000e-01
8.993000e+03 3.412000e-01
8.994000e+03 3.405000e-01
8.995000e+03 3.417000e-01
8.996000e+03 3.420000e-01
8.997000e+03 3.381000e-01
8.998000e+03 3.424000e-01
8.999000e+03 3.407000e-01
9.000000e+03 3.421000e-01
9.001000e+03 3.419000e-01
9.002000e+03 3.378000e-01
9.003000e+03 3.390000e-01
9.004000e+03 3.405000e-01
9.005000e+03 3.398000e-01
9.006000e+03 3.380000e-01
9.007000e+03 3.392000e-01
9.008000e+03 3.390000e-01
9.009000e+03 3.394000e-01
9.010000e+03 3.396000e-01
9.011000e+03 3.353000e-01
9.012000e+03 3.383000e-01
9.013000e+03 3.414000e-01
9.014000e+03 3.389000e-01
9.015000e+03 3.365000e-01
9.016000e+03 3.375000e-01
9.017000e+03 3.383000e-01
9.018000e+03 3.375000e-01
9.019000e+03 3.398000e-01
9.020000e+03 3.394000e-01
9.021000e+03 3.383000e-01
9.022000e+03 3.385000e-01
9.023000e+03 3.375000e-01
9.024000e+03 3.344000e-01
9.025000e+03 3.369000e-01
9.026000e+03 3.388000e-01
9.027000e+03 3.371000e-01
9.028000e+03 3.380000e-01
9.029000e+03 3.375000e-01
9.030000e+03 3.386000e-01
9.031000e+03 3.372000e-01
9.032000e+03 3.394000e-01
9.033000e+03 3.403000e-01
9.034000e+03 3.350000e-01
9.035000e+03 3.353000e-01
9.036000e+03 3.374000e-01
9.037000e+03 3.366000e-01
9.038000e+03 3.353000e-01
9.039000e+03 3.386000e-01
9.040000e+03 3.386000e-01
9.041000e+03 3.392000e-01
9.042000e+03 3.389000e-01
9.043000e+03 3.384000e-01
9.044000e+03 3.377000e-01
9.045000e+03 3.374000e-01
9.046000e+03 3.359000e-01
9.047000e+03 3.397000e-01
9.048000e+03 3.393000e-01
9.049000e+03 3.379000e-01
9.050000e+03 3.388000e-01
9.051000e+03 3.411000e-01
9.052000e+03 3.402000e-01
9.053000e+03 3.407000e-01
9.054000e+03 3.378000e-01
9.055000e+03 3.378000e-01
9.056000e+03 3.360000e-01
9.057000e+03 3.385000e-01
9.058000e+03 3.395000e-01
9.059000e+03 3.356000e-01
9.060000e+03 3.390000e-01
9.061000e+03 3.373000e-01
9.062000e+03 3.360000e-01
9.063000e+03 3.361000e-01
9.064000e+03 3.329000e-01
9.065000e+03 3.304000e-01
9.066000e+03 3.280000e-01
9.067000e+03 3.238000e-01
9.068000e+03 3.177000e-01
9.069000e+03 3.114000e-01
9.070000e+03 3.000000e-01
9.071000e+03 2.900000e-01
9.072000e+03 2.723000e-01
9.073000e+03 2.561000e-01
9.074000e+03 2.432000e-01
9.075000e+03 2.280000e-01
9.076000e+03 2.060000e-01
9.077000e+03 1.845000e-01
9.078000e+03 1.656000e-01
9.079000e+03 1.463000e-01
9.080000e+03 1.248000e-01
9.081000e+03 1.035000e-01
9.082000e+03 8.840000e-02
9.083000e+03 7.670000e-02
9.084000e+03 6.590000e-02
9.085000e+03 5.400000e-02
9.086000e+03 4.460000e-02
9.087000e+03 3.810000e-02
9.088000e+03 3.140000e-02
9.089000e+03 2.550000e-02
9.090000e+03 2.050000e-02
9.091000e+03 1.810000e-02
9.092000e+03 1.540000e-02
9.093000e+03 1.350000e-02
9.094000e+03 1.150000e-02
9.095000e+03 9.500000e-03
9.096000e+03 7.200000e-03
9.097000e+03 6.400000e-03
9.098000e+03 5.000000e-03
9.099000e+03 4.400000e-03
9.100000e+03 3.900000e-03
9.101000e+03 3.500000e-03
9.102000e+03 2.700000e-03
9.103000e+03 2.400000e-03
9.104000e+03 2.300000e-03
9.105000e+03 2.000000e-03
9.106000e+03 1.600000e-03
9.107000e+03 1.400000e-03
9.108000e+03 1.300000e-03
9.109000e+03 1.000000e-03
9.110000e+03 8.000000e-04
9.111000e+03 9.000000e-04
9.112000e+03 8.000000e-04
9.113000e+03 6.000000e-04
9.114000e+03 5.000000e-04
9.115000e+03 7.000000e-04
9.116000e+03 6.000000e-04
9.117000e+03 4.000000e-04
9.118000e+03 4.000000e-04
9.119000e+03 5.000000e-04
9.120000e+03 4.000000e-04
9.121000e+03 4.000000e-04
9.122000e+03 2.000000e-04
9.123000e+03 4.000000e-04
9.124000e+03 3.000000e-04
9.125000e+03 3.000000e-04
9.126000e+03 2.000000e-04
9.127000e+03 1.000000e-04
9.128000e+03 3.000000e-04
9.129000e+03 2.000000e-04
9.130000e+03 2.000000e-04
9.131000e+03 2.000000e-04
9.132000e+03 1.000000e-04
9.133000e+03 1.000000e-04
9.134000e+03 2.000000e-04
9.135000e+03 1.000000e-04
9.136000e+03 2.000000e-04
9.137000e+03 1.000000e-04
9.138000e+03 1.000000e-04
