# # Wavelength(Angstrom)  Transmission
1.123000e+04 3.956655e-04
1.124000e+04 8.208170e-04
1.125000e+04 9.531087e-04
1.126000e+04 9.758133e-04
1.127000e+04 1.191676e-03
1.128000e+04 1.174385e-03
1.129000e+04 1.282260e-03
1.130000e+04 1.356837e-03
1.131000e+04 2.077115e-03
1.132000e+04 2.548775e-03
1.133000e+04 2.446255e-03
1.134000e+04 2.081660e-03
1.135000e+04 1.894832e-03
1.136000e+04 2.744189e-03
1.137000e+04 3.731604e-03
1.138000e+04 4.177769e-03
1.139000e+04 5.077712e-03
1.140000e+04 5.779956e-03
1.141000e+04 5.603848e-03
1.142000e+04 5.855219e-03
1.143000e+04 7.727383e-03
1.144000e+04 8.381156e-03
1.145000e+04 9.182402e-03
1.146000e+04 1.025319e-02
1.147000e+04 1.120707e-02
1.148000e+04 1.441349e-02
1.149000e+04 1.666501e-02
1.150000e+04 1.845991e-02
1.151000e+04 2.377152e-02
1.152000e+04 2.698134e-02
1.153000e+04 3.217456e-02
1.154000e+04 3.852691e-02
1.155000e+04 4.735816e-02
1.156000e+04 5.468525e-02
1.157000e+04 6.927732e-02
1.158000e+04 8.037201e-02
1.159000e+04 1.000784e-01
1.160000e+04 1.203568e-01
1.161000e+04 1.513209e-01
1.162000e+04 1.814916e-01
1.163000e+04 2.255864e-01
1.164000e+04 2.674529e-01
1.165000e+04 3.188500e-01
1.166000e+04 3.697675e-01
1.167000e+04 4.285491e-01
1.168000e+04 4.860563e-01
1.169000e+04 5.338223e-01
1.170000e+04 5.813417e-01
1.171000e+04 6.088778e-01
1.172000e+04 6.382608e-01
1.173000e+04 6.471756e-01
1.174000e+04 6.470788e-01
1.175000e+04 6.575371e-01
1.176000e+04 6.607597e-01
1.177000e+04 6.526646e-01
1.178000e+04 6.378316e-01
1.179000e+04 6.419341e-01
1.180000e+04 6.349217e-01
1.181000e+04 6.313853e-01
1.182000e+04 6.080609e-01
1.183000e+04 6.266476e-01
1.184000e+04 6.209406e-01
1.185000e+04 6.173169e-01
1.186000e+04 6.266245e-01
1.187000e+04 6.251958e-01
1.188000e+04 6.156251e-01
1.189000e+04 6.300072e-01
1.190000e+04 6.380503e-01
1.191000e+04 6.418170e-01
1.192000e+04 6.483317e-01
1.193000e+04 6.527407e-01
1.194000e+04 6.584643e-01
1.195000e+04 6.646037e-01
1.196000e+04 6.704067e-01
1.197000e+04 6.766918e-01
1.198000e+04 6.801291e-01
1.199000e+04 6.798589e-01
1.200000e+04 6.921776e-01
1.201000e+04 6.957228e-01
1.202000e+04 6.991851e-01
1.203000e+04 7.031021e-01
1.204000e+04 6.909231e-01
1.205000e+04 7.057764e-01
1.206000e+04 7.166377e-01
1.207000e+04 7.149640e-01
1.208000e+04 7.175460e-01
1.209000e+04 7.197588e-01
1.210000e+04 7.243542e-01
1.211000e+04 7.256166e-01
1.212000e+04 7.260282e-01
1.213000e+04 7.310185e-01
1.214000e+04 7.303022e-01
1.215000e+04 7.300070e-01
1.216000e+04 7.335793e-01
1.217000e+04 7.338061e-01
1.218000e+04 7.341038e-01
1.219000e+04 7.319160e-01
1.220000e+04 7.355429e-01
1.221000e+04 7.380750e-01
1.222000e+04 7.364030e-01
1.223000e+04 7.381700e-01
1.224000e+04 7.399056e-01
1.225000e+04 7.423910e-01
1.226000e+04 7.438139e-01
1.227000e+04 7.434824e-01
1.228000e+04 7.468848e-01
1.229000e+04 7.493980e-01
1.230000e+04 7.519229e-01
1.231000e+04 7.539952e-01
1.232000e+04 7.553536e-01
1.233000e+04 7.567242e-01
1.234000e+04 7.594157e-01
1.235000e+04 7.608021e-01
1.236000e+04 7.621685e-01
1.237000e+04 7.636893e-01
1.238000e+04 7.655648e-01
1.239000e+04 7.665926e-01
1.240000e+04 7.675794e-01
1.241000e+04 7.678815e-01
1.242000e+04 7.684177e-01
1.243000e+04 7.686778e-01
1.244000e+04 7.688725e-01
1.245000e+04 7.683442e-01
1.246000e+04 7.678243e-01
1.247000e+04 7.662479e-01
1.248000e+04 7.644430e-01
1.249000e+04 7.631044e-01
1.250000e+04 7.614049e-01
1.251000e+04 7.575711e-01
1.252000e+04 7.553223e-01
1.253000e+04 7.504298e-01
1.254000e+04 7.445902e-01
1.255000e+04 7.423962e-01
1.256000e+04 7.341963e-01
1.257000e+04 7.299000e-01
1.258000e+04 7.255194e-01
1.259000e+04 7.145662e-01
1.260000e+04 7.132628e-01
1.261000e+04 6.977549e-01
1.262000e+04 6.910969e-01
1.263000e+04 6.795208e-01
1.264000e+04 6.670312e-01
1.265000e+04 6.660962e-01
1.266000e+04 6.552007e-01
1.267000e+04 6.655706e-01
1.268000e+04 6.360613e-01
1.269000e+04 5.556679e-01
1.270000e+04 6.502576e-01
1.271000e+04 6.661113e-01
1.272000e+04 6.635041e-01
1.273000e+04 6.629792e-01
1.274000e+04 6.634503e-01
1.275000e+04 6.651328e-01
1.276000e+04 6.659728e-01
1.277000e+04 6.676606e-01
1.278000e+04 6.675836e-01
1.279000e+04 6.701614e-01
1.280000e+04 6.706986e-01
1.281000e+04 6.754077e-01
1.282000e+04 6.795136e-01
1.283000e+04 6.838655e-01
1.284000e+04 6.881141e-01
1.285000e+04 6.893596e-01
1.286000e+04 6.915409e-01
1.287000e+04 6.911403e-01
1.288000e+04 6.917934e-01
1.289000e+04 6.948101e-01
1.290000e+04 7.001549e-01
1.291000e+04 7.070538e-01
1.292000e+04 7.133305e-01
1.293000e+04 7.185811e-01
1.294000e+04 7.224595e-01
1.295000e+04 7.217365e-01
1.296000e+04 7.206379e-01
1.297000e+04 7.251343e-01
1.298000e+04 7.319432e-01
1.299000e+04 7.404041e-01
1.300000e+04 7.452375e-01
1.301000e+04 7.462969e-01
1.302000e+04 7.510731e-01
1.303000e+04 7.468781e-01
1.304000e+04 7.416706e-01
1.305000e+04 7.579934e-01
1.306000e+04 7.648455e-01
1.307000e+04 7.623020e-01
1.308000e+04 7.657276e-01
1.309000e+04 7.678746e-01
1.310000e+04 7.518898e-01
1.311000e+04 7.663850e-01
1.312000e+04 7.718115e-01
1.313000e+04 7.675459e-01
1.314000e+04 7.643640e-01
1.315000e+04 7.698087e-01
1.316000e+04 7.696420e-01
1.317000e+04 7.583383e-01
1.318000e+04 7.615401e-01
1.319000e+04 7.565433e-01
1.320000e+04 7.471579e-01
1.321000e+04 7.540411e-01
1.322000e+04 7.490366e-01
1.323000e+04 7.247520e-01
1.324000e+04 7.170604e-01
1.325000e+04 7.208845e-01
1.326000e+04 7.124126e-01
1.327000e+04 6.902619e-01
1.328000e+04 6.644955e-01
1.329000e+04 6.259894e-01
1.330000e+04 6.212019e-01
1.331000e+04 5.817096e-01
1.332000e+04 5.502774e-01
1.333000e+04 5.411001e-01
1.334000e+04 5.053693e-01
1.335000e+04 4.882074e-01
1.336000e+04 4.375415e-01
1.337000e+04 4.197447e-01
1.338000e+04 3.888470e-01
1.339000e+04 3.647021e-01
1.340000e+04 3.219711e-01
1.341000e+04 2.991376e-01
1.342000e+04 2.793388e-01
1.343000e+04 2.533225e-01
1.344000e+04 2.036154e-01
1.345000e+04 1.914375e-01
1.346000e+04 1.675009e-01
1.347000e+04 1.487448e-01
1.348000e+04 1.001485e-01
1.349000e+04 1.049143e-01
1.350000e+04 8.736594e-02
1.351000e+04 7.661456e-02
1.352000e+04 6.369774e-02
1.353000e+04 4.756597e-02
1.354000e+04 4.074822e-02
1.355000e+04 2.388231e-02
1.356000e+04 2.832789e-02
1.357000e+04 2.531437e-02
1.358000e+04 1.949403e-02
1.359000e+04 1.724232e-02
1.360000e+04 1.379050e-02
1.361000e+04 7.056209e-03
1.362000e+04 2.814095e-03
1.363000e+04 1.062639e-02
1.364000e+04 9.683920e-03
1.365000e+04 3.636050e-03
1.366000e+04 9.387359e-03
1.367000e+04 7.405812e-03
1.368000e+04 3.003710e-03
1.369000e+04 5.188474e-03
1.370000e+04 4.703327e-03
1.371000e+04 3.144568e-03
1.372000e+04 4.203361e-03
1.373000e+04 5.262072e-03
1.374000e+04 5.276303e-03
1.375000e+04 4.499489e-03
1.376000e+04 4.377634e-03
1.377000e+04 3.675439e-03
1.378000e+04 4.790988e-03
1.379000e+04 2.626557e-03
1.380000e+04 2.401983e-03
1.381000e+04 9.836622e-04
1.382000e+04 1.148971e-03
1.383000e+04 5.389396e-04
1.384000e+04 1.182946e-03
1.385000e+04 1.246765e-03
1.386000e+04 1.955878e-03
1.387000e+04 2.105865e-03
1.388000e+04 6.207123e-04
1.389000e+04 1.285781e-03
1.390000e+04 1.161631e-03
1.391000e+04 1.242842e-03
1.392000e+04 7.272721e-04
1.393000e+04 8.141390e-04
1.394000e+04 9.475448e-04
1.395000e+04 3.334894e-04
1.396000e+04 2.284971e-04
1.397000e+04 4.380461e-04
1.398000e+04 6.450558e-04
1.399000e+04 6.423168e-04
1.400000e+04 3.129574e-04
1.401000e+04 2.618376e-04
1.402000e+04 7.153566e-04
1.403000e+04 8.769518e-04
1.404000e+04 6.550036e-04
1.405000e+04 2.868578e-04
1.406000e+04 4.891877e-04
1.407000e+04 1.617503e-04
