# # Wavelength(Angstrom)  Transmission
1.163800e+04 5.382000e-03
1.164000e+04 5.539000e-03
1.164200e+04 4.383000e-03
1.164400e+04 4.034000e-03
1.164600e+04 5.095000e-03
1.164800e+04 4.847000e-03
1.165000e+04 5.339000e-03
1.165200e+04 5.085000e-03
1.165400e+04 4.184000e-03
1.165600e+04 5.152000e-03
1.165800e+04 4.135000e-03
1.166000e+04 4.492000e-03
1.166200e+04 5.198000e-03
1.166400e+04 4.781000e-03
1.166600e+04 4.486000e-03
1.166800e+04 4.729000e-03
1.167000e+04 4.912000e-03
1.167200e+04 5.636000e-03
1.167400e+04 4.849000e-03
1.167600e+04 5.598000e-03
1.167800e+04 4.975000e-03
1.168000e+04 4.982000e-03
1.168200e+04 5.426000e-03
1.168400e+04 4.827000e-03
1.168600e+04 5.629000e-03
1.168800e+04 5.752000e-03
1.169000e+04 5.093000e-03
1.169200e+04 5.220000e-03
1.169400e+04 5.978000e-03
1.169600e+04 5.373000e-03
1.169800e+04 5.579000e-03
1.170000e+04 6.055000e-03
1.170200e+04 5.875000e-03
1.170400e+04 6.237000e-03
1.170600e+04 6.952000e-03
1.170800e+04 6.772000e-03
1.171000e+04 6.282000e-03
1.171200e+04 7.008000e-03
1.171400e+04 6.881000e-03
1.171600e+04 6.891000e-03
1.171800e+04 7.680000e-03
1.172000e+04 7.013000e-03
1.172200e+04 7.560000e-03
1.172400e+04 8.039000e-03
1.172600e+04 7.907000e-03
1.172800e+04 8.221000e-03
1.173000e+04 8.119000e-03
1.173200e+04 8.880000e-03
1.173400e+04 8.465000e-03
1.173600e+04 9.832000e-03
1.173800e+04 1.038200e-02
1.174000e+04 1.054800e-02
1.174200e+04 1.138500e-02
1.174400e+04 1.146100e-02
1.174600e+04 1.212500e-02
1.174800e+04 1.357600e-02
1.175000e+04 1.432600e-02
1.175200e+04 1.580900e-02
1.175400e+04 1.672100e-02
1.175600e+04 1.646600e-02
1.175800e+04 1.863500e-02
1.176000e+04 2.043600e-02
1.176200e+04 2.341400e-02
1.176400e+04 2.531600e-02
1.176600e+04 2.675600e-02
1.176800e+04 3.069400e-02
1.177000e+04 3.373800e-02
1.177200e+04 3.673700e-02
1.177400e+04 4.215700e-02
1.177600e+04 4.663200e-02
1.177800e+04 5.323600e-02
1.178000e+04 5.917600e-02
1.178200e+04 6.835300e-02
1.178400e+04 7.696700e-02
1.178600e+04 8.902900e-02
1.178800e+04 1.004650e-01
1.179000e+04 1.147610e-01
1.179200e+04 1.304220e-01
1.179400e+04 1.509380e-01
1.179600e+04 1.715540e-01
1.179800e+04 1.968500e-01
1.180000e+04 2.235790e-01
1.180200e+04 2.558680e-01
1.180400e+04 2.899130e-01
1.180600e+04 3.232400e-01
1.180800e+04 3.610610e-01
1.181000e+04 3.998450e-01
1.181200e+04 4.435680e-01
1.181400e+04 4.785890e-01
1.181600e+04 5.175780e-01
1.181800e+04 5.509210e-01
1.182000e+04 5.840540e-01
1.182200e+04 6.077470e-01
1.182400e+04 6.297620e-01
1.182600e+04 6.469240e-01
1.182800e+04 6.607980e-01
1.183000e+04 6.729640e-01
1.183200e+04 6.814220e-01
1.183400e+04 6.887410e-01
1.183600e+04 6.932370e-01
1.183800e+04 6.985300e-01
1.184000e+04 7.011470e-01
1.184200e+04 7.049940e-01
1.184400e+04 7.077790e-01
1.184600e+04 7.113600e-01
1.184800e+04 7.140260e-01
1.185000e+04 7.169790e-01
1.185200e+04 7.202590e-01
1.185400e+04 7.238840e-01
1.185600e+04 7.260380e-01
1.185800e+04 7.278700e-01
1.186000e+04 7.303840e-01
1.186200e+04 7.316070e-01
1.186400e+04 7.347540e-01
1.186600e+04 7.337750e-01
1.186800e+04 7.327730e-01
1.187000e+04 7.320010e-01
1.187200e+04 7.284050e-01
1.187400e+04 7.273100e-01
1.187600e+04 7.247970e-01
1.187800e+04 7.222410e-01
1.188000e+04 7.191490e-01
1.188200e+04 7.163410e-01
1.188400e+04 7.130170e-01
1.188600e+04 7.110940e-01
1.188800e+04 7.087830e-01
1.189000e+04 7.062980e-01
1.189200e+04 7.030650e-01
1.189400e+04 7.004280e-01
1.189600e+04 6.955400e-01
1.189800e+04 6.875910e-01
1.190000e+04 6.791990e-01
1.190200e+04 6.677810e-01
1.190400e+04 6.516670e-01
1.190600e+04 6.288110e-01
1.190800e+04 6.062470e-01
1.191000e+04 5.763470e-01
1.191200e+04 5.434370e-01
1.191400e+04 5.026840e-01
1.191600e+04 4.554270e-01
1.191800e+04 4.167250e-01
1.192000e+04 3.688830e-01
1.192200e+04 3.263110e-01
1.192400e+04 2.814930e-01
1.192600e+04 2.470180e-01
1.192800e+04 2.152920e-01
1.193000e+04 1.844610e-01
1.193200e+04 1.579150e-01
1.193400e+04 1.349930e-01
1.193600e+04 1.160250e-01
1.193800e+04 9.970700e-02
1.194000e+04 8.576500e-02
1.194200e+04 7.383100e-02
1.194400e+04 6.504600e-02
1.194600e+04 5.642100e-02
1.194800e+04 4.972500e-02
1.195000e+04 4.265000e-02
1.195200e+04 3.784900e-02
1.195400e+04 3.393800e-02
1.195600e+04 2.942800e-02
1.195800e+04 2.662500e-02
1.196000e+04 2.403400e-02
1.196200e+04 2.195100e-02
1.196400e+04 2.074700e-02
1.196600e+04 1.827200e-02
1.196800e+04 1.671900e-02
1.197000e+04 1.582600e-02
1.197200e+04 1.431500e-02
1.197400e+04 1.280700e-02
1.197600e+04 1.102500e-02
1.197800e+04 1.277900e-02
1.198000e+04 1.075600e-02
1.198200e+04 1.049400e-02
1.198400e+04 9.588000e-03
1.198600e+04 8.743000e-03
1.198800e+04 7.946000e-03
1.199000e+04 9.582000e-03
1.199200e+04 8.540000e-03
1.199400e+04 7.005000e-03
1.199600e+04 6.698000e-03
1.199800e+04 7.120000e-03
1.200000e+04 6.948000e-03
1.200200e+04 6.782000e-03
1.200400e+04 6.903000e-03
1.200600e+04 6.475000e-03
1.200800e+04 6.725000e-03
1.201000e+04 5.436000e-03
1.201200e+04 6.416000e-03
1.201400e+04 6.111000e-03
1.201600e+04 5.810000e-03
1.201800e+04 6.159000e-03
1.202000e+04 5.623000e-03
1.202200e+04 5.550000e-03
1.202400e+04 5.620000e-03
1.202600e+04 5.372000e-03
1.202800e+04 4.588000e-03
1.203000e+04 7.120000e-03
1.203200e+04 5.674000e-03
1.203400e+04 4.653000e-03
1.203600e+04 6.103000e-03
1.203800e+04 5.742000e-03
1.204000e+04 5.321000e-03
1.204200e+04 5.677000e-03
1.204400e+04 5.790000e-03
1.204600e+04 5.126000e-03
1.204800e+04 4.641000e-03
1.205000e+04 4.949000e-03
1.205200e+04 5.747000e-03
1.205400e+04 5.632000e-03
1.205600e+04 5.194000e-03
1.205800e+04 4.283000e-03
1.206000e+04 5.436000e-03
1.206200e+04 6.264000e-03
1.206400e+04 5.554000e-03
1.206600e+04 5.068000e-03
1.206800e+04 4.714000e-03
1.207000e+04 5.309000e-03
1.207200e+04 5.306000e-03
1.207400e+04 5.002000e-03
1.207600e+04 4.212000e-03
1.207800e+04 5.916000e-03
1.208000e+04 4.820000e-03
1.208200e+04 4.842000e-03
1.208400e+04 4.330000e-03
1.208600e+04 5.129000e-03
1.208800e+04 4.829000e-03
1.209000e+04 4.822000e-03
1.209200e+04 5.194000e-03
1.209400e+04 4.277000e-03
1.209600e+04 5.185000e-03
1.209800e+04 5.116000e-03
1.210000e+04 4.461000e-03
1.210200e+04 4.291000e-03
1.210400e+04 5.977000e-03
1.210600e+04 5.139000e-03
1.210800e+04 4.398000e-03
1.211000e+04 4.027000e-03
1.211200e+04 4.987000e-03
1.211400e+04 4.524000e-03
1.211600e+04 4.218000e-03
1.211800e+04 5.374000e-03
1.212000e+04 4.763000e-03
1.212200e+04 4.653000e-03
1.212400e+04 4.335000e-03
1.212600e+04 4.648000e-03
1.212800e+04 5.134000e-03
1.213000e+04 5.624000e-03
1.213200e+04 5.139000e-03
1.213400e+04 4.399000e-03
1.213600e+04 4.575000e-03
1.213800e+04 4.697000e-03
