# # Wavelength(Angstrom)  Transmission
9.260000e+03 1.382226e-03
9.270000e+03 1.065137e-03
9.280000e+03 8.843863e-04
9.290000e+03 1.848477e-03
9.300000e+03 1.965431e-03
9.310000e+03 1.149024e-03
9.320000e+03 2.439551e-03
9.330000e+03 1.274272e-03
9.340000e+03 3.405329e-03
9.350000e+03 3.710864e-03
9.360000e+03 3.509422e-03
9.370000e+03 3.045122e-03
9.380000e+03 4.560870e-03
9.390000e+03 2.989559e-03
9.400000e+03 4.629973e-03
9.410000e+03 4.679588e-03
9.420000e+03 5.901079e-03
9.430000e+03 5.991509e-03
9.440000e+03 6.560720e-03
9.450000e+03 7.834360e-03
9.460000e+03 9.951984e-03
9.470000e+03 9.331063e-03
9.480000e+03 1.096074e-02
9.490000e+03 1.138596e-02
9.500000e+03 1.196166e-02
9.510000e+03 1.388701e-02
9.520000e+03 1.807442e-02
9.530000e+03 1.804826e-02
9.540000e+03 2.025564e-02
9.550000e+03 2.271126e-02
9.560000e+03 2.532032e-02
9.570000e+03 2.863411e-02
9.580000e+03 3.585663e-02
9.590000e+03 3.941051e-02
9.600000e+03 4.587227e-02
9.610000e+03 5.365130e-02
9.620000e+03 6.032619e-02
9.630000e+03 7.131746e-02
9.640000e+03 8.187778e-02
9.650000e+03 9.509407e-02
9.660000e+03 1.112178e-01
9.670000e+03 1.287098e-01
9.680000e+03 1.517817e-01
9.690000e+03 1.791321e-01
9.700000e+03 2.065324e-01
9.710000e+03 2.360058e-01
9.720000e+03 2.690932e-01
9.730000e+03 3.051222e-01
9.740000e+03 3.379710e-01
9.750000e+03 3.761408e-01
9.760000e+03 4.129955e-01
9.770000e+03 4.533126e-01
9.780000e+03 4.847081e-01
9.790000e+03 5.109501e-01
9.800000e+03 5.344043e-01
9.810000e+03 5.598864e-01
9.820000e+03 5.756079e-01
9.830000e+03 5.865383e-01
9.840000e+03 5.942938e-01
9.850000e+03 5.970429e-01
9.860000e+03 6.000679e-01
9.870000e+03 5.992137e-01
9.880000e+03 5.974238e-01
9.890000e+03 5.974177e-01
9.900000e+03 5.958574e-01
9.910000e+03 5.952837e-01
9.920000e+03 5.961512e-01
9.930000e+03 5.971442e-01
9.940000e+03 5.989646e-01
9.950000e+03 6.004215e-01
9.960000e+03 6.025708e-01
9.970000e+03 6.067844e-01
9.980000e+03 6.105010e-01
9.990000e+03 6.134906e-01
1.000000e+04 6.172961e-01
1.001000e+04 6.232356e-01
1.002000e+04 6.281284e-01
1.003000e+04 6.338966e-01
1.004000e+04 6.392350e-01
1.005000e+04 6.446862e-01
1.006000e+04 6.511430e-01
1.007000e+04 6.553845e-01
1.008000e+04 6.592924e-01
1.009000e+04 6.627164e-01
1.010000e+04 6.653628e-01
1.011000e+04 6.679384e-01
1.012000e+04 6.691296e-01
1.013000e+04 6.703989e-01
1.014000e+04 6.711198e-01
1.015000e+04 6.719053e-01
1.016000e+04 6.735517e-01
1.017000e+04 6.745227e-01
1.018000e+04 6.744885e-01
1.019000e+04 6.723694e-01
1.020000e+04 6.714133e-01
1.021000e+04 6.695016e-01
1.022000e+04 6.672926e-01
1.023000e+04 6.641701e-01
1.024000e+04 6.616451e-01
1.025000e+04 6.586409e-01
1.026000e+04 6.549359e-01
1.027000e+04 6.517205e-01
1.028000e+04 6.489979e-01
1.029000e+04 6.458402e-01
1.030000e+04 6.446621e-01
1.031000e+04 6.432889e-01
1.032000e+04 6.414626e-01
1.033000e+04 6.403375e-01
1.034000e+04 6.387507e-01
1.035000e+04 6.376204e-01
1.036000e+04 6.378288e-01
1.037000e+04 6.382775e-01
1.038000e+04 6.392059e-01
1.039000e+04 6.405491e-01
1.040000e+04 6.447588e-01
1.041000e+04 6.490144e-01
1.042000e+04 6.535064e-01
1.043000e+04 6.590657e-01
1.044000e+04 6.652579e-01
1.045000e+04 6.724658e-01
1.046000e+04 6.797080e-01
1.047000e+04 6.863017e-01
1.048000e+04 6.923557e-01
1.049000e+04 6.959576e-01
1.050000e+04 6.984134e-01
1.051000e+04 7.003526e-01
1.052000e+04 6.975629e-01
1.053000e+04 6.909903e-01
1.054000e+04 6.837802e-01
1.055000e+04 6.715650e-01
1.056000e+04 6.541477e-01
1.057000e+04 6.355783e-01
1.058000e+04 6.145447e-01
1.059000e+04 5.878858e-01
1.060000e+04 5.594535e-01
1.061000e+04 5.298694e-01
1.062000e+04 4.968761e-01
1.063000e+04 4.648738e-01
1.064000e+04 4.333708e-01
1.065000e+04 4.018751e-01
1.066000e+04 3.698002e-01
1.067000e+04 3.387570e-01
1.068000e+04 3.123807e-01
1.069000e+04 2.851000e-01
1.070000e+04 2.569190e-01
1.071000e+04 2.324723e-01
1.072000e+04 2.086968e-01
1.073000e+04 1.877519e-01
1.074000e+04 1.683380e-01
1.075000e+04 1.490857e-01
1.076000e+04 1.314186e-01
1.077000e+04 1.141376e-01
1.078000e+04 9.983806e-02
1.079000e+04 8.721259e-02
1.080000e+04 7.470039e-02
1.081000e+04 6.457585e-02
1.082000e+04 5.597471e-02
1.083000e+04 4.750926e-02
1.084000e+04 4.035943e-02
1.085000e+04 3.523332e-02
1.086000e+04 3.028449e-02
1.087000e+04 2.576454e-02
1.088000e+04 2.236720e-02
1.089000e+04 1.912649e-02
1.090000e+04 1.679746e-02
1.091000e+04 1.474781e-02
1.092000e+04 1.253345e-02
1.093000e+04 1.155332e-02
1.094000e+04 1.083392e-02
1.095000e+04 9.004358e-03
1.096000e+04 7.429045e-03
1.097000e+04 7.250240e-03
1.098000e+04 6.957648e-03
1.099000e+04 6.822756e-03
1.100000e+04 5.777868e-03
1.101000e+04 3.509045e-03
1.102000e+04 3.170336e-03
1.103000e+04 3.851009e-03
1.104000e+04 3.261296e-03
1.105000e+04 3.268145e-03
1.106000e+04 3.807527e-03
1.107000e+04 2.730282e-03
1.108000e+04 1.609204e-03
1.109000e+04 2.119678e-03
1.110000e+04 2.818851e-03
1.111000e+04 1.535388e-03
1.112000e+04 3.431886e-03
1.113000e+04 3.444192e-03
1.114000e+04 3.495263e-03
1.115000e+04 3.966131e-03
1.116000e+04 3.170145e-03
1.117000e+04 2.333006e-03
1.118000e+04 1.784809e-03
1.119000e+04 2.053995e-03
1.120000e+04 2.083516e-03
1.121000e+04 1.649138e-03
1.122000e+04 9.166850e-04
1.123000e+04 4.482412e-04
1.124000e+04 1.081145e-03
1.125000e+04 9.631641e-04
1.126000e+04 3.326488e-04
1.127000e+04 1.652849e-03
1.128000e+04 1.967870e-03
1.129000e+04 1.518786e-03
