# # Wavelength(Angstrom)  Transmission
1.908000e+04 5.362192e-04
1.909000e+04 8.422189e-04
1.910000e+04 1.013952e-03
1.911000e+04 7.157524e-04
1.912000e+04 7.334346e-04
1.913000e+04 3.675540e-04
1.914000e+04 2.003223e-04
1.915000e+04 1.080646e-03
1.916000e+04 1.232512e-03
1.917000e+04 1.399819e-03
1.918000e+04 2.697950e-03
1.919000e+04 2.295580e-03
1.920000e+04 4.728516e-04
1.921000e+04 7.624343e-04
1.922000e+04 3.121977e-03
1.923000e+04 2.829108e-03
1.924000e+04 1.768318e-03
1.925000e+04 4.114549e-03
1.926000e+04 4.193022e-03
1.927000e+04 2.232685e-03
1.928000e+04 3.901800e-03
1.929000e+04 4.555363e-03
1.930000e+04 5.550104e-03
1.931000e+04 3.672433e-03
1.932000e+04 5.427624e-03
1.933000e+04 6.392704e-03
1.934000e+04 5.598700e-03
1.935000e+04 8.054616e-03
1.936000e+04 7.663382e-03
1.937000e+04 7.857998e-03
1.938000e+04 7.983148e-03
1.939000e+04 8.678798e-03
1.940000e+04 9.948443e-03
1.941000e+04 1.090181e-02
1.942000e+04 1.178645e-02
1.943000e+04 1.303587e-02
1.944000e+04 1.257955e-02
1.945000e+04 1.243062e-02
1.946000e+04 1.688775e-02
1.947000e+04 1.703087e-02
1.948000e+04 1.685430e-02
1.949000e+04 1.835692e-02
1.950000e+04 2.081642e-02
1.951000e+04 2.186337e-02
1.952000e+04 2.233369e-02
1.953000e+04 2.029397e-02
1.954000e+04 2.060574e-02
1.955000e+04 2.058288e-02
1.956000e+04 2.078877e-02
1.957000e+04 2.292944e-02
1.958000e+04 2.514407e-02
1.959000e+04 2.716607e-02
1.960000e+04 3.689548e-02
1.961000e+04 4.262596e-02
1.962000e+04 4.585710e-02
1.963000e+04 4.263395e-02
1.964000e+04 4.599408e-02
1.965000e+04 5.002693e-02
1.966000e+04 5.518333e-02
1.967000e+04 6.304896e-02
1.968000e+04 6.689453e-02
1.969000e+04 7.554845e-02
1.970000e+04 8.274752e-02
1.971000e+04 8.985687e-02
1.972000e+04 9.545614e-02
1.973000e+04 1.117044e-01
1.974000e+04 1.177522e-01
1.975000e+04 1.325681e-01
1.976000e+04 1.453920e-01
1.977000e+04 1.616306e-01
1.978000e+04 1.746133e-01
1.979000e+04 1.865260e-01
1.980000e+04 1.707831e-01
1.981000e+04 2.092291e-01
1.982000e+04 2.325202e-01
1.983000e+04 2.433443e-01
1.984000e+04 2.677271e-01
1.985000e+04 2.728607e-01
1.986000e+04 2.978695e-01
1.987000e+04 2.905731e-01
1.988000e+04 3.343320e-01
1.989000e+04 3.632748e-01
1.990000e+04 3.533559e-01
1.991000e+04 3.943729e-01
1.992000e+04 4.226194e-01
1.993000e+04 4.446015e-01
1.994000e+04 4.584588e-01
1.995000e+04 4.747229e-01
1.996000e+04 4.870324e-01
1.997000e+04 4.741154e-01
1.998000e+04 4.331962e-01
1.999000e+04 4.153532e-01
2.000000e+04 3.731724e-01
2.001000e+04 3.395071e-01
2.002000e+04 3.106784e-01
2.003000e+04 2.812322e-01
2.004000e+04 2.934106e-01
2.005000e+04 2.861641e-01
2.006000e+04 3.056475e-01
2.007000e+04 3.724161e-01
2.008000e+04 4.279718e-01
2.009000e+04 5.359232e-01
2.010000e+04 4.427465e-01
2.011000e+04 4.015049e-01
2.012000e+04 4.020692e-01
2.013000e+04 4.024965e-01
2.014000e+04 4.228615e-01
2.015000e+04 4.372991e-01
2.016000e+04 4.516188e-01
2.017000e+04 4.741854e-01
2.018000e+04 4.878876e-01
2.019000e+04 5.262059e-01
2.020000e+04 5.686962e-01
2.021000e+04 5.837729e-01
2.022000e+04 6.257138e-01
2.023000e+04 6.506015e-01
2.024000e+04 6.689480e-01
2.025000e+04 7.043466e-01
2.026000e+04 7.126799e-01
2.027000e+04 7.370618e-01
2.028000e+04 7.410402e-01
2.029000e+04 7.425013e-01
2.030000e+04 7.690589e-01
2.031000e+04 7.607215e-01
2.032000e+04 7.626086e-01
2.033000e+04 7.677332e-01
2.034000e+04 7.574828e-01
2.035000e+04 7.693050e-01
2.036000e+04 7.662983e-01
2.037000e+04 7.572796e-01
2.038000e+04 7.713771e-01
2.039000e+04 7.575971e-01
2.040000e+04 7.510174e-01
2.041000e+04 7.568230e-01
2.042000e+04 7.450916e-01
2.043000e+04 7.596917e-01
2.044000e+04 7.552105e-01
2.045000e+04 7.558134e-01
2.046000e+04 7.708544e-01
2.047000e+04 7.410153e-01
2.048000e+04 7.197461e-01
2.049000e+04 6.948169e-01
2.050000e+04 6.551097e-01
2.051000e+04 6.428279e-01
2.052000e+04 6.138204e-01
2.053000e+04 5.967165e-01
2.054000e+04 5.868951e-01
2.055000e+04 5.762719e-01
2.056000e+04 5.823765e-01
2.057000e+04 5.957805e-01
2.058000e+04 6.161454e-01
2.059000e+04 6.662791e-01
2.060000e+04 7.353249e-01
2.061000e+04 7.056986e-01
2.062000e+04 6.675968e-01
2.063000e+04 6.380194e-01
2.064000e+04 6.312696e-01
2.065000e+04 6.396120e-01
2.066000e+04 6.345367e-01
2.067000e+04 6.512729e-01
2.068000e+04 6.683283e-01
2.069000e+04 6.730743e-01
2.070000e+04 6.958957e-01
2.071000e+04 7.078968e-01
2.072000e+04 7.179336e-01
2.073000e+04 7.415934e-01
2.074000e+04 7.441182e-01
2.075000e+04 7.552578e-01
2.076000e+04 7.758866e-01
2.077000e+04 7.766334e-01
2.078000e+04 7.911258e-01
2.079000e+04 8.094679e-01
2.080000e+04 8.057812e-01
2.081000e+04 8.157062e-01
2.082000e+04 8.060192e-01
2.083000e+04 7.996685e-01
2.084000e+04 8.085312e-01
2.085000e+04 7.977046e-01
2.086000e+04 8.072945e-01
2.087000e+04 8.181284e-01
2.088000e+04 8.094843e-01
2.089000e+04 8.176024e-01
2.090000e+04 8.203179e-01
2.091000e+04 8.159251e-01
2.092000e+04 8.284355e-01
2.093000e+04 8.269779e-01
2.094000e+04 8.177804e-01
2.095000e+04 8.369289e-01
2.096000e+04 8.335169e-01
2.097000e+04 8.301130e-01
2.098000e+04 8.380726e-01
2.099000e+04 8.239328e-01
2.100000e+04 8.307054e-01
2.101000e+04 8.374572e-01
2.102000e+04 8.252471e-01
2.103000e+04 8.385652e-01
2.104000e+04 8.425173e-01
2.105000e+04 8.320064e-01
2.106000e+04 8.394307e-01
2.107000e+04 8.387416e-01
2.108000e+04 8.311218e-01
2.109000e+04 8.435340e-01
2.110000e+04 8.383295e-01
2.111000e+04 8.313168e-01
2.112000e+04 8.380589e-01
2.113000e+04 8.357785e-01
2.114000e+04 8.367808e-01
2.115000e+04 8.446367e-01
2.116000e+04 8.350501e-01
2.117000e+04 8.385694e-01
2.118000e+04 8.410359e-01
2.119000e+04 8.270832e-01
2.120000e+04 8.366967e-01
2.121000e+04 8.437317e-01
2.122000e+04 8.365903e-01
2.123000e+04 8.441795e-01
2.124000e+04 8.402171e-01
2.125000e+04 8.337670e-01
2.126000e+04 8.469503e-01
2.127000e+04 8.420904e-01
2.128000e+04 8.316934e-01
2.129000e+04 8.486680e-01
2.130000e+04 8.415878e-01
2.131000e+04 8.387301e-01
2.132000e+04 8.485024e-01
2.133000e+04 8.421071e-01
2.134000e+04 8.411589e-01
2.135000e+04 8.512896e-01
2.136000e+04 8.406608e-01
2.137000e+04 8.408783e-01
2.138000e+04 8.488362e-01
2.139000e+04 8.420266e-01
2.140000e+04 8.436916e-01
2.141000e+04 8.483138e-01
2.142000e+04 8.380866e-01
2.143000e+04 8.393387e-01
2.144000e+04 8.476079e-01
2.145000e+04 8.381013e-01
2.146000e+04 8.400085e-01
2.147000e+04 8.488864e-01
2.148000e+04 8.386225e-01
2.149000e+04 8.401426e-01
2.150000e+04 8.439495e-01
2.151000e+04 8.302877e-01
2.152000e+04 8.332449e-01
2.153000e+04 8.396474e-01
2.154000e+04 8.334233e-01
2.155000e+04 8.377995e-01
2.156000e+04 8.409603e-01
2.157000e+04 8.343459e-01
2.158000e+04 8.436773e-01
2.159000e+04 8.415689e-01
2.160000e+04 8.335535e-01
2.161000e+04 8.344752e-01
2.162000e+04 8.384594e-01
2.163000e+04 8.264902e-01
2.164000e+04 8.371509e-01
2.165000e+04 8.431591e-01
2.166000e+04 8.325495e-01
2.167000e+04 8.348691e-01
2.168000e+04 8.392969e-01
2.169000e+04 8.303012e-01
2.170000e+04 8.433899e-01
2.171000e+04 8.442107e-01
2.172000e+04 8.345035e-01
2.173000e+04 8.351615e-01
2.174000e+04 8.410561e-01
2.175000e+04 8.337143e-01
2.176000e+04 8.428411e-01
2.177000e+04 8.454116e-01
2.178000e+04 8.314953e-01
2.179000e+04 8.357551e-01
2.180000e+04 8.460859e-01
2.181000e+04 8.398217e-01
2.182000e+04 8.462710e-01
2.183000e+04 8.385000e-01
2.184000e+04 8.291562e-01
2.185000e+04 8.329753e-01
2.186000e+04 8.481214e-01
2.187000e+04 8.402009e-01
2.188000e+04 8.450398e-01
2.189000e+04 8.529190e-01
2.190000e+04 8.393429e-01
2.191000e+04 8.466227e-01
2.192000e+04 8.521161e-01
2.193000e+04 8.445845e-01
2.194000e+04 8.480635e-01
2.195000e+04 8.428729e-01
2.196000e+04 8.454722e-01
2.197000e+04 8.483771e-01
2.198000e+04 8.430197e-01
2.199000e+04 8.286677e-01
2.200000e+04 7.946937e-01
2.201000e+04 8.303837e-01
2.202000e+04 8.298409e-01
2.203000e+04 8.374451e-01
2.204000e+04 8.469173e-01
2.205000e+04 8.294601e-01
2.206000e+04 8.455924e-01
2.207000e+04 8.531328e-01
2.208000e+04 8.506780e-01
2.209000e+04 8.500762e-01
2.210000e+04 8.546512e-01
2.211000e+04 8.456988e-01
2.212000e+04 8.469710e-01
2.213000e+04 8.578653e-01
2.214000e+04 8.504829e-01
2.215000e+04 8.452370e-01
2.216000e+04 8.400513e-01
2.217000e+04 8.432473e-01
2.218000e+04 8.446616e-01
2.219000e+04 8.481356e-01
2.220000e+04 8.512626e-01
2.221000e+04 8.337588e-01
2.222000e+04 8.328306e-01
2.223000e+04 8.492396e-01
2.224000e+04 8.436546e-01
2.225000e+04 8.413188e-01
2.226000e+04 8.423802e-01
2.227000e+04 8.264778e-01
2.228000e+04 8.360754e-01
2.229000e+04 8.456988e-01
2.230000e+04 8.433258e-01
2.231000e+04 8.319135e-01
2.232000e+04 8.224073e-01
2.233000e+04 8.295523e-01
2.234000e+04 8.286029e-01
2.235000e+04 8.361500e-01
2.236000e+04 8.303317e-01
2.237000e+04 8.248581e-01
2.238000e+04 8.256039e-01
2.239000e+04 8.367605e-01
2.240000e+04 8.232780e-01
2.241000e+04 8.213046e-01
2.242000e+04 8.309470e-01
2.243000e+04 8.276316e-01
2.244000e+04 8.143251e-01
2.245000e+04 8.328761e-01
2.246000e+04 8.175896e-01
2.247000e+04 8.035992e-01
2.248000e+04 8.297689e-01
2.249000e+04 8.283943e-01
2.250000e+04 8.188024e-01
2.251000e+04 8.242095e-01
2.252000e+04 8.291825e-01
2.253000e+04 8.205071e-01
2.254000e+04 8.063284e-01
2.255000e+04 8.243308e-01
2.256000e+04 8.110680e-01
2.257000e+04 8.023181e-01
2.258000e+04 8.246872e-01
2.259000e+04 8.276792e-01
2.260000e+04 8.204393e-01
2.261000e+04 8.018717e-01
2.262000e+04 7.921420e-01
2.263000e+04 8.246314e-01
2.264000e+04 8.161746e-01
2.265000e+04 8.126254e-01
2.266000e+04 8.372558e-01
2.267000e+04 8.352027e-01
2.268000e+04 8.080885e-01
2.269000e+04 7.993029e-01
2.270000e+04 8.214613e-01
2.271000e+04 8.274423e-01
2.272000e+04 8.140500e-01
2.273000e+04 8.190323e-01
2.274000e+04 8.295561e-01
2.275000e+04 7.939615e-01
2.276000e+04 7.620021e-01
2.277000e+04 7.931795e-01
2.278000e+04 8.099505e-01
2.279000e+04 8.104450e-01
2.280000e+04 7.969254e-01
2.281000e+04 7.632107e-01
2.282000e+04 7.756654e-01
2.283000e+04 7.157701e-01
2.284000e+04 7.264004e-01
2.285000e+04 7.299061e-01
2.286000e+04 7.282649e-01
2.287000e+04 7.167470e-01
2.288000e+04 6.997026e-01
2.289000e+04 6.716672e-01
2.290000e+04 6.186655e-01
2.291000e+04 6.403829e-01
2.292000e+04 6.136604e-01
2.293000e+04 5.958456e-01
2.294000e+04 5.696675e-01
2.295000e+04 5.368363e-01
2.296000e+04 5.133846e-01
2.297000e+04 5.141673e-01
2.298000e+04 4.767423e-01
2.299000e+04 4.456309e-01
2.300000e+04 4.246528e-01
2.301000e+04 4.100720e-01
2.302000e+04 3.972668e-01
2.303000e+04 3.731941e-01
2.304000e+04 3.422043e-01
2.305000e+04 3.280282e-01
2.306000e+04 3.144792e-01
2.307000e+04 2.938553e-01
2.308000e+04 2.775897e-01
2.309000e+04 2.661037e-01
2.310000e+04 2.516532e-01
2.311000e+04 2.391907e-01
2.312000e+04 2.202842e-01
2.313000e+04 2.090177e-01
2.314000e+04 1.956681e-01
2.315000e+04 1.817140e-01
2.316000e+04 1.598733e-01
2.317000e+04 1.298390e-01
2.318000e+04 1.289285e-01
2.319000e+04 1.302237e-01
2.320000e+04 1.244766e-01
2.321000e+04 1.180297e-01
2.322000e+04 1.100737e-01
2.323000e+04 1.039733e-01
2.324000e+04 9.892516e-02
2.325000e+04 9.207203e-02
2.326000e+04 8.636165e-02
2.327000e+04 8.294378e-02
2.328000e+04 7.674102e-02
2.329000e+04 7.038613e-02
2.330000e+04 6.836231e-02
2.331000e+04 6.270503e-02
2.332000e+04 5.716609e-02
2.333000e+04 5.538274e-02
2.334000e+04 5.134057e-02
2.335000e+04 4.718857e-02
2.336000e+04 4.432698e-02
2.337000e+04 4.272267e-02
2.338000e+04 3.866364e-02
2.339000e+04 3.582907e-02
2.340000e+04 3.202443e-02
2.341000e+04 3.148245e-02
2.342000e+04 3.077061e-02
2.343000e+04 2.955110e-02
2.344000e+04 2.838119e-02
2.345000e+04 2.646640e-02
2.346000e+04 2.520561e-02
2.347000e+04 2.369291e-02
2.348000e+04 2.222421e-02
2.349000e+04 2.188052e-02
2.350000e+04 2.020729e-02
2.351000e+04 1.838313e-02
2.352000e+04 1.746428e-02
2.353000e+04 1.643142e-02
2.354000e+04 1.627286e-02
2.355000e+04 1.558812e-02
2.356000e+04 1.311276e-02
2.357000e+04 1.336273e-02
2.358000e+04 1.250058e-02
2.359000e+04 1.150565e-02
2.360000e+04 1.258674e-02
2.361000e+04 1.186080e-02
2.362000e+04 1.041762e-02
2.363000e+04 9.991917e-03
2.364000e+04 9.384244e-03
2.365000e+04 9.133241e-03
2.366000e+04 8.635252e-03
2.367000e+04 8.368505e-03
2.368000e+04 7.588756e-03
2.369000e+04 7.410337e-03
2.370000e+04 7.065574e-03
2.371000e+04 5.883213e-03
2.372000e+04 6.475224e-03
2.373000e+04 7.086477e-03
2.374000e+04 6.415808e-03
2.375000e+04 5.017229e-03
2.376000e+04 4.351287e-03
2.377000e+04 4.000671e-03
2.378000e+04 3.739280e-03
2.379000e+04 3.884308e-03
2.380000e+04 3.525752e-03
2.381000e+04 3.048762e-03
2.382000e+04 3.757373e-03
2.383000e+04 3.777926e-03
2.384000e+04 3.042448e-03
2.385000e+04 3.317161e-03
2.386000e+04 3.092519e-03
2.387000e+04 3.185283e-03
2.388000e+04 3.455548e-03
2.389000e+04 4.038225e-03
2.390000e+04 3.648435e-03
2.391000e+04 2.829740e-03
2.392000e+04 2.164178e-03
2.393000e+04 2.038035e-03
2.394000e+04 1.567181e-03
2.395000e+04 1.551872e-03
2.396000e+04 1.833716e-03
2.397000e+04 1.513191e-03
2.398000e+04 1.303292e-03
2.399000e+04 1.267967e-03
2.400000e+04 9.020551e-04
2.401000e+04 2.456618e-03
2.402000e+04 2.730861e-03
2.403000e+04 1.618307e-03
2.404000e+04 1.520463e-03
2.405000e+04 1.921662e-03
2.406000e+04 2.242547e-03
2.407000e+04 2.076742e-03
2.408000e+04 1.386844e-03
2.409000e+04 1.654401e-03
2.410000e+04 1.568808e-03
2.411000e+04 1.304498e-03
2.412000e+04 1.043991e-03
2.413000e+04 6.744105e-04
2.414000e+04 4.590148e-04
