# # Wavelength(Angstrom)  Transmission
7.980000e+03 0.000000e+00
7.990000e+03 0.000000e+00
8.000000e+03 4.164601e-04
8.010000e+03 4.773200e-04
8.020000e+03 5.983571e-04
8.030000e+03 6.601052e-04
8.040000e+03 7.222014e-04
8.050000e+03 8.448715e-04
8.060000e+03 9.076869e-04
8.070000e+03 1.031669e-03
8.080000e+03 1.156347e-03
8.090000e+03 1.281855e-03
8.100000e+03 1.530528e-03
8.110000e+03 1.780185e-03
8.120000e+03 2.215808e-03
8.130000e+03 2.653733e-03
8.140000e+03 3.403358e-03
8.150000e+03 4.840917e-03
8.160000e+03 6.473681e-03
8.170000e+03 8.738969e-03
8.180000e+03 1.195574e-02
8.190000e+03 1.663142e-02
8.200000e+03 2.340796e-02
8.210000e+03 3.306215e-02
8.220000e+03 4.624804e-02
8.230000e+03 7.106522e-02
8.240000e+03 9.545320e-02
8.250000e+03 1.250222e-01
8.260000e+03 1.611880e-01
8.270000e+03 2.037709e-01
8.280000e+03 2.503859e-01
8.290000e+03 3.012273e-01
8.300000e+03 3.543446e-01
8.310000e+03 4.249439e-01
8.320000e+03 4.749790e-01
8.330000e+03 5.182841e-01
8.340000e+03 5.533866e-01
8.350000e+03 5.786223e-01
8.360000e+03 5.943250e-01
8.370000e+03 6.024528e-01
8.380000e+03 6.055991e-01
8.390000e+03 6.047568e-01
8.400000e+03 6.046989e-01
8.410000e+03 6.050283e-01
8.420000e+03 6.062855e-01
8.430000e+03 6.088123e-01
8.440000e+03 6.124844e-01
8.450000e+03 6.172469e-01
8.460000e+03 6.229693e-01
8.470000e+03 6.306351e-01
8.480000e+03 6.360292e-01
8.490000e+03 6.385915e-01
8.500000e+03 6.443599e-01
8.510000e+03 6.456807e-01
8.520000e+03 6.470002e-01
8.530000e+03 6.484836e-01
8.540000e+03 6.492784e-01
8.550000e+03 6.502100e-01
8.560000e+03 6.511385e-01
8.570000e+03 6.520280e-01
8.580000e+03 6.525666e-01
8.590000e+03 6.536970e-01
8.600000e+03 6.550347e-01
8.610000e+03 6.568590e-01
8.620000e+03 6.588247e-01
8.630000e+03 6.611723e-01
8.640000e+03 6.647227e-01
8.650000e+03 6.672625e-01
8.660000e+03 6.699486e-01
8.670000e+03 6.724284e-01
8.680000e+03 6.754818e-01
8.690000e+03 6.775769e-01
8.700000e+03 6.793884e-01
8.710000e+03 6.806638e-01
8.720000e+03 6.818657e-01
8.730000e+03 6.828863e-01
8.740000e+03 6.831099e-01
8.750000e+03 6.841217e-01
8.760000e+03 6.852757e-01
8.770000e+03 6.863194e-01
8.780000e+03 6.878708e-01
8.790000e+03 6.895700e-01
8.800000e+03 6.911964e-01
8.810000e+03 6.929323e-01
8.820000e+03 6.945216e-01
8.830000e+03 6.961435e-01
8.840000e+03 6.976915e-01
8.850000e+03 6.992067e-01
8.860000e+03 7.007959e-01
8.870000e+03 7.026829e-01
8.880000e+03 7.046459e-01
8.890000e+03 7.067601e-01
8.900000e+03 7.089516e-01
8.910000e+03 7.120075e-01
8.920000e+03 7.143924e-01
8.930000e+03 7.166302e-01
8.940000e+03 7.190223e-01
8.950000e+03 7.203590e-01
8.960000e+03 7.206588e-01
8.970000e+03 7.189065e-01
8.980000e+03 7.179856e-01
8.990000e+03 7.170158e-01
9.000000e+03 7.159642e-01
9.010000e+03 7.139703e-01
9.020000e+03 7.093984e-01
9.030000e+03 7.156208e-01
9.040000e+03 7.283132e-01
9.050000e+03 7.294456e-01
9.060000e+03 7.290252e-01
9.070000e+03 7.159622e-01
9.080000e+03 7.202899e-01
9.090000e+03 7.237882e-01
9.100000e+03 7.247391e-01
9.110000e+03 7.250315e-01
9.120000e+03 7.247929e-01
9.130000e+03 7.221886e-01
9.140000e+03 7.196886e-01
9.150000e+03 7.280502e-01
9.160000e+03 7.188835e-01
9.170000e+03 7.283427e-01
9.180000e+03 7.190596e-01
9.190000e+03 7.225944e-01
9.200000e+03 7.160563e-01
9.210000e+03 6.894413e-01
9.220000e+03 6.659845e-01
9.230000e+03 6.411040e-01
9.240000e+03 5.690516e-01
9.250000e+03 5.248607e-01
9.260000e+03 4.781497e-01
9.270000e+03 3.762789e-01
9.280000e+03 3.215088e-01
9.290000e+03 2.723491e-01
9.300000e+03 1.820902e-01
9.310000e+03 1.417928e-01
9.320000e+03 1.067348e-01
9.330000e+03 8.414604e-02
9.340000e+03 4.891782e-02
9.350000e+03 3.817006e-02
9.360000e+03 2.911072e-02
9.370000e+03 1.780733e-02
9.380000e+03 1.400358e-02
9.390000e+03 1.167450e-02
9.400000e+03 7.462683e-03
9.410000e+03 5.663879e-03
9.420000e+03 4.324524e-03
9.430000e+03 3.030642e-03
9.440000e+03 1.661117e-03
9.450000e+03 1.252554e-03
9.460000e+03 7.873972e-04
