# # Wavelength(Angstrom)  Transmission
4.228330e+06 5.465390e-04
4.237288e+06 6.795380e-04
4.246284e+06 7.003710e-04
4.255319e+06 1.153420e-03
4.264392e+06 1.619520e-03
4.273504e+06 1.862610e-03
4.282655e+06 2.038370e-03
4.291845e+06 2.319810e-03
4.301075e+06 2.904150e-03
4.310345e+06 2.906800e-03
4.319654e+06 2.804020e-03
4.329004e+06 3.440850e-03
4.338395e+06 4.241370e-03
4.347826e+06 5.152410e-03
4.357298e+06 6.935080e-03
4.366812e+06 7.885060e-03
4.376368e+06 8.942680e-03
4.385965e+06 9.969840e-03
4.395604e+06 1.089210e-02
4.405286e+06 1.193040e-02
4.415011e+06 1.319820e-02
4.424779e+06 1.441120e-02
4.429312e+06 1.621510e-02
4.432622e+06 1.670410e-02
4.435937e+06 1.683390e-02
4.439258e+06 1.734980e-02
4.442583e+06 1.692490e-02
4.445913e+06 1.697000e-02
4.449248e+06 1.771810e-02
4.452589e+06 1.984370e-02
4.455934e+06 2.119560e-02
4.459284e+06 2.171060e-02
4.462640e+06 2.233900e-02
4.466000e+06 2.272430e-02
4.469366e+06 2.330220e-02
4.472736e+06 2.599670e-02
4.476112e+06 2.953190e-02
4.479493e+06 3.018580e-02
4.482878e+06 2.972660e-02
4.486269e+06 3.162770e-02
4.489665e+06 3.373900e-02
4.493067e+06 3.559320e-02
4.496473e+06 3.883920e-02
4.499885e+06 4.458900e-02
4.503302e+06 4.857200e-02
4.506723e+06 4.925950e-02
4.510151e+06 5.409330e-02
4.513583e+06 5.809210e-02
4.517021e+06 6.009460e-02
4.520463e+06 6.502090e-02
4.523911e+06 6.946300e-02
4.527365e+06 6.888560e-02
4.530823e+06 6.873840e-02
4.534287e+06 7.583350e-02
4.537757e+06 7.976320e-02
4.541231e+06 7.748930e-02
4.544711e+06 7.814640e-02
4.548196e+06 8.016040e-02
4.551687e+06 8.021930e-02
4.555183e+06 8.027050e-02
4.558684e+06 8.285380e-02
4.562191e+06 8.556600e-02
4.565703e+06 8.704530e-02
4.569220e+06 8.604030e-02
4.572743e+06 8.203520e-02
4.576272e+06 8.193410e-02
4.579805e+06 8.931370e-02
4.583344e+06 9.827630e-02
4.586889e+06 1.042450e-01
4.590439e+06 1.089800e-01
4.593995e+06 1.132390e-01
4.597556e+06 1.173180e-01
4.601124e+06 1.284960e-01
4.604696e+06 1.388340e-01
4.608274e+06 1.462270e-01
4.611857e+06 1.568960e-01
4.615446e+06 1.644470e-01
4.619041e+06 1.662680e-01
4.622641e+06 1.687370e-01
4.626247e+06 1.716450e-01
4.629858e+06 1.792610e-01
4.633475e+06 1.992960e-01
4.637098e+06 2.256520e-01
4.640726e+06 2.457330e-01
4.644360e+06 2.628620e-01
4.648000e+06 2.793040e-01
4.651646e+06 2.974990e-01
4.655297e+06 3.286630e-01
4.658954e+06 3.722340e-01
4.662616e+06 4.063710e-01
4.666285e+06 4.305510e-01
4.669959e+06 4.539960e-01
4.673639e+06 4.659360e-01
4.677325e+06 4.831520e-01
4.681017e+06 5.244620e-01
4.684714e+06 5.648880e-01
4.688417e+06 6.014620e-01
4.692127e+06 6.188100e-01
4.695842e+06 6.163390e-01
4.699563e+06 6.290890e-01
4.703289e+06 6.456270e-01
4.707022e+06 6.527850e-01
4.710761e+06 6.705340e-01
4.714506e+06 7.054290e-01
4.718256e+06 7.319520e-01
4.722013e+06 7.286450e-01
4.725775e+06 6.965540e-01
4.729544e+06 6.887020e-01
4.733318e+06 7.145600e-01
4.737099e+06 7.734360e-01
4.740886e+06 8.252230e-01
4.744678e+06 8.302320e-01
4.748477e+06 8.114620e-01
4.752282e+06 7.742500e-01
4.756093e+06 7.405150e-01
4.759910e+06 7.431580e-01
4.763733e+06 7.731390e-01
4.767562e+06 8.049840e-01
4.771398e+06 8.017680e-01
4.775240e+06 7.847580e-01
4.779088e+06 7.720540e-01
4.782942e+06 7.735320e-01
4.786802e+06 8.051760e-01
4.790669e+06 8.647190e-01
4.794541e+06 8.982830e-01
4.798421e+06 8.810170e-01
4.802306e+06 8.324180e-01
4.806198e+06 8.069620e-01
4.810096e+06 8.335010e-01
4.814000e+06 8.767870e-01
4.817911e+06 8.914600e-01
4.821828e+06 8.788490e-01
4.825751e+06 8.676040e-01
4.829681e+06 8.548480e-01
4.833617e+06 8.506190e-01
4.837560e+06 8.658380e-01
4.841509e+06 8.811850e-01
4.845464e+06 8.934450e-01
4.849426e+06 9.045850e-01
4.853394e+06 9.006130e-01
4.857369e+06 8.787240e-01
4.861351e+06 8.723350e-01
4.865339e+06 8.873630e-01
4.869333e+06 8.975370e-01
4.873335e+06 8.999670e-01
4.877342e+06 8.928740e-01
4.881356e+06 8.739870e-01
4.885377e+06 8.727790e-01
4.889405e+06 8.767080e-01
4.893439e+06 8.614410e-01
4.897480e+06 8.491340e-01
4.901527e+06 8.621910e-01
4.905582e+06 8.856800e-01
4.909642e+06 8.972830e-01
4.913710e+06 9.105480e-01
4.917784e+06 9.056000e-01
4.921865e+06 8.725860e-01
4.925954e+06 8.575100e-01
4.930048e+06 8.677220e-01
4.934150e+06 8.777240e-01
4.938258e+06 8.696450e-01
4.942373e+06 8.413270e-01
4.946495e+06 8.336320e-01
4.950624e+06 8.491530e-01
4.954760e+06 8.748270e-01
4.958903e+06 8.948020e-01
4.963053e+06 9.274810e-01
4.967209e+06 9.437100e-01
4.971373e+06 9.357330e-01
4.975543e+06 9.393870e-01
4.979721e+06 9.436970e-01
4.983906e+06 9.302990e-01
4.988097e+06 9.120430e-01
4.992296e+06 9.157000e-01
4.996502e+06 9.351050e-01
5.000715e+06 9.454400e-01
5.004935e+06 9.522340e-01
5.009162e+06 9.317720e-01
5.013396e+06 8.947590e-01
5.017638e+06 8.995450e-01
5.021886e+06 9.266930e-01
5.026142e+06 9.370040e-01
5.030405e+06 9.362690e-01
5.034676e+06 9.237120e-01
5.038953e+06 9.133940e-01
5.043238e+06 9.265240e-01
5.047531e+06 9.437730e-01
5.051830e+06 9.336060e-01
5.056137e+06 9.051580e-01
5.060451e+06 8.970640e-01
5.064772e+06 8.996890e-01
5.069101e+06 9.010510e-01
5.073437e+06 9.110020e-01
5.077781e+06 9.215190e-01
5.082132e+06 9.331520e-01
5.086491e+06 9.426650e-01
5.090857e+06 9.320330e-01
5.095230e+06 9.189380e-01
5.099611e+06 9.156370e-01
5.104000e+06 9.062820e-01
5.108396e+06 8.906530e-01
5.112800e+06 8.917120e-01
5.117212e+06 8.960570e-01
5.121631e+06 9.070430e-01
5.126057e+06 9.367670e-01
5.130491e+06 9.560810e-01
5.134933e+06 9.380680e-01
5.139383e+06 9.476020e-01
5.143841e+06 9.779340e-01
5.148306e+06 9.828100e-01
5.152779e+06 9.688050e-01
5.157259e+06 9.632550e-01
5.161748e+06 9.703440e-01
5.166244e+06 9.734710e-01
5.170748e+06 9.766510e-01
5.175260e+06 9.700010e-01
5.179780e+06 9.655280e-01
5.184308e+06 9.960220e-01
5.188843e+06 9.989290e-01
5.193387e+06 9.876460e-01
5.193432e+06 9.876440e-01
5.193882e+06 9.877420e-01
5.194334e+06 9.880300e-01
5.194785e+06 9.884740e-01
5.195236e+06 9.890420e-01
5.195687e+06 9.897010e-01
5.196138e+06 9.904220e-01
5.196590e+06 9.911810e-01
5.197041e+06 9.919600e-01
5.197492e+06 9.927450e-01
5.197939e+06 9.935160e-01
5.197944e+06 9.935250e-01
5.198396e+06 9.942960e-01
5.198848e+06 9.950510e-01
5.199300e+06 9.957880e-01
5.199751e+06 9.965020e-01
5.200203e+06 9.971850e-01
5.200655e+06 9.978290e-01
5.201108e+06 9.984210e-01
5.201560e+06 9.989460e-01
5.202012e+06 9.993850e-01
5.202465e+06 9.997190e-01
5.202498e+06 9.997400e-01
5.202917e+06 9.999300e-01
5.203369e+06 1.000000e+00
5.203822e+06 9.999150e-01
5.204275e+06 9.996650e-01
5.204728e+06 9.992470e-01
5.205180e+06 9.986650e-01
5.205633e+06 9.979310e-01
5.206087e+06 9.970630e-01
5.206540e+06 9.960880e-01
5.206993e+06 9.950370e-01
5.207066e+06 9.948630e-01
5.207446e+06 9.939480e-01
5.207899e+06 9.928610e-01
5.208353e+06 9.918180e-01
5.208806e+06 9.908590e-01
5.209260e+06 9.900230e-01
5.209713e+06 9.893430e-01
5.210167e+06 9.888470e-01
5.210621e+06 9.885540e-01
5.211075e+06 9.884760e-01
5.211529e+06 9.886170e-01
5.211641e+06 9.886860e-01
5.211983e+06 9.889720e-01
5.212437e+06 9.895270e-01
5.212891e+06 9.902590e-01
5.213345e+06 9.911410e-01
5.213800e+06 9.921370e-01
5.214254e+06 9.932100e-01
5.214709e+06 9.943170e-01
5.215164e+06 9.954140e-01
5.215618e+06 9.964560e-01
5.216073e+06 9.974000e-01
5.216225e+06 9.976870e-01
5.216528e+06 9.982040e-01
5.216982e+06 9.988290e-01
5.217438e+06 9.992430e-01
5.217893e+06 9.994160e-01
5.218348e+06 9.993280e-01
5.218803e+06 9.989650e-01
5.219258e+06 9.983200e-01
5.219714e+06 9.973980e-01
5.220169e+06 9.962100e-01
5.220625e+06 9.947770e-01
5.220817e+06 9.941060e-01
5.221080e+06 9.931280e-01
5.221536e+06 9.913010e-01
5.221992e+06 9.893370e-01
5.222448e+06 9.872870e-01
5.222904e+06 9.852010e-01
5.223360e+06 9.831300e-01
5.223816e+06 9.811250e-01
5.224272e+06 9.792340e-01
5.224728e+06 9.774950e-01
5.225185e+06 9.759420e-01
5.225417e+06 9.752310e-01
5.225641e+06 9.745970e-01
5.226097e+06 9.734720e-01
5.226554e+06 9.725670e-01
5.227011e+06 9.718710e-01
5.227468e+06 9.713630e-01
5.227924e+06 9.710140e-01
5.228381e+06 9.707880e-01
5.228839e+06 9.706440e-01
5.229295e+06 9.705420e-01
5.229753e+06 9.704420e-01
5.230025e+06 9.703680e-01
5.230210e+06 9.703090e-01
5.230667e+06 9.701160e-01
5.231125e+06 9.698440e-01
5.231582e+06 9.694850e-01
5.232040e+06 9.690430e-01
5.232497e+06 9.685290e-01
5.232955e+06 9.679670e-01
5.233413e+06 9.673850e-01
5.233870e+06 9.668170e-01
5.234328e+06 9.662990e-01
5.234641e+06 9.659920e-01
5.234786e+06 9.658650e-01
5.235244e+06 9.655430e-01
5.235703e+06 9.653560e-01
5.236161e+06 9.653140e-01
5.236619e+06 9.654180e-01
5.237078e+06 9.656550e-01
5.237536e+06 9.660020e-01
5.237995e+06 9.664240e-01
5.238454e+06 9.668790e-01
5.238912e+06 9.673160e-01
5.239265e+06 9.676090e-01
5.239371e+06 9.676850e-01
5.239830e+06 9.679370e-01
5.240289e+06 9.680250e-01
5.240748e+06 9.679130e-01
5.241207e+06 9.675750e-01
5.241667e+06 9.669980e-01
5.242126e+06 9.661830e-01
5.242585e+06 9.651470e-01
5.243045e+06 9.639190e-01
5.243504e+06 9.625400e-01
5.243897e+06 9.612800e-01
5.243964e+06 9.610630e-01
5.244423e+06 9.595440e-01
5.244884e+06 9.580440e-01
5.245343e+06 9.566230e-01
5.245803e+06 9.553370e-01
5.246263e+06 9.542330e-01
5.246723e+06 9.533510e-01
5.247184e+06 9.527180e-01
5.247644e+06 9.523490e-01
5.248104e+06 9.522490e-01
5.248538e+06 9.523930e-01
5.248565e+06 9.524090e-01
5.249025e+06 9.528110e-01
5.249486e+06 9.534320e-01
5.249947e+06 9.542400e-01
5.250407e+06 9.552040e-01
5.250868e+06 9.562890e-01
5.251329e+06 9.574650e-01
5.251790e+06 9.587030e-01
5.252251e+06 9.599770e-01
5.252712e+06 9.612670e-01
5.253174e+06 9.625560e-01
5.253187e+06 9.625930e-01
5.253635e+06 9.638270e-01
5.254097e+06 9.650680e-01
5.254558e+06 9.662630e-01
5.255019e+06 9.673940e-01
5.255481e+06 9.684410e-01
5.255943e+06 9.693790e-01
5.256405e+06 9.701740e-01
5.256866e+06 9.707910e-01
5.257328e+06 9.711900e-01
5.257791e+06 9.713270e-01
5.257844e+06 9.713240e-01
5.258252e+06 9.711590e-01
5.258715e+06 9.706440e-01
5.259177e+06 9.697480e-01
5.259639e+06 9.684430e-01
5.260102e+06 9.667150e-01
5.260564e+06 9.645620e-01
5.261027e+06 9.619970e-01
5.261490e+06 9.590520e-01
5.261952e+06 9.557740e-01
5.262416e+06 9.522240e-01
5.262509e+06 9.514780e-01
5.262878e+06 9.484780e-01
5.263341e+06 9.446230e-01
5.263805e+06 9.407500e-01
5.264268e+06 9.369550e-01
5.264731e+06 9.333310e-01
5.265194e+06 9.299660e-01
5.265658e+06 9.269360e-01
5.266122e+06 9.243060e-01
5.266585e+06 9.221250e-01
5.267049e+06 9.204250e-01
5.267183e+06 9.200250e-01
5.267512e+06 9.192200e-01
5.267976e+06 9.185070e-01
5.268440e+06 9.182670e-01
5.268904e+06 9.184680e-01
5.269369e+06 9.190670e-01
5.269833e+06 9.200160e-01
5.270297e+06 9.212610e-01
5.270761e+06 9.227470e-01
5.271226e+06 9.244240e-01
5.271690e+06 9.262450e-01
5.271865e+06 9.269590e-01
5.272155e+06 9.281700e-01
5.272619e+06 9.301670e-01
5.273084e+06 9.322100e-01
5.273549e+06 9.342830e-01
5.274014e+06 9.363740e-01
5.274479e+06 9.384750e-01
5.274944e+06 9.405790e-01
5.275409e+06 9.426810e-01
5.275874e+06 9.447720e-01
5.276340e+06 9.468390e-01
5.276555e+06 9.477830e-01
5.276805e+06 9.488630e-01
5.277270e+06 9.508170e-01
5.277736e+06 9.526680e-01
5.278202e+06 9.543770e-01
5.278668e+06 9.558970e-01
5.279133e+06 9.571780e-01
5.279599e+06 9.581670e-01
5.280065e+06 9.588110e-01
5.280531e+06 9.590570e-01
5.280998e+06 9.588600e-01
5.281254e+06 9.585490e-01
5.281464e+06 9.581800e-01
5.281930e+06 9.569860e-01
5.282397e+06 9.552580e-01
5.282863e+06 9.529880e-01
5.283330e+06 9.501790e-01
5.283796e+06 9.468490e-01
5.284263e+06 9.430280e-01
5.284730e+06 9.387560e-01
5.285196e+06 9.340850e-01
5.285664e+06 9.290760e-01
5.285961e+06 9.257430e-01
5.286131e+06 9.237980e-01
5.286598e+06 9.183240e-01
5.287065e+06 9.127320e-01
5.287532e+06 9.070990e-01
5.287999e+06 9.015030e-01
5.288467e+06 8.960210e-01
5.288934e+06 8.907210e-01
5.289403e+06 8.856690e-01
5.289870e+06 8.809230e-01
5.290337e+06 8.765300e-01
5.290676e+06 8.735940e-01
5.290806e+06 8.725290e-01
5.291273e+06 8.689500e-01
5.291742e+06 8.658120e-01
5.292210e+06 8.631220e-01
5.292678e+06 8.608790e-01
5.293146e+06 8.590730e-01
5.293615e+06 8.576860e-01
5.294083e+06 8.566920e-01
5.294552e+06 8.560630e-01
5.295020e+06 8.557660e-01
5.295400e+06 8.557440e-01
5.295489e+06 8.557660e-01
5.295958e+06 8.560300e-01
5.296427e+06 8.565270e-01
5.296895e+06 8.572290e-01
5.297364e+06 8.581120e-01
5.297834e+06 8.591580e-01
5.298303e+06 8.603540e-01
5.298773e+06 8.616900e-01
5.299242e+06 8.631620e-01
5.299711e+06 8.647680e-01
5.300132e+06 8.663200e-01
5.300181e+06 8.665050e-01
5.300650e+06 8.683720e-01
5.301120e+06 8.703610e-01
5.301590e+06 8.724620e-01
5.302059e+06 8.746580e-01
5.302530e+06 8.769220e-01
5.303000e+06 8.792230e-01
5.303470e+06 8.815170e-01
5.303940e+06 8.837570e-01
5.304410e+06 8.858860e-01
5.304873e+06 8.878170e-01
5.304881e+06 8.878470e-01
5.305351e+06 8.895800e-01
5.305822e+06 8.910270e-01
5.306292e+06 8.921360e-01
5.306763e+06 8.928620e-01
5.307234e+06 8.931730e-01
5.307705e+06 8.930500e-01
5.308176e+06 8.924890e-01
5.308647e+06 8.915030e-01
5.309118e+06 8.901210e-01
5.309589e+06 8.883880e-01
5.309623e+06 8.882540e-01
5.310060e+06 8.863600e-01
5.310532e+06 8.841050e-01
5.311003e+06 8.816990e-01
5.311474e+06 8.792200e-01
5.311947e+06 8.767440e-01
5.312418e+06 8.743430e-01
5.312890e+06 8.720810e-01
5.313362e+06 8.700110e-01
5.313833e+06 8.681690e-01
5.314306e+06 8.665790e-01
5.314380e+06 8.663530e-01
5.314778e+06 8.652490e-01
5.315250e+06 8.641710e-01
5.315722e+06 8.633250e-01
5.316194e+06 8.626800e-01
5.316667e+06 8.621970e-01
5.317140e+06 8.618340e-01
5.317613e+06 8.615480e-01
5.318085e+06 8.612980e-01
5.318558e+06 8.610510e-01
5.319031e+06 8.607790e-01
5.319146e+06 8.607070e-01
5.319504e+06 8.604680e-01
5.319977e+06 8.601120e-01
5.320450e+06 8.597160e-01
5.320923e+06 8.592950e-01
5.321397e+06 8.588740e-01
5.321870e+06 8.584830e-01
5.322343e+06 8.581560e-01
5.322817e+06 8.579270e-01
5.323290e+06 8.578320e-01
5.323765e+06 8.579000e-01
5.323921e+06 8.579630e-01
5.324238e+06 8.581560e-01
5.324712e+06 8.586190e-01
5.325186e+06 8.593000e-01
5.325660e+06 8.602020e-01
5.326134e+06 8.613220e-01
5.326608e+06 8.626530e-01
5.327083e+06 8.641790e-01
5.327557e+06 8.658860e-01
5.328031e+06 8.677560e-01
5.328506e+06 8.697700e-01
5.328705e+06 8.706500e-01
5.328981e+06 8.719130e-01
5.329455e+06 8.741700e-01
5.329931e+06 8.765270e-01
5.330405e+06 8.789730e-01
5.330881e+06 8.814980e-01
5.331355e+06 8.840910e-01
5.331830e+06 8.867390e-01
5.332306e+06 8.894290e-01
5.332781e+06 8.921430e-01
5.333257e+06 8.948590e-01
5.333497e+06 8.962210e-01
5.333732e+06 8.975500e-01
5.334208e+06 9.001860e-01
5.334683e+06 9.027330e-01
5.335159e+06 9.051550e-01
5.335635e+06 9.074140e-01
5.336111e+06 9.094760e-01
5.336587e+06 9.113110e-01
5.337063e+06 9.128940e-01
5.337539e+06 9.142080e-01
5.338016e+06 9.152500e-01
5.338297e+06 9.157400e-01
5.338492e+06 9.160250e-01
5.338968e+06 9.165510e-01
5.339445e+06 9.168560e-01
5.339921e+06 9.169810e-01
5.340398e+06 9.169730e-01
5.340875e+06 9.168860e-01
5.341352e+06 9.167740e-01
5.341829e+06 9.166910e-01
5.342306e+06 9.166890e-01
5.342783e+06 9.168080e-01
5.343107e+06 9.169750e-01
5.343260e+06 9.170810e-01
5.343737e+06 9.175250e-01
5.344215e+06 9.181460e-01
5.344692e+06 9.189340e-01
5.345170e+06 9.198690e-01
5.345647e+06 9.209150e-01
5.346125e+06 9.220310e-01
5.346603e+06 9.231670e-01
5.347081e+06 9.242740e-01
5.347558e+06 9.253020e-01
5.347924e+06 9.260090e-01
5.348037e+06 9.262090e-01
5.348515e+06 9.269590e-01
5.348993e+06 9.275290e-01
5.349471e+06 9.279070e-01
5.349950e+06 9.280970e-01
5.350428e+06 9.281140e-01
5.350907e+06 9.279860e-01
5.351386e+06 9.277500e-01
5.351864e+06 9.274530e-01
5.352343e+06 9.271410e-01
5.352751e+06 9.269000e-01
5.352822e+06 9.268630e-01
5.353301e+06 9.266630e-01
5.353780e+06 9.265790e-01
5.354259e+06 9.266390e-01
5.354738e+06 9.268590e-01
5.355218e+06 9.272420e-01
5.355697e+06 9.277810e-01
5.356177e+06 9.284540e-01
5.356656e+06 9.292320e-01
5.357136e+06 9.300780e-01
5.357586e+06 9.308960e-01
5.357616e+06 9.309500e-01
5.358096e+06 9.318050e-01
5.358576e+06 9.326030e-01
5.359056e+06 9.333100e-01
5.359536e+06 9.338990e-01
5.360016e+06 9.343530e-01
5.360496e+06 9.346660e-01
5.360977e+06 9.348430e-01
5.361457e+06 9.348990e-01
5.361937e+06 9.348600e-01
5.362419e+06 9.347540e-01
5.362431e+06 9.347510e-01
5.362899e+06 9.346170e-01
5.363380e+06 9.344830e-01
5.363861e+06 9.343850e-01
5.364342e+06 9.343500e-01
5.364823e+06 9.343970e-01
5.365304e+06 9.345390e-01
5.365786e+06 9.347740e-01
5.366266e+06 9.350920e-01
5.366748e+06 9.354750e-01
5.367230e+06 9.358940e-01
5.367283e+06 9.359410e-01
5.367711e+06 9.363150e-01
5.368193e+06 9.367030e-01
5.368674e+06 9.370200e-01
5.369156e+06 9.372340e-01
5.369638e+06 9.373160e-01
5.370120e+06 9.372480e-01
5.370603e+06 9.370230e-01
5.371084e+06 9.366450e-01
5.371567e+06 9.361310e-01
5.372049e+06 9.355090e-01
5.372145e+06 9.353760e-01
5.372531e+06 9.348210e-01
5.373015e+06 9.341150e-01
5.373497e+06 9.334470e-01
5.373979e+06 9.328780e-01
5.374462e+06 9.324640e-01
5.374945e+06 9.322640e-01
5.375428e+06 9.323250e-01
5.375911e+06 9.326880e-01
5.376394e+06 9.333800e-01
5.376878e+06 9.344140e-01
5.377016e+06 9.347720e-01
5.377361e+06 9.357880e-01
5.377844e+06 9.374850e-01
5.378328e+06 9.394730e-01
5.378811e+06 9.417060e-01
5.379295e+06 9.441240e-01
5.379779e+06 9.466610e-01
5.380262e+06 9.492400e-01
5.380746e+06 9.517830e-01
5.381231e+06 9.542080e-01
5.381715e+06 9.564390e-01
5.381895e+06 9.572040e-01
5.382199e+06 9.584010e-01
5.382683e+06 9.600290e-01
5.383167e+06 9.612660e-01
5.383652e+06 9.620670e-01
5.384137e+06 9.623990e-01
5.384621e+06 9.622410e-01
5.385106e+06 9.615880e-01
5.385591e+06 9.604430e-01
5.386075e+06 9.588240e-01
5.386561e+06 9.567560e-01
5.386783e+06 9.556670e-01
5.387045e+06 9.542760e-01
5.387530e+06 9.514240e-01
5.388016e+06 9.482470e-01
5.388501e+06 9.447920e-01
5.388987e+06 9.411080e-01
5.389472e+06 9.372420e-01
5.389958e+06 9.332370e-01
5.390443e+06 9.291320e-01
5.390929e+06 9.249590e-01
5.391415e+06 9.207440e-01
5.391680e+06 9.184330e-01
5.391901e+06 9.165050e-01
5.392387e+06 9.122570e-01
5.392873e+06 9.080060e-01
5.393359e+06 9.037520e-01
5.393846e+06 8.994960e-01
5.394332e+06 8.952330e-01
5.394818e+06 8.909600e-01
5.395305e+06 8.866750e-01
5.395791e+06 8.823800e-01
5.396278e+06 8.780820e-01
5.396586e+06 8.753680e-01
5.396765e+06 8.737950e-01
5.397252e+06 8.695400e-01
5.397739e+06 8.653440e-01
5.398226e+06 8.612440e-01
5.398713e+06 8.572820e-01
5.399200e+06 8.535070e-01
5.399688e+06 8.499690e-01
5.400175e+06 8.467220e-01
5.400662e+06 8.438180e-01
5.401150e+06 8.413040e-01
5.401501e+06 8.397600e-01
5.401638e+06 8.392220e-01
5.402126e+06 8.376020e-01
5.402614e+06 8.364670e-01
5.403101e+06 8.358220e-01
5.403590e+06 8.356620e-01
5.404078e+06 8.359630e-01
5.404566e+06 8.366890e-01
5.405054e+06 8.377890e-01
5.405543e+06 8.392020e-01
5.406031e+06 8.408550e-01
5.406425e+06 8.423070e-01
5.406520e+06 8.426680e-01
5.407008e+06 8.445600e-01
5.407497e+06 8.464470e-01
5.407986e+06 8.482500e-01
5.408474e+06 8.498930e-01
5.408964e+06 8.513120e-01
5.409453e+06 8.524530e-01
5.409942e+06 8.532740e-01
5.410431e+06 8.537460e-01
5.410920e+06 8.538550e-01
5.411358e+06 8.536440e-01
5.411410e+06 8.535990e-01
5.411900e+06 8.529890e-01
5.412389e+06 8.520450e-01
5.412879e+06 8.507970e-01
5.413369e+06 8.492780e-01
5.413859e+06 8.475270e-01
5.414349e+06 8.455820e-01
5.414839e+06 8.434820e-01
5.415329e+06 8.412600e-01
5.415819e+06 8.389460e-01
5.416299e+06 8.366140e-01
5.416310e+06 8.365650e-01
5.416800e+06 8.341340e-01
5.417291e+06 8.316650e-01
5.417781e+06 8.291620e-01
5.418272e+06 8.266250e-01
5.418763e+06 8.240490e-01
5.419254e+06 8.214240e-01
5.419745e+06 8.187390e-01
5.420235e+06 8.159790e-01
5.420726e+06 8.131290e-01
5.421218e+06 8.101740e-01
5.421250e+06 8.099740e-01
5.421709e+06 8.070970e-01
5.422201e+06 8.038840e-01
5.422692e+06 8.005200e-01
5.423183e+06 7.969910e-01
5.423676e+06 7.932840e-01
5.424167e+06 7.893860e-01
5.424659e+06 7.852850e-01
5.425151e+06 7.809700e-01
5.425643e+06 7.764320e-01
5.426135e+06 7.716650e-01
5.426210e+06 7.709150e-01
5.426627e+06 7.666640e-01
5.427120e+06 7.614280e-01
5.427612e+06 7.559610e-01
5.428104e+06 7.502740e-01
5.428597e+06 7.443830e-01
5.429090e+06 7.383120e-01
5.429583e+06 7.320930e-01
5.430076e+06 7.257670e-01
5.430568e+06 7.193800e-01
5.431061e+06 7.129900e-01
5.431179e+06 7.114630e-01
5.431554e+06 7.066570e-01
5.432047e+06 7.004490e-01
5.432541e+06 6.944350e-01
5.433034e+06 6.886860e-01
5.433528e+06 6.832730e-01
5.434021e+06 6.782610e-01
5.434514e+06 6.737120e-01
5.435009e+06 6.696770e-01
5.435502e+06 6.662000e-01
5.435997e+06 6.633110e-01
5.436158e+06 6.624980e-01
5.436490e+06 6.610290e-01
5.436984e+06 6.593600e-01
5.437479e+06 6.582950e-01
5.437973e+06 6.578140e-01
5.438467e+06 6.578840e-01
5.438962e+06 6.584590e-01
5.439456e+06 6.594890e-01
5.439951e+06 6.609100e-01
5.440445e+06 6.626580e-01
5.440941e+06 6.646620e-01
5.441145e+06 6.655490e-01
5.441435e+06 6.668520e-01
5.441930e+06 6.691570e-01
5.442426e+06 6.715100e-01
5.442920e+06 6.738470e-01
5.443416e+06 6.761100e-01
5.443911e+06 6.782490e-01
5.444406e+06 6.802190e-01
5.444902e+06 6.819840e-01
5.445398e+06 6.835180e-01
5.445893e+06 6.848020e-01
5.446141e+06 6.853460e-01
5.446389e+06 6.858250e-01
5.446885e+06 6.865840e-01
5.447381e+06 6.870850e-01
5.447877e+06 6.873380e-01
5.448374e+06 6.873600e-01
5.448870e+06 6.871720e-01
5.449366e+06 6.868000e-01
5.449862e+06 6.862710e-01
5.450359e+06 6.856140e-01
5.450856e+06 6.848570e-01
5.451147e+06 6.843770e-01
5.451352e+06 6.840280e-01
5.451849e+06 6.831520e-01
5.452346e+06 6.822530e-01
5.452843e+06 6.813490e-01
5.453340e+06 6.804550e-01
5.453837e+06 6.795830e-01
5.454334e+06 6.787370e-01
5.454832e+06 6.779200e-01
5.455329e+06 6.771290e-01
5.455827e+06 6.763600e-01
5.456162e+06 6.758500e-01
5.456324e+06 6.756050e-01
5.456822e+06 6.748550e-01
5.457320e+06 6.741000e-01
5.457818e+06 6.733300e-01
5.458316e+06 6.725390e-01
5.458814e+06 6.717200e-01
5.459312e+06 6.708700e-01
5.459810e+06 6.699880e-01
5.460308e+06 6.690770e-01
5.460807e+06 6.681440e-01
5.461186e+06 6.674240e-01
5.461306e+06 6.671970e-01
5.461804e+06 6.662470e-01
5.462303e+06 6.653070e-01
5.462801e+06 6.643920e-01
5.463301e+06 6.635180e-01
5.463800e+06 6.627010e-01
5.464298e+06 6.619570e-01
5.464798e+06 6.613030e-01
5.465297e+06 6.607560e-01
5.465796e+06 6.603330e-01
5.466219e+06 6.600830e-01
5.466296e+06 6.600500e-01
5.466795e+06 6.599280e-01
5.467295e+06 6.599840e-01
5.467794e+06 6.602380e-01
5.468294e+06 6.607130e-01
5.468794e+06 6.614300e-01
5.469294e+06 6.624100e-01
5.469794e+06 6.636760e-01
5.470294e+06 6.652470e-01
5.470794e+06 6.671380e-01
5.471262e+06 6.692040e-01
5.476314e+06 7.060740e-01
5.481375e+06 7.314230e-01
5.486446e+06 7.380170e-01
5.491526e+06 7.531520e-01
5.496615e+06 7.175260e-01
5.501714e+06 6.564280e-01
5.506823e+06 6.420790e-01
5.511940e+06 6.740750e-01
5.517068e+06 7.110750e-01
5.522205e+06 7.492010e-01
5.527351e+06 7.416080e-01
5.532507e+06 6.976660e-01
5.537673e+06 6.718870e-01
5.542849e+06 6.756990e-01
5.548033e+06 6.953230e-01
5.553228e+06 7.386720e-01
5.558433e+06 7.577830e-01
5.563647e+06 7.421340e-01
5.568871e+06 7.202110e-01
5.574105e+06 7.205330e-01
5.579349e+06 7.629730e-01
5.584602e+06 8.080290e-01
5.589866e+06 8.285310e-01
5.595140e+06 8.245210e-01
5.600423e+06 8.146410e-01
5.605717e+06 8.404920e-01
5.611020e+06 8.746860e-01
5.616334e+06 8.574530e-01
5.621657e+06 8.517780e-01
5.626991e+06 8.876220e-01
5.632335e+06 8.982240e-01
5.637689e+06 8.807100e-01
5.643053e+06 8.492650e-01
5.648427e+06 8.081110e-01
5.653812e+06 7.926600e-01
5.659206e+06 7.978770e-01
5.664612e+06 8.242240e-01
5.670027e+06 8.236320e-01
5.675453e+06 8.027160e-01
5.680889e+06 7.854370e-01
5.686336e+06 7.795630e-01
5.691793e+06 8.009170e-01
5.697260e+06 8.062370e-01
5.702738e+06 7.714080e-01
5.708227e+06 7.723810e-01
5.713726e+06 8.028470e-01
5.719236e+06 8.198590e-01
5.724757e+06 7.944340e-01
5.730288e+06 7.789650e-01
5.735830e+06 7.720710e-01
5.741382e+06 7.877220e-01
5.746946e+06 8.238960e-01
5.752520e+06 8.445890e-01
5.758105e+06 8.551960e-01
5.763701e+06 8.395010e-01
5.769307e+06 8.132040e-01
5.774925e+06 8.080960e-01
5.780554e+06 8.368330e-01
5.786193e+06 8.679110e-01
5.791843e+06 8.387650e-01
5.797505e+06 7.720920e-01
5.803178e+06 7.171340e-01
5.808862e+06 6.943780e-01
5.814557e+06 6.995830e-01
5.820263e+06 7.143180e-01
5.825980e+06 7.143550e-01
5.831709e+06 7.101140e-01
5.837449e+06 6.716500e-01
5.843200e+06 6.302120e-01
5.848962e+06 6.534300e-01
5.854736e+06 6.976550e-01
5.860521e+06 7.179560e-01
5.866318e+06 7.207680e-01
5.872126e+06 6.866820e-01
5.877946e+06 6.465750e-01
5.883778e+06 6.593240e-01
5.889620e+06 6.817450e-01
5.895475e+06 6.972560e-01
5.901341e+06 7.188980e-01
5.907219e+06 7.255550e-01
5.913108e+06 7.260900e-01
5.919010e+06 7.074750e-01
5.924924e+06 6.781190e-01
5.930848e+06 6.534500e-01
5.936785e+06 6.517050e-01
5.942734e+06 6.749210e-01
5.948695e+06 6.888850e-01
5.954667e+06 6.638790e-01
5.960651e+06 6.245520e-01
5.966648e+06 6.171320e-01
5.972657e+06 6.252960e-01
5.978678e+06 6.482780e-01
5.984710e+06 6.774340e-01
5.990756e+06 6.988130e-01
5.996813e+06 6.963560e-01
6.002883e+06 6.747380e-01
6.008965e+06 6.664070e-01
6.015059e+06 6.839260e-01
6.021166e+06 6.989290e-01
6.027285e+06 7.171410e-01
6.033416e+06 7.230310e-01
6.039560e+06 7.254620e-01
6.045717e+06 7.380070e-01
6.051886e+06 7.221390e-01
6.058068e+06 6.793810e-01
6.064262e+06 6.768380e-01
6.070469e+06 7.006550e-01
6.076689e+06 7.275880e-01
6.082921e+06 7.247710e-01
6.089166e+06 6.909600e-01
6.095425e+06 6.652310e-01
6.101696e+06 6.583310e-01
6.107980e+06 6.864530e-01
6.114276e+06 7.114870e-01
6.120586e+06 7.125500e-01
6.126909e+06 7.035070e-01
6.133245e+06 6.854480e-01
6.139594e+06 6.541190e-01
6.145957e+06 6.258990e-01
6.152332e+06 6.019660e-01
6.158720e+06 6.057800e-01
6.165122e+06 6.305410e-01
6.171538e+06 6.461990e-01
6.177966e+06 6.579650e-01
6.184409e+06 6.461990e-01
6.190864e+06 6.050880e-01
6.197333e+06 5.967700e-01
6.203816e+06 5.978450e-01
6.210312e+06 5.911540e-01
6.216822e+06 6.185050e-01
6.223345e+06 6.523500e-01
6.229882e+06 6.353550e-01
6.236433e+06 5.968460e-01
6.242998e+06 5.798550e-01
6.249576e+06 6.050400e-01
6.256169e+06 6.150200e-01
6.262775e+06 6.174470e-01
6.269396e+06 6.286720e-01
6.276030e+06 5.950050e-01
6.282678e+06 5.557720e-01
6.289340e+06 5.408890e-01
6.296017e+06 5.494880e-01
6.302708e+06 5.805710e-01
6.309413e+06 5.937750e-01
6.316132e+06 5.765970e-01
6.322865e+06 5.530340e-01
6.329613e+06 5.440090e-01
6.336376e+06 5.364930e-01
6.343153e+06 5.288010e-01
6.349944e+06 5.135110e-01
6.356750e+06 5.081160e-01
6.363571e+06 5.316410e-01
6.370406e+06 5.564260e-01
6.377256e+06 5.422960e-01
6.384121e+06 5.008470e-01
6.391000e+06 4.550540e-01
6.397895e+06 4.344690e-01
6.404804e+06 4.521980e-01
6.411728e+06 4.892420e-01
6.418667e+06 4.882630e-01
6.425621e+06 4.404600e-01
6.432590e+06 3.971640e-01
6.439575e+06 3.795950e-01
6.446574e+06 3.697310e-01
6.453589e+06 3.605060e-01
6.460619e+06 3.493080e-01
6.467664e+06 3.311600e-01
6.474725e+06 3.123870e-01
6.481801e+06 2.898960e-01
6.488893e+06 2.594440e-01
6.496000e+06 2.244690e-01
6.496160e+06 2.238460e-01
6.496866e+06 2.212620e-01
6.497571e+06 2.189520e-01
6.498277e+06 2.169390e-01
6.498983e+06 2.152430e-01
6.499689e+06 2.138820e-01
6.500396e+06 2.128710e-01
6.501102e+06 2.122210e-01
6.501808e+06 2.119450e-01
6.502515e+06 2.120470e-01
6.503123e+06 2.124390e-01
6.503222e+06 2.125300e-01
6.503929e+06 2.133940e-01
6.504636e+06 2.146290e-01
6.505343e+06 2.162240e-01
6.506051e+06 2.181560e-01
6.506759e+06 2.204000e-01
6.507467e+06 2.229200e-01
6.508174e+06 2.256750e-01
6.508882e+06 2.286150e-01
6.509591e+06 2.316860e-01
6.510261e+06 2.346600e-01
6.510299e+06 2.348290e-01
6.511008e+06 2.379810e-01
6.511716e+06 2.410770e-01
6.512425e+06 2.440550e-01
6.513134e+06 2.468520e-01
6.513844e+06 2.494120e-01
6.514553e+06 2.516830e-01
6.515262e+06 2.536200e-01
6.515972e+06 2.551880e-01
6.516682e+06 2.563600e-01
6.517392e+06 2.571160e-01
6.517415e+06 2.571340e-01
6.518102e+06 2.574470e-01
6.518812e+06 2.573530e-01
6.519522e+06 2.568390e-01
6.520233e+06 2.559170e-01
6.520944e+06 2.546050e-01
6.521655e+06 2.529230e-01
6.522366e+06 2.508950e-01
6.523077e+06 2.485440e-01
6.523788e+06 2.458960e-01
6.524500e+06 2.429770e-01
6.524585e+06 2.426090e-01
6.525212e+06 2.398100e-01
6.525923e+06 2.364210e-01
6.526635e+06 2.328330e-01
6.527347e+06 2.290710e-01
6.528060e+06 2.251610e-01
6.528772e+06 2.211300e-01
6.529484e+06 2.170060e-01
6.530197e+06 2.128200e-01
6.530910e+06 2.086060e-01
6.531624e+06 2.044000e-01
6.531771e+06 2.035340e-01
6.532337e+06 2.002400e-01
6.533050e+06 1.961660e-01
6.533763e+06 1.922180e-01
6.534477e+06 1.884380e-01
6.535191e+06 1.848650e-01
6.535905e+06 1.815380e-01
6.536619e+06 1.784900e-01
6.537333e+06 1.757540e-01
6.538048e+06 1.733550e-01
6.538763e+06 1.713160e-01
6.538972e+06 1.707880e-01
6.539478e+06 1.696530e-01
6.540192e+06 1.683770e-01
6.540907e+06 1.674940e-01
6.541623e+06 1.670050e-01
6.542338e+06 1.669070e-01
6.543054e+06 1.671940e-01
6.543769e+06 1.678540e-01
6.544485e+06 1.688770e-01
6.545201e+06 1.702460e-01
6.545918e+06 1.719460e-01
6.546190e+06 1.726740e-01
6.546634e+06 1.739560e-01
6.547350e+06 1.762570e-01
6.548067e+06 1.788260e-01
6.548784e+06 1.816400e-01
6.549501e+06 1.846700e-01
6.550218e+06 1.878890e-01
6.550935e+06 1.912660e-01
6.551652e+06 1.947660e-01
6.552370e+06 1.983540e-01
6.553088e+06 2.019940e-01
6.553423e+06 2.037010e-01
6.553806e+06 2.056470e-01
6.554524e+06 2.092770e-01
6.555242e+06 2.128450e-01
6.555961e+06 2.163160e-01
6.556679e+06 2.196600e-01
6.557398e+06 2.228470e-01
6.558116e+06 2.258540e-01
6.558835e+06 2.286620e-01
6.559555e+06 2.312590e-01
6.560274e+06 2.336350e-01
6.560673e+06 2.348550e-01
6.560994e+06 2.357880e-01
6.561713e+06 2.377190e-01
6.562433e+06 2.394320e-01
6.563153e+06 2.409350e-01
6.563873e+06 2.422330e-01
6.564593e+06 2.433340e-01
6.565314e+06 2.442430e-01
6.566034e+06 2.449630e-01
6.566755e+06 2.454950e-01
6.567476e+06 2.458330e-01
6.567938e+06 2.459450e-01
6.568197e+06 2.459710e-01
6.568918e+06 2.458980e-01
6.569640e+06 2.456000e-01
6.570361e+06 2.450630e-01
6.571083e+06 2.442740e-01
6.571805e+06 2.432170e-01
6.572527e+06 2.418840e-01
6.573249e+06 2.402680e-01
6.573971e+06 2.383690e-01
6.574694e+06 2.361920e-01
6.575219e+06 2.344410e-01
6.575417e+06 2.337500e-01
6.576139e+06 2.310640e-01
6.576862e+06 2.281610e-01
6.577586e+06 2.250760e-01
6.578309e+06 2.218460e-01
6.579032e+06 2.185170e-01
6.579756e+06 2.151340e-01
6.580479e+06 2.117460e-01
6.581204e+06 2.083990e-01
6.581927e+06 2.051390e-01
6.582518e+06 2.025770e-01
6.582652e+06 2.020060e-01
6.583376e+06 1.990400e-01
6.584101e+06 1.962710e-01
6.584826e+06 1.937260e-01
6.585550e+06 1.914240e-01
6.586275e+06 1.893790e-01
6.587001e+06 1.876010e-01
6.587726e+06 1.860920e-01
6.588452e+06 1.848510e-01
6.589177e+06 1.838740e-01
6.589831e+06 1.832140e-01
6.589903e+06 1.831540e-01
6.590629e+06 1.826810e-01
6.591355e+06 1.824450e-01
6.592082e+06 1.824330e-01
6.592808e+06 1.826330e-01
6.593535e+06 1.830300e-01
6.594261e+06 1.836120e-01
6.594988e+06 1.843630e-01
6.595715e+06 1.852680e-01
6.596443e+06 1.863100e-01
6.597162e+06 1.874570e-01
6.597170e+06 1.874720e-01
6.597898e+06 1.887360e-01
6.598626e+06 1.900840e-01
6.599353e+06 1.914960e-01
6.600082e+06 1.929550e-01
6.600810e+06 1.944420e-01
6.601538e+06 1.959430e-01
6.602267e+06 1.974420e-01
6.602995e+06 1.989300e-01
6.603724e+06 2.003980e-01
6.604454e+06 2.018410e-01
6.604508e+06 2.019470e-01
6.605183e+06 2.032590e-01
6.605912e+06 2.046540e-01
6.606641e+06 2.060310e-01
6.607371e+06 2.073980e-01
6.608101e+06 2.087630e-01
6.608831e+06 2.101340e-01
6.609561e+06 2.115180e-01
6.610291e+06 2.129200e-01
6.611022e+06 2.143410e-01
6.611753e+06 2.157750e-01
6.611871e+06 2.160070e-01
6.612484e+06 2.172130e-01
6.613214e+06 2.186370e-01
6.613946e+06 2.200240e-01
6.614677e+06 2.213450e-01
6.615409e+06 2.225630e-01
6.616140e+06 2.236370e-01
6.616872e+06 2.245240e-01
6.617604e+06 2.251750e-01
6.618336e+06 2.255450e-01
6.619068e+06 2.255890e-01
6.619250e+06 2.255450e-01
6.619801e+06 2.252650e-01
6.620533e+06 2.245370e-01
6.621266e+06 2.233770e-01
6.621999e+06 2.217630e-01
6.622732e+06 2.196860e-01
6.623466e+06 2.171440e-01
6.624198e+06 2.141470e-01
6.624932e+06 2.107140e-01
6.625666e+06 2.068750e-01
6.626400e+06 2.026670e-01
6.626646e+06 2.011830e-01
6.627134e+06 1.981350e-01
6.627868e+06 1.933290e-01
6.628603e+06 1.883040e-01
6.629337e+06 1.831160e-01
6.630072e+06 1.778230e-01
6.630807e+06 1.724800e-01
6.631542e+06 1.671420e-01
6.632277e+06 1.618580e-01
6.633013e+06 1.566730e-01
6.633748e+06 1.516260e-01
6.634058e+06 1.495480e-01
6.634484e+06 1.467520e-01
6.635219e+06 1.420760e-01
6.635955e+06 1.376210e-01
6.636692e+06 1.334010e-01
6.637428e+06 1.294250e-01
6.638165e+06 1.256990e-01
6.638901e+06 1.222220e-01
6.639638e+06 1.189910e-01
6.640375e+06 1.160000e-01
6.641113e+06 1.132400e-01
6.641487e+06 1.119220e-01
6.641850e+06 1.107010e-01
6.642587e+06 1.083730e-01
6.643325e+06 1.062440e-01
6.644063e+06 1.043030e-01
6.644801e+06 1.025390e-01
6.645539e+06 1.009430e-01
6.646277e+06 9.950340e-02
6.647015e+06 9.821310e-02
6.647754e+06 9.706410e-02
6.648493e+06 9.605000e-02
6.648933e+06 9.550790e-02
6.649232e+06 9.516500e-02
6.649971e+06 9.440410e-02
6.650710e+06 9.376330e-02
6.651450e+06 9.323900e-02
6.652190e+06 9.282790e-02
6.652929e+06 9.252700e-02
6.653669e+06 9.233350e-02
6.654409e+06 9.224420e-02
6.655150e+06 9.225570e-02
6.655890e+06 9.236400e-02
6.656395e+06 9.249090e-02
6.656631e+06 9.256450e-02
6.657371e+06 9.285130e-02
6.658112e+06 9.321790e-02
6.658854e+06 9.365630e-02
6.659595e+06 9.415730e-02
6.660336e+06 9.471050e-02
6.661078e+06 9.530390e-02
6.661820e+06 9.592460e-02
6.662562e+06 9.655830e-02
6.663303e+06 9.718980e-02
6.663874e+06 9.766390e-02
6.664046e+06 9.780330e-02
6.664788e+06 9.838250e-02
6.665531e+06 9.891090e-02
6.666274e+06 9.937240e-02
6.667016e+06 9.975130e-02
6.667760e+06 1.000330e-01
6.668503e+06 1.002040e-01
6.669246e+06 1.002530e-01
6.669990e+06 1.001700e-01
6.670734e+06 9.994710e-02
6.671370e+06 9.964170e-02
6.671478e+06 9.957960e-02
6.672222e+06 9.906440e-02
6.672966e+06 9.840110e-02
6.673711e+06 9.759190e-02
6.674455e+06 9.664090e-02
6.675200e+06 9.555440e-02
6.675944e+06 9.434070e-02
6.676690e+06 9.300940e-02
6.677435e+06 9.157150e-02
6.678180e+06 9.003870e-02
6.678883e+06 8.851850e-02
6.678926e+06 8.842330e-02
6.679672e+06 8.673790e-02
6.680418e+06 8.499500e-02
6.681164e+06 8.320690e-02
6.681910e+06 8.138520e-02
6.682656e+06 7.954100e-02
6.683403e+06 7.768460e-02
6.684150e+06 7.582560e-02
6.684896e+06 7.397280e-02
6.685644e+06 7.213410e-02
6.686391e+06 7.031690e-02
6.686413e+06 7.026430e-02
6.687138e+06 6.852780e-02
6.687886e+06 6.677310e-02
6.688633e+06 6.505860e-02
6.689382e+06 6.338960e-02
6.690130e+06 6.177160e-02
6.690878e+06 6.020970e-02
6.691626e+06 5.870880e-02
6.692375e+06 5.727400e-02
6.693124e+06 5.591060e-02
6.693873e+06 5.462360e-02
6.693959e+06 5.447960e-02
6.694622e+06 5.341840e-02
6.695371e+06 5.230050e-02
6.696120e+06 5.127560e-02
6.696870e+06 5.034940e-02
6.697620e+06 4.952820e-02
6.698370e+06 4.881810e-02
6.699120e+06 4.822560e-02
6.699870e+06 4.775720e-02
6.700620e+06 4.741940e-02
6.701371e+06 4.721860e-02
6.701523e+06 4.719500e-02
6.702122e+06 4.716080e-02
6.702873e+06 4.725160e-02
6.703624e+06 4.749570e-02
6.704375e+06 4.789650e-02
6.705127e+06 4.845630e-02
6.705878e+06 4.917560e-02
6.706630e+06 5.005280e-02
6.707382e+06 5.108400e-02
6.708134e+06 5.226300e-02
6.708887e+06 5.358080e-02
6.709104e+06 5.398650e-02
6.709639e+06 5.502600e-02
6.710391e+06 5.658430e-02
6.711144e+06 5.823940e-02
6.711897e+06 5.997260e-02
6.712651e+06 6.176330e-02
6.713404e+06 6.359000e-02
6.714157e+06 6.542990e-02
6.714911e+06 6.726020e-02
6.715665e+06 6.905830e-02
6.716419e+06 7.080210e-02
6.716702e+06 7.143980e-02
6.717173e+06 7.247110e-02
6.717927e+06 7.404600e-02
6.718681e+06 7.550950e-02
6.719436e+06 7.684630e-02
6.720191e+06 7.804310e-02
6.720945e+06 7.908890e-02
6.721701e+06 7.997420e-02
6.722456e+06 8.069180e-02
6.723212e+06 8.123550e-02
6.723968e+06 8.160070e-02
6.724317e+06 8.170840e-02
6.724723e+06 8.178380e-02
6.725479e+06 8.178230e-02
6.726236e+06 8.159430e-02
6.726992e+06 8.121920e-02
6.727749e+06 8.065720e-02
6.728505e+06 7.990980e-02
6.729262e+06 7.898000e-02
6.730019e+06 7.787300e-02
6.730776e+06 7.659590e-02
6.731534e+06 7.515880e-02
6.731950e+06 7.430500e-02
6.732291e+06 7.357450e-02
6.733049e+06 7.185900e-02
6.733807e+06 7.003160e-02
6.734565e+06 6.811480e-02
6.735323e+06 6.613390e-02
6.736081e+06 6.411660e-02
6.736840e+06 6.209270e-02
6.737599e+06 6.009290e-02
6.738358e+06 5.814840e-02
6.739117e+06 5.628970e-02
6.739600e+06 5.516450e-02
6.739876e+06 5.454570e-02
6.740635e+06 5.294290e-02
6.741395e+06 5.150480e-02
6.742155e+06 5.025070e-02
6.742915e+06 4.919590e-02
6.743674e+06 4.835100e-02
6.744435e+06 4.772230e-02
6.745196e+06 4.731140e-02
6.745956e+06 4.711630e-02
6.746717e+06 4.713140e-02
6.747267e+06 4.726870e-02
6.747478e+06 4.734860e-02
6.748239e+06 4.775790e-02
6.749000e+06 4.834820e-02
6.749762e+06 4.910800e-02
6.750523e+06 5.002620e-02
6.751285e+06 5.109260e-02
6.752047e+06 5.229820e-02
6.752810e+06 5.363520e-02
6.753572e+06 5.509730e-02
6.754334e+06 5.667910e-02
6.754952e+06 5.804510e-02
6.755097e+06 5.837610e-02
6.755860e+06 6.018390e-02
6.756623e+06 6.209770e-02
6.757386e+06 6.411190e-02
6.758149e+06 6.621920e-02
6.758913e+06 6.841060e-02
6.759677e+06 7.067440e-02
6.760441e+06 7.299670e-02
6.761205e+06 7.536080e-02
6.761969e+06 7.774760e-02
6.762654e+06 7.989020e-02
6.762733e+06 8.013600e-02
6.763498e+06 8.250310e-02
6.764263e+06 8.482500e-02
6.765028e+06 8.707740e-02
6.765793e+06 8.923610e-02
6.766558e+06 9.127800e-02
6.767323e+06 9.318140e-02
6.768089e+06 9.492690e-02
6.768855e+06 9.649760e-02
6.769621e+06 9.787950e-02
6.770374e+06 9.904380e-02
6.770387e+06 9.906140e-02
6.771153e+06 1.000350e-01
6.771920e+06 1.007970e-01
6.772686e+06 1.013430e-01
6.773453e+06 1.016760e-01
6.774220e+06 1.017970e-01
6.774987e+06 1.017120e-01
6.775755e+06 1.014280e-01
6.776522e+06 1.009520e-01
6.777290e+06 1.002940e-01
6.778058e+06 9.946400e-02
6.778112e+06 9.939930e-02
6.778826e+06 9.847330e-02
6.779594e+06 9.733360e-02
6.780362e+06 9.605670e-02
6.781131e+06 9.465550e-02
6.781900e+06 9.314240e-02
6.782669e+06 9.153070e-02
6.783438e+06 8.983320e-02
6.784207e+06 8.806310e-02
6.784977e+06 8.623300e-02
6.785746e+06 8.435560e-02
6.785867e+06 8.405700e-02
6.786516e+06 8.244310e-02
6.787286e+06 8.050700e-02
6.788056e+06 7.855880e-02
6.788827e+06 7.660910e-02
6.789597e+06 7.466850e-02
6.790368e+06 7.274720e-02
6.791139e+06 7.085530e-02
6.791909e+06 6.900330e-02
6.792681e+06 6.720190e-02
6.793452e+06 6.546250e-02
6.793641e+06 6.504880e-02
6.794224e+06 6.379740e-02
6.794995e+06 6.221970e-02
6.795767e+06 6.074350e-02
6.796539e+06 5.938390e-02
6.797311e+06 5.815640e-02
6.798084e+06 5.707670e-02
6.798856e+06 5.616050e-02
6.799629e+06 5.542240e-02
6.800402e+06 5.487540e-02
6.801175e+06 5.453040e-02
6.801432e+06 5.446210e-02
6.801949e+06 5.439500e-02
6.802722e+06 5.447340e-02
6.803496e+06 5.476520e-02
6.804270e+06 5.526570e-02
6.805044e+06 5.596510e-02
6.805818e+06 5.684910e-02
6.806592e+06 5.789850e-02
6.807367e+06 5.909050e-02
6.808142e+06 6.039860e-02
6.808916e+06 6.179400e-02
6.809240e+06 6.239520e-02
6.809692e+06 6.324660e-02
6.810466e+06 6.472590e-02
6.811242e+06 6.620210e-02
6.812018e+06 6.764710e-02
6.812793e+06 6.903560e-02
6.813570e+06 7.034540e-02
6.814345e+06 7.155840e-02
6.815122e+06 7.266040e-02
6.815898e+06 7.364110e-02
6.816675e+06 7.449420e-02
6.817067e+06 7.487500e-02
6.817452e+06 7.521670e-02
6.818229e+06 7.580840e-02
6.819006e+06 7.627090e-02
6.819784e+06 7.660710e-02
6.820561e+06 7.682060e-02
6.821338e+06 7.691470e-02
6.822116e+06 7.689200e-02
6.822895e+06 7.675400e-02
6.823673e+06 7.650110e-02
6.824451e+06 7.613240e-02
6.824912e+06 7.585930e-02
6.825229e+06 7.564600e-02
6.826008e+06 7.503950e-02
6.826788e+06 7.431030e-02
6.827567e+06 7.345600e-02
6.828346e+06 7.247540e-02
6.829125e+06 7.136880e-02
6.829905e+06 7.013850e-02
6.830685e+06 6.878890e-02
6.831465e+06 6.732680e-02
6.832245e+06 6.576180e-02
6.832774e+06 6.464820e-02
6.833025e+06 6.410530e-02
6.833806e+06 6.237090e-02
6.834587e+06 6.057360e-02
6.835368e+06 5.872930e-02
6.836149e+06 5.685430e-02
6.836930e+06 5.496490e-02
6.837712e+06 5.307630e-02
6.838493e+06 5.120280e-02
6.839275e+06 4.935740e-02
6.840057e+06 4.755120e-02
6.840655e+06 4.620240e-02
6.848554e+06 3.225040e-02
6.856472e+06 2.700160e-02
6.864407e+06 2.758220e-02
6.872361e+06 3.392250e-02
6.880334e+06 4.163550e-02
6.888325e+06 3.876630e-02
6.896335e+06 2.984960e-02
6.904363e+06 2.195820e-02
6.912410e+06 2.109530e-02
6.920476e+06 3.003340e-02
6.928561e+06 4.686370e-02
6.936664e+06 5.886340e-02
6.944787e+06 5.635510e-02
6.952928e+06 4.543070e-02
6.961089e+06 3.783290e-02
6.969269e+06 3.949420e-02
6.977468e+06 5.143150e-02
6.985687e+06 6.137430e-02
6.993925e+06 6.359410e-02
7.002182e+06 4.677800e-02
7.010459e+06 2.914350e-02
7.018756e+06 2.164860e-02
7.027071e+06 2.180430e-02
7.035407e+06 2.649600e-02
7.043762e+06 2.892260e-02
7.052138e+06 2.555670e-02
7.060533e+06 1.862120e-02
7.068949e+06 1.299110e-02
7.077384e+06 1.278330e-02
7.085840e+06 1.686640e-02
7.094316e+06 2.488880e-02
7.102812e+06 2.914090e-02
7.111329e+06 2.538740e-02
7.119866e+06 1.753600e-02
7.128423e+06 1.370090e-02
7.137001e+06 1.553430e-02
7.145600e+06 2.189880e-02
7.154220e+06 3.078800e-02
7.162860e+06 3.128820e-02
7.171521e+06 2.506130e-02
7.180203e+06 1.443460e-02
7.188907e+06 9.596290e-03
7.197631e+06 1.091520e-02
7.206377e+06 1.293950e-02
7.215144e+06 1.554980e-02
7.223932e+06 1.332010e-02
7.232742e+06 8.404220e-03
7.241573e+06 6.910120e-03
7.250425e+06 8.176020e-03
7.259299e+06 8.063700e-03
7.268196e+06 9.541390e-03
7.277114e+06 1.356180e-02
7.286054e+06 1.672010e-02
7.295016e+06 1.365270e-02
7.304000e+06 8.663230e-03
7.313006e+06 7.348290e-03
7.322035e+06 8.755940e-03
7.331085e+06 1.127910e-02
7.340159e+06 1.037700e-02
7.349254e+06 6.323890e-03
7.358372e+06 5.211640e-03
7.367513e+06 4.188780e-03
7.376677e+06 3.726320e-03
7.385863e+06 4.018130e-03
7.395072e+06 6.056120e-03
7.404305e+06 5.914650e-03
7.413560e+06 3.150470e-03
7.422839e+06 2.460330e-03
7.432140e+06 4.718430e-03
7.441466e+06 5.068890e-03
7.450814e+06 4.226880e-03
7.460186e+06 5.299150e-03
7.469582e+06 5.965660e-03
7.479001e+06 5.154180e-03
7.488444e+06 4.170660e-03
7.497911e+06 2.374990e-03
7.507402e+06 3.120170e-03
7.516917e+06 4.332390e-03
7.526457e+06 4.155520e-03
7.536020e+06 3.627570e-03
7.545608e+06 2.476130e-03
7.555221e+06 2.546950e-03
7.564857e+06 4.644200e-03
7.574519e+06 5.004660e-03
7.584205e+06 6.309330e-03
7.593916e+06 4.706100e-03
7.603651e+06 3.654890e-03
7.613412e+06 3.400670e-03
7.623198e+06 3.993470e-03
7.633009e+06 4.556430e-03
7.642846e+06 3.098280e-03
7.652707e+06 3.942770e-03
7.662595e+06 4.326040e-03
7.672507e+06 4.367470e-03
7.682446e+06 4.124570e-03
7.692410e+06 3.143600e-03
7.702400e+06 3.040700e-03
7.712416e+06 2.290360e-03
7.722458e+06 3.311410e-03
7.732526e+06 4.435780e-03
7.742621e+06 3.760770e-03
7.752742e+06 3.440690e-03
7.762890e+06 2.355990e-03
7.773064e+06 1.136020e-03
7.783265e+06 2.363000e-03
7.793492e+06 3.436080e-03
7.803748e+06 2.068980e-03
7.814029e+06 2.511900e-03
7.824338e+06 3.334290e-03
7.834674e+06 2.697710e-03
7.845037e+06 2.557730e-03
7.855428e+06 2.268030e-03
7.865846e+06 3.144820e-03
7.876292e+06 3.026910e-03
7.886766e+06 3.223910e-03
7.897268e+06 2.802590e-03
