# # Wavelength(Angstrom)  Transmission
8.888889e+06 5.515370e-04
8.928571e+06 5.635800e-04
8.968610e+06 6.431830e-04
9.009009e+06 7.422610e-04
9.049774e+06 8.254330e-04
9.090909e+06 8.596250e-04
9.132420e+06 8.232190e-04
9.174312e+06 8.512850e-04
9.216590e+06 9.439480e-04
9.259259e+06 1.000390e-03
9.302326e+06 1.017860e-03
9.345794e+06 1.114500e-03
9.389671e+06 1.267610e-03
9.433962e+06 1.382840e-03
9.478673e+06 1.347820e-03
9.523810e+06 1.329090e-03
9.569378e+06 1.570800e-03
9.615385e+06 1.730650e-03
9.661836e+06 1.798710e-03
9.708738e+06 1.864010e-03
9.756098e+06 1.926480e-03
9.803922e+06 1.951450e-03
9.852217e+06 2.008150e-03
9.900990e+06 2.104160e-03
9.950249e+06 2.407970e-03
1.000000e+07 2.892410e-03
1.005025e+07 1.874890e-03
1.010101e+07 2.027850e-03
1.015228e+07 1.992420e-03
1.020408e+07 2.069220e-03
1.025641e+07 2.389580e-03
1.030928e+07 2.502080e-03
1.036269e+07 2.481860e-03
1.041667e+07 2.713910e-03
1.047120e+07 3.144120e-03
1.052632e+07 3.436410e-03
1.058201e+07 3.693880e-03
1.063830e+07 4.051220e-03
1.069519e+07 4.578880e-03
1.075269e+07 5.070290e-03
1.081081e+07 5.701140e-03
1.086957e+07 6.680580e-03
1.092896e+07 8.074010e-03
1.098901e+07 9.855450e-03
1.102309e+07 1.147490e-02
1.104362e+07 1.133900e-02
1.106423e+07 1.009470e-02
1.108491e+07 8.453410e-03
1.110566e+07 8.166960e-03
1.112650e+07 1.012810e-02
1.114741e+07 1.174330e-02
1.116841e+07 1.322010e-02
1.118948e+07 1.508440e-02
1.121063e+07 1.774670e-02
1.123186e+07 2.118680e-02
1.125318e+07 2.726760e-02
1.127457e+07 3.980440e-02
1.129605e+07 5.752730e-02
1.131760e+07 6.665260e-02
1.133924e+07 6.486180e-02
1.136097e+07 6.523480e-02
1.138277e+07 7.292540e-02
1.140466e+07 8.522420e-02
1.142664e+07 9.591310e-02
1.144870e+07 9.749170e-02
1.147084e+07 9.228970e-02
1.149307e+07 8.620620e-02
1.151539e+07 9.228380e-02
1.153779e+07 1.110110e-01
1.156028e+07 1.337470e-01
1.158286e+07 1.578910e-01
1.160553e+07 1.680140e-01
1.162828e+07 1.743850e-01
1.165113e+07 1.841350e-01
1.167406e+07 2.243840e-01
1.169709e+07 2.988720e-01
1.172021e+07 3.458290e-01
1.174342e+07 3.270540e-01
1.176672e+07 3.016020e-01
1.179011e+07 3.274660e-01
1.181359e+07 4.056220e-01
1.183717e+07 4.944630e-01
1.186085e+07 5.269070e-01
1.188462e+07 4.984840e-01
1.190848e+07 4.801320e-01
1.193245e+07 5.079420e-01
1.195650e+07 5.431630e-01
1.198066e+07 5.487750e-01
1.200491e+07 5.735520e-01
1.202926e+07 5.934250e-01
1.205371e+07 5.580530e-01
1.207826e+07 4.909120e-01
1.210291e+07 4.718510e-01
1.212766e+07 5.377490e-01
1.215251e+07 6.456830e-01
1.217746e+07 7.383010e-01
1.220252e+07 7.729910e-01
1.222768e+07 7.585250e-01
1.225294e+07 7.321440e-01
1.227831e+07 7.424290e-01
1.230379e+07 7.718360e-01
1.232936e+07 8.330230e-01
1.235505e+07 8.476220e-01
1.238085e+07 8.159750e-01
1.240675e+07 7.636900e-01
1.243276e+07 7.352670e-01
1.245888e+07 7.660340e-01
1.248511e+07 8.101570e-01
1.251144e+07 8.627840e-01
1.253790e+07 9.246430e-01
1.256446e+07 9.294750e-01
1.259114e+07 9.017630e-01
1.261792e+07 8.295450e-01
1.264483e+07 7.713380e-01
1.267185e+07 7.967840e-01
1.269898e+07 8.418600e-01
1.272623e+07 7.823710e-01
1.275360e+07 7.281070e-01
1.278109e+07 6.952380e-01
1.280869e+07 7.267510e-01
1.283642e+07 8.644560e-01
1.286426e+07 9.600500e-01
1.289223e+07 9.450700e-01
1.292032e+07 9.088740e-01
1.294853e+07 9.020430e-01
1.297686e+07 9.163690e-01
1.297864e+07 9.174890e-01
1.298146e+07 9.190860e-01
1.298428e+07 9.197720e-01
1.298710e+07 9.198620e-01
1.298992e+07 9.194310e-01
1.299274e+07 9.184460e-01
1.299556e+07 9.168870e-01
1.299838e+07 9.147430e-01
1.300121e+07 9.120150e-01
1.300404e+07 9.087120e-01
1.300532e+07 9.070350e-01
1.300686e+07 9.048490e-01
1.300969e+07 9.004490e-01
1.301252e+07 8.955370e-01
1.301535e+07 8.901460e-01
1.301819e+07 8.843110e-01
1.302102e+07 8.780740e-01
1.302386e+07 8.714840e-01
1.302669e+07 8.645980e-01
1.302953e+07 8.574840e-01
1.303237e+07 8.502240e-01
1.303390e+07 8.462810e-01
1.303521e+07 8.429090e-01
1.303805e+07 8.356490e-01
1.304089e+07 8.285620e-01
1.304373e+07 8.217810e-01
1.304658e+07 8.154470e-01
1.304943e+07 8.097030e-01
1.305227e+07 8.046920e-01
1.305512e+07 8.005520e-01
1.305797e+07 7.974040e-01
1.306082e+07 7.953510e-01
1.306261e+07 7.946660e-01
1.306367e+07 7.944700e-01
1.306653e+07 7.948050e-01
1.306938e+07 7.963680e-01
1.307224e+07 7.991290e-01
1.307510e+07 8.030240e-01
1.307796e+07 8.079510e-01
1.308082e+07 8.137750e-01
1.308368e+07 8.203340e-01
1.308654e+07 8.274420e-01
1.308940e+07 8.349040e-01
1.309145e+07 8.403170e-01
1.309227e+07 8.425140e-01
1.309513e+07 8.500730e-01
1.309800e+07 8.573890e-01
1.310087e+07 8.642880e-01
1.310374e+07 8.706170e-01
1.310661e+07 8.762490e-01
1.310948e+07 8.810830e-01
1.311236e+07 8.850470e-01
1.311523e+07 8.880930e-01
1.311811e+07 8.901980e-01
1.312041e+07 8.911910e-01
1.312098e+07 8.913560e-01
1.312386e+07 8.915790e-01
1.312674e+07 8.908860e-01
1.312962e+07 8.893070e-01
1.313251e+07 8.868740e-01
1.313539e+07 8.836210e-01
1.313828e+07 8.795840e-01
1.314116e+07 8.748020e-01
1.314405e+07 8.693150e-01
1.314694e+07 8.631710e-01
1.314950e+07 8.572230e-01
1.314983e+07 8.564260e-01
1.315272e+07 8.491490e-01
1.315561e+07 8.414230e-01
1.315851e+07 8.333490e-01
1.316140e+07 8.250460e-01
1.316430e+07 8.166500e-01
1.316720e+07 8.083120e-01
1.317009e+07 8.001970e-01
1.317299e+07 7.924760e-01
1.317590e+07 7.853220e-01
1.317872e+07 7.790600e-01
1.317880e+07 7.788990e-01
1.318170e+07 7.733620e-01
1.318461e+07 7.688420e-01
1.318752e+07 7.654470e-01
1.319042e+07 7.632510e-01
1.319333e+07 7.622940e-01
1.319624e+07 7.625800e-01
1.319915e+07 7.640760e-01
1.320207e+07 7.667170e-01
1.320498e+07 7.704070e-01
1.320790e+07 7.750300e-01
1.320807e+07 7.753340e-01
1.321081e+07 7.804510e-01
1.321373e+07 7.865260e-01
1.321665e+07 7.931130e-01
1.321957e+07 8.000730e-01
1.322250e+07 8.072800e-01
1.322542e+07 8.146250e-01
1.322834e+07 8.220180e-01
1.323127e+07 8.293880e-01
1.323420e+07 8.366870e-01
1.323712e+07 8.438830e-01
1.323756e+07 8.449330e-01
1.324005e+07 8.509580e-01
1.324299e+07 8.579060e-01
1.324592e+07 8.647220e-01
1.324885e+07 8.714050e-01
1.325179e+07 8.779480e-01
1.325472e+07 8.843370e-01
1.325766e+07 8.905480e-01
1.326060e+07 8.965450e-01
1.326354e+07 9.022840e-01
1.326648e+07 9.077100e-01
1.326717e+07 9.089190e-01
1.326943e+07 9.127630e-01
1.327237e+07 9.173820e-01
1.327531e+07 9.215050e-01
1.327826e+07 9.250800e-01
1.328121e+07 9.280590e-01
1.328416e+07 9.304100e-01
1.328711e+07 9.321120e-01
1.329006e+07 9.331620e-01
1.329301e+07 9.335670e-01
1.329597e+07 9.333470e-01
1.329692e+07 9.331340e-01
1.329893e+07 9.325330e-01
1.330188e+07 9.311590e-01
1.330484e+07 9.292640e-01
1.330780e+07 9.268830e-01
1.331076e+07 9.240460e-01
1.331372e+07 9.207790e-01
1.331669e+07 9.170960e-01
1.331965e+07 9.130040e-01
1.332262e+07 9.085030e-01
1.332559e+07 9.035860e-01
1.332680e+07 9.014780e-01
1.332856e+07 8.982450e-01
1.333153e+07 8.924770e-01
1.333450e+07 8.862830e-01
1.333747e+07 8.796750e-01
1.334045e+07 8.726840e-01
1.334342e+07 8.653580e-01
1.334640e+07 8.577640e-01
1.334938e+07 8.499950e-01
1.335236e+07 8.421610e-01
1.335534e+07 8.343940e-01
1.335681e+07 8.306200e-01
1.335832e+07 8.268390e-01
1.336131e+07 8.196540e-01
1.336429e+07 8.129990e-01
1.336728e+07 8.070340e-01
1.337027e+07 8.019090e-01
1.337326e+07 7.977630e-01
1.337624e+07 7.947120e-01
1.337924e+07 7.928490e-01
1.338223e+07 7.922390e-01
1.338522e+07 7.929150e-01
1.338696e+07 7.939140e-01
1.338822e+07 7.948790e-01
1.339122e+07 7.981030e-01
1.339422e+07 8.025290e-01
1.339722e+07 8.080710e-01
1.340022e+07 8.146170e-01
1.340322e+07 8.220390e-01
1.340622e+07 8.301910e-01
1.340923e+07 8.389140e-01
1.341224e+07 8.480430e-01
1.341524e+07 8.574100e-01
1.341725e+07 8.637340e-01
1.341825e+07 8.668460e-01
1.342126e+07 8.761870e-01
1.342427e+07 8.852750e-01
1.342729e+07 8.939640e-01
1.343030e+07 9.021200e-01
1.343332e+07 9.096240e-01
1.343634e+07 9.163730e-01
1.343935e+07 9.222870e-01
1.344237e+07 9.273040e-01
1.344540e+07 9.313830e-01
1.344767e+07 9.337880e-01
1.344842e+07 9.345050e-01
1.345144e+07 9.366750e-01
1.345447e+07 9.379140e-01
1.345750e+07 9.382660e-01
1.346052e+07 9.377870e-01
1.346355e+07 9.365470e-01
1.346658e+07 9.346260e-01
1.346962e+07 9.321050e-01
1.347265e+07 9.290670e-01
1.347569e+07 9.255900e-01
1.347824e+07 9.223700e-01
1.347872e+07 9.217430e-01
1.348176e+07 9.175840e-01
1.348480e+07 9.131600e-01
1.348784e+07 9.085010e-01
1.349088e+07 9.036270e-01
1.349392e+07 8.985480e-01
1.349697e+07 8.932650e-01
1.350002e+07 8.877780e-01
1.350306e+07 8.820910e-01
1.350611e+07 8.762130e-01
1.350894e+07 8.706200e-01
1.350916e+07 8.701700e-01
1.351221e+07 8.640020e-01
1.351527e+07 8.577720e-01
1.351832e+07 8.515610e-01
1.352138e+07 8.454740e-01
1.352443e+07 8.396300e-01
1.352749e+07 8.341630e-01
1.353055e+07 8.292110e-01
1.353361e+07 8.249090e-01
1.353668e+07 8.213830e-01
1.353974e+07 8.187330e-01
1.353978e+07 8.187020e-01
1.354280e+07 8.170350e-01
1.354587e+07 8.163240e-01
1.354894e+07 8.165960e-01
1.355201e+07 8.177990e-01
1.355508e+07 8.198400e-01
1.355815e+07 8.225830e-01
1.356123e+07 8.258590e-01
1.356430e+07 8.294720e-01
1.356738e+07 8.332140e-01
1.357046e+07 8.368750e-01
1.357077e+07 8.372370e-01
1.357353e+07 8.402570e-01
1.357662e+07 8.431890e-01
1.357970e+07 8.455350e-01
1.358278e+07 8.472050e-01
1.358587e+07 8.481610e-01
1.358895e+07 8.484230e-01
1.359204e+07 8.480600e-01
1.359513e+07 8.471940e-01
1.359822e+07 8.459840e-01
1.360131e+07 8.446200e-01
1.360189e+07 8.443560e-01
1.360440e+07 8.433070e-01
1.360750e+07 8.422530e-01
1.361060e+07 8.416490e-01
1.361369e+07 8.416640e-01
1.361679e+07 8.424250e-01
1.361989e+07 8.440150e-01
1.362299e+07 8.464660e-01
1.362610e+07 8.497550e-01
1.362920e+07 8.538120e-01
1.363231e+07 8.585210e-01
1.363316e+07 8.599050e-01
1.363542e+07 8.637340e-01
1.363852e+07 8.692780e-01
1.364164e+07 8.749730e-01
1.364475e+07 8.806380e-01
1.364786e+07 8.861110e-01
1.365097e+07 8.912510e-01
1.365409e+07 8.959530e-01
1.365721e+07 9.001460e-01
1.366033e+07 9.037980e-01
1.366345e+07 9.069130e-01
1.366457e+07 9.079230e-01
1.366657e+07 9.095220e-01
1.366969e+07 9.116820e-01
1.367282e+07 9.134430e-01
1.367594e+07 9.148290e-01
1.367907e+07 9.159200e-01
1.368220e+07 9.167860e-01
1.368533e+07 9.174750e-01
1.368846e+07 9.180080e-01
1.369159e+07 9.183760e-01
1.369473e+07 9.185460e-01
1.369613e+07 9.185430e-01
1.372784e+07 8.875270e-01
1.375969e+07 8.560990e-01
1.379169e+07 8.667750e-01
1.382383e+07 8.570310e-01
1.385613e+07 8.652330e-01
1.388858e+07 7.955960e-01
1.392118e+07 7.241840e-01
1.395394e+07 6.864370e-01
1.398685e+07 7.055710e-01
1.401992e+07 7.550370e-01
1.405314e+07 7.527760e-01
1.408652e+07 7.171730e-01
1.412006e+07 7.198660e-01
1.415376e+07 7.832820e-01
1.418762e+07 8.425460e-01
1.422164e+07 7.968530e-01
1.425583e+07 7.918600e-01
1.429018e+07 8.412030e-01
1.432470e+07 8.719750e-01
1.435938e+07 9.046990e-01
1.439424e+07 9.794910e-01
1.442926e+07 9.824790e-01
1.446445e+07 9.140790e-01
1.449982e+07 8.485890e-01
1.453535e+07 9.219430e-01
1.457107e+07 1.000000e+00
1.460696e+07 9.578620e-01
1.464302e+07 8.713120e-01
1.467927e+07 8.517780e-01
1.471569e+07 8.170620e-01
1.475230e+07 7.655930e-01
1.478909e+07 7.219480e-01
1.482606e+07 6.817020e-01
1.486322e+07 6.504700e-01
1.490056e+07 6.435070e-01
1.493810e+07 6.198950e-01
1.497582e+07 5.796930e-01
1.501373e+07 5.870380e-01
1.505184e+07 6.325670e-01
1.509014e+07 6.320860e-01
1.512863e+07 5.545660e-01
1.516733e+07 5.409440e-01
1.520622e+07 6.105280e-01
1.524531e+07 6.208200e-01
1.528460e+07 5.803630e-01
1.532409e+07 5.817950e-01
1.536379e+07 5.914020e-01
1.540370e+07 5.972590e-01
1.544381e+07 6.180750e-01
1.548414e+07 6.842120e-01
1.552467e+07 7.143260e-01
1.556542e+07 6.266150e-01
1.560638e+07 5.873430e-01
1.564756e+07 6.260720e-01
1.568895e+07 5.901370e-01
1.573057e+07 5.539960e-01
1.577241e+07 5.180270e-01
1.581447e+07 4.957060e-01
1.585675e+07 4.805920e-01
1.589926e+07 4.331320e-01
1.594200e+07 3.951500e-01
1.598497e+07 3.895180e-01
1.602817e+07 3.661760e-01
1.607161e+07 3.439240e-01
1.611528e+07 3.064870e-01
1.615920e+07 3.028470e-01
1.620335e+07 3.302450e-01
1.624774e+07 3.528830e-01
1.629238e+07 3.520080e-01
1.633726e+07 3.528320e-01
1.638239e+07 3.294140e-01
1.642777e+07 3.126240e-01
1.647340e+07 2.391360e-01
1.651929e+07 1.149910e-01
1.656543e+07 4.874370e-02
1.661183e+07 1.761530e-02
1.665850e+07 9.356980e-03
1.670542e+07 5.431110e-03
1.675261e+07 3.344720e-03
1.680007e+07 2.150950e-03
1.684780e+07 1.430460e-03
1.689580e+07 9.773720e-04
1.694407e+07 6.829080e-04
