# # Wavelength(Angstrom)  Transmission
1.320000e+04 3.000000e-04
1.325000e+04 9.000000e-04
1.330000e+04 2.800000e-03
1.335000e+04 7.600000e-03
1.340000e+04 1.890000e-02
1.345000e+04 4.300000e-02
1.350000e+04 9.010000e-02
1.355000e+04 1.733000e-01
1.360000e+04 3.074000e-01
1.365000e+04 5.037000e-01
1.370000e+04 7.654000e-01
1.375000e+04 1.082500e+00
1.380000e+04 1.431100e+00
1.385000e+04 1.781600e+00
1.390000e+04 2.100200e+00
1.395000e+04 2.363600e+00
1.400000e+04 2.561700e+00
1.405000e+04 2.696000e+00
1.410000e+04 2.778900e+00
1.415000e+04 2.825500e+00
1.420000e+04 2.850500e+00
1.425000e+04 2.864400e+00
1.430000e+04 2.870200e+00
1.435000e+04 2.873900e+00
1.440000e+04 2.874600e+00
1.445000e+04 2.873500e+00
1.450000e+04 2.874200e+00
1.455000e+04 2.875500e+00
1.460000e+04 2.876400e+00
1.465000e+04 2.877000e+00
1.470000e+04 2.877600e+00
1.475000e+04 2.879200e+00
1.480000e+04 2.879200e+00
1.485000e+04 2.880800e+00
1.490000e+04 2.881200e+00
1.495000e+04 2.883100e+00
1.500000e+04 2.883700e+00
1.505000e+04 2.884100e+00
1.510000e+04 2.886300e+00
1.515000e+04 2.887800e+00
1.520000e+04 2.889400e+00
1.525000e+04 2.892000e+00
1.530000e+04 2.892800e+00
1.535000e+04 2.895400e+00
1.540000e+04 2.898000e+00
1.545000e+04 2.899900e+00
1.550000e+04 2.901900e+00
1.555000e+04 2.903400e+00
1.560000e+04 2.904900e+00
1.565000e+04 2.905800e+00
1.570000e+04 2.908100e+00
1.575000e+04 2.909200e+00
1.580000e+04 2.910400e+00
1.585000e+04 2.912500e+00
1.590000e+04 2.915000e+00
1.595000e+04 2.918200e+00
1.600000e+04 2.922200e+00
1.605000e+04 2.926100e+00
1.610000e+04 2.930400e+00
1.615000e+04 2.934200e+00
1.620000e+04 2.938300e+00
1.625000e+04 2.943900e+00
1.630000e+04 2.949600e+00
1.635000e+04 2.953700e+00
1.640000e+04 2.957600e+00
1.645000e+04 2.961200e+00
1.650000e+04 2.964500e+00
1.655000e+04 2.968600e+00
1.660000e+04 2.970500e+00
1.665000e+04 2.973900e+00
1.670000e+04 2.977000e+00
1.675000e+04 2.978400e+00
1.680000e+04 2.979700e+00
1.685000e+04 2.982300e+00
1.690000e+04 2.983400e+00
1.695000e+04 2.984200e+00
1.700000e+04 2.986700e+00
1.705000e+04 2.988700e+00
1.710000e+04 2.989800e+00
1.715000e+04 2.988200e+00
1.720000e+04 2.984400e+00
1.725000e+04 2.972800e+00
1.730000e+04 2.950600e+00
1.735000e+04 2.913100e+00
1.740000e+04 2.852800e+00
1.745000e+04 2.761400e+00
1.750000e+04 2.634600e+00
1.755000e+04 2.464200e+00
1.760000e+04 2.253500e+00
1.765000e+04 2.004500e+00
1.770000e+04 1.728900e+00
1.775000e+04 1.440700e+00
1.780000e+04 1.156400e+00
1.785000e+04 8.922000e-01
1.790000e+04 6.592000e-01
1.795000e+04 4.659000e-01
1.800000e+04 3.142000e-01
1.805000e+04 2.021000e-01
1.810000e+04 1.238000e-01
1.815000e+04 7.210000e-02
1.820000e+04 3.990000e-02
1.825000e+04 2.100000e-02
1.830000e+04 1.050000e-02
1.835000e+04 4.900000e-03
1.840000e+04 2.200000e-03
1.845000e+04 9.000000e-04
1.850000e+04 4.000000e-04
