# # Wavelength(Angstrom)  Transmission
1.865000e+04 3.000000e-04
1.870000e+04 6.000000e-04
1.875000e+04 1.400000e-03
1.880000e+04 3.000000e-03
1.885000e+04 6.200000e-03
1.890000e+04 1.210000e-02
1.895000e+04 2.250000e-02
1.900000e+04 4.010000e-02
1.905000e+04 6.850000e-02
1.910000e+04 1.122000e-01
1.915000e+04 1.761000e-01
1.920000e+04 2.653000e-01
1.925000e+04 3.843000e-01
1.930000e+04 5.350000e-01
1.935000e+04 7.176000e-01
1.940000e+04 9.283000e-01
1.945000e+04 1.161000e+00
1.950000e+04 1.404600e+00
1.955000e+04 1.648400e+00
1.960000e+04 1.879900e+00
1.965000e+04 2.089500e+00
1.970000e+04 2.272200e+00
1.975000e+04 2.421800e+00
1.980000e+04 2.539200e+00
1.985000e+04 2.627100e+00
1.990000e+04 2.689800e+00
1.995000e+04 2.732400e+00
2.000000e+04 2.761200e+00
2.005000e+04 2.778100e+00
2.010000e+04 2.788000e+00
2.015000e+04 2.793500e+00
2.020000e+04 2.796500e+00
2.025000e+04 2.798100e+00
2.030000e+04 2.799000e+00
2.035000e+04 2.801300e+00
2.040000e+04 2.801700e+00
2.045000e+04 2.802400e+00
2.050000e+04 2.803100e+00
2.055000e+04 2.805300e+00
2.060000e+04 2.805900e+00
2.065000e+04 2.808300e+00
2.070000e+04 2.809200e+00
2.075000e+04 2.810400e+00
2.080000e+04 2.813000e+00
2.085000e+04 2.814400e+00
2.090000e+04 2.816000e+00
2.095000e+04 2.817700e+00
2.100000e+04 2.819500e+00
2.105000e+04 2.821900e+00
2.110000e+04 2.824500e+00
2.115000e+04 2.828000e+00
2.120000e+04 2.831500e+00
2.125000e+04 2.832700e+00
2.130000e+04 2.836900e+00
2.135000e+04 2.839300e+00
2.140000e+04 2.841400e+00
2.145000e+04 2.844800e+00
2.150000e+04 2.845900e+00
2.155000e+04 2.846500e+00
2.160000e+04 2.846700e+00
2.165000e+04 2.847300e+00
2.170000e+04 2.847400e+00
2.175000e+04 2.846600e+00
2.180000e+04 2.845400e+00
2.185000e+04 2.844000e+00
2.190000e+04 2.842400e+00
2.195000e+04 2.842200e+00
2.200000e+04 2.841300e+00
2.205000e+04 2.840700e+00
2.210000e+04 2.837800e+00
2.215000e+04 2.833500e+00
2.220000e+04 2.829900e+00
2.225000e+04 2.822400e+00
2.230000e+04 2.814300e+00
2.235000e+04 2.802600e+00
2.240000e+04 2.787200e+00
2.245000e+04 2.764000e+00
2.250000e+04 2.731000e+00
2.255000e+04 2.687500e+00
2.260000e+04 2.625200e+00
2.265000e+04 2.545500e+00
2.270000e+04 2.444100e+00
2.275000e+04 2.319500e+00
2.280000e+04 2.171500e+00
2.285000e+04 2.001500e+00
2.290000e+04 1.813000e+00
2.295000e+04 1.610900e+00
2.300000e+04 1.402700e+00
2.305000e+04 1.193600e+00
2.310000e+04 9.932000e-01
2.315000e+04 8.058000e-01
2.320000e+04 6.367000e-01
2.325000e+04 4.900000e-01
2.330000e+04 3.670000e-01
2.335000e+04 2.668000e-01
2.340000e+04 1.886000e-01
2.345000e+04 1.294000e-01
2.350000e+04 8.600000e-02
2.355000e+04 5.550000e-02
2.360000e+04 3.470000e-02
2.365000e+04 2.100000e-02
2.370000e+04 1.230000e-02
2.375000e+04 7.000000e-03
2.380000e+04 3.900000e-03
2.385000e+04 2.100000e-03
2.390000e+04 1.100000e-03
2.395000e+04 5.000000e-04
