# # Wavelength(Angstrom)  Transmission
4.600000e+03 3.000000e-04
4.650000e+03 5.200000e-03
4.700000e+03 5.200000e-02
4.750000e+03 2.583000e-01
4.800000e+03 6.892000e-01
4.850000e+03 1.108000e+00
4.900000e+03 1.295600e+00
4.950000e+03 1.327700e+00
5.000000e+03 1.324300e+00
5.050000e+03 1.327300e+00
5.100000e+03 1.338600e+00
5.150000e+03 1.357200e+00
5.200000e+03 1.382700e+00
5.250000e+03 1.414400e+00
5.300000e+03 1.450600e+00
5.350000e+03 1.491800e+00
5.400000e+03 1.536600e+00
5.450000e+03 1.583100e+00
5.500000e+03 1.632600e+00
5.550000e+03 1.684000e+00
5.600000e+03 1.739600e+00
5.650000e+03 1.797600e+00
5.700000e+03 1.857100e+00
5.750000e+03 1.916800e+00
5.800000e+03 1.975100e+00
5.850000e+03 2.030800e+00
5.900000e+03 2.082600e+00
5.950000e+03 2.128900e+00
6.000000e+03 2.168500e+00
6.050000e+03 2.198100e+00
6.100000e+03 2.223700e+00
6.150000e+03 2.243900e+00
6.200000e+03 2.260700e+00
6.250000e+03 2.275600e+00
6.300000e+03 2.292400e+00
6.350000e+03 2.306200e+00
6.400000e+03 2.316900e+00
6.450000e+03 2.324700e+00
6.500000e+03 2.329100e+00
6.550000e+03 2.330000e+00
6.600000e+03 2.326300e+00
6.650000e+03 2.322600e+00
6.700000e+03 2.317000e+00
6.750000e+03 2.312400e+00
6.800000e+03 2.313600e+00
6.850000e+03 2.315000e+00
6.900000e+03 2.316700e+00
6.950000e+03 2.317500e+00
7.000000e+03 2.316900e+00
7.050000e+03 2.312100e+00
7.100000e+03 2.306000e+00
7.150000e+03 2.299900e+00
7.200000e+03 2.295000e+00
7.250000e+03 2.292700e+00
7.300000e+03 2.291200e+00
7.350000e+03 2.286100e+00
7.400000e+03 2.266600e+00
7.450000e+03 2.197900e+00
7.500000e+03 2.014700e+00
7.550000e+03 1.670500e+00
7.600000e+03 1.186800e+00
7.650000e+03 6.909000e-01
7.700000e+03 3.182000e-01
7.750000e+03 1.131000e-01
7.800000e+03 3.040000e-02
7.850000e+03 6.100000e-03
7.900000e+03 9.000000e-04
7.950000e+03 1.000000e-04
