# # Wavelength(Angstrom)  Transmission
7.250000e+03 1.000000e-04
7.300000e+03 9.000000e-04
7.350000e+03 5.700000e-03
7.400000e+03 2.820000e-02
7.450000e+03 1.058000e-01
7.500000e+03 3.024000e-01
7.550000e+03 6.726000e-01
7.600000e+03 1.186800e+00
7.650000e+03 1.715700e+00
7.700000e+03 2.119500e+00
7.750000e+03 2.349600e+00
7.800000e+03 2.443000e+00
7.850000e+03 2.472100e+00
7.900000e+03 2.478700e+00
7.950000e+03 2.480700e+00
8.000000e+03 2.484000e+00
8.050000e+03 2.494800e+00
8.100000e+03 2.507500e+00
8.150000e+03 2.520900e+00
8.200000e+03 2.534500e+00
8.250000e+03 2.548400e+00
8.300000e+03 2.556900e+00
8.350000e+03 2.563800e+00
8.400000e+03 2.572100e+00
8.450000e+03 2.580900e+00
8.500000e+03 2.593200e+00
8.550000e+03 2.610300e+00
8.600000e+03 2.628400e+00
8.650000e+03 2.649100e+00
8.700000e+03 2.667500e+00
8.750000e+03 2.687300e+00
8.800000e+03 2.706700e+00
8.850000e+03 2.725600e+00
8.900000e+03 2.743500e+00
8.950000e+03 2.758500e+00
9.000000e+03 2.771400e+00
9.050000e+03 2.784400e+00
9.100000e+03 2.795700e+00
9.150000e+03 2.805300e+00
9.200000e+03 2.812700e+00
9.250000e+03 2.816200e+00
9.300000e+03 2.817800e+00
9.350000e+03 2.818400e+00
9.400000e+03 2.814300e+00
9.450000e+03 2.805800e+00
9.500000e+03 2.783900e+00
9.550000e+03 2.730600e+00
9.600000e+03 2.613400e+00
9.650000e+03 2.390400e+00
9.700000e+03 2.043800e+00
9.750000e+03 1.592600e+00
9.800000e+03 1.108300e+00
9.850000e+03 6.759000e-01
9.900000e+03 3.564000e-01
9.950000e+03 1.609000e-01
1.000000e+04 6.170000e-02
1.005000e+04 2.000000e-02
1.010000e+04 5.400000e-03
1.015000e+04 1.200000e-03
1.020000e+04 2.000000e-04
