# # Wavelength(Angstrom)  Transmission
4.000000e+03 0.000000e+00
4.050000e+03 3.000000e-03
4.100000e+03 6.000000e-03
4.150000e+03 7.800000e-02
4.200000e+03 3.010000e-01
4.250000e+03 5.060000e-01
4.300000e+03 6.120000e-01
4.350000e+03 6.760000e-01
4.400000e+03 7.160000e-01
4.450000e+03 7.530000e-01
4.500000e+03 7.840000e-01
4.550000e+03 8.130000e-01
4.600000e+03 8.390000e-01
4.650000e+03 8.560000e-01
4.700000e+03 8.760000e-01
4.750000e+03 8.960000e-01
4.800000e+03 9.180000e-01
4.850000e+03 9.390000e-01
4.900000e+03 9.530000e-01
4.950000e+03 9.710000e-01
5.000000e+03 9.810000e-01
5.050000e+03 9.900000e-01
5.100000e+03 9.950000e-01
5.150000e+03 1.000000e+00
5.200000e+03 9.970000e-01
5.250000e+03 9.880000e-01
5.300000e+03 9.800000e-01
5.350000e+03 9.600000e-01
5.400000e+03 9.370000e-01
5.450000e+03 9.080000e-01
5.500000e+03 8.740000e-01
5.550000e+03 8.280000e-01
5.600000e+03 7.750000e-01
5.650000e+03 7.190000e-01
5.700000e+03 6.580000e-01
5.750000e+03 5.940000e-01
5.800000e+03 5.240000e-01
5.850000e+03 4.600000e-01
5.900000e+03 3.910000e-01
5.950000e+03 3.290000e-01
6.000000e+03 2.710000e-01
6.050000e+03 2.190000e-01
6.100000e+03 1.730000e-01
6.150000e+03 1.350000e-01
6.200000e+03 1.030000e-01
6.250000e+03 7.700000e-02
6.300000e+03 5.700000e-02
6.350000e+03 4.200000e-02
6.400000e+03 3.100000e-02
6.450000e+03 2.000000e-02
6.500000e+03 1.400000e-02
6.550000e+03 1.200000e-02
6.600000e+03 7.000000e-03
6.650000e+03 5.000000e-03
6.700000e+03 0.000000e+00
