# # Wavelength(Angstrom)  Transmission
8.100000e+03 0.000000e+00
8.150000e+03 8.000000e-03
8.200000e+03 1.900000e-02
8.250000e+03 4.600000e-02
8.300000e+03 1.020000e-01
8.350000e+03 2.030000e-01
8.400000e+03 3.470000e-01
8.450000e+03 5.020000e-01
8.500000e+03 6.530000e-01
8.550000e+03 7.820000e-01
8.600000e+03 8.760000e-01
8.650000e+03 9.350000e-01
8.700000e+03 9.790000e-01
8.750000e+03 9.950000e-01
8.800000e+03 1.000000e+00
8.850000e+03 9.820000e-01
8.900000e+03 9.460000e-01
8.950000e+03 8.450000e-01
9.000000e+03 7.730000e-01
9.050000e+03 7.640000e-01
9.100000e+03 7.190000e-01
9.150000e+03 6.990000e-01
9.200000e+03 7.080000e-01
9.250000e+03 6.610000e-01
9.300000e+03 4.930000e-01
9.350000e+03 3.480000e-01
9.400000e+03 3.610000e-01
9.450000e+03 3.500000e-01
9.500000e+03 3.410000e-01
9.550000e+03 3.500000e-01
9.600000e+03 3.680000e-01
9.650000e+03 4.070000e-01
9.700000e+03 4.320000e-01
9.750000e+03 4.240000e-01
9.800000e+03 4.020000e-01
9.850000e+03 3.780000e-01
9.900000e+03 3.550000e-01
9.950000e+03 3.340000e-01
1.000000e+04 3.120000e-01
1.005000e+04 2.910000e-01
1.010000e+04 2.700000e-01
1.015000e+04 2.500000e-01
1.020000e+04 2.250000e-01
1.025000e+04 2.030000e-01
1.030000e+04 1.810000e-01
1.035000e+04 1.590000e-01
1.040000e+04 1.340000e-01
1.045000e+04 1.120000e-01
1.050000e+04 9.100000e-02
1.060000e+04 4.800000e-02
1.070000e+04 0.000000e+00
