# # Wavelength(Angstrom)  Transmission
4.800000e+03 0.000000e+00
4.850000e+03 2.000000e-03
4.900000e+03 8.000000e-03
4.950000e+03 1.200000e-02
5.000000e+03 2.100000e-02
5.050000e+03 3.400000e-02
5.100000e+03 5.100000e-02
5.150000e+03 7.000000e-02
5.200000e+03 9.700000e-02
5.250000e+03 1.410000e-01
5.300000e+03 2.180000e-01
5.350000e+03 3.540000e-01
5.400000e+03 5.720000e-01
5.450000e+03 7.720000e-01
5.500000e+03 9.510000e-01
5.550000e+03 9.320000e-01
5.600000e+03 9.530000e-01
5.650000e+03 9.620000e-01
5.700000e+03 9.260000e-01
5.750000e+03 9.430000e-01
5.800000e+03 9.470000e-01
5.850000e+03 9.370000e-01
5.900000e+03 9.460000e-01
5.950000e+03 9.470000e-01
6.000000e+03 9.270000e-01
6.050000e+03 9.190000e-01
6.100000e+03 8.980000e-01
6.150000e+03 8.950000e-01
6.200000e+03 9.260000e-01
6.250000e+03 9.450000e-01
6.300000e+03 9.660000e-01
6.350000e+03 9.740000e-01
6.400000e+03 9.470000e-01
6.450000e+03 9.700000e-01
6.500000e+03 1.000000e+00
6.550000e+03 9.280000e-01
6.600000e+03 9.070000e-01
6.650000e+03 9.860000e-01
6.700000e+03 9.900000e-01
6.750000e+03 9.230000e-01
6.800000e+03 8.580000e-01
6.850000e+03 7.820000e-01
6.900000e+03 8.490000e-01
6.950000e+03 6.310000e-01
7.000000e+03 2.100000e-01
7.050000e+03 9.300000e-02
7.100000e+03 7.100000e-02
7.150000e+03 5.200000e-02
7.200000e+03 1.700000e-02
7.250000e+03 6.000000e-03
7.300000e+03 0.000000e+00
