# # Wavelength(Angstrom)  Transmission
6.396000e+03 8.900000e-05
6.397000e+03 1.990000e-04
6.398000e+03 3.170000e-04
6.399000e+03 4.640000e-04
6.400000e+03 6.410000e-04
6.401000e+03 7.810000e-04
6.402000e+03 9.340000e-04
6.403000e+03 1.135000e-03
6.404000e+03 1.334000e-03
6.405000e+03 1.520000e-03
6.406000e+03 1.758000e-03
6.407000e+03 1.996000e-03
6.408000e+03 2.255000e-03
6.409000e+03 2.603000e-03
6.410000e+03 2.951000e-03
6.411000e+03 3.314000e-03
6.412000e+03 3.711000e-03
6.413000e+03 4.126000e-03
6.414000e+03 4.584000e-03
6.415000e+03 5.090000e-03
6.416000e+03 5.618000e-03
6.417000e+03 6.235000e-03
6.418000e+03 6.851000e-03
6.419000e+03 7.520000e-03
6.420000e+03 8.237000e-03
6.421000e+03 8.969000e-03
6.422000e+03 9.802000e-03
6.423000e+03 1.067000e-02
6.424000e+03 1.160700e-02
6.425000e+03 1.260400e-02
6.426000e+03 1.366200e-02
6.427000e+03 1.477800e-02
6.428000e+03 1.594800e-02
6.429000e+03 1.719800e-02
6.430000e+03 1.856200e-02
6.431000e+03 1.995000e-02
6.432000e+03 2.139800e-02
6.433000e+03 2.296400e-02
6.434000e+03 2.462000e-02
6.435000e+03 2.634400e-02
6.436000e+03 2.811800e-02
6.437000e+03 3.000200e-02
6.438000e+03 3.201000e-02
6.439000e+03 3.409000e-02
6.440000e+03 3.624800e-02
6.441000e+03 3.846200e-02
6.442000e+03 4.076800e-02
6.443000e+03 4.318000e-02
6.444000e+03 4.569400e-02
6.445000e+03 4.832200e-02
6.446000e+03 5.104800e-02
6.447000e+03 5.385800e-02
6.448000e+03 5.679000e-02
6.449000e+03 5.980400e-02
6.450000e+03 6.295800e-02
6.451000e+03 6.621200e-02
6.452000e+03 6.955000e-02
6.453000e+03 7.298800e-02
6.454000e+03 7.652400e-02
6.455000e+03 8.016400e-02
6.456000e+03 8.394800e-02
6.457000e+03 8.778400e-02
6.458000e+03 9.171400e-02
6.459000e+03 9.572600e-02
6.460000e+03 9.994000e-02
6.461000e+03 1.041900e-01
6.462000e+03 1.085100e-01
6.463000e+03 1.129800e-01
6.464000e+03 1.175800e-01
6.465000e+03 1.223000e-01
6.466000e+03 1.271000e-01
6.467000e+03 1.319600e-01
6.468000e+03 1.370200e-01
6.469000e+03 1.421000e-01
6.470000e+03 1.473000e-01
6.471000e+03 1.526000e-01
6.472000e+03 1.580000e-01
6.473000e+03 1.635000e-01
6.474000e+03 1.691200e-01
6.475000e+03 1.748200e-01
6.476000e+03 1.805800e-01
6.477000e+03 1.864400e-01
6.478000e+03 1.924800e-01
6.479000e+03 1.985200e-01
6.480000e+03 2.046200e-01
6.481000e+03 2.108200e-01
6.482000e+03 2.171000e-01
6.483000e+03 2.234000e-01
6.484000e+03 2.298800e-01
6.485000e+03 2.365000e-01
6.486000e+03 2.431400e-01
6.487000e+03 2.498200e-01
6.488000e+03 2.565800e-01
6.489000e+03 2.633800e-01
6.490000e+03 2.702400e-01
6.491000e+03 2.771800e-01
6.492000e+03 2.841400e-01
6.493000e+03 2.911800e-01
6.494000e+03 2.982200e-01
6.495000e+03 3.052400e-01
6.496000e+03 3.123800e-01
6.497000e+03 3.194800e-01
6.498000e+03 3.266400e-01
6.499000e+03 3.338000e-01
6.500000e+03 3.409800e-01
6.501000e+03 3.482200e-01
6.502000e+03 3.553800e-01
6.503000e+03 3.625800e-01
6.504000e+03 3.697800e-01
6.505000e+03 3.769800e-01
6.506000e+03 3.841400e-01
6.507000e+03 3.913400e-01
6.508000e+03 3.985000e-01
6.509000e+03 4.055800e-01
6.510000e+03 4.125400e-01
6.511000e+03 4.195600e-01
6.512000e+03 4.265000e-01
6.513000e+03 4.334200e-01
6.514000e+03 4.403200e-01
6.515000e+03 4.471200e-01
6.516000e+03 4.539000e-01
6.517000e+03 4.604600e-01
6.518000e+03 4.670000e-01
6.519000e+03 4.734400e-01
6.520000e+03 4.797600e-01
6.521000e+03 4.859800e-01
6.522000e+03 4.921800e-01
6.523000e+03 4.983200e-01
6.524000e+03 5.042400e-01
6.525000e+03 5.101800e-01
6.526000e+03 5.160000e-01
6.527000e+03 5.216800e-01
6.528000e+03 5.272200e-01
6.529000e+03 5.327200e-01
6.530000e+03 5.380400e-01
6.531000e+03 5.432800e-01
6.532000e+03 5.484000e-01
6.533000e+03 5.534000e-01
6.534000e+03 5.581800e-01
6.535000e+03 5.628200e-01
6.536000e+03 5.673600e-01
6.537000e+03 5.717400e-01
6.538000e+03 5.761200e-01
6.539000e+03 5.803000e-01
6.540000e+03 5.843800e-01
6.541000e+03 5.883400e-01
6.542000e+03 5.921200e-01
6.543000e+03 5.957400e-01
6.544000e+03 5.992200e-01
6.545000e+03 6.024800e-01
6.546000e+03 6.056400e-01
6.547000e+03 6.086400e-01
6.548000e+03 6.114600e-01
6.549000e+03 6.141800e-01
6.550000e+03 6.167400e-01
6.551000e+03 6.191800e-01
6.552000e+03 6.215000e-01
6.553000e+03 6.237800e-01
6.554000e+03 6.257800e-01
6.555000e+03 6.276000e-01
6.556000e+03 6.293800e-01
6.557000e+03 6.308400e-01
6.558000e+03 6.322600e-01
6.559000e+03 6.335600e-01
6.560000e+03 6.346600e-01
6.561000e+03 6.354400e-01
6.562000e+03 6.361200e-01
6.563000e+03 6.367200e-01
6.564000e+03 6.370600e-01
6.565000e+03 6.372400e-01
6.566000e+03 6.373400e-01
6.567000e+03 6.373200e-01
6.568000e+03 6.370400e-01
6.569000e+03 6.365600e-01
6.570000e+03 6.358800e-01
6.571000e+03 6.349600e-01
6.572000e+03 6.339200e-01
6.573000e+03 6.326600e-01
6.574000e+03 6.313600e-01
6.575000e+03 6.298800e-01
6.576000e+03 6.282800e-01
6.577000e+03 6.265400e-01
6.578000e+03 6.245800e-01
6.579000e+03 6.224800e-01
6.580000e+03 6.202800e-01
6.581000e+03 6.178000e-01
6.582000e+03 6.152800e-01
6.583000e+03 6.126000e-01
6.584000e+03 6.097000e-01
6.585000e+03 6.067400e-01
6.586000e+03 6.035600e-01
6.587000e+03 6.002800e-01
6.588000e+03 5.968200e-01
6.589000e+03 5.932200e-01
6.590000e+03 5.894800e-01
6.591000e+03 5.855800e-01
6.592000e+03 5.816400e-01
6.593000e+03 5.775800e-01
6.594000e+03 5.734200e-01
6.595000e+03 5.690600e-01
6.596000e+03 5.646400e-01
6.597000e+03 5.600600e-01
6.598000e+03 5.554200e-01
6.599000e+03 5.506200e-01
6.600000e+03 5.457800e-01
6.601000e+03 5.408800e-01
6.602000e+03 5.358800e-01
6.603000e+03 5.308000e-01
6.604000e+03 5.255600e-01
6.605000e+03 5.203600e-01
6.606000e+03 5.149800e-01
6.607000e+03 5.095400e-01
6.608000e+03 5.039800e-01
6.609000e+03 4.983000e-01
6.610000e+03 4.925600e-01
6.611000e+03 4.867800e-01
6.612000e+03 4.808600e-01
6.613000e+03 4.749400e-01
6.614000e+03 4.687800e-01
6.615000e+03 4.626200e-01
6.616000e+03 4.563600e-01
6.617000e+03 4.499400e-01
6.618000e+03 4.435400e-01
6.619000e+03 4.370600e-01
6.620000e+03 4.305800e-01
6.621000e+03 4.240400e-01
6.622000e+03 4.174800e-01
6.623000e+03 4.108200e-01
6.624000e+03 4.041600e-01
6.625000e+03 3.974600e-01
6.626000e+03 3.907600e-01
6.627000e+03 3.841200e-01
6.628000e+03 3.773800e-01
6.629000e+03 3.706400e-01
6.630000e+03 3.639200e-01
6.631000e+03 3.572200e-01
6.632000e+03 3.505000e-01
6.633000e+03 3.437000e-01
6.634000e+03 3.368800e-01
6.635000e+03 3.301400e-01
6.636000e+03 3.234600e-01
6.637000e+03 3.167200e-01
6.638000e+03 3.100400e-01
6.639000e+03 3.033600e-01
6.640000e+03 2.967400e-01
6.641000e+03 2.902200e-01
6.642000e+03 2.836800e-01
6.643000e+03 2.771600e-01
6.644000e+03 2.707800e-01
6.645000e+03 2.644000e-01
6.646000e+03 2.581200e-01
6.647000e+03 2.518600e-01
6.648000e+03 2.457200e-01
6.649000e+03 2.396400e-01
6.650000e+03 2.336000e-01
6.651000e+03 2.277000e-01
6.652000e+03 2.218400e-01
6.653000e+03 2.160200e-01
6.654000e+03 2.103400e-01
6.655000e+03 2.047000e-01
6.656000e+03 1.991200e-01
6.657000e+03 1.935600e-01
6.658000e+03 1.881000e-01
6.659000e+03 1.826400e-01
6.660000e+03 1.772600e-01
6.661000e+03 1.720600e-01
6.662000e+03 1.668200e-01
6.663000e+03 1.617400e-01
6.664000e+03 1.567000e-01
6.665000e+03 1.518400e-01
6.666000e+03 1.469200e-01
6.667000e+03 1.421600e-01
6.668000e+03 1.374400e-01
6.669000e+03 1.328600e-01
6.670000e+03 1.282800e-01
6.671000e+03 1.238200e-01
6.672000e+03 1.193400e-01
6.673000e+03 1.150600e-01
6.674000e+03 1.108200e-01
6.675000e+03 1.066800e-01
6.676000e+03 1.026020e-01
6.677000e+03 9.863200e-02
6.678000e+03 9.480600e-02
6.679000e+03 9.099600e-02
6.680000e+03 8.730800e-02
6.681000e+03 8.363400e-02
6.682000e+03 8.012200e-02
6.683000e+03 7.669200e-02
6.684000e+03 7.333600e-02
6.685000e+03 7.010400e-02
6.686000e+03 6.689200e-02
6.687000e+03 6.376600e-02
6.688000e+03 6.067600e-02
6.689000e+03 5.776400e-02
6.690000e+03 5.490400e-02
6.691000e+03 5.217000e-02
6.692000e+03 4.953400e-02
6.693000e+03 4.695600e-02
6.694000e+03 4.452400e-02
6.695000e+03 4.211000e-02
6.696000e+03 3.973600e-02
6.697000e+03 3.743800e-02
6.698000e+03 3.534800e-02
6.699000e+03 3.329800e-02
6.700000e+03 3.131600e-02
6.701000e+03 2.939800e-02
6.702000e+03 2.763400e-02
6.703000e+03 2.588000e-02
6.704000e+03 2.422600e-02
6.705000e+03 2.265600e-02
6.706000e+03 2.118000e-02
6.707000e+03 1.973800e-02
6.708000e+03 1.840400e-02
6.709000e+03 1.711600e-02
6.710000e+03 1.591400e-02
6.711000e+03 1.476800e-02
6.712000e+03 1.363800e-02
6.713000e+03 1.263800e-02
6.714000e+03 1.169000e-02
6.715000e+03 1.071300e-02
6.716000e+03 9.823000e-03
6.717000e+03 8.969000e-03
6.718000e+03 8.182000e-03
6.719000e+03 7.489000e-03
6.720000e+03 6.820000e-03
6.721000e+03 6.195000e-03
6.722000e+03 5.621000e-03
6.723000e+03 5.066000e-03
6.724000e+03 4.553000e-03
6.725000e+03 4.083000e-03
6.726000e+03 3.641000e-03
6.727000e+03 3.229000e-03
6.728000e+03 2.869000e-03
6.729000e+03 2.551000e-03
6.730000e+03 2.246000e-03
6.731000e+03 1.932000e-03
6.732000e+03 1.633000e-03
6.733000e+03 1.340000e-03
6.734000e+03 1.099000e-03
6.735000e+03 9.130000e-04
6.736000e+03 7.260000e-04
6.737000e+03 5.280000e-04
6.738000e+03 3.300000e-04
6.739000e+03 1.470000e-04
