# # Wavelength(Angstrom)  Transmission
5.017000e+03 1.140075e-03
5.017500e+03 1.234622e-03
5.018000e+03 1.234772e-03
5.018500e+03 1.282655e-03
5.019000e+03 1.378298e-03
5.019500e+03 1.394036e-03
5.020000e+03 1.441968e-03
5.020500e+03 1.442145e-03
5.021000e+03 1.505659e-03
5.021500e+03 1.536999e-03
5.022000e+03 1.552768e-03
5.022500e+03 1.552959e-03
5.023000e+03 1.633148e-03
5.023500e+03 1.664520e-03
5.024000e+03 1.760330e-03
5.024500e+03 1.808349e-03
5.025000e+03 1.824162e-03
5.025500e+03 1.855572e-03
5.026000e+03 1.903620e-03
5.026500e+03 1.999516e-03
5.027000e+03 2.046557e-03
5.027500e+03 2.126893e-03
5.028000e+03 2.190600e-03
5.028500e+03 2.269937e-03
5.029000e+03 2.365936e-03
5.029500e+03 2.413050e-03
5.030000e+03 2.556957e-03
5.030500e+03 2.667590e-03
5.031000e+03 2.715805e-03
5.031500e+03 2.811905e-03
5.032000e+03 2.827865e-03
5.032500e+03 2.907357e-03
5.033000e+03 3.051428e-03
5.033500e+03 3.067423e-03
5.034000e+03 3.242799e-03
5.034500e+03 3.370299e-03
5.035000e+03 3.482200e-03
5.035500e+03 3.561818e-03
5.036000e+03 3.721706e-03
5.036500e+03 3.817018e-03
5.037000e+03 3.896705e-03
5.037500e+03 4.041053e-03
5.038000e+03 4.184399e-03
5.038500e+03 4.248528e-03
5.039000e+03 4.391923e-03
5.039500e+03 4.519718e-03
5.040000e+03 4.743524e-03
5.040500e+03 4.935034e-03
5.041000e+03 5.079635e-03
5.041500e+03 5.318197e-03
5.042000e+03 5.382524e-03
5.042500e+03 5.527234e-03
5.043000e+03 5.670941e-03
5.043500e+03 5.910733e-03
5.044000e+03 6.038858e-03
5.044500e+03 6.230716e-03
5.045000e+03 6.455007e-03
5.045500e+03 6.662631e-03
5.046000e+03 6.807619e-03
5.046500e+03 7.079081e-03
5.047000e+03 7.271181e-03
5.047500e+03 7.463327e-03
5.048000e+03 7.655532e-03
5.048500e+03 7.847772e-03
5.049000e+03 8.120566e-03
5.049500e+03 8.297225e-03
5.050000e+03 8.520986e-03
5.050500e+03 8.745856e-03
5.051000e+03 9.017841e-03
5.051500e+03 9.258518e-03
5.052000e+03 9.530644e-03
5.052500e+03 9.835269e-03
5.053000e+03 1.007612e-02
5.053500e+03 1.038089e-02
5.054000e+03 1.062502e-02
5.054500e+03 1.096133e-02
5.055000e+03 1.126631e-02
5.055500e+03 1.163415e-02
5.056000e+03 1.201267e-02
5.056500e+03 1.239116e-02
5.057000e+03 1.267553e-02
5.057500e+03 1.298095e-02
5.058000e+03 1.337013e-02
5.058500e+03 1.373853e-02
5.059000e+03 1.408616e-02
5.059500e+03 1.439179e-02
5.060000e+03 1.478144e-02
5.060500e+03 1.517120e-02
5.061000e+03 1.558194e-02
5.061500e+03 1.598245e-02
5.062000e+03 1.659271e-02
5.062500e+03 1.701433e-02
5.063000e+03 1.747795e-02
5.063500e+03 1.789978e-02
5.064000e+03 1.838474e-02
5.064500e+03 1.878577e-02
5.065000e+03 1.928141e-02
5.065500e+03 1.985055e-02
5.066000e+03 2.031496e-02
5.066500e+03 2.081096e-02
5.067000e+03 2.147505e-02
5.067500e+03 2.211827e-02
5.068000e+03 2.282475e-02
5.068500e+03 2.338427e-02
5.069000e+03 2.401750e-02
5.069500e+03 2.464042e-02
5.070000e+03 2.517933e-02
5.070500e+03 2.576046e-02
5.071000e+03 2.643638e-02
5.071500e+03 2.711247e-02
5.072000e+03 2.782012e-02
5.072500e+03 2.849654e-02
5.073000e+03 2.922570e-02
5.073500e+03 3.007069e-02
5.074000e+03 3.086329e-02
5.074500e+03 3.165607e-02
5.075000e+03 3.223862e-02
5.075500e+03 3.307378e-02
5.076000e+03 3.380401e-02
5.076500e+03 3.473434e-02
5.077000e+03 3.564381e-02
5.077500e+03 3.659566e-02
5.078000e+03 3.742148e-02
5.078500e+03 3.835269e-02
5.079000e+03 3.935788e-02
5.079500e+03 4.027907e-02
5.080000e+03 4.124257e-02
5.080500e+03 4.239604e-02
5.081000e+03 4.350760e-02
5.081500e+03 4.465103e-02
5.082000e+03 4.590014e-02
5.082500e+03 4.704415e-02
5.083000e+03 4.832557e-02
5.083500e+03 4.938583e-02
5.084000e+03 5.052006e-02
5.084500e+03 5.167580e-02
5.085000e+03 5.294778e-02
5.085500e+03 5.419895e-02
5.086000e+03 5.568254e-02
5.086500e+03 5.707159e-02
5.087000e+03 5.851363e-02
5.087500e+03 5.999827e-02
5.088000e+03 6.144102e-02
5.088500e+03 6.307422e-02
5.089000e+03 6.464442e-02
5.089500e+03 6.615169e-02
5.090000e+03 6.756426e-02
5.090500e+03 6.919904e-02
5.091000e+03 7.112998e-02
5.091500e+03 7.294512e-02
5.092000e+03 7.488751e-02
5.092500e+03 7.680935e-02
5.093000e+03 7.867870e-02
5.093500e+03 8.066484e-02
5.094000e+03 8.261965e-02
5.094500e+03 8.459621e-02
5.095000e+03 8.654158e-02
5.095500e+03 8.858303e-02
5.096000e+03 9.083677e-02
5.096500e+03 9.296426e-02
5.097000e+03 9.507109e-02
5.097500e+03 9.726291e-02
5.098000e+03 9.969842e-02
5.098500e+03 1.021657e-01
5.099000e+03 1.044530e-01
5.099500e+03 1.068034e-01
5.100000e+03 1.091426e-01
5.100500e+03 1.116928e-01
5.101000e+03 1.143483e-01
5.101500e+03 1.170033e-01
5.102000e+03 1.196579e-01
5.102500e+03 1.225245e-01
5.103000e+03 1.252846e-01
5.103500e+03 1.280462e-01
5.104000e+03 1.307018e-01
5.104500e+03 1.335691e-01
5.105000e+03 1.364383e-01
5.105500e+03 1.395199e-01
5.106000e+03 1.426007e-01
5.106500e+03 1.456831e-01
5.107000e+03 1.489768e-01
5.107500e+03 1.524844e-01
5.108000e+03 1.562034e-01
5.108500e+03 1.594985e-01
5.109000e+03 1.629007e-01
5.109500e+03 1.666211e-01
5.110000e+03 1.703421e-01
5.110500e+03 1.740635e-01
5.111000e+03 1.781032e-01
5.111500e+03 1.820379e-01
5.112000e+03 1.860787e-01
5.112500e+03 1.903324e-01
5.113000e+03 1.945865e-01
5.113500e+03 1.984166e-01
5.114000e+03 2.029910e-01
5.114500e+03 2.074580e-01
5.115000e+03 2.119268e-01
5.115500e+03 2.165017e-01
5.116000e+03 2.207593e-01
5.116500e+03 2.255478e-01
5.117000e+03 2.303369e-01
5.117500e+03 2.350211e-01
5.118000e+03 2.398115e-01
5.118500e+03 2.448150e-01
5.119000e+03 2.498192e-01
5.119500e+03 2.549297e-01
5.120000e+03 2.602535e-01
5.120500e+03 2.654711e-01
5.121000e+03 2.705849e-01
5.121500e+03 2.761222e-01
5.122000e+03 2.811305e-01
5.122500e+03 2.867761e-01
5.123000e+03 2.924236e-01
5.123500e+03 2.980707e-01
5.124000e+03 3.039312e-01
5.124500e+03 3.096855e-01
5.125000e+03 3.150164e-01
5.125500e+03 3.209860e-01
5.126000e+03 3.270622e-01
5.126500e+03 3.332450e-01
5.127000e+03 3.394286e-01
5.127500e+03 3.458257e-01
5.128000e+03 3.525421e-01
5.128500e+03 3.587281e-01
5.129000e+03 3.654474e-01
5.129500e+03 3.720595e-01
5.130000e+03 3.788863e-01
5.130500e+03 3.851826e-01
5.131000e+03 3.921169e-01
5.131500e+03 3.986265e-01
5.132000e+03 4.054568e-01
5.132500e+03 4.124996e-01
5.133000e+03 4.196504e-01
5.133500e+03 4.268021e-01
5.134000e+03 4.338477e-01
5.134500e+03 4.403625e-01
5.135000e+03 4.470922e-01
5.135500e+03 4.542464e-01
5.136000e+03 4.611897e-01
5.136500e+03 4.686657e-01
5.137000e+03 4.761427e-01
5.137500e+03 4.829829e-01
5.138000e+03 4.904618e-01
5.138500e+03 4.975157e-01
5.139000e+03 5.045716e-01
5.139500e+03 5.119464e-01
5.140000e+03 5.192173e-01
5.140500e+03 5.262750e-01
5.141000e+03 5.339729e-01
5.141500e+03 5.411397e-01
5.142000e+03 5.483062e-01
5.142500e+03 5.561143e-01
5.143000e+03 5.639222e-01
5.143500e+03 5.707725e-01
5.144000e+03 5.780512e-01
5.144500e+03 5.852225e-01
5.145000e+03 5.921827e-01
5.145500e+03 5.998896e-01
5.146000e+03 6.069588e-01
5.146500e+03 6.146665e-01
5.147000e+03 6.218437e-01
5.147500e+03 6.292352e-01
5.148000e+03 6.364144e-01
5.148500e+03 6.438066e-01
5.149000e+03 6.506682e-01
5.149500e+03 6.579563e-01
5.150000e+03 6.649259e-01
5.150500e+03 6.716830e-01
5.151000e+03 6.788678e-01
5.151500e+03 6.863729e-01
5.152000e+03 6.927067e-01
5.152500e+03 6.995729e-01
5.153000e+03 7.064411e-01
5.153500e+03 7.130967e-01
5.154000e+03 7.197521e-01
5.154500e+03 7.263034e-01
5.155000e+03 7.332814e-01
5.155500e+03 7.396198e-01
5.156000e+03 7.462799e-01
5.156500e+03 7.524076e-01
5.157000e+03 7.584288e-01
5.157500e+03 7.646655e-01
5.158000e+03 7.711154e-01
5.158500e+03 7.771390e-01
5.159000e+03 7.825237e-01
5.159500e+03 7.878029e-01
5.160000e+03 7.945759e-01
5.160500e+03 8.002827e-01
5.161000e+03 8.062039e-01
5.161500e+03 8.121262e-01
5.162000e+03 8.174095e-01
5.162500e+03 8.229062e-01
5.163000e+03 8.277638e-01
5.163500e+03 8.329419e-01
5.164000e+03 8.369469e-01
5.164500e+03 8.415925e-01
5.165000e+03 8.462387e-01
5.165500e+03 8.508866e-01
5.166000e+03 8.555341e-01
5.166500e+03 8.600758e-01
5.167000e+03 8.637629e-01
5.167500e+03 8.686259e-01
5.168000e+03 8.726354e-01
5.168500e+03 8.766454e-01
5.169000e+03 8.801219e-01
5.169500e+03 8.834913e-01
5.170000e+03 8.866484e-01
5.170500e+03 8.901250e-01
5.171000e+03 8.931765e-01
5.171500e+03 8.968677e-01
5.172000e+03 9.006668e-01
5.172500e+03 9.036116e-01
5.173000e+03 9.068772e-01
5.173500e+03 9.091809e-01
5.174000e+03 9.114861e-01
5.174500e+03 9.137904e-01
5.175000e+03 9.168437e-01
5.175500e+03 9.188294e-01
5.176000e+03 9.195309e-01
5.176500e+03 9.218364e-01
5.177000e+03 9.235011e-01
5.177500e+03 9.250596e-01
5.178000e+03 9.274737e-01
5.178500e+03 9.292456e-01
5.179000e+03 9.304842e-01
5.179500e+03 9.316152e-01
5.180000e+03 9.330671e-01
5.180500e+03 9.345192e-01
5.181000e+03 9.355440e-01
5.181500e+03 9.366752e-01
5.182000e+03 9.374845e-01
5.182500e+03 9.382949e-01
5.183000e+03 9.389989e-01
5.183500e+03 9.402370e-01
5.184000e+03 9.423327e-01
5.184500e+03 9.423943e-01
5.185000e+03 9.443827e-01
5.185500e+03 9.459426e-01
5.186000e+03 9.468620e-01
5.186500e+03 9.474594e-01
5.187000e+03 9.485923e-01
5.187500e+03 9.489755e-01
5.188000e+03 9.498942e-01
5.188500e+03 9.510275e-01
5.189000e+03 9.519466e-01
5.189500e+03 9.530802e-01
5.190000e+03 9.538929e-01
5.190500e+03 9.545978e-01
5.191000e+03 9.548746e-01
5.191500e+03 9.553658e-01
5.192000e+03 9.553200e-01
5.192500e+03 9.560256e-01
5.193000e+03 9.556586e-01
5.193500e+03 9.553994e-01
5.194000e+03 9.555633e-01
5.194500e+03 9.558294e-01
5.195000e+03 9.564128e-01
5.195500e+03 9.572089e-01
5.196000e+03 9.570396e-01
5.196500e+03 9.566584e-01
5.197000e+03 9.569222e-01
5.197500e+03 9.569779e-01
5.198000e+03 9.573634e-01
5.198500e+03 9.585076e-01
5.199000e+03 9.593402e-01
5.199500e+03 9.588997e-01
5.200000e+03 9.589030e-01
5.200500e+03 9.593403e-01
5.201000e+03 9.594561e-01
5.201500e+03 9.597868e-01
5.202000e+03 9.601176e-01
5.202500e+03 9.600187e-01
5.203000e+03 9.603496e-01
5.203500e+03 9.606807e-01
5.204000e+03 9.613337e-01
5.204500e+03 9.618789e-01
5.205000e+03 9.619954e-01
5.205500e+03 9.615750e-01
5.206000e+03 9.621217e-01
5.206500e+03 9.621301e-01
5.207000e+03 9.627839e-01
5.207500e+03 9.633309e-01
5.208000e+03 9.637696e-01
5.208500e+03 9.639944e-01
5.209000e+03 9.641108e-01
5.209500e+03 9.643342e-01
5.210000e+03 9.642352e-01
5.210500e+03 9.646737e-01
5.211000e+03 9.647900e-01
5.211500e+03 9.643685e-01
5.212000e+03 9.643776e-01
5.212500e+03 9.650318e-01
5.213000e+03 9.656862e-01
5.213500e+03 9.668788e-01
5.214000e+03 9.673181e-01
5.214500e+03 9.676505e-01
5.215000e+03 9.677674e-01
5.215500e+03 9.683154e-01
5.216000e+03 9.686469e-01
5.216500e+03 9.688723e-01
5.217000e+03 9.696351e-01
5.217500e+03 9.703992e-01
5.218000e+03 9.715937e-01
5.218500e+03 9.721411e-01
5.219000e+03 9.721510e-01
5.219500e+03 9.733458e-01
5.220000e+03 9.740018e-01
5.220500e+03 9.744422e-01
5.221000e+03 9.744522e-01
5.221500e+03 9.745695e-01
5.222000e+03 9.754407e-01
5.222500e+03 9.755582e-01
5.223000e+03 9.755683e-01
5.223500e+03 9.761177e-01
5.224000e+03 9.773140e-01
5.224500e+03 9.786179e-01
5.225000e+03 9.790592e-01
5.225500e+03 9.795005e-01
5.226000e+03 9.792947e-01
5.226500e+03 9.799523e-01
5.227000e+03 9.809338e-01
5.227500e+03 9.806208e-01
5.228000e+03 9.811703e-01
5.228500e+03 9.815050e-01
5.229000e+03 9.822725e-01
5.229500e+03 9.822826e-01
5.230000e+03 9.828342e-01
5.230500e+03 9.834935e-01
5.231000e+03 9.843693e-01
5.231500e+03 9.850289e-01
5.232000e+03 9.854722e-01
5.232500e+03 9.854827e-01
5.233000e+03 9.866832e-01
5.233500e+03 9.868027e-01
5.234000e+03 9.870312e-01
5.234500e+03 9.880158e-01
5.235000e+03 9.874871e-01
5.235500e+03 9.884720e-01
5.236000e+03 9.890239e-01
5.236500e+03 9.901181e-01
5.237000e+03 9.907791e-01
5.237500e+03 9.916569e-01
5.238000e+03 9.913433e-01
5.238500e+03 9.914631e-01
5.239000e+03 9.923408e-01
5.239500e+03 9.922436e-01
5.240000e+03 9.922554e-01
5.240500e+03 9.928075e-01
5.241000e+03 9.922776e-01
5.241500e+03 9.929389e-01
5.242000e+03 9.942500e-01
5.242500e+03 9.938279e-01
5.243000e+03 9.951405e-01
5.243500e+03 9.951513e-01
5.244000e+03 9.955973e-01
5.244500e+03 9.953910e-01
5.245000e+03 9.955109e-01
5.245500e+03 9.958479e-01
5.246000e+03 9.958598e-01
5.246500e+03 9.960878e-01
5.247000e+03 9.950149e-01
5.247500e+03 9.951347e-01
5.248000e+03 9.953627e-01
5.248500e+03 9.952654e-01
5.249000e+03 9.956027e-01
5.249500e+03 9.955054e-01
5.250000e+03 9.947572e-01
5.250500e+03 9.949864e-01
5.251000e+03 9.945635e-01
5.251500e+03 9.953345e-01
5.252000e+03 9.945858e-01
5.252500e+03 9.943801e-01
5.253000e+03 9.933042e-01
5.253500e+03 9.924468e-01
5.254000e+03 9.931099e-01
5.254500e+03 9.923593e-01
5.255000e+03 9.932401e-01
5.255500e+03 9.930340e-01
5.256000e+03 9.927184e-01
5.256500e+03 9.926215e-01
5.257000e+03 9.921974e-01
5.257500e+03 9.919897e-01
5.258000e+03 9.918925e-01
5.258500e+03 9.911405e-01
5.259000e+03 9.907156e-01
5.259500e+03 9.897465e-01
5.260000e+03 9.898654e-01
5.260500e+03 9.893318e-01
5.261000e+03 9.893423e-01
5.261500e+03 9.898959e-01
5.262000e+03 9.884912e-01
5.262500e+03 9.883919e-01
5.263000e+03 9.875300e-01
5.263500e+03 9.869956e-01
5.264000e+03 9.864598e-01
5.264500e+03 9.859250e-01
5.265000e+03 9.850622e-01
5.265500e+03 9.845271e-01
5.266000e+03 9.846453e-01
5.266500e+03 9.847635e-01
5.267000e+03 9.853183e-01
5.267500e+03 9.842367e-01
5.268000e+03 9.838098e-01
5.268500e+03 9.834926e-01
5.269000e+03 9.837194e-01
5.269500e+03 9.832923e-01
5.270000e+03 9.838474e-01
5.270500e+03 9.837472e-01
5.271000e+03 9.841926e-01
5.271500e+03 9.846380e-01
5.272000e+03 9.842107e-01
5.272500e+03 9.846562e-01
5.273000e+03 9.845571e-01
5.273500e+03 9.844567e-01
5.274000e+03 9.845747e-01
5.274500e+03 9.846928e-01
5.275000e+03 9.842648e-01
5.275500e+03 9.853653e-01
5.276000e+03 9.849374e-01
5.276500e+03 9.856020e-01
5.277000e+03 9.855030e-01
5.277500e+03 9.848565e-01
5.278000e+03 9.844289e-01
5.278500e+03 9.849844e-01
5.279000e+03 9.842292e-01
5.279500e+03 9.843483e-01
5.280000e+03 9.840307e-01
5.280500e+03 9.837117e-01
5.281000e+03 9.841586e-01
5.281500e+03 9.835116e-01
5.282000e+03 9.827556e-01
5.282500e+03 9.818904e-01
5.283000e+03 9.813519e-01
5.283500e+03 9.807043e-01
5.284000e+03 9.808231e-01
5.284500e+03 9.799574e-01
5.285000e+03 9.797478e-01
5.285500e+03 9.794279e-01
5.286000e+03 9.789988e-01
5.286500e+03 9.786784e-01
5.287000e+03 9.786874e-01
5.287500e+03 9.784767e-01
5.288000e+03 9.782657e-01
5.288500e+03 9.770678e-01
5.289000e+03 9.765265e-01
5.289500e+03 9.769732e-01
5.290000e+03 9.777474e-01
5.290500e+03 9.780840e-01
5.291000e+03 9.782012e-01
5.291500e+03 9.776598e-01
5.292000e+03 9.771194e-01
5.292500e+03 9.766884e-01
5.293000e+03 9.766982e-01
5.293500e+03 9.769281e-01
5.294000e+03 9.771588e-01
5.294500e+03 9.777196e-01
5.295000e+03 9.769625e-01
5.295500e+03 9.765326e-01
5.296000e+03 9.768688e-01
5.296500e+03 9.776403e-01
5.297000e+03 9.782986e-01
5.297500e+03 9.785126e-01
5.298000e+03 9.779542e-01
5.298500e+03 9.784908e-01
5.299000e+03 9.792444e-01
5.299500e+03 9.793394e-01
5.300000e+03 9.807542e-01
5.300500e+03 9.817305e-01
5.301000e+03 9.822682e-01
5.301500e+03 9.830249e-01
5.302000e+03 9.837819e-01
5.302500e+03 9.843204e-01
5.303000e+03 9.851894e-01
5.303500e+03 9.860593e-01
5.304000e+03 9.865988e-01
5.304500e+03 9.869193e-01
5.305000e+03 9.867991e-01
5.305500e+03 9.879982e-01
5.306000e+03 9.887571e-01
5.306500e+03 9.890729e-01
5.307000e+03 9.894989e-01
5.307500e+03 9.902514e-01
5.308000e+03 9.897926e-01
5.308500e+03 9.905426e-01
5.309000e+03 9.901928e-01
5.309500e+03 9.902827e-01
5.310000e+03 9.909237e-01
5.310500e+03 9.909042e-01
5.311000e+03 9.918774e-01
5.311500e+03 9.928496e-01
5.312000e+03 9.928307e-01
5.312500e+03 9.943554e-01
5.313000e+03 9.952181e-01
5.313500e+03 9.946508e-01
5.314000e+03 9.949645e-01
5.314500e+03 9.954977e-01
5.315000e+03 9.962528e-01
5.315500e+03 9.965664e-01
5.316000e+03 9.969895e-01
5.316500e+03 9.973025e-01
5.317000e+03 9.990474e-01
5.317500e+03 9.991386e-01
5.318000e+03 1.000000e+00
5.318500e+03 9.998710e-01
5.319000e+03 9.991895e-01
5.319500e+03 9.982873e-01
5.320000e+03 9.990408e-01
5.320500e+03 9.988006e-01
5.321000e+03 9.980102e-01
5.321500e+03 9.983231e-01
5.322000e+03 9.983054e-01
5.322500e+03 9.982872e-01
5.323000e+03 9.977190e-01
5.323500e+03 9.977016e-01
5.324000e+03 9.979066e-01
5.324500e+03 9.972277e-01
5.325000e+03 9.954446e-01
5.325500e+03 9.953167e-01
5.326000e+03 9.933123e-01
5.326500e+03 9.931828e-01
5.327000e+03 9.927213e-01
5.327500e+03 9.921490e-01
5.328000e+03 9.906916e-01
5.328500e+03 9.894549e-01
5.329000e+03 9.883293e-01
5.329500e+03 9.870927e-01
5.330000e+03 9.854155e-01
5.330500e+03 9.841798e-01
5.331000e+03 9.821704e-01
5.331500e+03 9.804935e-01
5.332000e+03 9.787054e-01
5.332500e+03 9.779134e-01
5.333000e+03 9.770108e-01
5.333500e+03 9.755569e-01
5.334000e+03 9.742119e-01
5.334500e+03 9.719832e-01
5.335000e+03 9.696423e-01
5.335500e+03 9.685174e-01
5.336000e+03 9.669482e-01
5.336500e+03 9.648242e-01
5.337000e+03 9.634729e-01
5.337500e+03 9.606810e-01
5.338000e+03 9.587741e-01
5.338500e+03 9.555386e-01
5.339000e+03 9.534095e-01
5.339500e+03 9.512806e-01
5.340000e+03 9.491526e-01
5.340500e+03 9.461397e-01
5.341000e+03 9.432370e-01
5.341500e+03 9.397806e-01
5.342000e+03 9.367676e-01
5.342500e+03 9.340875e-01
5.343000e+03 9.317399e-01
5.343500e+03 9.279528e-01
5.344000e+03 9.243869e-01
5.344500e+03 9.207085e-01
5.345000e+03 9.169184e-01
5.345500e+03 9.142345e-01
5.346000e+03 9.108841e-01
5.346500e+03 9.078634e-01
5.347000e+03 9.042864e-01
5.347500e+03 9.000418e-01
5.348000e+03 8.963502e-01
5.348500e+03 8.924371e-01
5.349000e+03 8.889666e-01
5.349500e+03 8.857184e-01
5.350000e+03 8.821386e-01
5.350500e+03 8.782268e-01
5.351000e+03 8.740917e-01
5.351500e+03 8.702902e-01
5.352000e+03 8.661565e-01
5.352500e+03 8.621341e-01
5.353000e+03 8.580017e-01
5.353500e+03 8.536468e-01
5.354000e+03 8.490690e-01
5.354500e+03 8.447119e-01
5.355000e+03 8.401320e-01
5.355500e+03 8.361034e-01
5.356000e+03 8.311841e-01
5.356500e+03 8.263723e-01
5.357000e+03 8.210042e-01
5.357500e+03 8.154107e-01
5.358000e+03 8.095946e-01
5.358500e+03 8.041105e-01
5.359000e+03 7.987367e-01
5.359500e+03 7.929195e-01
5.360000e+03 7.874359e-01
5.360500e+03 7.817302e-01
5.361000e+03 7.760254e-01
5.361500e+03 7.697633e-01
5.362000e+03 7.638348e-01
5.362500e+03 7.573524e-01
5.363000e+03 7.510912e-01
5.363500e+03 7.441628e-01
5.364000e+03 7.375661e-01
5.364500e+03 7.309673e-01
5.365000e+03 7.244765e-01
5.365500e+03 7.178717e-01
5.366000e+03 7.114859e-01
5.366500e+03 7.043179e-01
5.367000e+03 6.980369e-01
5.367500e+03 6.910869e-01
5.368000e+03 6.844688e-01
5.368500e+03 6.776271e-01
5.369000e+03 6.707849e-01
5.369500e+03 6.642777e-01
5.370000e+03 6.572134e-01
5.370500e+03 6.503721e-01
5.371000e+03 6.433086e-01
5.371500e+03 6.366892e-01
5.372000e+03 6.300703e-01
5.372500e+03 6.226722e-01
5.373000e+03 6.156074e-01
5.373500e+03 6.090996e-01
5.374000e+03 6.023658e-01
5.374500e+03 5.958538e-01
5.375000e+03 5.882236e-01
5.375500e+03 5.812588e-01
5.376000e+03 5.749586e-01
5.376500e+03 5.684323e-01
5.377000e+03 5.613478e-01
5.377500e+03 5.540369e-01
5.378000e+03 5.476174e-01
5.378500e+03 5.405288e-01
5.379000e+03 5.336618e-01
5.379500e+03 5.264607e-01
5.380000e+03 5.192601e-01
5.380500e+03 5.125049e-01
5.381000e+03 5.055270e-01
5.381500e+03 4.984376e-01
5.382000e+03 4.915708e-01
5.382500e+03 4.843697e-01
5.383000e+03 4.778368e-01
5.383500e+03 4.714148e-01
5.384000e+03 4.637627e-01
5.384500e+03 4.566671e-01
5.385000e+03 4.503474e-01
5.385500e+03 4.438801e-01
5.386000e+03 4.368173e-01
5.386500e+03 4.301810e-01
5.387000e+03 4.239890e-01
5.387500e+03 4.175871e-01
5.388000e+03 4.111026e-01
5.388500e+03 4.048842e-01
5.389000e+03 3.984968e-01
5.389500e+03 3.924019e-01
5.390000e+03 3.863863e-01
5.390500e+03 3.811361e-01
5.391000e+03 3.753218e-01
5.391500e+03 3.693754e-01
5.392000e+03 3.638693e-01
5.392500e+03 3.582775e-01
5.393000e+03 3.524069e-01
5.393500e+03 3.465111e-01
5.394000e+03 3.407304e-01
5.394500e+03 3.350894e-01
5.395000e+03 3.291503e-01
5.395500e+03 3.238817e-01
5.396000e+03 3.186068e-01
5.396500e+03 3.133297e-01
5.397000e+03 3.082774e-01
5.397500e+03 3.030045e-01
5.398000e+03 2.977376e-01
5.398500e+03 2.925916e-01
5.399000e+03 2.875674e-01
5.399500e+03 2.828911e-01
5.400000e+03 2.778936e-01
5.400500e+03 2.727993e-01
5.401000e+03 2.680401e-01
5.401500e+03 2.633802e-01
5.402000e+03 2.587116e-01
5.402500e+03 2.538118e-01
5.403000e+03 2.496926e-01
5.403500e+03 2.450086e-01
5.404000e+03 2.408830e-01
5.404500e+03 2.366453e-01
5.405000e+03 2.322899e-01
5.405500e+03 2.280411e-01
5.406000e+03 2.241241e-01
5.406500e+03 2.199802e-01
5.407000e+03 2.159481e-01
5.407500e+03 2.119153e-01
5.408000e+03 2.078856e-01
5.408500e+03 2.040823e-01
5.409000e+03 2.001716e-01
5.409500e+03 1.966036e-01
5.410000e+03 1.928162e-01
5.410500e+03 1.895954e-01
5.411000e+03 1.863743e-01
5.411500e+03 1.830353e-01
5.412000e+03 1.795796e-01
5.412500e+03 1.764584e-01
5.413000e+03 1.733349e-01
5.413500e+03 1.700967e-01
5.414000e+03 1.666341e-01
5.414500e+03 1.636176e-01
5.415000e+03 1.607102e-01
5.415500e+03 1.577986e-01
5.416000e+03 1.549978e-01
5.416500e+03 1.519724e-01
5.417000e+03 1.490572e-01
5.417500e+03 1.460305e-01
5.418000e+03 1.433427e-01
5.418500e+03 1.404306e-01
5.419000e+03 1.375220e-01
5.419500e+03 1.348398e-01
5.420000e+03 1.321621e-01
5.420500e+03 1.293743e-01
5.421000e+03 1.269217e-01
5.421500e+03 1.245794e-01
5.422000e+03 1.223464e-01
5.422500e+03 1.198874e-01
5.423000e+03 1.173147e-01
5.423500e+03 1.148534e-01
5.424000e+03 1.125037e-01
5.424500e+03 1.104217e-01
5.425000e+03 1.084496e-01
5.425500e+03 1.062062e-01
5.426000e+03 1.039842e-01
5.426500e+03 1.020650e-01
5.427000e+03 9.994325e-02
5.427500e+03 9.782178e-02
5.428000e+03 9.584725e-02
5.428500e+03 9.372753e-02
5.429000e+03 9.194664e-02
5.429500e+03 8.983000e-02
5.430000e+03 8.776033e-02
5.430500e+03 8.599598e-02
5.431000e+03 8.412914e-02
5.431500e+03 8.229448e-02
5.432000e+03 8.054837e-02
5.432500e+03 7.875627e-02
5.433000e+03 7.673823e-02
5.433500e+03 7.511350e-02
5.434000e+03 7.372438e-02
5.434500e+03 7.200708e-02
5.435000e+03 7.046886e-02
5.435500e+03 6.896337e-02
5.436000e+03 6.720966e-02
5.436500e+03 6.575951e-02
5.437000e+03 6.403910e-02
5.437500e+03 6.285933e-02
5.438000e+03 6.152223e-02
5.438500e+03 6.003930e-02
5.439000e+03 5.865850e-02
5.439500e+03 5.748129e-02
5.440000e+03 5.621503e-02
5.440500e+03 5.494953e-02
5.441000e+03 5.388604e-02
5.441500e+03 5.261890e-02
5.442000e+03 5.130591e-02
5.442500e+03 5.011627e-02
5.443000e+03 4.890373e-02
5.443500e+03 4.766820e-02
5.444000e+03 4.661227e-02
5.444500e+03 4.554419e-02
5.445000e+03 4.468967e-02
5.445500e+03 4.353031e-02
5.446000e+03 4.247206e-02
5.446500e+03 4.156036e-02
5.447000e+03 4.058089e-02
5.447500e+03 3.951128e-02
5.448000e+03 3.852084e-02
5.448500e+03 3.755325e-02
5.449000e+03 3.663107e-02
5.449500e+03 3.570933e-02
5.450000e+03 3.496870e-02
5.450500e+03 3.416062e-02
5.451000e+03 3.349879e-02
5.451500e+03 3.279148e-02
5.452000e+03 3.200476e-02
5.452500e+03 3.115003e-02
5.453000e+03 3.032876e-02
5.453500e+03 2.956372e-02
5.454000e+03 2.886588e-02
5.454500e+03 2.819023e-02
5.455000e+03 2.766119e-02
5.455500e+03 2.697362e-02
5.456000e+03 2.638758e-02
5.456500e+03 2.589194e-02
5.457000e+03 2.520407e-02
5.457500e+03 2.474230e-02
5.458000e+03 2.403203e-02
5.458500e+03 2.344613e-02
5.459000e+03 2.275876e-02
5.459500e+03 2.213933e-02
5.460000e+03 2.164441e-02
5.460500e+03 2.126262e-02
5.461000e+03 2.076767e-02
5.461500e+03 2.030627e-02
5.462000e+03 1.982216e-02
5.462500e+03 1.932662e-02
5.463000e+03 1.889861e-02
5.463500e+03 1.848183e-02
5.464000e+03 1.807594e-02
5.464500e+03 1.756809e-02
5.465000e+03 1.722977e-02
5.465500e+03 1.674427e-02
5.466000e+03 1.625868e-02
5.466500e+03 1.579557e-02
5.467000e+03 1.546836e-02
5.467500e+03 1.509586e-02
5.468000e+03 1.467809e-02
5.468500e+03 1.422644e-02
5.469000e+03 1.385411e-02
5.469500e+03 1.349315e-02
5.470000e+03 1.313230e-02
5.470500e+03 1.274880e-02
5.471000e+03 1.242189e-02
5.471500e+03 1.208342e-02
5.472000e+03 1.180150e-02
5.472500e+03 1.144020e-02
5.473000e+03 1.111388e-02
5.473500e+03 1.085650e-02
5.474000e+03 1.061487e-02
5.474500e+03 1.044223e-02
5.475000e+03 1.011429e-02
5.475500e+03 9.890538e-03
5.476000e+03 9.683741e-03
5.476500e+03 9.390778e-03
5.477000e+03 9.131809e-03
5.477500e+03 8.924971e-03
5.478000e+03 8.647865e-03
5.478500e+03 8.441049e-03
5.479000e+03 8.112967e-03
5.479500e+03 7.889220e-03
5.480000e+03 7.647376e-03
5.480500e+03 7.458810e-03
5.481000e+03 7.372252e-03
5.481500e+03 7.131389e-03
5.482000e+03 7.044735e-03
5.482500e+03 6.820774e-03
5.483000e+03 6.647786e-03
5.483500e+03 6.371458e-03
5.484000e+03 6.199457e-03
5.484500e+03 6.078473e-03
5.485000e+03 5.923414e-03
5.485500e+03 5.714957e-03
5.486000e+03 5.664252e-03
5.486500e+03 5.490940e-03
5.487000e+03 5.405014e-03
5.487500e+03 5.283907e-03
5.488000e+03 5.179816e-03
5.488500e+03 5.110926e-03
5.489000e+03 4.869447e-03
5.489500e+03 4.748335e-03
5.490000e+03 4.610209e-03
5.490500e+03 4.455037e-03
5.491000e+03 4.437305e-03
5.491500e+03 4.334371e-03
5.492000e+03 4.213215e-03
5.492500e+03 4.092010e-03
5.493000e+03 4.005997e-03
5.493500e+03 3.918805e-03
5.494000e+03 3.832728e-03
5.494500e+03 3.729562e-03
5.495000e+03 3.625252e-03
5.495500e+03 3.522041e-03
5.496000e+03 3.469987e-03
5.496500e+03 3.313317e-03
5.497000e+03 3.193004e-03
5.497500e+03 3.140924e-03
5.498000e+03 3.002403e-03
5.498500e+03 2.967377e-03
5.499000e+03 2.794719e-03
5.499500e+03 2.759684e-03
5.500000e+03 2.673476e-03
5.500500e+03 2.656665e-03
5.501000e+03 2.587520e-03
5.501500e+03 2.466006e-03
5.502000e+03 2.378602e-03
5.502500e+03 2.344667e-03
5.503000e+03 2.258359e-03
5.503500e+03 2.223243e-03
5.504000e+03 2.067442e-03
5.504500e+03 2.050518e-03
5.505000e+03 2.084825e-03
5.505500e+03 2.015517e-03
5.506000e+03 1.929116e-03
5.506500e+03 1.876857e-03
5.507000e+03 1.876991e-03
5.507500e+03 1.807651e-03
5.508000e+03 1.772467e-03
5.508500e+03 1.686029e-03
5.509000e+03 1.633763e-03
5.509500e+03 1.633903e-03
5.510000e+03 1.513255e-03
5.510500e+03 1.425646e-03
5.511000e+03 1.391592e-03
5.511500e+03 1.303967e-03
5.512000e+03 1.304086e-03
5.512500e+03 1.252897e-03
