# # Wavelength(Angstrom)  Transmission
9.037000e+03 5.935000e-03
9.038000e+03 9.113000e-03
9.039000e+03 1.051300e-02
9.040000e+03 1.066600e-02
9.041000e+03 1.057300e-02
9.042000e+03 1.085600e-02
9.043000e+03 1.244700e-02
9.044000e+03 1.669400e-02
9.045000e+03 1.841900e-02
9.046000e+03 1.827800e-02
9.047000e+03 1.891200e-02
9.048000e+03 1.758800e-02
9.049000e+03 1.918300e-02
9.050000e+03 1.866700e-02
9.051000e+03 2.066800e-02
9.052000e+03 2.062000e-02
9.053000e+03 2.488000e-02
9.054000e+03 2.323500e-02
9.055000e+03 2.499800e-02
9.056000e+03 2.885100e-02
9.057000e+03 3.232200e-02
9.058000e+03 3.243200e-02
9.059000e+03 3.547900e-02
9.060000e+03 3.619200e-02
9.061000e+03 3.869500e-02
9.062000e+03 3.796400e-02
9.063000e+03 3.935700e-02
9.064000e+03 4.255700e-02
9.065000e+03 4.657300e-02
9.066000e+03 4.819000e-02
9.067000e+03 5.186400e-02
9.068000e+03 5.390600e-02
9.069000e+03 5.680000e-02
9.070000e+03 6.484400e-02
9.071000e+03 6.735700e-02
9.072000e+03 7.043700e-02
9.073000e+03 7.589800e-02
9.074000e+03 8.171000e-02
9.075000e+03 8.427300e-02
9.076000e+03 8.772900e-02
9.077000e+03 9.018400e-02
9.078000e+03 9.467700e-02
9.079000e+03 1.009050e-01
9.080000e+03 1.103390e-01
9.081000e+03 1.159860e-01
9.082000e+03 1.227400e-01
9.083000e+03 1.285110e-01
9.084000e+03 1.355070e-01
9.085000e+03 1.388010e-01
9.086000e+03 1.448210e-01
9.087000e+03 1.510490e-01
9.088000e+03 1.564610e-01
9.089000e+03 1.624340e-01
9.090000e+03 1.695710e-01
9.091000e+03 1.778520e-01
9.092000e+03 1.868850e-01
9.093000e+03 1.952170e-01
9.094000e+03 2.034880e-01
9.095000e+03 2.119220e-01
9.096000e+03 2.190050e-01
9.097000e+03 2.286170e-01
9.098000e+03 2.386040e-01
9.099000e+03 2.456360e-01
9.100000e+03 2.551470e-01
9.101000e+03 2.657540e-01
9.102000e+03 2.726540e-01
9.103000e+03 2.819410e-01
9.104000e+03 2.904250e-01
9.105000e+03 2.978940e-01
9.106000e+03 3.061250e-01
9.107000e+03 3.148530e-01
9.108000e+03 3.230830e-01
9.109000e+03 3.353360e-01
9.110000e+03 3.464910e-01
9.111000e+03 3.526090e-01
9.112000e+03 3.615810e-01
9.113000e+03 3.708070e-01
9.114000e+03 3.815560e-01
9.115000e+03 3.869130e-01
9.116000e+03 3.967070e-01
9.117000e+03 4.045110e-01
9.118000e+03 4.152100e-01
9.119000e+03 4.237550e-01
9.120000e+03 4.338740e-01
9.121000e+03 4.472440e-01
9.122000e+03 4.582570e-01
9.123000e+03 4.666500e-01
9.124000e+03 4.785060e-01
9.125000e+03 4.914290e-01
9.126000e+03 5.012640e-01
9.127000e+03 5.107440e-01
9.128000e+03 5.201420e-01
9.129000e+03 5.294390e-01
9.130000e+03 5.371210e-01
9.131000e+03 5.470980e-01
9.132000e+03 5.570150e-01
9.133000e+03 5.671340e-01
9.134000e+03 5.752430e-01
9.135000e+03 5.856770e-01
9.136000e+03 5.964770e-01
9.137000e+03 6.044950e-01
9.138000e+03 6.120550e-01
9.139000e+03 6.197680e-01
9.140000e+03 6.263430e-01
9.141000e+03 6.335880e-01
9.142000e+03 6.412600e-01
9.143000e+03 6.511870e-01
9.144000e+03 6.576810e-01
9.145000e+03 6.643570e-01
9.146000e+03 6.701510e-01
9.147000e+03 6.775280e-01
9.148000e+03 6.842660e-01
9.149000e+03 6.922940e-01
9.150000e+03 7.003010e-01
9.151000e+03 7.058910e-01
9.152000e+03 7.110340e-01
9.153000e+03 7.167660e-01
9.154000e+03 7.208640e-01
9.155000e+03 7.263220e-01
9.156000e+03 7.324400e-01
9.157000e+03 7.344350e-01
9.158000e+03 7.433160e-01
9.159000e+03 7.462550e-01
9.160000e+03 7.536730e-01
9.161000e+03 7.603700e-01
9.162000e+03 7.659810e-01
9.163000e+03 7.707790e-01
9.164000e+03 7.758100e-01
9.165000e+03 7.799790e-01
9.166000e+03 7.826650e-01
9.167000e+03 7.849640e-01
9.168000e+03 7.881170e-01
9.169000e+03 7.943470e-01
9.170000e+03 7.982310e-01
9.171000e+03 8.013330e-01
9.172000e+03 8.036530e-01
9.173000e+03 8.051610e-01
9.174000e+03 8.048200e-01
9.175000e+03 8.072920e-01
9.176000e+03 8.092160e-01
9.177000e+03 8.122980e-01
9.178000e+03 8.127290e-01
9.179000e+03 8.142470e-01
9.180000e+03 8.154290e-01
9.181000e+03 8.156570e-01
9.182000e+03 8.154080e-01
9.183000e+03 8.166620e-01
9.184000e+03 8.159250e-01
9.185000e+03 8.136040e-01
9.186000e+03 8.103490e-01
9.187000e+03 8.110840e-01
9.188000e+03 8.106630e-01
9.189000e+03 8.089310e-01
9.190000e+03 8.055840e-01
9.191000e+03 8.064820e-01
9.192000e+03 8.019370e-01
9.193000e+03 7.989660e-01
9.194000e+03 7.967970e-01
9.195000e+03 7.952680e-01
9.196000e+03 7.928150e-01
9.197000e+03 7.900980e-01
9.198000e+03 7.865690e-01
9.199000e+03 7.809170e-01
9.200000e+03 7.775800e-01
9.201000e+03 7.740810e-01
9.202000e+03 7.708150e-01
9.203000e+03 7.687180e-01
9.204000e+03 7.684580e-01
9.205000e+03 7.659850e-01
9.206000e+03 7.615610e-01
9.207000e+03 7.554930e-01
9.208000e+03 7.514860e-01
9.209000e+03 7.451330e-01
9.210000e+03 7.373390e-01
9.211000e+03 7.317370e-01
9.212000e+03 7.268270e-01
9.213000e+03 7.228500e-01
9.214000e+03 7.175640e-01
9.215000e+03 7.103380e-01
9.216000e+03 7.051730e-01
9.217000e+03 6.987290e-01
9.218000e+03 6.910450e-01
9.219000e+03 6.845400e-01
9.220000e+03 6.773650e-01
9.221000e+03 6.688190e-01
9.222000e+03 6.582610e-01
9.223000e+03 6.497660e-01
9.224000e+03 6.430270e-01
9.225000e+03 6.346230e-01
9.226000e+03 6.258130e-01
9.227000e+03 6.159860e-01
9.228000e+03 6.086080e-01
9.229000e+03 5.986700e-01
9.230000e+03 5.899310e-01
9.231000e+03 5.838320e-01
9.232000e+03 5.751430e-01
9.233000e+03 5.664650e-01
9.234000e+03 5.593000e-01
9.235000e+03 5.480720e-01
9.236000e+03 5.387440e-01
9.237000e+03 5.305730e-01
9.238000e+03 5.199650e-01
9.239000e+03 5.123940e-01
9.240000e+03 5.054110e-01
9.241000e+03 4.952810e-01
9.242000e+03 4.866940e-01
9.243000e+03 4.786860e-01
9.244000e+03 4.687880e-01
9.245000e+03 4.567280e-01
9.246000e+03 4.462010e-01
9.247000e+03 4.383560e-01
9.248000e+03 4.306830e-01
9.249000e+03 4.194450e-01
9.250000e+03 4.108580e-01
9.251000e+03 3.991530e-01
9.252000e+03 3.885150e-01
9.253000e+03 3.797250e-01
9.254000e+03 3.722960e-01
9.255000e+03 3.632310e-01
9.256000e+03 3.531410e-01
9.257000e+03 3.442090e-01
9.258000e+03 3.354090e-01
9.259000e+03 3.246580e-01
9.260000e+03 3.144870e-01
9.261000e+03 3.053920e-01
9.262000e+03 2.945410e-01
9.263000e+03 2.834750e-01
9.264000e+03 2.744210e-01
9.265000e+03 2.634580e-01
9.266000e+03 2.513980e-01
9.267000e+03 2.437960e-01
9.268000e+03 2.350870e-01
9.269000e+03 2.254340e-01
9.270000e+03 2.169180e-01
9.271000e+03 2.064210e-01
9.272000e+03 1.989620e-01
9.273000e+03 1.918370e-01
9.274000e+03 1.827520e-01
9.275000e+03 1.750790e-01
9.276000e+03 1.679850e-01
9.277000e+03 1.604140e-01
9.278000e+03 1.546500e-01
9.279000e+03 1.474340e-01
9.280000e+03 1.393450e-01
9.281000e+03 1.335810e-01
9.282000e+03 1.274210e-01
9.283000e+03 1.225300e-01
9.284000e+03 1.173790e-01
9.285000e+03 1.111800e-01
9.286000e+03 1.065180e-01
9.287000e+03 1.000430e-01
9.288000e+03 9.442300e-02
9.289000e+03 8.988400e-02
9.290000e+03 8.584800e-02
9.291000e+03 8.187400e-02
9.292000e+03 7.805900e-02
9.293000e+03 7.385100e-02
9.294000e+03 6.819800e-02
9.295000e+03 6.428800e-02
9.296000e+03 6.079900e-02
9.297000e+03 5.796800e-02
9.298000e+03 5.538000e-02
9.299000e+03 5.117100e-02
9.300000e+03 4.684500e-02
9.301000e+03 4.381000e-02
9.302000e+03 4.123100e-02
9.303000e+03 4.071000e-02
9.304000e+03 3.618400e-02
9.305000e+03 3.389200e-02
9.306000e+03 3.132800e-02
9.307000e+03 2.889400e-02
9.308000e+03 2.638700e-02
9.309000e+03 2.607000e-02
9.310000e+03 2.460200e-02
9.311000e+03 2.572800e-02
9.312000e+03 2.351200e-02
9.313000e+03 2.504400e-02
9.314000e+03 2.336200e-02
9.315000e+03 2.065000e-02
9.316000e+03 2.042500e-02
9.317000e+03 1.908100e-02
9.318000e+03 1.879400e-02
9.319000e+03 1.817900e-02
9.320000e+03 1.629500e-02
9.321000e+03 1.542300e-02
9.322000e+03 1.321900e-02
9.323000e+03 1.385400e-02
9.324000e+03 1.150100e-02
9.325000e+03 1.063600e-02
9.326000e+03 1.094200e-02
9.327000e+03 9.722000e-03
9.328000e+03 8.767000e-03
9.329000e+03 7.561000e-03
9.330000e+03 7.220000e-03
9.331000e+03 6.335000e-03
9.332000e+03 6.952000e-03
9.333000e+03 7.092000e-03
9.334000e+03 4.970000e-03
9.335000e+03 4.903000e-03
9.336000e+03 5.299000e-03
9.337000e+03 5.128000e-03
9.338000e+03 4.728000e-03
9.339000e+03 4.944000e-03
9.340000e+03 4.376000e-03
