# # Wavelength(Angstrom)  Transmission
9.000000e+03 7.500000e-03
9.020000e+03 3.300000e-03
9.040000e+03 3.000000e-04
9.060000e+03 3.100000e-03
9.080000e+03 1.500000e-03
9.100000e+03 5.000000e-03
9.120000e+03 4.000000e-03
9.140000e+03 7.600000e-03
9.160000e+03 1.170000e-02
9.180000e+03 1.410000e-02
9.200000e+03 2.640000e-02
9.220000e+03 3.730000e-02
9.240000e+03 5.410000e-02
9.260000e+03 8.600000e-02
9.280000e+03 1.191000e-01
9.300000e+03 1.495000e-01
9.320000e+03 1.717000e-01
9.340000e+03 1.991000e-01
9.360000e+03 2.426000e-01
9.380000e+03 2.940000e-01
9.400000e+03 3.865000e-01
9.420000e+03 3.959000e-01
9.440000e+03 3.757000e-01
9.460000e+03 4.018000e-01
9.480000e+03 4.130000e-01
9.500000e+03 4.044000e-01
9.520000e+03 4.078000e-01
9.540000e+03 4.048000e-01
9.560000e+03 4.011000e-01
9.580000e+03 4.026000e-01
9.600000e+03 4.064000e-01
9.620000e+03 4.153000e-01
9.640000e+03 4.210000e-01
9.660000e+03 4.148000e-01
9.680000e+03 4.221000e-01
9.700000e+03 4.226000e-01
9.720000e+03 4.129000e-01
9.740000e+03 3.978000e-01
9.760000e+03 3.902000e-01
9.780000e+03 3.902000e-01
9.800000e+03 3.825000e-01
9.820000e+03 3.814000e-01
9.840000e+03 3.749000e-01
9.860000e+03 3.663000e-01
9.880000e+03 3.570000e-01
9.900000e+03 3.481000e-01
9.920000e+03 3.376000e-01
9.940000e+03 3.269000e-01
9.960000e+03 3.168000e-01
9.980000e+03 3.055000e-01
1.000000e+04 2.956000e-01
1.002000e+04 2.817000e-01
1.004000e+04 2.679000e-01
1.006000e+04 2.544000e-01
1.008000e+04 2.411000e-01
1.010000e+04 2.290000e-01
1.012000e+04 2.169000e-01
1.014000e+04 2.036000e-01
1.016000e+04 1.901000e-01
1.018000e+04 1.763000e-01
1.020000e+04 1.628000e-01
1.022000e+04 1.536000e-01
1.024000e+04 1.438000e-01
1.026000e+04 1.346000e-01
1.028000e+04 1.251000e-01
1.030000e+04 1.154000e-01
1.032000e+04 1.058000e-01
1.034000e+04 9.610000e-02
1.036000e+04 8.660000e-02
1.038000e+04 7.710000e-02
1.040000e+04 6.780000e-02
1.042000e+04 6.470000e-02
1.044000e+04 6.140000e-02
1.046000e+04 5.810000e-02
1.048000e+04 5.500000e-02
1.050000e+04 5.160000e-02
1.052000e+04 4.840000e-02
1.054000e+04 4.510000e-02
1.056000e+04 4.160000e-02
1.058000e+04 3.810000e-02
1.060000e+04 3.430000e-02
1.062000e+04 3.020000e-02
1.064000e+04 2.590000e-02
1.066000e+04 2.130000e-02
1.068000e+04 1.680000e-02
1.070000e+04 1.250000e-02
1.072000e+04 8.800000e-03
1.074000e+04 5.700000e-03
1.076000e+04 3.400000e-03
1.078000e+04 1.800000e-03
1.080000e+04 7.000000e-04
1.082000e+04 5.000000e-04
1.084000e+04 3.000000e-04
1.086000e+04 1.000000e-04
1.088000e+04 1.000000e-04
1.090000e+04 0.000000e+00
