# # Wavelength(Angstrom)  Transmission
5.400000e+03 7.056347e-04
5.410000e+03 2.032033e-03
5.420000e+03 4.424737e-03
5.430000e+03 8.775255e-03
5.440000e+03 1.660280e-02
5.450000e+03 2.899096e-02
5.460000e+03 4.631995e-02
5.470000e+03 7.003906e-02
5.480000e+03 1.000922e-01
5.490000e+03 1.357026e-01
5.500000e+03 1.759119e-01
5.510000e+03 2.181374e-01
5.520000e+03 2.629300e-01
5.530000e+03 3.089456e-01
5.540000e+03 3.516865e-01
5.550000e+03 3.920283e-01
5.560000e+03 4.324137e-01
5.570000e+03 4.708426e-01
5.580000e+03 5.064848e-01
5.590000e+03 5.392384e-01
5.600000e+03 5.697269e-01
5.610000e+03 5.984691e-01
5.620000e+03 6.258364e-01
5.630000e+03 6.495220e-01
5.640000e+03 6.675175e-01
5.650000e+03 6.850058e-01
5.660000e+03 7.013519e-01
5.670000e+03 7.153587e-01
5.680000e+03 7.296756e-01
5.690000e+03 7.449684e-01
5.700000e+03 7.520606e-01
5.710000e+03 7.590769e-01
5.720000e+03 7.708575e-01
5.730000e+03 7.835008e-01
5.740000e+03 7.954348e-01
5.750000e+03 8.073301e-01
5.760000e+03 8.179329e-01
5.770000e+03 8.263192e-01
5.780000e+03 8.320107e-01
5.790000e+03 8.391321e-01
5.800000e+03 8.466427e-01
5.810000e+03 8.524603e-01
5.820000e+03 8.567932e-01
5.830000e+03 8.583861e-01
5.840000e+03 8.599823e-01
5.850000e+03 8.618628e-01
5.860000e+03 8.621439e-01
5.870000e+03 8.643120e-01
5.880000e+03 8.682943e-01
5.890000e+03 8.732475e-01
5.900000e+03 8.777161e-01
5.910000e+03 8.818325e-01
5.920000e+03 8.854578e-01
5.930000e+03 8.884417e-01
5.940000e+03 8.931591e-01
5.950000e+03 8.968119e-01
5.960000e+03 8.988523e-01
5.970000e+03 9.015616e-01
5.980000e+03 9.039752e-01
5.990000e+03 9.038088e-01
6.006000e+03 9.041562e-01
6.015700e+03 9.060253e-01
6.025300e+03 9.077087e-01
6.035000e+03 9.089285e-01
6.044600e+03 9.092516e-01
6.054300e+03 9.083792e-01
6.063900e+03 9.059849e-01
6.073600e+03 9.023548e-01
6.083200e+03 8.977699e-01
6.092900e+03 8.924774e-01
6.102500e+03 8.868084e-01
6.112200e+03 8.812364e-01
6.121800e+03 8.763252e-01
6.131500e+03 8.726579e-01
6.141100e+03 8.703589e-01
6.150800e+03 8.694526e-01
6.160400e+03 8.698678e-01
6.170100e+03 8.717725e-01
6.179700e+03 8.753591e-01
6.189400e+03 8.808115e-01
6.199000e+03 8.880249e-01
6.208700e+03 8.959201e-01
6.218300e+03 9.047216e-01
6.228000e+03 9.144003e-01
6.237600e+03 9.243763e-01
6.247300e+03 9.340098e-01
6.256900e+03 9.427548e-01
6.266600e+03 9.501443e-01
6.276200e+03 9.562995e-01
6.285900e+03 9.618457e-01
6.295500e+03 9.663886e-01
6.305200e+03 9.700801e-01
6.314800e+03 9.733193e-01
6.324500e+03 9.761416e-01
6.334200e+03 9.788525e-01
6.343800e+03 9.816199e-01
6.353500e+03 9.838849e-01
6.363100e+03 9.854100e-01
6.372800e+03 9.867364e-01
6.382400e+03 9.879771e-01
6.392100e+03 9.890240e-01
6.401700e+03 9.896847e-01
6.411400e+03 9.896266e-01
6.421000e+03 9.893326e-01
6.430700e+03 9.893035e-01
6.440300e+03 9.896815e-01
6.450000e+03 9.900838e-01
6.459600e+03 9.903019e-01
6.469300e+03 9.911016e-01
6.478900e+03 9.926121e-01
6.488600e+03 9.942616e-01
6.498200e+03 9.957737e-01
6.507900e+03 9.961986e-01
6.517500e+03 9.963440e-01
6.527200e+03 9.969660e-01
6.536800e+03 9.978610e-01
6.546500e+03 9.983166e-01
6.556100e+03 9.986849e-01
6.565800e+03 9.991325e-01
6.575400e+03 9.993231e-01
6.585100e+03 9.996866e-01
6.594700e+03 1.000000e+00
6.604400e+03 9.995897e-01
6.614000e+03 9.987641e-01
6.623700e+03 9.980646e-01
6.633300e+03 9.973780e-01
6.643000e+03 9.967948e-01
6.652600e+03 9.963941e-01
6.662300e+03 9.957899e-01
6.671900e+03 9.950661e-01
6.681600e+03 9.945588e-01
6.691200e+03 9.938803e-01
6.700900e+03 9.926299e-01
6.710500e+03 9.914796e-01
6.720200e+03 9.907655e-01
6.729800e+03 9.902195e-01
6.739500e+03 9.899610e-01
6.749100e+03 9.896670e-01
6.758800e+03 9.888915e-01
6.768400e+03 9.877105e-01
6.778100e+03 9.842904e-01
6.787700e+03 9.780383e-01
6.797400e+03 9.696148e-01
6.807100e+03 9.599458e-01
6.816700e+03 9.485513e-01
6.826400e+03 9.286607e-01
6.836000e+03 9.034825e-01
6.845700e+03 8.761119e-01
6.855300e+03 8.483229e-01
6.865000e+03 8.197164e-01
6.874600e+03 7.888288e-01
6.884300e+03 7.600883e-01
6.893900e+03 7.346176e-01
6.903600e+03 7.056848e-01
6.913200e+03 6.734369e-01
6.922900e+03 6.377834e-01
6.932500e+03 5.980991e-01
6.942200e+03 5.549059e-01
6.951800e+03 5.095770e-01
6.961500e+03 4.634984e-01
6.971100e+03 4.175248e-01
6.980800e+03 3.720278e-01
6.990400e+03 3.261334e-01
7.000100e+03 2.831389e-01
7.009700e+03 2.439522e-01
7.019400e+03 2.089046e-01
7.029000e+03 1.780541e-01
7.038700e+03 1.513075e-01
7.048300e+03 1.282935e-01
7.058000e+03 1.087128e-01
7.067600e+03 9.226380e-02
7.077300e+03 7.839079e-02
7.086900e+03 6.668972e-02
7.096600e+03 5.694814e-02
7.106200e+03 4.888091e-02
7.115900e+03 4.201048e-02
7.125500e+03 3.612618e-02
7.135200e+03 3.123786e-02
7.144800e+03 2.695441e-02
7.154500e+03 2.311183e-02
7.164100e+03 1.980368e-02
7.173800e+03 1.614124e-02
7.183400e+03 1.278984e-02
7.193100e+03 1.006000e-02
7.202700e+03 7.669350e-03
7.212400e+03 5.556701e-03
7.222000e+03 3.662038e-03
7.231700e+03 1.980675e-03
7.241300e+03 6.028925e-04
