# # Wavelength(Angstrom)  Transmission
4.078500e+03 0.000000e+00
4.079000e+03 9.359697e-04
4.079500e+03 9.741260e-04
4.080000e+03 1.074575e-03
4.080500e+03 1.075154e-03
4.081000e+03 1.075733e-03
4.081500e+03 1.151788e-03
4.082000e+03 1.240227e-03
4.082500e+03 1.341089e-03
4.083000e+03 1.416590e-03
4.083500e+03 1.455167e-03
4.084000e+03 1.481447e-03
4.084500e+03 1.532453e-03
4.085000e+03 1.545630e-03
4.085500e+03 1.534103e-03
4.086000e+03 1.572024e-03
4.086500e+03 1.610806e-03
4.087000e+03 1.712352e-03
4.087500e+03 1.725657e-03
4.088000e+03 1.752190e-03
4.088500e+03 1.829177e-03
4.089000e+03 1.931055e-03
4.089500e+03 2.033042e-03
4.090000e+03 2.034133e-03
4.090500e+03 2.085752e-03
4.091000e+03 2.162307e-03
4.091500e+03 2.214063e-03
4.092000e+03 2.304051e-03
4.092500e+03 2.368399e-03
4.093000e+03 2.509237e-03
4.093500e+03 2.726688e-03
4.094000e+03 2.816328e-03
4.094500e+03 2.945159e-03
4.095000e+03 3.035836e-03
4.095500e+03 3.151592e-03
4.096000e+03 3.242454e-03
4.096500e+03 3.345919e-03
4.097000e+03 3.424454e-03
4.097500e+03 3.553135e-03
4.098000e+03 3.746227e-03
4.098500e+03 3.850104e-03
4.099000e+03 4.018432e-03
4.099500e+03 4.237077e-03
4.100000e+03 4.430813e-03
4.100500e+03 4.624704e-03
4.101000e+03 4.792776e-03
4.101500e+03 4.974379e-03
4.102000e+03 5.168706e-03
4.102500e+03 5.388347e-03
4.103000e+03 5.595564e-03
4.103500e+03 5.892787e-03
4.104000e+03 6.164210e-03
4.104500e+03 6.449296e-03
4.105000e+03 6.811122e-03
4.105500e+03 7.096713e-03
4.106000e+03 7.343842e-03
4.106500e+03 7.667788e-03
4.107000e+03 7.992843e-03
4.107500e+03 8.382230e-03
4.108000e+03 8.732339e-03
4.108500e+03 9.216849e-03
4.109000e+03 9.625841e-03
4.109500e+03 1.001843e-02
4.110000e+03 1.051266e-02
4.110500e+03 1.098202e-02
4.111000e+03 1.147714e-02
4.111500e+03 1.204884e-02
4.112000e+03 1.273942e-02
4.112500e+03 1.345608e-02
4.113000e+03 1.414791e-02
4.113500e+03 1.492516e-02
4.114000e+03 1.593183e-02
4.114500e+03 1.685463e-02
4.115000e+03 1.788859e-02
4.115500e+03 1.883007e-02
4.116000e+03 1.998464e-02
4.116500e+03 2.099583e-02
4.117000e+03 2.216941e-02
4.117500e+03 2.343751e-02
4.118000e+03 2.477477e-02
4.118500e+03 2.626645e-02
4.119000e+03 2.784450e-02
4.119500e+03 2.939852e-02
4.120000e+03 3.094535e-02
4.120500e+03 3.259587e-02
4.121000e+03 3.441832e-02
4.121500e+03 3.631931e-02
4.122000e+03 3.818782e-02
4.122500e+03 4.022019e-02
4.123000e+03 4.229708e-02
4.123500e+03 4.468357e-02
4.124000e+03 4.684130e-02
4.124500e+03 4.929184e-02
4.125000e+03 5.200123e-02
4.125500e+03 5.485870e-02
4.126000e+03 5.765863e-02
4.126500e+03 6.046969e-02
4.127000e+03 6.348051e-02
4.127500e+03 6.657970e-02
4.128000e+03 6.988763e-02
4.128500e+03 7.341304e-02
4.129000e+03 7.694168e-02
4.129500e+03 8.071404e-02
4.130000e+03 8.448119e-02
4.130500e+03 8.850104e-02
4.131000e+03 9.275680e-02
4.131500e+03 9.684416e-02
4.132000e+03 1.012793e-01
4.132500e+03 1.060633e-01
4.133000e+03 1.106799e-01
4.133500e+03 1.154724e-01
4.134000e+03 1.207004e-01
4.134500e+03 1.260191e-01
4.135000e+03 1.316022e-01
4.135500e+03 1.374484e-01
4.136000e+03 1.432146e-01
4.136500e+03 1.488119e-01
4.137000e+03 1.544150e-01
4.137500e+03 1.603688e-01
4.138000e+03 1.665011e-01
4.138500e+03 1.726389e-01
4.139000e+03 1.790419e-01
4.139500e+03 1.859714e-01
4.140000e+03 1.928197e-01
4.140500e+03 1.996740e-01
4.141000e+03 2.066218e-01
4.141500e+03 2.138362e-01
4.142000e+03 2.208829e-01
4.142500e+03 2.282830e-01
4.143000e+03 2.355164e-01
4.143500e+03 2.431047e-01
4.144000e+03 2.507854e-01
4.144500e+03 2.589969e-01
4.145000e+03 2.675627e-01
4.145500e+03 2.757888e-01
4.146000e+03 2.843696e-01
4.146500e+03 2.928720e-01
4.147000e+03 3.014688e-01
4.147500e+03 3.098983e-01
4.148000e+03 3.185092e-01
4.148500e+03 3.273907e-01
4.149000e+03 3.361059e-01
4.149500e+03 3.450901e-01
4.150000e+03 3.539950e-01
4.150500e+03 3.634327e-01
4.151000e+03 3.725290e-01
4.151500e+03 3.820714e-01
4.152000e+03 3.913595e-01
4.152500e+03 4.007430e-01
4.153000e+03 4.097835e-01
4.153500e+03 4.186570e-01
4.154000e+03 4.285916e-01
4.154500e+03 4.385348e-01
4.155000e+03 4.478722e-01
4.155500e+03 4.573054e-01
4.156000e+03 4.667468e-01
4.156500e+03 4.759326e-01
4.157000e+03 4.852141e-01
4.157500e+03 4.946801e-01
4.158000e+03 5.038014e-01
4.158500e+03 5.128428e-01
4.159000e+03 5.216276e-01
4.159500e+03 5.303322e-01
4.160000e+03 5.397495e-01
4.160500e+03 5.482925e-01
4.161000e+03 5.571079e-01
4.161500e+03 5.664610e-01
4.162000e+03 5.744073e-01
4.162500e+03 5.826258e-01
4.163000e+03 5.913822e-01
4.163500e+03 5.996151e-01
4.164000e+03 6.079433e-01
4.164500e+03 6.164572e-01
4.165000e+03 6.248881e-01
4.165500e+03 6.329730e-01
4.166000e+03 6.408862e-01
4.166500e+03 6.486293e-01
4.167000e+03 6.567339e-01
4.167500e+03 6.641346e-01
4.168000e+03 6.712750e-01
4.168500e+03 6.782435e-01
4.169000e+03 6.858401e-01
4.169500e+03 6.923755e-01
4.170000e+03 6.991846e-01
4.170500e+03 7.056416e-01
4.171000e+03 7.115695e-01
4.171500e+03 7.175922e-01
4.172000e+03 7.234412e-01
4.172500e+03 7.294730e-01
4.173000e+03 7.348854e-01
4.173500e+03 7.406602e-01
4.174000e+03 7.462599e-01
4.174500e+03 7.515072e-01
4.175000e+03 7.562225e-01
4.175500e+03 7.611199e-01
4.176000e+03 7.660225e-01
4.176500e+03 7.709282e-01
4.177000e+03 7.749418e-01
4.177500e+03 7.788694e-01
4.178000e+03 7.834285e-01
4.178500e+03 7.883509e-01
4.179000e+03 7.924679e-01
4.179500e+03 7.970386e-01
4.180000e+03 8.011638e-01
4.180500e+03 8.044829e-01
4.181000e+03 8.081651e-01
4.181500e+03 8.111306e-01
4.182000e+03 8.144581e-01
4.182500e+03 8.172484e-01
4.183000e+03 8.213916e-01
4.183500e+03 8.245480e-01
4.184000e+03 8.268949e-01
4.184500e+03 8.291529e-01
4.185000e+03 8.318641e-01
4.185500e+03 8.352106e-01
4.186000e+03 8.365712e-01
4.186500e+03 8.382047e-01
4.187000e+03 8.402905e-01
4.187500e+03 8.420166e-01
4.188000e+03 8.436539e-01
4.188500e+03 8.455638e-01
4.189000e+03 8.468408e-01
4.189500e+03 8.479372e-01
4.190000e+03 8.494875e-01
4.190500e+03 8.510406e-01
4.191000e+03 8.514181e-01
4.191500e+03 8.521616e-01
4.192000e+03 8.526341e-01
4.192500e+03 8.538358e-01
4.193000e+03 8.543112e-01
4.193500e+03 8.546059e-01
4.194000e+03 8.556282e-01
4.194500e+03 8.560131e-01
4.195000e+03 8.563052e-01
4.195500e+03 8.571429e-01
4.196000e+03 8.572499e-01
4.196500e+03 8.569889e-01
4.197000e+03 8.577283e-01
4.197500e+03 8.571863e-01
4.198000e+03 8.566394e-01
4.198500e+03 8.562700e-01
4.199000e+03 8.558938e-01
4.199500e+03 8.550552e-01
4.200000e+03 8.553073e-01
4.200500e+03 8.550943e-01
4.201000e+03 8.553333e-01
4.201500e+03 8.549254e-01
4.202000e+03 8.552443e-01
4.202500e+03 8.547334e-01
4.203000e+03 8.544936e-01
4.203500e+03 8.533318e-01
4.204000e+03 8.531754e-01
4.204500e+03 8.531084e-01
4.205000e+03 8.525791e-01
4.205500e+03 8.525077e-01
4.206000e+03 8.525254e-01
4.206500e+03 8.519924e-01
4.207000e+03 8.517333e-01
4.207500e+03 8.523948e-01
4.208000e+03 8.525051e-01
4.208500e+03 8.523407e-01
4.209000e+03 8.519938e-01
4.209500e+03 8.519259e-01
4.210000e+03 8.512148e-01
4.210500e+03 8.512427e-01
4.211000e+03 8.511788e-01
4.211500e+03 8.514830e-01
4.212000e+03 8.518793e-01
4.212500e+03 8.517225e-01
4.213000e+03 8.517503e-01
4.213500e+03 8.526085e-01
4.214000e+03 8.530064e-01
4.214500e+03 8.536804e-01
4.215000e+03 8.548179e-01
4.215500e+03 8.547532e-01
4.216000e+03 8.550586e-01
4.216500e+03 8.550867e-01
4.217000e+03 8.559471e-01
4.217500e+03 8.564381e-01
4.218000e+03 8.569292e-01
4.218500e+03 8.576059e-01
4.219000e+03 8.578183e-01
4.219500e+03 8.581240e-01
4.220000e+03 8.576875e-01
4.220500e+03 8.589208e-01
4.221000e+03 8.599688e-01
4.221500e+03 8.597176e-01
4.222000e+03 8.603015e-01
4.222500e+03 8.610716e-01
4.223000e+03 8.610049e-01
4.223500e+03 8.616828e-01
4.224000e+03 8.622673e-01
4.224500e+03 8.634110e-01
4.225000e+03 8.639962e-01
4.225500e+03 8.645816e-01
4.226000e+03 8.655404e-01
4.226500e+03 8.660337e-01
4.227000e+03 8.668067e-01
4.227500e+03 8.681395e-01
4.228000e+03 8.694741e-01
4.228500e+03 8.693156e-01
4.229000e+03 8.699966e-01
4.229500e+03 8.713332e-01
4.230000e+03 8.720154e-01
4.230500e+03 8.731665e-01
4.231000e+03 8.747848e-01
4.231500e+03 8.761248e-01
4.232000e+03 8.774647e-01
4.232500e+03 8.785249e-01
4.233000e+03 8.793993e-01
4.233500e+03 8.809291e-01
4.234000e+03 8.819913e-01
4.234500e+03 8.830542e-01
4.235000e+03 8.845875e-01
4.235500e+03 8.857452e-01
4.236000e+03 8.869980e-01
4.236500e+03 8.886274e-01
4.237000e+03 8.898817e-01
4.237500e+03 8.908552e-01
4.238000e+03 8.923925e-01
4.238500e+03 8.939306e-01
4.239000e+03 8.941539e-01
4.239500e+03 8.951283e-01
4.240000e+03 8.958220e-01
4.240500e+03 8.968920e-01
4.241000e+03 8.989989e-01
4.241500e+03 8.995993e-01
4.242000e+03 9.004824e-01
4.242500e+03 9.013670e-01
4.243000e+03 9.020621e-01
4.243500e+03 9.027586e-01
4.244000e+03 9.043991e-01
4.244500e+03 9.048125e-01
4.245000e+03 9.059823e-01
4.245500e+03 9.067745e-01
4.246000e+03 9.074720e-01
4.246500e+03 9.077923e-01
4.247000e+03 9.095311e-01
4.247500e+03 9.104203e-01
4.248000e+03 9.114983e-01
4.248500e+03 9.127666e-01
4.249000e+03 9.132782e-01
4.249500e+03 9.149260e-01
4.250000e+03 9.158179e-01
4.250500e+03 9.168037e-01
4.251000e+03 9.175068e-01
4.251500e+03 9.186845e-01
4.252000e+03 9.191973e-01
4.252500e+03 9.208508e-01
4.253000e+03 9.219349e-01
4.253500e+03 9.234946e-01
4.254000e+03 9.244854e-01
4.254500e+03 9.255715e-01
4.255000e+03 9.262784e-01
4.255500e+03 9.270803e-01
4.256000e+03 9.280732e-01
4.256500e+03 9.286854e-01
4.257000e+03 9.291073e-01
4.257500e+03 9.291488e-01
4.258000e+03 9.300484e-01
4.258500e+03 9.311383e-01
4.259000e+03 9.324198e-01
4.259500e+03 9.332251e-01
4.260000e+03 9.343168e-01
4.260500e+03 9.346457e-01
4.261000e+03 9.348797e-01
4.261500e+03 9.354953e-01
4.262000e+03 9.363025e-01
4.262500e+03 9.370140e-01
4.263000e+03 9.379184e-01
4.263500e+03 9.380570e-01
4.264000e+03 9.386742e-01
4.264500e+03 9.389093e-01
4.265000e+03 9.394315e-01
4.265500e+03 9.401446e-01
4.266000e+03 9.412419e-01
4.266500e+03 9.417648e-01
4.267000e+03 9.420959e-01
4.267500e+03 9.423315e-01
4.268000e+03 9.427581e-01
4.268500e+03 9.438570e-01
4.269000e+03 9.445729e-01
4.269500e+03 9.445196e-01
4.270000e+03 9.451400e-01
4.270500e+03 9.454712e-01
4.271000e+03 9.457055e-01
4.271500e+03 9.471913e-01
4.272000e+03 9.476185e-01
4.272500e+03 9.478541e-01
4.273000e+03 9.477997e-01
4.273500e+03 9.483239e-01
4.274000e+03 9.487522e-01
4.274500e+03 9.489865e-01
4.275000e+03 9.492218e-01
4.275500e+03 9.496493e-01
4.276000e+03 9.496914e-01
4.276500e+03 9.498296e-01
4.277000e+03 9.501611e-01
4.277500e+03 9.511692e-01
4.278000e+03 9.516947e-01
4.278500e+03 9.520269e-01
4.279000e+03 9.521656e-01
4.279500e+03 9.520143e-01
4.280000e+03 9.524432e-01
4.280500e+03 9.530672e-01
4.281000e+03 9.533027e-01
4.281500e+03 9.537333e-01
4.282000e+03 9.535819e-01
4.282500e+03 9.539152e-01
4.283000e+03 9.544417e-01
4.283500e+03 9.553580e-01
4.284000e+03 9.562737e-01
4.284500e+03 9.571910e-01
4.285000e+03 9.577188e-01
4.285500e+03 9.578599e-01
4.286000e+03 9.583880e-01
4.286500e+03 9.590152e-01
4.287000e+03 9.599331e-01
4.287500e+03 9.606578e-01
4.288000e+03 9.611868e-01
4.288500e+03 9.622037e-01
4.289000e+03 9.633182e-01
4.289500e+03 9.636539e-01
4.290000e+03 9.649642e-01
4.290500e+03 9.665686e-01
4.291000e+03 9.674898e-01
4.291500e+03 9.674359e-01
4.292000e+03 9.675782e-01
4.292500e+03 9.671329e-01
4.293000e+03 9.671765e-01
4.293500e+03 9.674156e-01
4.294000e+03 9.671648e-01
4.294500e+03 9.678925e-01
4.295000e+03 9.682288e-01
4.295500e+03 9.675868e-01
4.296000e+03 9.681187e-01
4.296500e+03 9.679654e-01
4.297000e+03 9.684974e-01
4.297500e+03 9.690286e-01
4.298000e+03 9.692672e-01
4.298500e+03 9.690156e-01
4.299000e+03 9.693516e-01
4.299500e+03 9.696877e-01
4.300000e+03 9.698273e-01
4.300500e+03 9.700645e-01
4.301000e+03 9.708917e-01
4.301500e+03 9.715236e-01
4.302000e+03 9.721547e-01
4.302500e+03 9.718029e-01
4.303000e+03 9.724341e-01
4.303500e+03 9.736565e-01
4.304000e+03 9.747805e-01
4.304500e+03 9.754128e-01
4.305000e+03 9.762425e-01
4.305500e+03 9.771717e-01
4.306000e+03 9.778049e-01
4.306500e+03 9.784383e-01
4.307000e+03 9.795649e-01
4.307500e+03 9.810872e-01
4.308000e+03 9.829061e-01
4.308500e+03 9.843307e-01
4.309000e+03 9.858554e-01
4.309500e+03 9.865909e-01
4.310000e+03 9.876229e-01
4.310500e+03 9.893464e-01
4.311000e+03 9.898849e-01
4.311500e+03 9.911163e-01
4.312000e+03 9.917537e-01
4.312500e+03 9.932828e-01
4.313000e+03 9.939209e-01
4.313500e+03 9.953515e-01
4.314000e+03 9.963871e-01
4.314500e+03 9.973235e-01
4.315000e+03 9.977655e-01
4.315500e+03 9.980081e-01
4.316000e+03 9.979542e-01
4.316500e+03 9.984953e-01
4.317000e+03 9.987378e-01
4.317500e+03 9.996771e-01
4.318000e+03 9.990264e-01
4.318500e+03 9.991701e-01
4.319000e+03 9.998110e-01
4.319500e+03 9.999550e-01
4.320000e+03 1.000000e+00
4.320500e+03 9.993480e-01
4.321000e+03 9.985963e-01
4.321500e+03 9.977438e-01
4.322000e+03 9.963924e-01
4.322500e+03 9.953387e-01
4.323000e+03 9.945842e-01
4.323500e+03 9.934297e-01
4.324000e+03 9.919752e-01
4.324500e+03 9.907182e-01
4.325000e+03 9.894613e-01
4.325500e+03 9.881029e-01
4.326000e+03 9.874430e-01
4.326500e+03 9.851838e-01
4.327000e+03 9.832225e-01
4.327500e+03 9.805594e-01
4.328000e+03 9.778943e-01
4.328500e+03 9.763276e-01
4.329000e+03 9.743598e-01
4.329500e+03 9.726907e-01
4.330000e+03 9.701181e-01
4.330500e+03 9.677442e-01
4.331000e+03 9.646676e-01
4.331500e+03 9.618883e-01
4.332000e+03 9.595097e-01
4.332500e+03 9.560235e-01
4.333000e+03 9.526370e-01
4.333500e+03 9.492469e-01
4.334000e+03 9.456532e-01
4.334500e+03 9.426604e-01
4.335000e+03 9.396654e-01
4.335500e+03 9.363657e-01
4.336000e+03 9.326617e-01
4.336500e+03 9.278486e-01
4.337000e+03 9.239373e-01
4.337500e+03 9.186140e-01
4.338000e+03 9.146966e-01
4.338500e+03 9.102724e-01
4.339000e+03 9.059466e-01
4.339500e+03 9.015161e-01
4.340000e+03 8.964776e-01
4.340500e+03 8.918384e-01
4.341000e+03 8.862881e-01
4.341500e+03 8.809359e-01
4.342000e+03 8.760838e-01
4.342500e+03 8.707241e-01
4.343000e+03 8.645510e-01
4.343500e+03 8.591834e-01
4.344000e+03 8.529012e-01
4.344500e+03 8.470186e-01
4.345000e+03 8.404242e-01
4.345500e+03 8.344323e-01
4.346000e+03 8.286391e-01
4.346500e+03 8.224371e-01
4.347000e+03 8.158250e-01
4.347500e+03 8.088022e-01
4.348000e+03 8.015716e-01
4.348500e+03 7.942349e-01
4.349000e+03 7.871975e-01
4.349500e+03 7.799530e-01
4.350000e+03 7.720935e-01
4.350500e+03 7.645333e-01
4.351000e+03 7.569679e-01
4.351500e+03 7.489913e-01
4.352000e+03 7.413141e-01
4.352500e+03 7.334280e-01
4.353000e+03 7.253326e-01
4.353500e+03 7.166213e-01
4.354000e+03 7.077000e-01
4.354500e+03 6.985686e-01
4.355000e+03 6.898389e-01
4.355500e+03 6.815103e-01
4.356000e+03 6.726659e-01
4.356500e+03 6.638165e-01
4.357000e+03 6.548582e-01
4.357500e+03 6.458936e-01
4.358000e+03 6.368200e-01
4.358500e+03 6.271286e-01
4.359000e+03 6.172248e-01
4.359500e+03 6.074169e-01
4.360000e+03 5.977039e-01
4.360500e+03 5.887004e-01
4.361000e+03 5.792809e-01
4.361500e+03 5.696510e-01
4.362000e+03 5.602182e-01
4.362500e+03 5.505750e-01
4.363000e+03 5.404127e-01
4.363500e+03 5.303455e-01
4.364000e+03 5.209882e-01
4.364500e+03 5.112160e-01
4.365000e+03 5.014359e-01
4.365500e+03 4.910337e-01
4.366000e+03 4.814456e-01
4.366500e+03 4.720555e-01
4.367000e+03 4.623520e-01
4.367500e+03 4.528466e-01
4.368000e+03 4.436441e-01
4.368500e+03 4.335092e-01
4.369000e+03 4.235734e-01
4.369500e+03 4.140419e-01
4.370000e+03 4.038866e-01
4.370500e+03 3.942394e-01
4.371000e+03 3.847919e-01
4.371500e+03 3.752342e-01
4.372000e+03 3.655674e-01
4.372500e+03 3.563070e-01
4.373000e+03 3.468337e-01
4.373500e+03 3.377661e-01
4.374000e+03 3.283828e-01
4.374500e+03 3.188903e-01
4.375000e+03 3.099078e-01
4.375500e+03 3.010221e-01
4.376000e+03 2.919245e-01
4.376500e+03 2.834395e-01
4.377000e+03 2.750540e-01
4.377500e+03 2.667646e-01
4.378000e+03 2.586780e-01
4.378500e+03 2.505847e-01
4.379000e+03 2.426932e-01
4.379500e+03 2.346932e-01
4.380000e+03 2.268953e-01
4.380500e+03 2.192985e-01
4.381000e+03 2.118010e-01
4.381500e+03 2.045049e-01
4.382000e+03 1.972050e-01
4.382500e+03 1.904193e-01
4.383000e+03 1.836278e-01
4.383500e+03 1.767283e-01
4.384000e+03 1.699287e-01
4.384500e+03 1.635397e-01
4.385000e+03 1.571463e-01
4.385500e+03 1.509569e-01
4.386000e+03 1.451801e-01
4.386500e+03 1.395031e-01
4.387000e+03 1.337185e-01
4.387500e+03 1.282412e-01
4.388000e+03 1.228662e-01
4.388500e+03 1.179027e-01
4.389000e+03 1.131459e-01
4.389500e+03 1.082810e-01
4.390000e+03 1.036529e-01
4.390500e+03 9.907388e-02
4.391000e+03 9.475309e-02
4.391500e+03 9.078444e-02
4.392000e+03 8.686552e-02
4.392500e+03 8.283944e-02
4.393000e+03 7.927066e-02
4.393500e+03 7.568902e-02
4.394000e+03 7.216777e-02
4.394500e+03 6.894757e-02
4.395000e+03 6.577747e-02
4.395500e+03 6.282507e-02
4.396000e+03 6.006972e-02
4.396500e+03 5.706093e-02
4.397000e+03 5.424917e-02
4.397500e+03 5.183396e-02
4.398000e+03 4.943803e-02
4.398500e+03 4.722930e-02
4.399000e+03 4.490355e-02
4.399500e+03 4.281768e-02
4.400000e+03 4.081435e-02
4.400500e+03 3.891469e-02
4.401000e+03 3.699278e-02
4.401500e+03 3.526928e-02
4.402000e+03 3.351296e-02
4.402500e+03 3.188188e-02
4.403000e+03 3.041810e-02
4.403500e+03 2.893228e-02
4.404000e+03 2.747720e-02
4.404500e+03 2.625287e-02
4.405000e+03 2.503828e-02
4.405500e+03 2.383354e-02
4.406000e+03 2.267029e-02
4.406500e+03 2.161181e-02
4.407000e+03 2.070034e-02
4.407500e+03 1.966165e-02
4.408000e+03 1.873855e-02
4.408500e+03 1.795216e-02
4.409000e+03 1.711250e-02
4.409500e+03 1.636750e-02
4.410000e+03 1.555858e-02
4.410500e+03 1.482322e-02
4.411000e+03 1.420370e-02
4.411500e+03 1.359445e-02
4.412000e+03 1.302709e-02
4.412500e+03 1.249123e-02
4.413000e+03 1.197613e-02
4.413500e+03 1.149259e-02
4.414000e+03 1.099811e-02
4.414500e+03 1.056056e-02
4.415000e+03 1.007821e-02
4.415500e+03 9.693138e-03
4.416000e+03 9.291919e-03
4.416500e+03 8.840565e-03
4.417000e+03 8.487662e-03
4.417500e+03 8.084646e-03
4.418000e+03 7.827943e-03
4.418500e+03 7.555145e-03
4.419000e+03 7.184412e-03
4.419500e+03 6.910189e-03
4.420000e+03 6.603895e-03
4.420500e+03 6.346340e-03
4.421000e+03 6.104600e-03
4.421500e+03 5.862700e-03
4.422000e+03 5.669636e-03
4.422500e+03 5.427455e-03
4.423000e+03 5.299135e-03
4.423500e+03 5.089724e-03
4.424000e+03 4.945231e-03
4.424500e+03 4.734522e-03
4.425000e+03 4.589821e-03
4.425500e+03 4.411959e-03
4.426000e+03 4.251061e-03
4.426500e+03 4.089003e-03
4.427000e+03 3.975966e-03
4.427500e+03 3.846837e-03
4.428000e+03 3.717641e-03
4.428500e+03 3.555211e-03
4.429000e+03 3.458990e-03
4.429500e+03 3.361634e-03
4.430000e+03 3.216073e-03
4.430500e+03 3.086489e-03
4.431000e+03 2.956815e-03
4.431500e+03 2.859188e-03
4.432000e+03 2.745434e-03
4.432500e+03 2.680907e-03
4.433000e+03 2.534874e-03
4.433500e+03 2.486326e-03
4.434000e+03 2.438816e-03
4.434500e+03 2.356945e-03
4.435000e+03 2.259996e-03
4.435500e+03 2.161931e-03
4.436000e+03 2.097076e-03
4.436500e+03 2.032194e-03
4.437000e+03 1.917842e-03
4.437500e+03 1.836745e-03
4.438000e+03 1.853425e-03
4.438500e+03 1.837853e-03
4.439000e+03 1.756645e-03
4.439500e+03 1.707681e-03
4.440000e+03 1.692050e-03
4.440500e+03 1.609652e-03
4.441000e+03 1.593980e-03
4.441500e+03 1.512587e-03
4.442000e+03 1.447297e-03
4.442500e+03 1.364724e-03
4.443000e+03 1.365134e-03
4.443500e+03 1.317005e-03
4.444000e+03 1.300142e-03
4.444500e+03 1.251964e-03
4.445000e+03 1.252339e-03
4.445500e+03 1.235441e-03
4.446000e+03 1.187200e-03
4.446500e+03 0.000000e+00
