# # Wavelength(Angstrom)  Transmission
4.633500e+03 0.000000e+00
4.634000e+03 1.149668e-03
4.634500e+03 1.196919e-03
4.635000e+03 1.213834e-03
4.635500e+03 1.245410e-03
4.636000e+03 1.309439e-03
4.636500e+03 1.309632e-03
4.637000e+03 1.357995e-03
4.637500e+03 1.390653e-03
4.638000e+03 1.437989e-03
4.638500e+03 1.470679e-03
4.639000e+03 1.534798e-03
4.639500e+03 1.583218e-03
4.640000e+03 1.663102e-03
4.640500e+03 1.694789e-03
4.641000e+03 1.743254e-03
4.641500e+03 1.839966e-03
4.642000e+03 1.888466e-03
4.642500e+03 1.952721e-03
4.643000e+03 2.016984e-03
4.643500e+03 2.048751e-03
4.644000e+03 2.161316e-03
4.644500e+03 2.305394e-03
4.645000e+03 2.322519e-03
4.645500e+03 2.370093e-03
4.646000e+03 2.451277e-03
4.646500e+03 2.531428e-03
4.647000e+03 2.531798e-03
4.647500e+03 2.547923e-03
4.648000e+03 2.612379e-03
4.648500e+03 2.725175e-03
4.649000e+03 2.822232e-03
4.649500e+03 2.966618e-03
4.650000e+03 3.095281e-03
4.650500e+03 3.127272e-03
4.651000e+03 3.257044e-03
4.651500e+03 3.368988e-03
4.652000e+03 3.450451e-03
4.652500e+03 3.515126e-03
4.653000e+03 3.643985e-03
4.653500e+03 3.757088e-03
4.654000e+03 3.853405e-03
4.654500e+03 3.933952e-03
4.655000e+03 4.095573e-03
4.655500e+03 4.273044e-03
4.656000e+03 4.417910e-03
4.656500e+03 4.515443e-03
4.657000e+03 4.644599e-03
4.657500e+03 4.725333e-03
4.658000e+03 4.838755e-03
4.658500e+03 4.999625e-03
4.659000e+03 5.129977e-03
4.659500e+03 5.226648e-03
4.660000e+03 5.371821e-03
4.660500e+03 5.533923e-03
4.661000e+03 5.776192e-03
4.661500e+03 5.985844e-03
4.662000e+03 6.244081e-03
4.662500e+03 6.439100e-03
4.663000e+03 6.648939e-03
4.663500e+03 6.827183e-03
4.664000e+03 7.037139e-03
4.664500e+03 7.199658e-03
4.665000e+03 7.425575e-03
4.665500e+03 7.652598e-03
4.666000e+03 7.862796e-03
4.666500e+03 8.138538e-03
4.667000e+03 8.397464e-03
4.667500e+03 8.720904e-03
4.668000e+03 8.995840e-03
4.668500e+03 9.368068e-03
4.669000e+03 9.595619e-03
4.669500e+03 9.887712e-03
4.670000e+03 1.011434e-02
4.670500e+03 1.043832e-02
4.671000e+03 1.074441e-02
4.671500e+03 1.108444e-02
4.672000e+03 1.141399e-02
4.672500e+03 1.191287e-02
4.673000e+03 1.225324e-02
4.673500e+03 1.265717e-02
4.674000e+03 1.309306e-02
4.674500e+03 1.358189e-02
4.675000e+03 1.406032e-02
4.675500e+03 1.452835e-02
4.676000e+03 1.504936e-02
4.676500e+03 1.546471e-02
4.677000e+03 1.604963e-02
4.677500e+03 1.666649e-02
4.678000e+03 1.727298e-02
4.678500e+03 1.793264e-02
4.679000e+03 1.853948e-02
4.679500e+03 1.926308e-02
4.680000e+03 1.993387e-02
4.680500e+03 2.059429e-02
4.681000e+03 2.141400e-02
4.681500e+03 2.225507e-02
4.682000e+03 2.312831e-02
4.682500e+03 2.401236e-02
4.683000e+03 2.494973e-02
4.683500e+03 2.590862e-02
4.684000e+03 2.694213e-02
4.684500e+03 2.796536e-02
4.685000e+03 2.899935e-02
4.685500e+03 3.009754e-02
4.686000e+03 3.118525e-02
4.686500e+03 3.240088e-02
4.687000e+03 3.373370e-02
4.687500e+03 3.492878e-02
4.688000e+03 3.620922e-02
4.688500e+03 3.771319e-02
4.689000e+03 3.920702e-02
4.689500e+03 4.065882e-02
4.690000e+03 4.208963e-02
4.690500e+03 4.365924e-02
4.691000e+03 4.520802e-02
4.691500e+03 4.688497e-02
4.692000e+03 4.846662e-02
4.692500e+03 5.035741e-02
4.693000e+03 5.225936e-02
4.693500e+03 5.411936e-02
4.694000e+03 5.619273e-02
4.694500e+03 5.830934e-02
4.695000e+03 6.035210e-02
4.695500e+03 6.268293e-02
4.696000e+03 6.502513e-02
4.696500e+03 6.718672e-02
4.697000e+03 6.953018e-02
4.697500e+03 7.226850e-02
4.698000e+03 7.493302e-02
4.698500e+03 7.773679e-02
4.699000e+03 8.064790e-02
4.699500e+03 8.347432e-02
4.700000e+03 8.644016e-02
4.700500e+03 8.953473e-02
4.701000e+03 9.268325e-02
4.701500e+03 9.613136e-02
4.702000e+03 9.953756e-02
4.702500e+03 1.028912e-01
4.703000e+03 1.064699e-01
4.703500e+03 1.101668e-01
4.704000e+03 1.140247e-01
4.704500e+03 1.180967e-01
4.705000e+03 1.222774e-01
4.705500e+03 1.261378e-01
4.706000e+03 1.304269e-01
4.706500e+03 1.345043e-01
4.707000e+03 1.389020e-01
4.707500e+03 1.436222e-01
4.708000e+03 1.485565e-01
4.708500e+03 1.532793e-01
4.709000e+03 1.581097e-01
4.709500e+03 1.630479e-01
4.710000e+03 1.682016e-01
4.710500e+03 1.734643e-01
4.711000e+03 1.789413e-01
4.711500e+03 1.845273e-01
4.712000e+03 1.902213e-01
4.712500e+03 1.960245e-01
4.713000e+03 2.018280e-01
4.713500e+03 2.077407e-01
4.714000e+03 2.139769e-01
4.714500e+03 2.204280e-01
4.715000e+03 2.267729e-01
4.715500e+03 2.332272e-01
4.716000e+03 2.400043e-01
4.716500e+03 2.469976e-01
4.717000e+03 2.537794e-01
4.717500e+03 2.604539e-01
4.718000e+03 2.675604e-01
4.718500e+03 2.746676e-01
4.719000e+03 2.818845e-01
4.719500e+03 2.891033e-01
4.720000e+03 2.962162e-01
4.720500e+03 3.035455e-01
4.721000e+03 3.107700e-01
4.721500e+03 3.183179e-01
4.722000e+03 3.258678e-01
4.722500e+03 3.333128e-01
4.723000e+03 3.412951e-01
4.723500e+03 3.490658e-01
4.724000e+03 3.565167e-01
4.724500e+03 3.638616e-01
4.725000e+03 3.718532e-01
4.725500e+03 3.801675e-01
4.726000e+03 3.881633e-01
4.726500e+03 3.961612e-01
4.727000e+03 4.041599e-01
4.727500e+03 4.121620e-01
4.728000e+03 4.202731e-01
4.728500e+03 4.284933e-01
4.729000e+03 4.369308e-01
4.729500e+03 4.453716e-01
4.730000e+03 4.535983e-01
4.730500e+03 4.619354e-01
4.731000e+03 4.700594e-01
4.731500e+03 4.784008e-01
4.732000e+03 4.866362e-01
4.732500e+03 4.954116e-01
4.733000e+03 5.036525e-01
4.733500e+03 5.122170e-01
4.734000e+03 5.204624e-01
4.734500e+03 5.284932e-01
4.735000e+03 5.365274e-01
4.735500e+03 5.444552e-01
4.736000e+03 5.527091e-01
4.736500e+03 5.601027e-01
4.737000e+03 5.676055e-01
4.737500e+03 5.746801e-01
4.738000e+03 5.821878e-01
4.738500e+03 5.894818e-01
4.739000e+03 5.967776e-01
4.739500e+03 6.042898e-01
4.740000e+03 6.119124e-01
4.740500e+03 6.193210e-01
4.741000e+03 6.261938e-01
4.741500e+03 6.325280e-01
4.742000e+03 6.392957e-01
4.742500e+03 6.461723e-01
4.743000e+03 6.536974e-01
4.743500e+03 6.604703e-01
4.744000e+03 6.673523e-01
4.744500e+03 6.743446e-01
4.745000e+03 6.809067e-01
4.745500e+03 6.871468e-01
4.746000e+03 6.937122e-01
4.746500e+03 6.994158e-01
4.747000e+03 7.051197e-01
4.747500e+03 7.108263e-01
4.748000e+03 7.162106e-01
4.748500e+03 7.214875e-01
4.749000e+03 7.267659e-01
4.749500e+03 7.320455e-01
4.750000e+03 7.373278e-01
4.750500e+03 7.423939e-01
4.751000e+03 7.467056e-01
4.751500e+03 7.516666e-01
4.752000e+03 7.557630e-01
4.752500e+03 7.604022e-01
4.753000e+03 7.654757e-01
4.753500e+03 7.706569e-01
4.754000e+03 7.747590e-01
4.754500e+03 7.791864e-01
4.755000e+03 7.841560e-01
4.755500e+03 7.878281e-01
4.756000e+03 7.919345e-01
4.756500e+03 7.955008e-01
4.757000e+03 7.996092e-01
4.757500e+03 8.035019e-01
4.758000e+03 8.069620e-01
4.758500e+03 8.105320e-01
4.759000e+03 8.137783e-01
4.759500e+03 8.169164e-01
4.760000e+03 8.200552e-01
4.760500e+03 8.231948e-01
4.761000e+03 8.257933e-01
4.761500e+03 8.287185e-01
4.762000e+03 8.316433e-01
4.762500e+03 8.344608e-01
4.763000e+03 8.370619e-01
4.763500e+03 8.399899e-01
4.764000e+03 8.422673e-01
4.764500e+03 8.450874e-01
4.765000e+03 8.473660e-01
4.765500e+03 8.491027e-01
4.766000e+03 8.507306e-01
4.766500e+03 8.526854e-01
4.767000e+03 8.548580e-01
4.767500e+03 8.564872e-01
4.768000e+03 8.579007e-01
4.768500e+03 8.587718e-01
4.769000e+03 8.599686e-01
4.769500e+03 8.609482e-01
4.770000e+03 8.618199e-01
4.770500e+03 8.626918e-01
4.771000e+03 8.634544e-01
4.771500e+03 8.648699e-01
4.772000e+03 8.658504e-01
4.772500e+03 8.661796e-01
4.773000e+03 8.666170e-01
4.773500e+03 8.678157e-01
4.774000e+03 8.689064e-01
4.774500e+03 8.692359e-01
4.775000e+03 8.701081e-01
4.775500e+03 8.710911e-01
4.776000e+03 8.723992e-01
4.776500e+03 8.731637e-01
4.777000e+03 8.737117e-01
4.777500e+03 8.736061e-01
4.778000e+03 8.741543e-01
4.778500e+03 8.748109e-01
4.779000e+03 8.753581e-01
4.779500e+03 8.751442e-01
4.780000e+03 8.749303e-01
4.780500e+03 8.756958e-01
4.781000e+03 8.764628e-01
4.781500e+03 8.764660e-01
4.782000e+03 8.771237e-01
4.782500e+03 8.776730e-01
4.783000e+03 8.775680e-01
4.783500e+03 8.780079e-01
4.784000e+03 8.783394e-01
4.784500e+03 8.791075e-01
4.785000e+03 8.799832e-01
4.785500e+03 8.816238e-01
4.786000e+03 8.829367e-01
4.786500e+03 8.838144e-01
4.787000e+03 8.843652e-01
4.787500e+03 8.853517e-01
4.788000e+03 8.871026e-01
4.788500e+03 8.879810e-01
4.789000e+03 8.882040e-01
4.789500e+03 8.897372e-01
4.790000e+03 8.902891e-01
4.790500e+03 8.913871e-01
4.791000e+03 8.924844e-01
4.791500e+03 8.936920e-01
4.792000e+03 8.951188e-01
4.792500e+03 8.961085e-01
4.793000e+03 8.966623e-01
4.793500e+03 8.969975e-01
4.794000e+03 8.975504e-01
4.794500e+03 8.977770e-01
4.795000e+03 8.983302e-01
4.795500e+03 8.994313e-01
4.796000e+03 9.000948e-01
4.796500e+03 9.005395e-01
4.797000e+03 9.020779e-01
4.797500e+03 9.024139e-01
4.798000e+03 9.036248e-01
4.798500e+03 9.043970e-01
4.799000e+03 9.052789e-01
4.799500e+03 9.052869e-01
4.800000e+03 9.056257e-01
4.800500e+03 9.062968e-01
4.801000e+03 9.073004e-01
4.801500e+03 9.076513e-01
4.802000e+03 9.085520e-01
4.802500e+03 9.096761e-01
4.803000e+03 9.104732e-01
4.803500e+03 9.105065e-01
4.804000e+03 9.107594e-01
4.804500e+03 9.111237e-01
4.805000e+03 9.115979e-01
4.805500e+03 9.122919e-01
4.806000e+03 9.126570e-01
4.806500e+03 9.129124e-01
4.807000e+03 9.128366e-01
4.807500e+03 9.136367e-01
4.808000e+03 9.143257e-01
4.808500e+03 9.146852e-01
4.809000e+03 9.151539e-01
4.809500e+03 9.155135e-01
4.810000e+03 9.155440e-01
4.810500e+03 9.162329e-01
4.811000e+03 9.162625e-01
4.811500e+03 9.167319e-01
4.812000e+03 9.169827e-01
4.812500e+03 9.175617e-01
4.813000e+03 9.170433e-01
4.813500e+03 9.166340e-01
4.814000e+03 9.171038e-01
4.814500e+03 9.169144e-01
4.815000e+03 9.173842e-01
4.815500e+03 9.171947e-01
4.816000e+03 9.171145e-01
4.816500e+03 9.173652e-01
4.817000e+03 9.176146e-01
4.817500e+03 9.177544e-01
4.818000e+03 9.178940e-01
4.818500e+03 9.175927e-01
4.819000e+03 9.183934e-01
4.819500e+03 9.186426e-01
4.820000e+03 9.194439e-01
4.820500e+03 9.195842e-01
4.821000e+03 9.209362e-01
4.821500e+03 9.210774e-01
4.822000e+03 9.215493e-01
4.822500e+03 9.225725e-01
4.823000e+03 9.226049e-01
4.823500e+03 9.228569e-01
4.824000e+03 9.234407e-01
4.824500e+03 9.236930e-01
4.825000e+03 9.240563e-01
4.825500e+03 9.241988e-01
4.826000e+03 9.247829e-01
4.826500e+03 9.259176e-01
4.827000e+03 9.257290e-01
4.827500e+03 9.260920e-01
4.828000e+03 9.264548e-01
4.828500e+03 9.271486e-01
4.829000e+03 9.268482e-01
4.829500e+03 9.279844e-01
4.830000e+03 9.283473e-01
4.830500e+03 9.285992e-01
4.831000e+03 9.291835e-01
4.831500e+03 9.302094e-01
4.832000e+03 9.303514e-01
4.832500e+03 9.306035e-01
4.833000e+03 9.303040e-01
4.833500e+03 9.314405e-01
4.834000e+03 9.318040e-01
4.834500e+03 9.316144e-01
4.835000e+03 9.323095e-01
4.835500e+03 9.328933e-01
4.836000e+03 9.334784e-01
4.836500e+03 9.336204e-01
4.837000e+03 9.339839e-01
4.837500e+03 9.344575e-01
4.838000e+03 9.348209e-01
4.838500e+03 9.352945e-01
4.839000e+03 9.363220e-01
4.839500e+03 9.371292e-01
4.840000e+03 9.378254e-01
4.840500e+03 9.384105e-01
4.841000e+03 9.388858e-01
4.841500e+03 9.391406e-01
4.842000e+03 9.398385e-01
4.842500e+03 9.410912e-01
4.843000e+03 9.411237e-01
4.843500e+03 9.418226e-01
4.844000e+03 9.420787e-01
4.844500e+03 9.424453e-01
4.845000e+03 9.433656e-01
4.845500e+03 9.435101e-01
4.846000e+03 9.436546e-01
4.846500e+03 9.441330e-01
4.847000e+03 9.439431e-01
4.847500e+03 9.438659e-01
4.848000e+03 9.441203e-01
4.848500e+03 9.450418e-01
4.849000e+03 9.464073e-01
4.849500e+03 9.471070e-01
4.850000e+03 9.478069e-01
4.850500e+03 9.473957e-01
4.851000e+03 9.484295e-01
4.851500e+03 9.487970e-01
4.852000e+03 9.491647e-01
4.852500e+03 9.503114e-01
4.853000e+03 9.511238e-01
4.853500e+03 9.521593e-01
4.854000e+03 9.534178e-01
4.854500e+03 9.546767e-01
4.855000e+03 9.557131e-01
4.855500e+03 9.564160e-01
4.856000e+03 9.574540e-01
4.856500e+03 9.580450e-01
4.857000e+03 9.588603e-01
4.857500e+03 9.596745e-01
4.858000e+03 9.607119e-01
4.858500e+03 9.624189e-01
4.859000e+03 9.633460e-01
4.859500e+03 9.644952e-01
4.860000e+03 9.657569e-01
4.860500e+03 9.663505e-01
4.861000e+03 9.664975e-01
4.861500e+03 9.668679e-01
4.862000e+03 9.670149e-01
4.862500e+03 9.678308e-01
4.863000e+03 9.687592e-01
4.863500e+03 9.694644e-01
4.864000e+03 9.701696e-01
4.864500e+03 9.708751e-01
4.865000e+03 9.713571e-01
4.865500e+03 9.720628e-01
4.866000e+03 9.726574e-01
4.866500e+03 9.729160e-01
4.867000e+03 9.735108e-01
4.867500e+03 9.737695e-01
4.868000e+03 9.743644e-01
4.868500e+03 9.752932e-01
4.869000e+03 9.764472e-01
4.869500e+03 9.770427e-01
4.870000e+03 9.781963e-01
4.870500e+03 9.783446e-01
4.871000e+03 9.787171e-01
4.871500e+03 9.795365e-01
4.872000e+03 9.794626e-01
4.872500e+03 9.801712e-01
4.873000e+03 9.797607e-01
4.873500e+03 9.803569e-01
4.874000e+03 9.802821e-01
4.874500e+03 9.804313e-01
4.875000e+03 9.809176e-01
4.875500e+03 9.814027e-01
4.876000e+03 9.819994e-01
4.876500e+03 9.821488e-01
4.877000e+03 9.828584e-01
4.877500e+03 9.833449e-01
4.878000e+03 9.838303e-01
4.878500e+03 9.844275e-01
4.879000e+03 9.843537e-01
4.879500e+03 9.842787e-01
4.880000e+03 9.853252e-01
4.880500e+03 9.854748e-01
4.881000e+03 9.862971e-01
4.881500e+03 9.859987e-01
4.882000e+03 9.864848e-01
4.882500e+03 9.865228e-01
4.883000e+03 9.866725e-01
4.883500e+03 9.868223e-01
4.884000e+03 9.871957e-01
4.884500e+03 9.868970e-01
4.885000e+03 9.863721e-01
4.885500e+03 9.865219e-01
4.886000e+03 9.862230e-01
4.886500e+03 9.858110e-01
4.887000e+03 9.866347e-01
4.887500e+03 9.862226e-01
4.888000e+03 9.858104e-01
4.888500e+03 9.856232e-01
4.889000e+03 9.859982e-01
4.889500e+03 9.861482e-01
4.890000e+03 9.861849e-01
4.890500e+03 9.867854e-01
4.891000e+03 9.865979e-01
4.891500e+03 9.866345e-01
4.892000e+03 9.858840e-01
4.892500e+03 9.859217e-01
4.893000e+03 9.859580e-01
4.893500e+03 9.856580e-01
4.894000e+03 9.861454e-01
4.894500e+03 9.866330e-01
4.895000e+03 9.863331e-01
4.895500e+03 9.863697e-01
4.896000e+03 9.866333e-01
4.896500e+03 9.871216e-01
4.897000e+03 9.879484e-01
4.897500e+03 9.876518e-01
4.898000e+03 9.875811e-01
4.898500e+03 9.877357e-01
4.899000e+03 9.881138e-01
4.899500e+03 9.882618e-01
4.900000e+03 9.888541e-01
4.900500e+03 9.898907e-01
4.901000e+03 9.909215e-01
4.901500e+03 9.916065e-01
4.902000e+03 9.912695e-01
4.902500e+03 9.919446e-01
4.903000e+03 9.922778e-01
4.903500e+03 9.932854e-01
4.904000e+03 9.938404e-01
4.904500e+03 9.942810e-01
4.905000e+03 9.942693e-01
4.905500e+03 9.949373e-01
4.906000e+03 9.957211e-01
4.906500e+03 9.963943e-01
4.907000e+03 9.970706e-01
4.907500e+03 9.976336e-01
4.908000e+03 9.985370e-01
4.908500e+03 9.984226e-01
4.909000e+03 9.984219e-01
4.909500e+03 9.985337e-01
4.910000e+03 9.992110e-01
4.910500e+03 9.992101e-01
4.911000e+03 1.000000e+00
4.911500e+03 9.996587e-01
4.912000e+03 9.996576e-01
4.912500e+03 9.996565e-01
4.913000e+03 9.990882e-01
4.913500e+03 9.988604e-01
4.914000e+03 9.986324e-01
4.914500e+03 9.981777e-01
4.915000e+03 9.974963e-01
4.915500e+03 9.967019e-01
4.916000e+03 9.962469e-01
4.916500e+03 9.961313e-01
4.917000e+03 9.957890e-01
4.917500e+03 9.951083e-01
4.918000e+03 9.944263e-01
4.918500e+03 9.935171e-01
4.919000e+03 9.920424e-01
4.919500e+03 9.915864e-01
4.920000e+03 9.906763e-01
4.920500e+03 9.894259e-01
4.921000e+03 9.887419e-01
4.921500e+03 9.881716e-01
4.922000e+03 9.866929e-01
4.922500e+03 9.851008e-01
4.923000e+03 9.836224e-01
4.923500e+03 9.828238e-01
4.924000e+03 9.808893e-01
4.924500e+03 9.790697e-01
4.925000e+03 9.766813e-01
4.925500e+03 9.752000e-01
4.926000e+03 9.737197e-01
4.926500e+03 9.713302e-01
4.927000e+03 9.691676e-01
4.927500e+03 9.665500e-01
4.928000e+03 9.640461e-01
4.928500e+03 9.610869e-01
4.929000e+03 9.583544e-01
4.929500e+03 9.549403e-01
4.930000e+03 9.523196e-01
4.930500e+03 9.491314e-01
4.931000e+03 9.456006e-01
4.931500e+03 9.421821e-01
4.932000e+03 9.381958e-01
4.932500e+03 9.342086e-01
4.933000e+03 9.303337e-01
4.933500e+03 9.260027e-01
4.934000e+03 9.209890e-01
4.934500e+03 9.167704e-01
4.935000e+03 9.126642e-01
4.935500e+03 9.082162e-01
4.936000e+03 9.033118e-01
4.936500e+03 8.987486e-01
4.937000e+03 8.937288e-01
4.937500e+03 8.883669e-01
4.938000e+03 8.834582e-01
4.938500e+03 8.783219e-01
4.939000e+03 8.727286e-01
4.939500e+03 8.667927e-01
4.940000e+03 8.608542e-01
4.940500e+03 8.549157e-01
4.941000e+03 8.489757e-01
4.941500e+03 8.434892e-01
4.942000e+03 8.373186e-01
4.942500e+03 8.306916e-01
4.943000e+03 8.236069e-01
4.943500e+03 8.165194e-01
4.944000e+03 8.096598e-01
4.944500e+03 8.023422e-01
4.945000e+03 7.952512e-01
4.945500e+03 7.879304e-01
4.946000e+03 7.799233e-01
4.946500e+03 7.720291e-01
4.947000e+03 7.642480e-01
4.947500e+03 7.565788e-01
4.948000e+03 7.491351e-01
4.948500e+03 7.408921e-01
4.949000e+03 7.327608e-01
4.949500e+03 7.242855e-01
4.950000e+03 7.155797e-01
4.950500e+03 7.074437e-01
4.951000e+03 6.990759e-01
4.951500e+03 6.910495e-01
4.952000e+03 6.827915e-01
4.952500e+03 6.741905e-01
4.953000e+03 6.651303e-01
4.953500e+03 6.565254e-01
4.954000e+03 6.476886e-01
4.954500e+03 6.389660e-01
4.955000e+03 6.304690e-01
4.955500e+03 6.213990e-01
4.956000e+03 6.117556e-01
4.956500e+03 6.026816e-01
4.957000e+03 5.932616e-01
4.957500e+03 5.837270e-01
4.958000e+03 5.740752e-01
4.958500e+03 5.647640e-01
4.959000e+03 5.551080e-01
4.959500e+03 5.455638e-01
4.960000e+03 5.363615e-01
4.960500e+03 5.268132e-01
4.961000e+03 5.170350e-01
4.961500e+03 5.074824e-01
4.962000e+03 4.980430e-01
4.962500e+03 4.886014e-01
4.963000e+03 4.791578e-01
4.963500e+03 4.695968e-01
4.964000e+03 4.603781e-01
4.964500e+03 4.510421e-01
4.965000e+03 4.419333e-01
4.965500e+03 4.329364e-01
4.966000e+03 4.239387e-01
4.966500e+03 4.147084e-01
4.967000e+03 4.059360e-01
4.967500e+03 3.965876e-01
4.968000e+03 3.866642e-01
4.968500e+03 3.777704e-01
4.969000e+03 3.688745e-01
4.969500e+03 3.600908e-01
4.970000e+03 3.515344e-01
4.970500e+03 3.430903e-01
4.971000e+03 3.340723e-01
4.971500e+03 3.257384e-01
4.972000e+03 3.176335e-01
4.972500e+03 3.090675e-01
4.973000e+03 3.003854e-01
4.973500e+03 2.923891e-01
4.974000e+03 2.847349e-01
4.974500e+03 2.767351e-01
4.975000e+03 2.690775e-01
4.975500e+03 2.614183e-01
4.976000e+03 2.543312e-01
4.976500e+03 2.467841e-01
4.977000e+03 2.398094e-01
4.977500e+03 2.331760e-01
4.978000e+03 2.259683e-01
4.978500e+03 2.189889e-01
4.979000e+03 2.123523e-01
4.979500e+03 2.055985e-01
4.980000e+03 1.990733e-01
4.980500e+03 1.931211e-01
4.981000e+03 1.871687e-01
4.981500e+03 1.809838e-01
4.982000e+03 1.752576e-01
4.982500e+03 1.698747e-01
4.983000e+03 1.640316e-01
4.983500e+03 1.588765e-01
4.984000e+03 1.537202e-01
4.984500e+03 1.486773e-01
4.985000e+03 1.436346e-01
4.985500e+03 1.387039e-01
4.986000e+03 1.340038e-01
4.986500e+03 1.295316e-01
4.987000e+03 1.254047e-01
4.987500e+03 1.213914e-01
4.988000e+03 1.171471e-01
4.988500e+03 1.130975e-01
4.989000e+03 1.091735e-01
4.989500e+03 1.056401e-01
4.990000e+03 1.019102e-01
4.990500e+03 9.835214e-02
4.991000e+03 9.515022e-02
4.991500e+03 9.171738e-02
4.992000e+03 8.843335e-02
4.992500e+03 8.552882e-02
4.993000e+03 8.265819e-02
4.993500e+03 7.960262e-02
4.994000e+03 7.699569e-02
4.994500e+03 7.442274e-02
4.995000e+03 7.160723e-02
4.995500e+03 6.897560e-02
4.996000e+03 6.659688e-02
4.996500e+03 6.426376e-02
4.997000e+03 6.203378e-02
4.997500e+03 5.982639e-02
4.998000e+03 5.789539e-02
4.998500e+03 5.566405e-02
4.999000e+03 5.368621e-02
4.999500e+03 5.191553e-02
5.000000e+03 5.015618e-02
5.000500e+03 4.844262e-02
5.001000e+03 4.668268e-02
5.001500e+03 4.517635e-02
5.002000e+03 4.357728e-02
5.002500e+03 4.210494e-02
5.003000e+03 4.070150e-02
5.003500e+03 3.952868e-02
5.004000e+03 3.822858e-02
5.004500e+03 3.703202e-02
5.005000e+03 3.590454e-02
5.005500e+03 3.486914e-02
5.006000e+03 3.366013e-02
5.006500e+03 3.278600e-02
5.007000e+03 3.174980e-02
5.007500e+03 3.078265e-02
5.008000e+03 2.981538e-02
5.008500e+03 2.885927e-02
5.009000e+03 2.800717e-02
5.009500e+03 2.725887e-02
5.010000e+03 2.648723e-02
5.010500e+03 2.561136e-02
5.011000e+03 2.501287e-02
5.011500e+03 2.417130e-02
5.012000e+03 2.347994e-02
5.012500e+03 2.276523e-02
5.013000e+03 2.207353e-02
5.013500e+03 2.132377e-02
5.014000e+03 2.077067e-02
5.014500e+03 2.019425e-02
5.015000e+03 1.958285e-02
5.015500e+03 1.895989e-02
5.016000e+03 1.845248e-02
5.016500e+03 1.794507e-02
5.017000e+03 1.748380e-02
5.017500e+03 1.695282e-02
5.018000e+03 1.650298e-02
5.018500e+03 1.600650e-02
5.019000e+03 1.551002e-02
5.019500e+03 1.509461e-02
5.020000e+03 1.466742e-02
5.020500e+03 1.433288e-02
5.021000e+03 1.399838e-02
5.021500e+03 1.352447e-02
5.022000e+03 1.308534e-02
5.022500e+03 1.269251e-02
5.023000e+03 1.234597e-02
5.023500e+03 1.212700e-02
5.024000e+03 1.178031e-02
5.024500e+03 1.154845e-02
5.025000e+03 1.126661e-02
5.025500e+03 1.096612e-02
5.026000e+03 1.068412e-02
5.026500e+03 1.047291e-02
5.027000e+03 1.013737e-02
5.027500e+03 9.819162e-03
5.028000e+03 9.554327e-03
5.028500e+03 9.342857e-03
5.029000e+03 9.096486e-03
5.029500e+03 8.919786e-03
5.030000e+03 8.725606e-03
5.030500e+03 8.496505e-03
5.031000e+03 8.248737e-03
5.031500e+03 8.002079e-03
5.032000e+03 7.754189e-03
5.032500e+03 7.542300e-03
5.033000e+03 7.276846e-03
5.033500e+03 7.064847e-03
5.034000e+03 6.835344e-03
5.034500e+03 6.729122e-03
5.035000e+03 6.605418e-03
5.035500e+03 6.464239e-03
5.036000e+03 6.323011e-03
5.036500e+03 6.199212e-03
5.037000e+03 5.986899e-03
5.037500e+03 5.863029e-03
5.038000e+03 5.721659e-03
5.038500e+03 5.616369e-03
5.039000e+03 5.527355e-03
5.039500e+03 5.314833e-03
5.040000e+03 5.280527e-03
5.040500e+03 5.139003e-03
5.041000e+03 5.068544e-03
5.041500e+03 4.926961e-03
5.042000e+03 4.820315e-03
5.042500e+03 4.625041e-03
5.043000e+03 4.500842e-03
5.043500e+03 4.359120e-03
5.044000e+03 4.288515e-03
5.044500e+03 4.129235e-03
5.045000e+03 4.112241e-03
5.045500e+03 4.022903e-03
5.046000e+03 3.934718e-03
5.046500e+03 3.828992e-03
5.047000e+03 3.722091e-03
5.047500e+03 3.651333e-03
5.048000e+03 3.544371e-03
5.048500e+03 3.473586e-03
5.049000e+03 3.331544e-03
5.049500e+03 3.260716e-03
5.050000e+03 3.226073e-03
5.050500e+03 3.226468e-03
5.051000e+03 3.173112e-03
5.051500e+03 3.155974e-03
5.052000e+03 3.085081e-03
5.052500e+03 2.977932e-03
5.053000e+03 2.889466e-03
5.053500e+03 2.836036e-03
5.054000e+03 2.765069e-03
5.054500e+03 2.676544e-03
5.055000e+03 2.605527e-03
5.055500e+03 2.588300e-03
5.056000e+03 2.498543e-03
5.056500e+03 2.356133e-03
5.057000e+03 2.338869e-03
5.057500e+03 2.302870e-03
5.058000e+03 2.231767e-03
5.058500e+03 2.179368e-03
5.059000e+03 2.071937e-03
5.059500e+03 1.983219e-03
5.060000e+03 1.929593e-03
5.060500e+03 1.858402e-03
5.061000e+03 1.750880e-03
5.061500e+03 1.715955e-03
5.062000e+03 1.716165e-03
5.062500e+03 1.698802e-03
5.063000e+03 1.680267e-03
5.063500e+03 1.627738e-03
5.064000e+03 1.574017e-03
5.064500e+03 1.556627e-03
5.065000e+03 1.520481e-03
5.065500e+03 1.503080e-03
5.066000e+03 1.466905e-03
5.066500e+03 1.413143e-03
5.067000e+03 1.413316e-03
5.067500e+03 1.395893e-03
5.068000e+03 1.360868e-03
5.068500e+03 1.342266e-03
5.069000e+03 1.289624e-03
5.069500e+03 0.000000e+00
