# # Wavelength(Angstrom)  Transmission
4.836000e+03 1.361054e-03
4.836500e+03 1.398142e-03
4.837000e+03 1.453094e-03
4.837500e+03 1.543783e-03
4.838000e+03 1.580916e-03
4.838500e+03 1.653791e-03
4.839000e+03 1.726676e-03
4.839500e+03 1.835312e-03
4.840000e+03 1.835591e-03
4.840500e+03 1.835870e-03
4.841000e+03 1.854023e-03
4.841500e+03 1.891257e-03
4.842000e+03 1.927303e-03
4.842500e+03 1.982428e-03
4.843000e+03 2.019700e-03
4.843500e+03 2.110630e-03
4.844000e+03 2.147920e-03
4.844500e+03 2.256803e-03
4.845000e+03 2.329916e-03
4.845500e+03 2.385167e-03
4.846000e+03 2.458322e-03
4.846500e+03 2.513596e-03
4.847000e+03 2.567698e-03
4.847500e+03 2.642114e-03
4.848000e+03 2.715364e-03
4.848500e+03 2.897296e-03
4.849000e+03 2.970606e-03
4.849500e+03 3.026006e-03
4.850000e+03 3.117281e-03
4.850500e+03 3.209761e-03
4.851000e+03 3.336948e-03
4.851500e+03 3.356578e-03
4.852000e+03 3.447961e-03
4.852500e+03 3.521422e-03
4.853000e+03 3.539900e-03
4.853500e+03 3.558383e-03
4.854000e+03 3.686933e-03
4.854500e+03 3.779627e-03
4.855000e+03 3.834055e-03
4.855500e+03 3.962691e-03
4.856000e+03 4.091380e-03
4.856500e+03 4.092006e-03
4.857000e+03 4.183639e-03
4.857500e+03 4.312406e-03
4.858000e+03 4.404100e-03
4.858500e+03 4.441902e-03
4.859000e+03 4.606722e-03
4.859500e+03 4.717669e-03
4.860000e+03 4.882581e-03
4.860500e+03 5.066716e-03
4.861000e+03 5.249713e-03
4.861500e+03 5.451944e-03
4.862000e+03 5.563102e-03
4.862500e+03 5.673087e-03
4.863000e+03 5.802305e-03
4.863500e+03 5.894362e-03
4.864000e+03 6.023652e-03
4.864500e+03 6.208181e-03
4.865000e+03 6.410770e-03
4.865500e+03 6.576211e-03
4.866000e+03 6.759711e-03
4.866500e+03 6.962474e-03
4.867000e+03 7.036799e-03
4.867500e+03 7.312933e-03
4.868000e+03 7.479829e-03
4.868500e+03 7.608334e-03
4.869000e+03 7.830599e-03
4.869500e+03 8.032509e-03
4.870000e+03 8.346275e-03
4.870500e+03 8.603628e-03
4.871000e+03 8.935615e-03
4.871500e+03 9.267705e-03
4.872000e+03 9.544570e-03
4.872500e+03 9.766174e-03
4.873000e+03 9.987845e-03
4.873500e+03 1.026495e-02
4.874000e+03 1.057824e-02
4.874500e+03 1.091089e-02
4.875000e+03 1.135319e-02
4.875500e+03 1.163067e-02
4.876000e+03 1.196241e-02
4.876500e+03 1.233401e-02
4.877000e+03 1.269729e-02
4.877500e+03 1.297634e-02
4.878000e+03 1.317111e-02
4.878500e+03 1.360705e-02
4.879000e+03 1.385020e-02
4.879500e+03 1.422598e-02
4.880000e+03 1.462602e-02
4.880500e+03 1.507447e-02
4.881000e+03 1.549891e-02
4.881500e+03 1.588731e-02
4.882000e+03 1.620336e-02
4.882500e+03 1.662816e-02
4.883000e+03 1.694455e-02
4.883500e+03 1.736960e-02
4.884000e+03 1.783096e-02
4.884500e+03 1.828044e-02
4.885000e+03 1.879030e-02
4.885500e+03 1.934882e-02
4.886000e+03 1.994358e-02
4.886500e+03 2.047826e-02
4.887000e+03 2.125476e-02
4.887500e+03 2.185009e-02
4.888000e+03 2.234906e-02
4.888500e+03 2.304142e-02
4.889000e+03 2.370991e-02
4.889500e+03 2.448750e-02
4.890000e+03 2.536205e-02
4.890500e+03 2.613999e-02
4.891000e+03 2.699082e-02
4.891500e+03 2.778142e-02
4.892000e+03 2.860867e-02
4.892500e+03 2.949655e-02
4.893000e+03 3.042099e-02
4.893500e+03 3.136995e-02
4.894000e+03 3.231934e-02
4.894500e+03 3.331724e-02
4.895000e+03 3.417021e-02
4.895500e+03 3.519309e-02
4.896000e+03 3.632526e-02
4.896500e+03 3.742144e-02
4.897000e+03 3.851798e-02
4.897500e+03 3.961496e-02
4.898000e+03 4.086992e-02
4.898500e+03 4.221017e-02
4.899000e+03 4.357501e-02
4.899500e+03 4.497644e-02
4.900000e+03 4.636591e-02
4.900500e+03 4.780385e-02
4.901000e+03 4.929041e-02
4.901500e+03 5.088617e-02
4.902000e+03 5.255493e-02
4.902500e+03 5.430883e-02
4.903000e+03 5.607499e-02
4.903500e+03 5.795058e-02
4.904000e+03 5.975365e-02
4.904500e+03 6.170279e-02
4.905000e+03 6.384674e-02
4.905500e+03 6.586960e-02
4.906000e+03 6.784450e-02
4.906500e+03 6.994151e-02
4.907000e+03 7.192979e-02
4.907500e+03 7.405229e-02
4.908000e+03 7.655196e-02
4.908500e+03 7.899141e-02
4.909000e+03 8.146785e-02
4.909500e+03 8.399353e-02
4.910000e+03 8.660476e-02
4.910500e+03 8.919236e-02
4.911000e+03 9.198729e-02
4.911500e+03 9.485577e-02
4.912000e+03 9.794380e-02
4.912500e+03 1.009960e-01
4.913000e+03 1.042071e-01
4.913500e+03 1.075162e-01
4.914000e+03 1.108991e-01
4.914500e+03 1.143437e-01
4.915000e+03 1.182393e-01
4.915500e+03 1.219775e-01
4.916000e+03 1.255218e-01
4.916500e+03 1.293104e-01
4.917000e+03 1.333435e-01
4.917500e+03 1.374997e-01
4.918000e+03 1.416556e-01
4.918500e+03 1.458137e-01
4.919000e+03 1.502153e-01
4.919500e+03 1.547405e-01
4.920000e+03 1.592667e-01
4.920500e+03 1.640366e-01
4.921000e+03 1.689301e-01
4.921500e+03 1.740688e-01
4.922000e+03 1.793299e-01
4.922500e+03 1.847149e-01
4.923000e+03 1.899784e-01
4.923500e+03 1.951216e-01
4.924000e+03 2.009972e-01
4.924500e+03 2.065084e-01
4.925000e+03 2.125093e-01
4.925500e+03 2.182673e-01
4.926000e+03 2.241481e-01
4.926500e+03 2.302746e-01
4.927000e+03 2.365240e-01
4.927500e+03 2.425317e-01
4.928000e+03 2.489067e-01
4.928500e+03 2.554047e-01
4.929000e+03 2.617826e-01
4.929500e+03 2.681605e-01
4.930000e+03 2.750303e-01
4.930500e+03 2.817786e-01
4.931000e+03 2.886500e-01
4.931500e+03 2.962567e-01
4.932000e+03 3.030096e-01
4.932500e+03 3.100087e-01
4.933000e+03 3.168862e-01
4.933500e+03 3.242548e-01
4.934000e+03 3.310138e-01
4.934500e+03 3.385086e-01
4.935000e+03 3.461254e-01
4.935500e+03 3.538685e-01
4.936000e+03 3.614888e-01
4.936500e+03 3.691122e-01
4.937000e+03 3.769822e-01
4.937500e+03 3.850976e-01
4.938000e+03 3.926044e-01
4.938500e+03 3.998666e-01
4.939000e+03 4.076205e-01
4.939500e+03 4.148873e-01
4.940000e+03 4.225227e-01
4.940500e+03 4.304035e-01
4.941000e+03 4.384093e-01
4.941500e+03 4.465401e-01
4.942000e+03 4.549165e-01
4.942500e+03 4.621934e-01
4.943000e+03 4.695939e-01
4.943500e+03 4.771180e-01
4.944000e+03 4.847671e-01
4.944500e+03 4.924178e-01
4.945000e+03 5.000690e-01
4.945500e+03 5.077232e-01
4.946000e+03 5.155012e-01
4.946500e+03 5.236498e-01
4.947000e+03 5.313093e-01
4.947500e+03 5.393382e-01
4.948000e+03 5.473688e-01
4.948500e+03 5.555234e-01
4.949000e+03 5.634355e-01
4.949500e+03 5.706125e-01
4.950000e+03 5.787721e-01
4.950500e+03 5.869347e-01
4.951000e+03 5.949756e-01
4.951500e+03 6.027724e-01
4.952000e+03 6.105708e-01
4.952500e+03 6.176350e-01
4.953000e+03 6.253145e-01
4.953500e+03 6.322582e-01
4.954000e+03 6.396950e-01
4.954500e+03 6.465196e-01
4.955000e+03 6.537138e-01
4.955500e+03 6.606651e-01
4.956000e+03 6.676166e-01
4.956500e+03 6.742014e-01
4.957000e+03 6.806654e-01
4.957500e+03 6.874991e-01
4.958000e+03 6.934739e-01
4.958500e+03 6.998198e-01
4.959000e+03 7.055511e-01
4.959500e+03 7.117761e-01
4.960000e+03 7.175102e-01
4.960500e+03 7.237380e-01
4.961000e+03 7.295986e-01
4.961500e+03 7.350919e-01
4.962000e+03 7.404627e-01
4.962500e+03 7.462035e-01
4.963000e+03 7.508391e-01
4.963500e+03 7.560910e-01
4.964000e+03 7.608513e-01
4.964500e+03 7.652438e-01
4.965000e+03 7.697610e-01
4.965500e+03 7.735399e-01
4.966000e+03 7.781802e-01
4.966500e+03 7.819608e-01
4.967000e+03 7.861127e-01
4.967500e+03 7.896484e-01
4.968000e+03 7.933075e-01
4.968500e+03 7.964755e-01
4.969000e+03 7.992748e-01
4.969500e+03 8.025680e-01
4.970000e+03 8.054911e-01
4.970500e+03 8.081680e-01
4.971000e+03 8.115857e-01
4.971500e+03 8.142636e-01
4.972000e+03 8.163270e-01
4.972500e+03 8.182666e-01
4.973000e+03 8.206991e-01
4.973500e+03 8.228864e-01
4.974000e+03 8.249515e-01
4.974500e+03 8.270156e-01
4.975000e+03 8.287104e-01
4.975500e+03 8.300357e-01
4.976000e+03 8.313614e-01
4.976500e+03 8.330573e-01
4.977000e+03 8.343836e-01
4.977500e+03 8.359573e-01
4.978000e+03 8.371613e-01
4.978500e+03 8.381183e-01
4.979000e+03 8.388284e-01
4.979500e+03 8.395386e-01
4.980000e+03 8.416068e-01
4.980500e+03 8.428119e-01
4.981000e+03 8.438930e-01
4.981500e+03 8.452216e-01
4.982000e+03 8.456853e-01
4.982500e+03 8.465196e-01
4.983000e+03 8.476028e-01
4.983500e+03 8.489323e-01
4.984000e+03 8.501378e-01
4.984500e+03 8.506023e-01
4.985000e+03 8.514390e-01
4.985500e+03 8.519038e-01
4.986000e+03 8.527395e-01
4.986500e+03 8.532061e-01
4.987000e+03 8.540422e-01
4.987500e+03 8.550031e-01
4.988000e+03 8.553456e-01
4.988500e+03 8.561822e-01
4.989000e+03 8.566481e-01
4.989500e+03 8.573617e-01
4.990000e+03 8.584465e-01
4.990500e+03 8.586661e-01
4.991000e+03 8.593800e-01
4.991500e+03 8.594749e-01
4.992000e+03 8.601890e-01
4.992500e+03 8.610264e-01
4.993000e+03 8.622366e-01
4.993500e+03 8.629511e-01
4.994000e+03 8.639137e-01
4.994500e+03 8.657427e-01
4.995000e+03 8.665824e-01
4.995500e+03 8.672976e-01
4.996000e+03 8.681362e-01
4.996500e+03 8.690988e-01
4.997000e+03 8.704328e-01
4.997500e+03 8.711471e-01
4.998000e+03 8.718617e-01
4.998500e+03 8.735690e-01
4.999000e+03 8.745341e-01
4.999500e+03 8.763680e-01
5.000000e+03 8.772134e-01
5.000500e+03 8.785567e-01
5.001000e+03 8.800258e-01
5.001500e+03 8.810013e-01
5.002000e+03 8.827225e-01
5.002500e+03 8.841981e-01
5.003000e+03 8.855498e-01
5.003500e+03 8.869022e-01
5.004000e+03 8.886273e-01
5.004500e+03 8.901039e-01
5.005000e+03 8.912081e-01
5.005500e+03 8.925603e-01
5.006000e+03 8.942858e-01
5.006500e+03 8.955128e-01
5.007000e+03 8.963688e-01
5.007500e+03 8.970999e-01
5.008000e+03 8.984526e-01
5.008500e+03 9.000530e-01
5.009000e+03 9.009099e-01
5.009500e+03 9.023873e-01
5.010000e+03 9.031195e-01
5.010500e+03 9.039772e-01
5.011000e+03 9.049576e-01
5.011500e+03 9.058157e-01
5.012000e+03 9.065489e-01
5.012500e+03 9.072822e-01
5.013000e+03 9.078904e-01
5.013500e+03 9.091223e-01
5.014000e+03 9.097321e-01
5.014500e+03 9.109631e-01
5.015000e+03 9.123196e-01
5.015500e+03 9.134270e-01
5.016000e+03 9.146599e-01
5.016500e+03 9.150208e-01
5.017000e+03 9.155057e-01
5.017500e+03 9.166135e-01
5.018000e+03 9.169746e-01
5.018500e+03 9.174599e-01
5.019000e+03 9.179454e-01
5.019500e+03 9.186806e-01
5.020000e+03 9.191680e-01
5.020500e+03 9.194048e-01
5.021000e+03 9.207646e-01
5.021500e+03 9.218751e-01
5.022000e+03 9.226122e-01
5.022500e+03 9.229756e-01
5.023000e+03 9.237131e-01
5.023500e+03 9.253243e-01
5.024000e+03 9.256881e-01
5.024500e+03 9.264260e-01
5.025000e+03 9.279122e-01
5.025500e+03 9.286502e-01
5.026000e+03 9.297624e-01
5.026500e+03 9.308749e-01
5.027000e+03 9.322375e-01
5.027500e+03 9.333518e-01
5.028000e+03 9.347149e-01
5.028500e+03 9.362026e-01
5.029000e+03 9.368173e-01
5.029500e+03 9.375565e-01
5.030000e+03 9.384202e-01
5.030500e+03 9.397845e-01
5.031000e+03 9.411490e-01
5.031500e+03 9.412637e-01
5.032000e+03 9.430034e-01
5.032500e+03 9.441183e-01
5.033000e+03 9.443591e-01
5.033500e+03 9.448490e-01
5.034000e+03 9.457140e-01
5.034500e+03 9.462055e-01
5.035000e+03 9.473214e-01
5.035500e+03 9.481869e-01
5.036000e+03 9.486775e-01
5.036500e+03 9.489189e-01
5.037000e+03 9.500355e-01
5.037500e+03 9.507770e-01
5.038000e+03 9.512680e-01
5.038500e+03 9.517592e-01
5.039000e+03 9.520012e-01
5.039500e+03 9.527435e-01
5.040000e+03 9.521075e-01
5.040500e+03 9.526008e-01
5.041000e+03 9.534686e-01
5.041500e+03 9.535855e-01
5.042000e+03 9.539533e-01
5.042500e+03 9.549480e-01
5.043000e+03 9.545633e-01
5.043500e+03 9.549314e-01
5.044000e+03 9.559265e-01
5.044500e+03 9.564197e-01
5.045000e+03 9.566617e-01
5.045500e+03 9.567787e-01
5.046000e+03 9.570220e-01
5.046500e+03 9.571390e-01
5.047000e+03 9.576322e-01
5.047500e+03 9.580005e-01
5.048000e+03 9.587450e-01
5.048500e+03 9.588621e-01
5.049000e+03 9.593556e-01
5.049500e+03 9.599742e-01
5.050000e+03 9.603429e-01
5.050500e+03 9.598323e-01
5.051000e+03 9.604526e-01
5.051500e+03 9.604436e-01
5.052000e+03 9.606875e-01
5.052500e+03 9.609300e-01
5.053000e+03 9.611739e-01
5.053500e+03 9.611649e-01
5.054000e+03 9.620372e-01
5.054500e+03 9.621546e-01
5.055000e+03 9.623971e-01
5.055500e+03 9.627661e-01
5.056000e+03 9.628833e-01
5.056500e+03 9.632522e-01
5.057000e+03 9.637463e-01
5.057500e+03 9.641152e-01
5.058000e+03 9.642324e-01
5.058500e+03 9.649787e-01
5.059000e+03 9.649694e-01
5.059500e+03 9.650869e-01
5.060000e+03 9.649525e-01
5.060500e+03 9.648196e-01
5.061000e+03 9.648108e-01
5.061500e+03 9.650556e-01
5.062000e+03 9.650470e-01
5.062500e+03 9.652920e-01
5.063000e+03 9.655357e-01
5.063500e+03 9.657793e-01
5.064000e+03 9.657721e-01
5.064500e+03 9.657647e-01
5.065000e+03 9.658827e-01
5.065500e+03 9.661261e-01
5.066000e+03 9.659915e-01
5.066500e+03 9.662362e-01
5.067000e+03 9.666050e-01
5.067500e+03 9.674802e-01
5.068000e+03 9.675980e-01
5.068500e+03 9.680940e-01
5.069000e+03 9.683375e-01
5.069500e+03 9.690862e-01
5.070000e+03 9.693313e-01
5.070500e+03 9.699533e-01
5.071000e+03 9.703242e-01
5.071500e+03 9.705695e-01
5.072000e+03 9.713190e-01
5.072500e+03 9.715630e-01
5.073000e+03 9.716814e-01
5.073500e+03 9.717997e-01
5.074000e+03 9.730553e-01
5.074500e+03 9.732994e-01
5.075000e+03 9.735435e-01
5.075500e+03 9.742935e-01
5.076000e+03 9.746647e-01
5.076500e+03 9.757937e-01
5.077000e+03 9.766711e-01
5.077500e+03 9.770426e-01
5.078000e+03 9.776659e-01
5.078500e+03 9.782908e-01
5.079000e+03 9.787886e-01
5.079500e+03 9.792866e-01
5.080000e+03 9.799122e-01
5.080500e+03 9.804108e-01
5.081000e+03 9.805304e-01
5.081500e+03 9.815361e-01
5.082000e+03 9.820354e-01
5.082500e+03 9.825349e-01
5.083000e+03 9.831618e-01
5.083500e+03 9.832820e-01
5.084000e+03 9.840351e-01
5.084500e+03 9.833946e-01
5.085000e+03 9.838956e-01
5.085500e+03 9.837618e-01
5.086000e+03 9.848947e-01
5.086500e+03 9.852682e-01
5.087000e+03 9.856417e-01
5.087500e+03 9.855079e-01
5.088000e+03 9.857540e-01
5.088500e+03 9.862540e-01
5.089000e+03 9.873894e-01
5.089500e+03 9.871284e-01
5.090000e+03 9.877567e-01
5.090500e+03 9.882577e-01
5.091000e+03 9.887590e-01
5.091500e+03 9.886277e-01
5.092000e+03 9.887491e-01
5.092500e+03 9.897575e-01
5.093000e+03 9.900067e-01
5.093500e+03 9.908891e-01
5.094000e+03 9.910107e-01
5.094500e+03 9.910057e-01
5.095000e+03 9.913829e-01
5.095500e+03 9.925256e-01
5.096000e+03 9.930364e-01
5.096500e+03 9.935486e-01
5.097000e+03 9.938076e-01
5.097500e+03 9.944442e-01
5.098000e+03 9.945700e-01
5.098500e+03 9.948186e-01
5.099000e+03 9.955681e-01
5.099500e+03 9.964361e-01
5.100000e+03 9.974223e-01
5.100500e+03 9.978888e-01
5.101000e+03 9.975836e-01
5.101500e+03 9.981596e-01
5.102000e+03 9.983504e-01
5.102500e+03 9.990453e-01
5.103000e+03 9.988481e-01
5.103500e+03 9.995417e-01
5.104000e+03 9.996016e-01
5.104500e+03 9.997921e-01
5.105000e+03 9.994764e-01
5.105500e+03 9.991606e-01
5.106000e+03 9.993527e-01
5.106500e+03 9.992914e-01
5.107000e+03 9.989754e-01
5.107500e+03 9.990408e-01
5.108000e+03 9.985966e-01
5.108500e+03 9.986620e-01
5.109000e+03 1.000000e+00
5.109500e+03 9.998107e-01
5.110000e+03 9.998763e-01
5.110500e+03 9.993055e-01
5.111000e+03 9.994993e-01
5.111500e+03 9.986736e-01
5.112000e+03 9.984844e-01
5.112500e+03 9.984233e-01
5.113000e+03 9.987439e-01
5.113500e+03 9.993181e-01
5.114000e+03 9.992570e-01
5.114500e+03 9.993226e-01
5.115000e+03 9.986232e-01
5.115500e+03 9.985618e-01
5.116000e+03 9.985004e-01
5.116500e+03 9.972920e-01
5.117000e+03 9.967203e-01
5.117500e+03 9.960204e-01
5.118000e+03 9.949398e-01
5.118500e+03 9.947500e-01
5.119000e+03 9.940499e-01
5.119500e+03 9.933512e-01
5.120000e+03 9.929062e-01
5.120500e+03 9.923344e-01
5.121000e+03 9.907433e-01
5.121500e+03 9.897892e-01
5.122000e+03 9.888352e-01
5.122500e+03 9.880079e-01
5.123000e+03 9.871805e-01
5.123500e+03 9.854616e-01
5.124000e+03 9.842516e-01
5.124500e+03 9.838060e-01
5.125000e+03 9.819582e-01
5.125500e+03 9.804924e-01
5.126000e+03 9.790264e-01
5.126500e+03 9.780710e-01
5.127000e+03 9.776262e-01
5.127500e+03 9.765422e-01
5.128000e+03 9.762242e-01
5.128500e+03 9.745019e-01
5.129000e+03 9.735457e-01
5.129500e+03 9.720783e-01
5.130000e+03 9.701010e-01
5.130500e+03 9.683775e-01
5.131000e+03 9.669093e-01
5.131500e+03 9.660804e-01
5.132000e+03 9.647388e-01
5.132500e+03 9.631427e-01
5.133000e+03 9.611638e-01
5.133500e+03 9.591832e-01
5.134000e+03 9.575864e-01
5.134500e+03 9.559895e-01
5.135000e+03 9.532425e-01
5.135500e+03 9.511336e-01
5.136000e+03 9.485143e-01
5.136500e+03 9.461491e-01
5.137000e+03 9.441678e-01
5.137500e+03 9.418019e-01
5.138000e+03 9.391814e-01
5.138500e+03 9.363048e-01
5.139000e+03 9.343210e-01
5.139500e+03 9.313165e-01
5.140000e+03 9.284375e-01
5.140500e+03 9.260713e-01
5.141000e+03 9.233203e-01
5.141500e+03 9.200586e-01
5.142000e+03 9.169237e-01
5.142500e+03 9.132766e-01
5.143000e+03 9.103969e-01
5.143500e+03 9.068775e-01
5.144000e+03 9.031017e-01
5.144500e+03 8.991967e-01
5.145000e+03 8.959320e-01
5.145500e+03 8.916427e-01
5.146000e+03 8.881209e-01
5.146500e+03 8.845987e-01
5.147000e+03 8.800518e-01
5.147500e+03 8.753783e-01
5.148000e+03 8.715984e-01
5.148500e+03 8.666662e-01
5.149000e+03 8.623730e-01
5.149500e+03 8.583368e-01
5.150000e+03 8.539152e-01
5.150500e+03 8.483408e-01
5.151000e+03 8.437905e-01
5.151500e+03 8.392380e-01
5.152000e+03 8.345571e-01
5.152500e+03 8.291080e-01
5.153000e+03 8.230181e-01
5.153500e+03 8.179512e-01
5.154000e+03 8.123711e-01
5.154500e+03 8.069192e-01
5.155000e+03 8.010828e-01
5.155500e+03 7.957570e-01
5.156000e+03 7.895339e-01
5.156500e+03 7.839516e-01
5.157000e+03 7.777269e-01
5.157500e+03 7.718868e-01
5.158000e+03 7.651490e-01
5.158500e+03 7.595623e-01
5.159000e+03 7.528229e-01
5.159500e+03 7.462102e-01
5.160000e+03 7.385719e-01
5.160500e+03 7.323415e-01
5.161000e+03 7.261117e-01
5.161500e+03 7.193681e-01
5.162000e+03 7.127515e-01
5.162500e+03 7.058775e-01
5.163000e+03 6.993883e-01
5.163500e+03 6.927691e-01
5.164000e+03 6.861491e-01
5.164500e+03 6.791439e-01
5.165000e+03 6.725221e-01
5.165500e+03 6.647464e-01
5.166000e+03 6.577384e-01
5.166500e+03 6.504728e-01
5.167000e+03 6.429509e-01
5.167500e+03 6.358110e-01
5.168000e+03 6.294406e-01
5.168500e+03 6.226848e-01
5.169000e+03 6.156713e-01
5.169500e+03 6.084001e-01
5.170000e+03 6.007433e-01
5.170500e+03 5.929579e-01
5.171000e+03 5.851699e-01
5.171500e+03 5.768684e-01
5.172000e+03 5.692073e-01
5.172500e+03 5.616743e-01
5.173000e+03 5.541389e-01
5.173500e+03 5.463471e-01
5.174000e+03 5.390668e-01
5.174500e+03 5.316577e-01
5.175000e+03 5.238615e-01
5.175500e+03 5.158086e-01
5.176000e+03 5.076269e-01
5.176500e+03 4.999568e-01
5.177000e+03 4.921564e-01
5.177500e+03 4.840994e-01
5.178000e+03 4.766834e-01
5.178500e+03 4.688800e-01
5.179000e+03 4.614620e-01
5.179500e+03 4.540431e-01
5.180000e+03 4.459809e-01
5.180500e+03 4.379177e-01
5.181000e+03 4.297240e-01
5.181500e+03 4.228138e-01
5.182000e+03 4.152617e-01
5.182500e+03 4.074498e-01
5.183000e+03 4.004088e-01
5.183500e+03 3.929817e-01
5.184000e+03 3.859390e-01
5.184500e+03 3.783820e-01
5.185000e+03 3.710800e-01
5.185500e+03 3.640344e-01
5.186000e+03 3.569879e-01
5.186500e+03 3.499405e-01
5.187000e+03 3.430202e-01
5.187500e+03 3.361004e-01
5.188000e+03 3.289208e-01
5.188500e+03 3.223847e-01
5.189000e+03 3.157183e-01
5.189500e+03 3.086654e-01
5.190000e+03 3.018692e-01
5.190500e+03 2.949425e-01
5.191000e+03 2.878868e-01
5.191500e+03 2.810877e-01
5.192000e+03 2.745452e-01
5.192500e+03 2.678724e-01
5.193000e+03 2.614564e-01
5.193500e+03 2.551676e-01
5.194000e+03 2.487486e-01
5.194500e+03 2.427131e-01
5.195000e+03 2.364198e-01
5.195500e+03 2.302535e-01
5.196000e+03 2.248583e-01
5.196500e+03 2.189475e-01
5.197000e+03 2.131664e-01
5.197500e+03 2.077732e-01
5.198000e+03 2.021217e-01
5.198500e+03 1.971151e-01
5.199000e+03 1.923691e-01
5.199500e+03 1.873656e-01
5.200000e+03 1.819777e-01
5.200500e+03 1.771054e-01
5.201000e+03 1.723602e-01
5.201500e+03 1.674856e-01
5.202000e+03 1.629960e-01
5.202500e+03 1.585054e-01
5.203000e+03 1.541420e-01
5.203500e+03 1.497790e-01
5.204000e+03 1.454135e-01
5.204500e+03 1.413051e-01
5.205000e+03 1.370676e-01
5.205500e+03 1.330865e-01
5.206000e+03 1.292334e-01
5.206500e+03 1.251471e-01
5.207000e+03 1.213179e-01
5.207500e+03 1.177715e-01
5.208000e+03 1.143404e-01
5.208500e+03 1.112441e-01
5.209000e+03 1.078631e-01
5.209500e+03 1.047909e-01
5.210000e+03 1.015245e-01
5.210500e+03 9.841209e-02
5.211000e+03 9.544093e-02
5.211500e+03 9.255963e-02
5.212000e+03 8.967749e-02
5.212500e+03 8.698857e-02
5.213000e+03 8.438932e-02
5.213500e+03 8.190579e-02
5.214000e+03 7.926657e-02
5.214500e+03 7.694981e-02
5.215000e+03 7.456787e-02
5.215500e+03 7.223698e-02
5.216000e+03 7.021587e-02
5.216500e+03 6.797457e-02
5.217000e+03 6.584903e-02
5.217500e+03 6.372297e-02
5.218000e+03 6.180329e-02
5.218500e+03 6.005144e-02
5.219000e+03 5.814387e-02
5.219500e+03 5.650750e-02
5.220000e+03 5.500016e-02
5.220500e+03 5.324662e-02
5.221000e+03 5.160907e-02
5.221500e+03 5.010058e-02
5.222000e+03 4.861766e-02
5.222500e+03 4.714727e-02
5.223000e+03 4.584500e-02
5.223500e+03 4.460717e-02
5.224000e+03 4.314866e-02
5.224500e+03 4.168994e-02
5.225000e+03 4.045116e-02
5.225500e+03 3.930267e-02
5.226000e+03 3.812810e-02
5.226500e+03 3.686250e-02
5.227000e+03 3.588166e-02
5.227500e+03 3.469321e-02
5.228000e+03 3.360832e-02
5.228500e+03 3.265271e-02
5.229000e+03 3.169702e-02
5.229500e+03 3.075387e-02
5.230000e+03 2.996633e-02
5.230500e+03 2.928236e-02
5.231000e+03 2.828676e-02
5.231500e+03 2.745959e-02
5.232000e+03 2.687888e-02
5.232500e+03 2.620727e-02
5.233000e+03 2.550936e-02
5.233500e+03 2.483729e-02
5.234000e+03 2.411319e-02
5.234500e+03 2.344078e-02
5.235000e+03 2.275528e-02
5.235500e+03 2.216043e-02
5.236000e+03 2.151355e-02
5.236500e+03 2.093148e-02
5.237000e+03 2.038836e-02
5.237500e+03 1.968898e-02
5.238000e+03 1.915852e-02
5.238500e+03 1.858881e-02
5.239000e+03 1.818809e-02
5.239500e+03 1.768313e-02
5.240000e+03 1.706111e-02
5.240500e+03 1.652986e-02
5.241000e+03 1.603761e-02
5.241500e+03 1.567533e-02
5.242000e+03 1.539097e-02
5.242500e+03 1.510654e-02
5.243000e+03 1.471796e-02
5.243500e+03 1.427731e-02
5.244000e+03 1.386248e-02
5.244500e+03 1.359077e-02
5.245000e+03 1.333201e-02
5.245500e+03 1.315132e-02
5.246000e+03 1.287682e-02
5.246500e+03 1.253974e-02
5.247000e+03 1.226381e-02
5.247500e+03 1.204643e-02
5.248000e+03 1.176905e-02
5.248500e+03 1.157241e-02
5.249000e+03 1.129492e-02
5.249500e+03 1.093786e-02
5.250000e+03 1.062111e-02
5.250500e+03 1.026519e-02
5.251000e+03 1.006693e-02
5.251500e+03 9.809958e-03
5.252000e+03 9.592045e-03
5.252500e+03 9.314074e-03
5.253000e+03 8.996915e-03
5.253500e+03 8.838833e-03
5.254000e+03 8.541098e-03
5.254500e+03 8.462533e-03
5.255000e+03 8.184257e-03
5.255500e+03 7.907228e-03
5.256000e+03 7.768500e-03
5.256500e+03 7.569687e-03
5.257000e+03 7.451784e-03
5.257500e+03 7.233295e-03
5.258000e+03 7.034330e-03
5.258500e+03 7.015583e-03
5.259000e+03 6.837467e-03
5.259500e+03 6.778181e-03
5.260000e+03 6.699294e-03
5.260500e+03 6.560265e-03
5.261000e+03 6.381994e-03
5.261500e+03 6.202378e-03
5.262000e+03 6.144295e-03
5.262500e+03 5.964607e-03
5.263000e+03 5.885550e-03
5.263500e+03 5.827408e-03
5.264000e+03 5.748329e-03
5.264500e+03 5.688853e-03
5.265000e+03 5.489364e-03
5.265500e+03 5.470397e-03
5.266000e+03 5.331050e-03
5.266500e+03 5.191655e-03
5.267000e+03 5.073163e-03
5.267500e+03 4.953353e-03
5.268000e+03 4.794226e-03
5.268500e+03 4.714924e-03
5.269000e+03 4.615975e-03
5.269500e+03 4.536647e-03
5.270000e+03 4.416687e-03
5.270500e+03 4.277048e-03
5.271000e+03 4.218607e-03
5.271500e+03 4.139192e-03
5.272000e+03 3.958837e-03
5.272500e+03 3.819090e-03
5.273000e+03 3.780226e-03
5.273500e+03 3.700706e-03
5.274000e+03 3.660512e-03
5.274500e+03 3.601946e-03
5.275000e+03 3.542046e-03
5.275500e+03 3.421820e-03
5.276000e+03 3.402556e-03
5.276500e+03 3.303255e-03
5.277000e+03 3.243305e-03
5.277500e+03 3.183327e-03
5.278000e+03 3.064295e-03
5.278500e+03 3.004296e-03
5.279000e+03 2.963959e-03
5.279500e+03 2.864550e-03
5.280000e+03 2.864897e-03
5.280500e+03 2.865243e-03
5.281000e+03 2.845890e-03
5.281500e+03 2.846234e-03
5.282000e+03 2.786144e-03
5.282500e+03 2.686641e-03
5.283000e+03 2.686966e-03
5.283500e+03 2.626849e-03
5.284000e+03 2.566704e-03
5.284500e+03 2.467126e-03
5.285000e+03 2.467425e-03
5.285500e+03 2.407238e-03
5.286000e+03 2.407529e-03
5.286500e+03 2.327608e-03
5.287000e+03 2.227940e-03
5.287500e+03 2.207154e-03
5.288000e+03 2.267941e-03
5.288500e+03 2.168214e-03
5.289000e+03 2.088214e-03
5.289500e+03 2.008180e-03
5.290000e+03 1.928142e-03
5.290500e+03 1.908629e-03
5.291000e+03 1.727190e-03
5.291500e+03 1.687898e-03
5.292000e+03 1.667024e-03
5.292500e+03 1.688303e-03
5.293000e+03 1.627914e-03
5.293500e+03 1.608357e-03
5.294000e+03 1.567723e-03
5.294500e+03 1.567917e-03
5.295000e+03 1.568111e-03
5.295500e+03 1.528765e-03
5.296000e+03 0.000000e+00
5.296500e+03 1.468492e-03
5.297000e+03 1.529295e-03
5.297500e+03 1.569014e-03
5.298000e+03 1.629826e-03
5.298500e+03 1.669550e-03
5.299000e+03 1.771270e-03
5.299500e+03 1.832125e-03
5.300000e+03 1.871879e-03
