# Wavelength(Angstrom)  Transmission
3.840000e+03  0.000000e+00
3.850000e+03  1.000000e-04
3.860000e+03  1.000000e-04
3.870000e+03  1.000000e-04
3.880000e+03  1.000000e-04
3.890000e+03  1.000000e-04
3.900000e+03  1.000000e-04
3.910000e+03  3.000000e-04
3.920000e+03  4.000000e-04
3.930000e+03  8.000000e-04
3.940000e+03  2.300000e-03
3.950000e+03  5.800000e-03
3.960000e+03  1.270000e-02
3.970000e+03  2.560000e-02
3.980000e+03  5.050000e-02
3.990000e+03  9.690000e-02
4.000000e+03  1.630000e-01
4.010000e+03  2.274000e-01
4.020000e+03  2.693000e-01
4.030000e+03  2.885000e-01
4.040000e+03  2.966000e-01
4.050000e+03  3.018000e-01
4.060000e+03  3.062000e-01
4.070000e+03  3.113000e-01
4.080000e+03  3.181000e-01
4.090000e+03  3.227000e-01
4.100000e+03  3.282000e-01
4.110000e+03  3.329000e-01
4.120000e+03  3.381000e-01
4.130000e+03  3.416000e-01
4.140000e+03  3.459000e-01
4.150000e+03  3.507000e-01
4.160000e+03  3.556000e-01
4.170000e+03  3.602000e-01
4.180000e+03  3.647000e-01
4.190000e+03  3.700000e-01
4.200000e+03  3.749000e-01
4.210000e+03  3.776000e-01
4.220000e+03  3.815000e-01
4.230000e+03  3.855000e-01
4.240000e+03  3.894000e-01
4.250000e+03  3.948000e-01
4.260000e+03  3.965000e-01
4.270000e+03  4.000000e-01
4.280000e+03  4.016000e-01
4.290000e+03  4.041000e-01
4.300000e+03  4.090000e-01
4.310000e+03  4.146000e-01
4.320000e+03  4.203000e-01
4.330000e+03  4.242000e-01
4.340000e+03  4.283000e-01
4.350000e+03  4.319000e-01
4.360000e+03  4.350000e-01
4.370000e+03  4.383000e-01
4.380000e+03  4.411000e-01
4.390000e+03  4.451000e-01
4.400000e+03  4.496000e-01
4.410000e+03  4.528000e-01
4.420000e+03  4.551000e-01
4.430000e+03  4.589000e-01
4.440000e+03  4.622000e-01
4.450000e+03  4.648000e-01
4.460000e+03  4.693000e-01
4.470000e+03  4.728000e-01
4.480000e+03  4.754000e-01
4.490000e+03  4.791000e-01
4.500000e+03  4.819000e-01
4.510000e+03  4.847000e-01
4.520000e+03  4.860000e-01
4.530000e+03  4.887000e-01
4.540000e+03  4.927000e-01
4.550000e+03  4.958000e-01
4.560000e+03  4.992000e-01
4.570000e+03  5.023000e-01
4.580000e+03  5.057000e-01
4.590000e+03  5.082000e-01
4.600000e+03  5.117000e-01
4.610000e+03  5.132000e-01
4.620000e+03  5.147000e-01
4.630000e+03  5.165000e-01
4.640000e+03  5.178000e-01
4.650000e+03  5.191000e-01
4.660000e+03  5.214000e-01
4.670000e+03  5.242000e-01
4.680000e+03  5.265000e-01
4.690000e+03  5.293000e-01
4.700000e+03  5.315000e-01
4.710000e+03  5.336000e-01
4.720000e+03  5.348000e-01
4.730000e+03  5.364000e-01
4.740000e+03  5.372000e-01
4.750000e+03  5.371000e-01
4.760000e+03  5.389000e-01
4.770000e+03  5.404000e-01
4.780000e+03  5.432000e-01
4.790000e+03  5.465000e-01
4.800000e+03  5.484000e-01
4.810000e+03  5.495000e-01
4.820000e+03  5.517000e-01
4.830000e+03  5.531000e-01
4.840000e+03  5.537000e-01
4.850000e+03  5.560000e-01
4.860000e+03  5.560000e-01
4.870000e+03  5.572000e-01
4.880000e+03  5.616000e-01
4.890000e+03  5.631000e-01
4.900000e+03  5.649000e-01
4.910000e+03  5.666000e-01
4.920000e+03  5.666000e-01
4.930000e+03  5.680000e-01
4.940000e+03  5.690000e-01
4.950000e+03  5.711000e-01
4.960000e+03  5.727000e-01
4.970000e+03  5.741000e-01
4.980000e+03  5.754000e-01
4.990000e+03  5.801000e-01
5.000000e+03  5.835000e-01
5.010000e+03  5.857000e-01
5.020000e+03  5.871000e-01
5.030000e+03  5.867000e-01
5.040000e+03  5.865000e-01
5.050000e+03  5.861000e-01
5.060000e+03  5.875000e-01
5.070000e+03  5.894000e-01
5.080000e+03  5.928000e-01
5.090000e+03  5.959000e-01
5.100000e+03  5.970000e-01
5.110000e+03  5.983000e-01
5.120000e+03  5.991000e-01
5.130000e+03  6.006000e-01
5.140000e+03  6.019000e-01
5.150000e+03  6.030000e-01
5.160000e+03  6.043000e-01
5.170000e+03  6.065000e-01
5.180000e+03  6.080000e-01
5.190000e+03  6.086000e-01
5.200000e+03  6.102000e-01
5.210000e+03  6.121000e-01
5.220000e+03  6.139000e-01
5.230000e+03  6.146000e-01
5.240000e+03  6.151000e-01
5.250000e+03  6.144000e-01
5.260000e+03  6.169000e-01
5.270000e+03  6.187000e-01
5.280000e+03  6.186000e-01
5.290000e+03  6.215000e-01
5.300000e+03  6.221000e-01
5.310000e+03  6.222000e-01
5.320000e+03  6.238000e-01
5.330000e+03  6.255000e-01
5.340000e+03  6.283000e-01
5.350000e+03  6.330000e-01
5.360000e+03  6.333000e-01
5.370000e+03  6.344000e-01
5.380000e+03  6.370000e-01
5.390000e+03  6.382000e-01
5.400000e+03  6.381000e-01
5.410000e+03  6.349000e-01
5.420000e+03  6.240000e-01
5.430000e+03  5.994000e-01
5.440000e+03  5.523000e-01
5.450000e+03  4.841000e-01
5.460000e+03  3.991000e-01
5.470000e+03  3.081000e-01
5.480000e+03  2.239000e-01
5.490000e+03  1.532000e-01
5.500000e+03  9.870000e-02
5.510000e+03  5.900000e-02
5.520000e+03  3.290000e-02
5.530000e+03  1.740000e-02
5.540000e+03  9.200000e-03
5.550000e+03  5.100000e-03
5.560000e+03  3.200000e-03
5.570000e+03  2.200000e-03
5.580000e+03  1.600000e-03
5.590000e+03  1.200000e-03
5.600000e+03  1.000000e-03
5.610000e+03  7.000000e-04
5.620000e+03  5.000000e-04
5.630000e+03  3.000000e-04
5.640000e+03  3.000000e-04
5.650000e+03  2.000000e-04
5.660000e+03  2.000000e-04
5.670000e+03  2.000000e-04
5.680000e+03  2.000000e-04
5.690000e+03  2.000000e-04
5.700000e+03  1.000000e-04
