# # Wavelength(Angstrom)  Transmission
5.757200e+03 5.700000e-03
5.767300e+03 1.035000e-02
5.777500e+03 1.763000e-02
5.787700e+03 2.839000e-02
5.797900e+03 4.341000e-02
5.808000e+03 6.322000e-02
5.818200e+03 8.823000e-02
5.828400e+03 1.185900e-01
5.838500e+03 1.540400e-01
5.848700e+03 1.940400e-01
5.858900e+03 2.377100e-01
5.869100e+03 2.840600e-01
5.879200e+03 3.319400e-01
5.889400e+03 3.801900e-01
5.899600e+03 4.276400e-01
5.909700e+03 4.731000e-01
5.919900e+03 5.158700e-01
5.930100e+03 5.557200e-01
5.940300e+03 5.923900e-01
5.950400e+03 6.256500e-01
5.960600e+03 6.555500e-01
5.970800e+03 6.825000e-01
5.981000e+03 7.068200e-01
5.991100e+03 7.285400e-01
6.001300e+03 7.476700e-01
6.011500e+03 7.646500e-01
6.021600e+03 7.799400e-01
6.031800e+03 7.936500e-01
6.042000e+03 8.059500e-01
6.052200e+03 8.172000e-01
6.062300e+03 8.277800e-01
6.072500e+03 8.379100e-01
6.082700e+03 8.476300e-01
6.092800e+03 8.570800e-01
6.103000e+03 8.662200e-01
6.113200e+03 8.748300e-01
6.123400e+03 8.828100e-01
6.133500e+03 8.899100e-01
6.143700e+03 8.961100e-01
6.153900e+03 9.013200e-01
6.164000e+03 9.054500e-01
6.174200e+03 9.091200e-01
6.184400e+03 9.124300e-01
6.194600e+03 9.151800e-01
6.204700e+03 9.175900e-01
6.214900e+03 9.195700e-01
6.225100e+03 9.212300e-01
6.235200e+03 9.226800e-01
6.245400e+03 9.236500e-01
6.255600e+03 9.242700e-01
6.265800e+03 9.247100e-01
6.275900e+03 9.254000e-01
6.286100e+03 9.268100e-01
6.296300e+03 9.285300e-01
6.306500e+03 9.304000e-01
6.316600e+03 9.323800e-01
6.326800e+03 9.343200e-01
6.337000e+03 9.361300e-01
6.347100e+03 9.373300e-01
6.357300e+03 9.377000e-01
6.367500e+03 9.379400e-01
6.377700e+03 9.384100e-01
6.387800e+03 9.389000e-01
6.398000e+03 9.395400e-01
6.408200e+03 9.405500e-01
6.418300e+03 9.420000e-01
6.428500e+03 9.437900e-01
6.438700e+03 9.452700e-01
6.448900e+03 9.461200e-01
6.459000e+03 9.466300e-01
6.469200e+03 9.468000e-01
6.479400e+03 9.463900e-01
6.489500e+03 9.452900e-01
6.499700e+03 9.433800e-01
6.509900e+03 9.411600e-01
6.520100e+03 9.388400e-01
6.530200e+03 9.361600e-01
6.540400e+03 9.333100e-01
6.550600e+03 9.301900e-01
6.560700e+03 9.268200e-01
6.570900e+03 9.234800e-01
6.581100e+03 9.202300e-01
6.591300e+03 9.171700e-01
6.601400e+03 9.146100e-01
6.611600e+03 9.125500e-01
6.621800e+03 9.114600e-01
6.632000e+03 9.117700e-01
6.642100e+03 9.133900e-01
6.652300e+03 9.161400e-01
6.662500e+03 9.197200e-01
6.672600e+03 9.236100e-01
6.682800e+03 9.274600e-01
6.693000e+03 9.311900e-01
6.703200e+03 9.343000e-01
6.713300e+03 9.365100e-01
6.723500e+03 9.375700e-01
6.733700e+03 9.370800e-01
6.743800e+03 9.350700e-01
6.754000e+03 9.321000e-01
6.764200e+03 9.278900e-01
6.774400e+03 9.226900e-01
6.784500e+03 9.168900e-01
6.794700e+03 9.107500e-01
6.804900e+03 9.054300e-01
6.815000e+03 9.014900e-01
6.825200e+03 8.985400e-01
6.835400e+03 8.966100e-01
6.845600e+03 8.960500e-01
6.855700e+03 8.969300e-01
6.865900e+03 8.993700e-01
6.876100e+03 9.028800e-01
6.886200e+03 9.071000e-01
6.896400e+03 9.115900e-01
6.906600e+03 9.158400e-01
6.916800e+03 9.184700e-01
6.926900e+03 9.188100e-01
6.937100e+03 9.157000e-01
6.947300e+03 9.088300e-01
6.957500e+03 8.980700e-01
6.967600e+03 8.823000e-01
6.977800e+03 8.617900e-01
6.988000e+03 8.374700e-01
6.998100e+03 8.093600e-01
7.008300e+03 7.776000e-01
7.018500e+03 7.438300e-01
7.028700e+03 7.081100e-01
7.038800e+03 6.702100e-01
7.049000e+03 6.306300e-01
7.059200e+03 5.892900e-01
7.069300e+03 5.464000e-01
7.079500e+03 5.030700e-01
7.089700e+03 4.594100e-01
7.099900e+03 4.149500e-01
7.110000e+03 3.703500e-01
7.120200e+03 3.269300e-01
7.130400e+03 2.858000e-01
7.140500e+03 2.474300e-01
7.150700e+03 2.121600e-01
7.160900e+03 1.803400e-01
7.171100e+03 1.522100e-01
7.181200e+03 1.279700e-01
7.191400e+03 1.075100e-01
7.201600e+03 9.028000e-02
7.211700e+03 7.570000e-02
7.221900e+03 6.361000e-02
7.232100e+03 5.372000e-02
7.242300e+03 4.557000e-02
7.252400e+03 3.886000e-02
7.262600e+03 3.331000e-02
7.272800e+03 2.869000e-02
7.283000e+03 2.487000e-02
7.293100e+03 2.172000e-02
7.303300e+03 1.910000e-02
7.313500e+03 1.690000e-02
7.323600e+03 1.505000e-02
7.333800e+03 1.339000e-02
7.344000e+03 1.199000e-02
7.354200e+03 1.080000e-02
7.364300e+03 9.780000e-03
7.374500e+03 8.930000e-03
7.384700e+03 8.170000e-03
7.394800e+03 7.440000e-03
7.405000e+03 6.770000e-03
7.415200e+03 6.220000e-03
7.425400e+03 5.750000e-03
7.435500e+03 5.340000e-03
7.445700e+03 4.950000e-03
7.455900e+03 4.480000e-03
7.466000e+03 4.060000e-03
