# # Wavelength(Angstrom)  Transmission
7.028800e+03 5.950000e-03
7.040500e+03 9.170000e-03
7.052200e+03 1.361000e-02
7.063900e+03 1.957000e-02
7.075600e+03 2.734000e-02
7.087300e+03 3.710000e-02
7.099000e+03 4.921000e-02
7.110700e+03 6.391000e-02
7.122400e+03 8.122000e-02
7.134100e+03 1.012100e-01
7.145800e+03 1.238600e-01
7.157500e+03 1.491500e-01
7.169200e+03 1.769600e-01
7.180900e+03 2.067300e-01
7.192600e+03 2.381300e-01
7.204300e+03 2.710000e-01
7.216000e+03 3.048800e-01
7.227700e+03 3.391300e-01
7.239400e+03 3.732600e-01
7.251100e+03 4.069000e-01
7.262800e+03 4.400800e-01
7.274500e+03 4.724400e-01
7.286200e+03 5.042600e-01
7.297900e+03 5.354500e-01
7.309600e+03 5.655700e-01
7.321300e+03 5.937100e-01
7.333000e+03 6.202200e-01
7.344700e+03 6.455800e-01
7.356400e+03 6.698100e-01
7.368100e+03 6.926600e-01
7.379800e+03 7.142000e-01
7.391500e+03 7.345900e-01
7.403200e+03 7.539700e-01
7.414900e+03 7.716500e-01
7.426600e+03 7.867000e-01
7.438300e+03 7.999400e-01
7.450000e+03 8.118700e-01
7.461700e+03 8.224600e-01
7.473400e+03 8.321800e-01
7.485100e+03 8.413200e-01
7.496800e+03 8.505800e-01
7.508500e+03 8.600800e-01
7.520200e+03 8.690800e-01
7.531900e+03 8.778800e-01
7.543600e+03 8.852100e-01
7.555300e+03 8.896500e-01
7.567000e+03 8.934100e-01
7.578700e+03 8.969300e-01
7.590400e+03 8.994400e-01
7.602100e+03 9.015200e-01
7.613800e+03 9.030200e-01
7.625500e+03 9.052100e-01
7.637200e+03 9.085700e-01
7.648900e+03 9.115900e-01
7.660600e+03 9.142500e-01
7.672300e+03 9.171200e-01
7.684000e+03 9.191200e-01
7.695700e+03 9.215700e-01
7.707400e+03 9.241000e-01
7.719100e+03 9.264300e-01
7.730800e+03 9.283100e-01
7.742500e+03 9.299300e-01
7.754200e+03 9.317600e-01
7.765900e+03 9.348200e-01
7.777600e+03 9.378300e-01
7.789300e+03 9.396000e-01
7.801000e+03 9.397100e-01
7.812700e+03 9.390700e-01
7.824400e+03 9.397400e-01
7.836100e+03 9.402900e-01
7.847800e+03 9.385600e-01
7.859500e+03 9.357700e-01
7.871200e+03 9.327700e-01
7.882900e+03 9.305200e-01
7.894600e+03 9.289700e-01
7.906300e+03 9.275700e-01
7.918000e+03 9.256700e-01
7.929700e+03 9.236600e-01
7.941400e+03 9.224600e-01
7.953100e+03 9.217200e-01
7.964800e+03 9.204300e-01
7.976500e+03 9.199300e-01
7.988200e+03 9.205500e-01
7.999900e+03 9.207600e-01
8.011600e+03 9.209800e-01
8.023300e+03 9.220200e-01
8.035000e+03 9.231600e-01
8.046700e+03 9.240000e-01
8.058400e+03 9.254400e-01
8.070100e+03 9.265900e-01
8.081800e+03 9.270800e-01
8.093500e+03 9.274700e-01
8.105200e+03 9.263800e-01
8.116900e+03 9.252900e-01
8.128600e+03 9.239300e-01
8.140300e+03 9.227400e-01
8.152000e+03 9.203400e-01
8.163700e+03 9.174100e-01
8.175400e+03 9.144900e-01
8.187100e+03 9.116500e-01
8.198800e+03 9.094000e-01
8.210400e+03 9.066300e-01
8.222100e+03 9.037800e-01
8.233800e+03 9.009200e-01
8.245500e+03 8.980100e-01
8.257200e+03 8.949200e-01
8.268900e+03 8.916200e-01
8.280600e+03 8.881000e-01
8.292300e+03 8.844100e-01
8.304000e+03 8.806000e-01
8.315700e+03 8.766600e-01
8.327400e+03 8.726000e-01
8.339100e+03 8.685400e-01
8.350800e+03 8.645400e-01
8.362500e+03 8.605400e-01
8.374200e+03 8.566100e-01
8.385900e+03 8.530200e-01
8.397600e+03 8.498200e-01
8.409300e+03 8.471200e-01
8.421000e+03 8.453500e-01
8.432700e+03 8.445400e-01
8.444400e+03 8.446300e-01
8.456100e+03 8.454300e-01
8.467800e+03 8.466500e-01
8.479500e+03 8.476500e-01
8.491200e+03 8.483200e-01
8.502900e+03 8.488700e-01
8.514600e+03 8.483800e-01
8.526300e+03 8.459000e-01
8.538000e+03 8.411900e-01
8.549700e+03 8.342600e-01
8.561400e+03 8.251500e-01
8.573100e+03 8.129200e-01
8.584800e+03 7.956900e-01
8.596500e+03 7.725400e-01
8.608200e+03 7.434100e-01
8.619900e+03 7.092000e-01
8.631600e+03 6.698900e-01
8.643300e+03 6.250100e-01
8.655000e+03 5.752300e-01
8.666700e+03 5.215500e-01
8.678400e+03 4.669600e-01
8.690100e+03 4.125400e-01
8.701800e+03 3.595900e-01
8.713500e+03 3.085600e-01
8.725200e+03 2.600000e-01
8.736900e+03 2.162400e-01
8.748600e+03 1.778700e-01
8.760300e+03 1.449900e-01
8.772000e+03 1.168700e-01
8.783700e+03 9.277000e-02
8.795400e+03 7.287000e-02
8.807100e+03 5.710000e-02
8.818800e+03 4.493000e-02
8.830500e+03 3.556000e-02
8.842200e+03 2.796000e-02
8.853900e+03 2.168000e-02
8.865600e+03 1.655000e-02
8.877300e+03 1.287000e-02
8.889000e+03 1.040000e-02
8.900700e+03 8.440000e-03
8.912400e+03 6.960000e-03
8.924100e+03 5.890000e-03
8.935800e+03 5.020000e-03
8.947500e+03 4.250000e-03
