# # Wavelength(Angstrom)  Transmission
6.788500e+03 1.053343e-03
6.789000e+03 1.067719e-03
6.789500e+03 1.126178e-03
6.790000e+03 1.154930e-03
6.790500e+03 1.184636e-03
6.791000e+03 1.213387e-03
6.791500e+03 1.272810e-03
6.792000e+03 1.301560e-03
6.792500e+03 1.331274e-03
6.793000e+03 1.374400e-03
6.793500e+03 1.432857e-03
6.794000e+03 1.506655e-03
6.794500e+03 1.521028e-03
6.795000e+03 1.593861e-03
6.795500e+03 1.637952e-03
6.796000e+03 1.696409e-03
6.796500e+03 1.726112e-03
6.797000e+03 1.754862e-03
6.797500e+03 1.798953e-03
6.798000e+03 1.857409e-03
6.798500e+03 1.901498e-03
6.799000e+03 1.974330e-03
6.799500e+03 2.032787e-03
6.800000e+03 2.120962e-03
6.800500e+03 2.193810e-03
6.801000e+03 2.266649e-03
6.801500e+03 2.354833e-03
6.802000e+03 2.397971e-03
6.802500e+03 2.442065e-03
6.803000e+03 2.559007e-03
6.803500e+03 2.588726e-03
6.804000e+03 2.661586e-03
6.804500e+03 2.749777e-03
6.805000e+03 2.851378e-03
6.805500e+03 2.925189e-03
6.806000e+03 2.998036e-03
6.806500e+03 3.086224e-03
6.807000e+03 3.159071e-03
6.807500e+03 3.217552e-03
6.808000e+03 3.304775e-03
6.808500e+03 3.378586e-03
6.809000e+03 3.495528e-03
6.809500e+03 3.568376e-03
6.810000e+03 3.656568e-03
6.810500e+03 3.759140e-03
6.811000e+03 3.876092e-03
6.811500e+03 3.977704e-03
6.812000e+03 4.094661e-03
6.812500e+03 4.197243e-03
6.813000e+03 4.314193e-03
6.813500e+03 4.416777e-03
6.814000e+03 4.519362e-03
6.814500e+03 4.666034e-03
6.815000e+03 4.782995e-03
6.815500e+03 4.914334e-03
6.816000e+03 5.016916e-03
6.816500e+03 5.133867e-03
6.817000e+03 5.265262e-03
6.817500e+03 5.382509e-03
6.818000e+03 5.558340e-03
6.818500e+03 5.705367e-03
6.819000e+03 5.822451e-03
6.819500e+03 5.997592e-03
6.820000e+03 6.157724e-03
6.820500e+03 6.331349e-03
6.821000e+03 6.518436e-03
6.821500e+03 6.691287e-03
6.822000e+03 6.876800e-03
6.822500e+03 7.061682e-03
6.823000e+03 7.275689e-03
6.823500e+03 7.474962e-03
6.824000e+03 7.673065e-03
6.824500e+03 7.901646e-03
6.825000e+03 8.085562e-03
6.825500e+03 8.285091e-03
6.826000e+03 8.513427e-03
6.826500e+03 8.770199e-03
6.827000e+03 8.969906e-03
6.827500e+03 9.212457e-03
6.828000e+03 9.426413e-03
6.828500e+03 9.728583e-03
6.829000e+03 1.002852e-02
6.829500e+03 1.032799e-02
6.830000e+03 1.065531e-02
6.830500e+03 1.097244e-02
6.831000e+03 1.124133e-02
6.831500e+03 1.154761e-02
6.832000e+03 1.187211e-02
6.832500e+03 1.224337e-02
6.833000e+03 1.258563e-02
6.833500e+03 1.296543e-02
6.834000e+03 1.331647e-02
6.834500e+03 1.369562e-02
6.835000e+03 1.415023e-02
6.835500e+03 1.454817e-02
6.836000e+03 1.493684e-02
6.836500e+03 1.538198e-02
6.837000e+03 1.579889e-02
6.837500e+03 1.628161e-02
6.838000e+03 1.673585e-02
6.838500e+03 1.727425e-02
6.839000e+03 1.774620e-02
6.839500e+03 1.823619e-02
6.840000e+03 1.875345e-02
6.840500e+03 1.931634e-02
6.841000e+03 1.992499e-02
6.841500e+03 2.053233e-02
6.842000e+03 2.112924e-02
6.842500e+03 2.174391e-02
6.843000e+03 2.240451e-02
6.843500e+03 2.309238e-02
6.844000e+03 2.376089e-02
6.844500e+03 2.439156e-02
6.845000e+03 2.511552e-02
6.845500e+03 2.590466e-02
6.846000e+03 2.665658e-02
6.846500e+03 2.739924e-02
6.847000e+03 2.822560e-02
6.847500e+03 2.908881e-02
6.848000e+03 2.998870e-02
6.848500e+03 3.083191e-02
6.849000e+03 3.176705e-02
6.849500e+03 3.274719e-02
6.850000e+03 3.376258e-02
6.850500e+03 3.474792e-02
6.851000e+03 3.571262e-02
6.851500e+03 3.679586e-02
6.852000e+03 3.787728e-02
6.852500e+03 3.893846e-02
6.853000e+03 4.010006e-02
6.853500e+03 4.121411e-02
6.854000e+03 4.234578e-02
6.854500e+03 4.356011e-02
6.855000e+03 4.487574e-02
6.855500e+03 4.616361e-02
6.856000e+03 4.751538e-02
6.856500e+03 4.888526e-02
6.857000e+03 5.024570e-02
6.857500e+03 5.172544e-02
6.858000e+03 5.317657e-02
6.858500e+03 5.466308e-02
6.859000e+03 5.630427e-02
6.859500e+03 5.787834e-02
6.860000e+03 5.950451e-02
6.860500e+03 6.114538e-02
6.861000e+03 6.284693e-02
6.861500e+03 6.454498e-02
6.862000e+03 6.631346e-02
6.862500e+03 6.812505e-02
6.863000e+03 7.002593e-02
6.863500e+03 7.186987e-02
6.864000e+03 7.364848e-02
6.864500e+03 7.559108e-02
6.865000e+03 7.757002e-02
6.865500e+03 7.951199e-02
6.866000e+03 8.161706e-02
6.866500e+03 8.372094e-02
6.867000e+03 8.595236e-02
6.867500e+03 8.819228e-02
6.868000e+03 9.051292e-02
6.868500e+03 9.284042e-02
6.869000e+03 9.516488e-02
6.869500e+03 9.757640e-02
6.870000e+03 1.000738e-01
6.870500e+03 1.024746e-01
6.871000e+03 1.049601e-01
6.871500e+03 1.075318e-01
6.872000e+03 1.101892e-01
6.872500e+03 1.128427e-01
6.873000e+03 1.154929e-01
6.873500e+03 1.182310e-01
6.874000e+03 1.210588e-01
6.874500e+03 1.238862e-01
6.875000e+03 1.267122e-01
6.875500e+03 1.296285e-01
6.876000e+03 1.326317e-01
6.876500e+03 1.356326e-01
6.877000e+03 1.387126e-01
6.877500e+03 1.418738e-01
6.878000e+03 1.449421e-01
6.878500e+03 1.482834e-01
6.879000e+03 1.513638e-01
6.879500e+03 1.547314e-01
6.880000e+03 1.583019e-01
6.880500e+03 1.618127e-01
6.881000e+03 1.656240e-01
6.881500e+03 1.693699e-01
6.882000e+03 1.730461e-01
6.882500e+03 1.768272e-01
6.883000e+03 1.807957e-01
6.883500e+03 1.846755e-01
6.884000e+03 1.885488e-01
6.884500e+03 1.925890e-01
6.885000e+03 1.966281e-01
6.885500e+03 2.008488e-01
6.886000e+03 2.050722e-01
6.886500e+03 2.092965e-01
6.887000e+03 2.137934e-01
6.887500e+03 2.181084e-01
6.888000e+03 2.224255e-01
6.888500e+03 2.269262e-01
6.889000e+03 2.314294e-01
6.889500e+03 2.359384e-01
6.890000e+03 2.407254e-01
6.890500e+03 2.452473e-01
6.891000e+03 2.499587e-01
6.891500e+03 2.548566e-01
6.892000e+03 2.596693e-01
6.892500e+03 2.647578e-01
6.893000e+03 2.698491e-01
6.893500e+03 2.748503e-01
6.894000e+03 2.799427e-01
6.894500e+03 2.850362e-01
6.895000e+03 2.903137e-01
6.895500e+03 2.955932e-01
6.896000e+03 3.007833e-01
6.896500e+03 3.059765e-01
6.897000e+03 3.110795e-01
6.897500e+03 3.163643e-01
6.898000e+03 3.217405e-01
6.898500e+03 3.272099e-01
6.899000e+03 3.324114e-01
6.899500e+03 3.379830e-01
6.900000e+03 3.434712e-01
6.900500e+03 3.490611e-01
6.901000e+03 3.546599e-01
6.901500e+03 3.602663e-01
6.902000e+03 3.657875e-01
6.902500e+03 3.714035e-01
6.903000e+03 3.770217e-01
6.903500e+03 3.826398e-01
6.904000e+03 3.885316e-01
6.904500e+03 3.941512e-01
6.905000e+03 3.998649e-01
6.905500e+03 4.056708e-01
6.906000e+03 4.112964e-01
6.906500e+03 4.171997e-01
6.907000e+03 4.231952e-01
6.907500e+03 4.290071e-01
6.908000e+03 4.349105e-01
6.908500e+03 4.407250e-01
6.909000e+03 4.465442e-01
6.909500e+03 4.523705e-01
6.910000e+03 4.582981e-01
6.910500e+03 4.642375e-01
6.911000e+03 4.700959e-01
6.911500e+03 4.758698e-01
6.912000e+03 4.818332e-01
6.912500e+03 4.878008e-01
6.913000e+03 4.940436e-01
6.913500e+03 5.001019e-01
6.914000e+03 5.060692e-01
6.914500e+03 5.121301e-01
6.915000e+03 5.181023e-01
6.915500e+03 5.237991e-01
6.916000e+03 5.298659e-01
6.916500e+03 5.355665e-01
6.917000e+03 5.412690e-01
6.917500e+03 5.468789e-01
6.918000e+03 5.529476e-01
6.918500e+03 5.586494e-01
6.919000e+03 5.645405e-01
6.919500e+03 5.703475e-01
6.920000e+03 5.759795e-01
6.920500e+03 5.819030e-01
6.921000e+03 5.876527e-01
6.921500e+03 5.932256e-01
6.922000e+03 5.989885e-01
6.922500e+03 6.044754e-01
6.923000e+03 6.099603e-01
6.923500e+03 6.154447e-01
6.924000e+03 6.208374e-01
6.924500e+03 6.261391e-01
6.925000e+03 6.314421e-01
6.925500e+03 6.368388e-01
6.926000e+03 6.421445e-01
6.926500e+03 6.474516e-01
6.927000e+03 6.528536e-01
6.927500e+03 6.580689e-01
6.928000e+03 6.630036e-01
6.928500e+03 6.679372e-01
6.929000e+03 6.725957e-01
6.929500e+03 6.776340e-01
6.930000e+03 6.824980e-01
6.930500e+03 6.871901e-01
6.931000e+03 6.921736e-01
6.931500e+03 6.969771e-01
6.932000e+03 7.016916e-01
6.932500e+03 7.064960e-01
6.933000e+03 7.112055e-01
6.933500e+03 7.160097e-01
6.934000e+03 7.205342e-01
6.934500e+03 7.249667e-01
6.935000e+03 7.293998e-01
6.935500e+03 7.336478e-01
6.936000e+03 7.379884e-01
6.936500e+03 7.422367e-01
6.937000e+03 7.464867e-01
6.937500e+03 7.507358e-01
6.938000e+03 7.548879e-01
6.938500e+03 7.588514e-01
6.939000e+03 7.628177e-01
6.939500e+03 7.667913e-01
6.940000e+03 7.705891e-01
6.940500e+03 7.741207e-01
6.941000e+03 7.778505e-01
6.941500e+03 7.812106e-01
6.942000e+03 7.847583e-01
6.942500e+03 7.881144e-01
6.943000e+03 7.916577e-01
6.943500e+03 7.948256e-01
6.944000e+03 7.981823e-01
6.944500e+03 8.016316e-01
6.945000e+03 8.049875e-01
6.945500e+03 8.081565e-01
6.946000e+03 8.111363e-01
6.946500e+03 8.143989e-01
6.947000e+03 8.173798e-01
6.947500e+03 8.203596e-01
6.948000e+03 8.230549e-01
6.948500e+03 8.258404e-01
6.949000e+03 8.289094e-01
6.949500e+03 8.317014e-01
6.950000e+03 8.344120e-01
6.950500e+03 8.372306e-01
6.951000e+03 8.396813e-01
6.951500e+03 8.423232e-01
6.952000e+03 8.448665e-01
6.952500e+03 8.472203e-01
6.953000e+03 8.498564e-01
6.953500e+03 8.522091e-01
6.954000e+03 8.541831e-01
6.954500e+03 8.566287e-01
6.955000e+03 8.587906e-01
6.955500e+03 8.610470e-01
6.956000e+03 8.633019e-01
6.956500e+03 8.659352e-01
6.957000e+03 8.680008e-01
6.957500e+03 8.702543e-01
6.958000e+03 8.721278e-01
6.958500e+03 8.741855e-01
6.959000e+03 8.756736e-01
6.959500e+03 8.778308e-01
6.960000e+03 8.794302e-01
6.960500e+03 8.813298e-01
6.961000e+03 8.832378e-01
6.961500e+03 8.847653e-01
6.962000e+03 8.863843e-01
6.962500e+03 8.878122e-01
6.963000e+03 8.891435e-01
6.963500e+03 8.905694e-01
6.964000e+03 8.921836e-01
6.964500e+03 8.936075e-01
6.965000e+03 8.944603e-01
6.965500e+03 8.957864e-01
6.966000e+03 8.969220e-01
6.966500e+03 8.984368e-01
6.967000e+03 8.994745e-01
6.967500e+03 9.009875e-01
6.968000e+03 9.022138e-01
6.968500e+03 9.032436e-01
6.969000e+03 9.040810e-01
6.969500e+03 9.049216e-01
6.970000e+03 9.064414e-01
6.970500e+03 9.074043e-01
6.971000e+03 9.083722e-01
6.971500e+03 9.090500e-01
6.972000e+03 9.101077e-01
6.972500e+03 9.108779e-01
6.973000e+03 9.117420e-01
6.973500e+03 9.127012e-01
6.974000e+03 9.136592e-01
6.974500e+03 9.142331e-01
6.975000e+03 9.152842e-01
6.975500e+03 9.160473e-01
6.976000e+03 9.170010e-01
6.976500e+03 9.174746e-01
6.977000e+03 9.180424e-01
6.977500e+03 9.187054e-01
6.978000e+03 9.197502e-01
6.978500e+03 9.206363e-01
6.979000e+03 9.215453e-01
6.979500e+03 9.224064e-01
6.980000e+03 9.230561e-01
6.980500e+03 9.237528e-01
6.981000e+03 9.242363e-01
6.981500e+03 9.244425e-01
6.982000e+03 9.246475e-01
6.982500e+03 9.249502e-01
6.983000e+03 9.254440e-01
6.983500e+03 9.256488e-01
6.984000e+03 9.258547e-01
6.984500e+03 9.260605e-01
6.985000e+03 9.263618e-01
6.985500e+03 9.270476e-01
6.986000e+03 9.270610e-01
6.986500e+03 9.275545e-01
6.987000e+03 9.281435e-01
6.987500e+03 9.285413e-01
6.988000e+03 9.292268e-01
6.988500e+03 9.297200e-01
6.989000e+03 9.301163e-01
6.989500e+03 9.302259e-01
6.990000e+03 9.308151e-01
6.990500e+03 9.314061e-01
6.991000e+03 9.320915e-01
6.991500e+03 9.323945e-01
6.992000e+03 9.327919e-01
6.992500e+03 9.331904e-01
6.993000e+03 9.337801e-01
6.993500e+03 9.345620e-01
6.994000e+03 9.346725e-01
6.994500e+03 9.349741e-01
6.995000e+03 9.352757e-01
6.995500e+03 9.359619e-01
6.996000e+03 9.363600e-01
6.996500e+03 9.364692e-01
6.997000e+03 9.370585e-01
6.997500e+03 9.377446e-01
6.998000e+03 9.386228e-01
6.998500e+03 9.391165e-01
6.999000e+03 9.395155e-01
6.999500e+03 9.399150e-01
7.000000e+03 9.406927e-01
7.000500e+03 9.414658e-01
7.001000e+03 9.424313e-01
7.001500e+03 9.431088e-01
7.002000e+03 9.435939e-01
7.002500e+03 9.439834e-01
7.003000e+03 9.445641e-01
7.003500e+03 9.452416e-01
7.004000e+03 9.458223e-01
7.004500e+03 9.463074e-01
7.005000e+03 9.470815e-01
7.005500e+03 9.479501e-01
7.006000e+03 9.486275e-01
7.006500e+03 9.491125e-01
7.007000e+03 9.494052e-01
7.007500e+03 9.504673e-01
7.008000e+03 9.514326e-01
7.008500e+03 9.523979e-01
7.009000e+03 9.530742e-01
7.009500e+03 9.531755e-01
7.010000e+03 9.542365e-01
7.010500e+03 9.552018e-01
7.011000e+03 9.557836e-01
7.011500e+03 9.565567e-01
7.012000e+03 9.573299e-01
7.012500e+03 9.584878e-01
7.013000e+03 9.587807e-01
7.013500e+03 9.597464e-01
7.014000e+03 9.600393e-01
7.014500e+03 9.609094e-01
7.015000e+03 9.620674e-01
7.015500e+03 9.627441e-01
7.016000e+03 9.636142e-01
7.016500e+03 9.643875e-01
7.017000e+03 9.650652e-01
7.017500e+03 9.655505e-01
7.018000e+03 9.663238e-01
7.018500e+03 9.672894e-01
7.019000e+03 9.678712e-01
7.019500e+03 9.685477e-01
7.020000e+03 9.690329e-01
7.020500e+03 9.696148e-01
7.021000e+03 9.701000e-01
7.021500e+03 9.703928e-01
7.022000e+03 9.710704e-01
7.022500e+03 9.717481e-01
7.023000e+03 9.725213e-01
7.023500e+03 9.729099e-01
7.024000e+03 9.734919e-01
7.024500e+03 9.739772e-01
7.025000e+03 9.746548e-01
7.025500e+03 9.753314e-01
7.026000e+03 9.752406e-01
7.026500e+03 9.756302e-01
7.027000e+03 9.763068e-01
7.027500e+03 9.766007e-01
7.028000e+03 9.768936e-01
7.028500e+03 9.770907e-01
7.029000e+03 9.777672e-01
7.029500e+03 9.779644e-01
7.030000e+03 9.786419e-01
7.030500e+03 9.788390e-01
7.031000e+03 9.788438e-01
7.031500e+03 9.794247e-01
7.032000e+03 9.794296e-01
7.032500e+03 9.794344e-01
7.033000e+03 9.796316e-01
7.033500e+03 9.798289e-01
7.034000e+03 9.802175e-01
7.034500e+03 9.802223e-01
7.035000e+03 9.805163e-01
7.035500e+03 9.809049e-01
7.036000e+03 9.811021e-01
7.036500e+03 9.810113e-01
7.037000e+03 9.814966e-01
7.037500e+03 9.815971e-01
7.038000e+03 9.816018e-01
7.038500e+03 9.817023e-01
7.039000e+03 9.816113e-01
7.039500e+03 9.815204e-01
7.040000e+03 9.814284e-01
7.040500e+03 9.811450e-01
7.041000e+03 9.810539e-01
7.041500e+03 9.814422e-01
7.042000e+03 9.820240e-01
7.042500e+03 9.821241e-01
7.043000e+03 9.823209e-01
7.043500e+03 9.822286e-01
7.044000e+03 9.822330e-01
7.044500e+03 9.825265e-01
7.045000e+03 9.826265e-01
7.045500e+03 9.828232e-01
7.046000e+03 9.832113e-01
7.046500e+03 9.834080e-01
7.047000e+03 9.837004e-01
7.047500e+03 9.838015e-01
7.048000e+03 9.838058e-01
7.048500e+03 9.840025e-01
7.049000e+03 9.841026e-01
7.049500e+03 9.838188e-01
7.050000e+03 9.840155e-01
7.050500e+03 9.837308e-01
7.051000e+03 9.840245e-01
7.051500e+03 9.842205e-01
7.052000e+03 9.838415e-01
7.052500e+03 9.841345e-01
7.053000e+03 9.841394e-01
7.053500e+03 9.844324e-01
7.054000e+03 9.843418e-01
7.054500e+03 9.845392e-01
7.055000e+03 9.849281e-01
7.055500e+03 9.850298e-01
7.056000e+03 9.851306e-01
7.056500e+03 9.853280e-01
7.057000e+03 9.855254e-01
7.057500e+03 9.853379e-01
7.058000e+03 9.849579e-01
7.058500e+03 9.851551e-01
7.059000e+03 9.850642e-01
7.059500e+03 9.850690e-01
7.060000e+03 9.849770e-01
7.060500e+03 9.845980e-01
7.061000e+03 9.843137e-01
7.061500e+03 9.842228e-01
7.062000e+03 9.835547e-01
7.062500e+03 9.834639e-01
7.063000e+03 9.830839e-01
7.063500e+03 9.828963e-01
7.064000e+03 9.833818e-01
7.064500e+03 9.829062e-01
7.065000e+03 9.827197e-01
7.065500e+03 9.829160e-01
7.066000e+03 9.823446e-01
7.066500e+03 9.824452e-01
7.067000e+03 9.818737e-01
7.067500e+03 9.813980e-01
7.068000e+03 9.814985e-01
7.068500e+03 9.814076e-01
7.069000e+03 9.812199e-01
7.069500e+03 9.809366e-01
7.070000e+03 9.809414e-01
7.070500e+03 9.808505e-01
7.071000e+03 9.803747e-01
7.071500e+03 9.800903e-01
7.072000e+03 9.799037e-01
7.072500e+03 9.798118e-01
7.073000e+03 9.795285e-01
7.073500e+03 9.795334e-01
7.074000e+03 9.795382e-01
7.074500e+03 9.793506e-01
7.075000e+03 9.793555e-01
7.075500e+03 9.795528e-01
7.076000e+03 9.796534e-01
7.076500e+03 9.799474e-01
7.077000e+03 9.803362e-01
7.077500e+03 9.804377e-01
7.078000e+03 9.805383e-01
7.078500e+03 9.806388e-01
7.079000e+03 9.807403e-01
7.079500e+03 9.808408e-01
7.080000e+03 9.803650e-01
7.080500e+03 9.804664e-01
7.081000e+03 9.804710e-01
7.081500e+03 9.806670e-01
7.082000e+03 9.809606e-01
7.082500e+03 9.810607e-01
7.083000e+03 9.810650e-01
7.083500e+03 9.809735e-01
7.084000e+03 9.804970e-01
7.084500e+03 9.804045e-01
7.085000e+03 9.805054e-01
7.085500e+03 9.805096e-01
7.086000e+03 9.808020e-01
7.086500e+03 9.806137e-01
7.087000e+03 9.807137e-01
7.087500e+03 9.807180e-01
7.088000e+03 9.807223e-01
7.088500e+03 9.805352e-01
7.089000e+03 9.808276e-01
7.089500e+03 9.809276e-01
7.090000e+03 9.813169e-01
7.090500e+03 9.814169e-01
7.091000e+03 9.815182e-01
7.091500e+03 9.815228e-01
7.092000e+03 9.814307e-01
7.092500e+03 9.814354e-01
7.093000e+03 9.814402e-01
7.093500e+03 9.814451e-01
7.094000e+03 9.814500e-01
7.094500e+03 9.816474e-01
7.095000e+03 9.817480e-01
7.095500e+03 9.813689e-01
7.096000e+03 9.811812e-01
7.096500e+03 9.815710e-01
7.097000e+03 9.817672e-01
7.097500e+03 9.819643e-01
7.098000e+03 9.816807e-01
7.098500e+03 9.818779e-01
7.099000e+03 9.823633e-01
7.099500e+03 9.828488e-01
7.100000e+03 9.834302e-01
7.100500e+03 9.837235e-01
7.101000e+03 9.836329e-01
7.101500e+03 9.837340e-01
7.102000e+03 9.835479e-01
7.102500e+03 9.835533e-01
7.103000e+03 9.838471e-01
7.103500e+03 9.842366e-01
7.104000e+03 9.841465e-01
7.104500e+03 9.845371e-01
7.105000e+03 9.842534e-01
7.105500e+03 9.844514e-01
7.106000e+03 9.845537e-01
7.106500e+03 9.844623e-01
7.107000e+03 9.841797e-01
7.107500e+03 9.842812e-01
7.108000e+03 9.845763e-01
7.108500e+03 9.844852e-01
7.109000e+03 9.848756e-01
7.109500e+03 9.846881e-01
7.110000e+03 9.848851e-01
7.110500e+03 9.848893e-01
7.111000e+03 9.850860e-01
7.111500e+03 9.852817e-01
7.112000e+03 9.855752e-01
7.112500e+03 9.857708e-01
7.113000e+03 9.855835e-01
7.113500e+03 9.855877e-01
7.114000e+03 9.859759e-01
7.114500e+03 9.859800e-01
7.115000e+03 9.860810e-01
7.115500e+03 9.859883e-01
7.116000e+03 9.858967e-01
7.116500e+03 9.860933e-01
7.117000e+03 9.865781e-01
7.117500e+03 9.869661e-01
7.118000e+03 9.876434e-01
7.118500e+03 9.881283e-01
7.119000e+03 9.882282e-01
7.119500e+03 9.883294e-01
7.120000e+03 9.887181e-01
7.120500e+03 9.891080e-01
7.121000e+03 9.894979e-01
7.121500e+03 9.895985e-01
7.122000e+03 9.895076e-01
7.122500e+03 9.898964e-01
7.123000e+03 9.905747e-01
7.123500e+03 9.907721e-01
7.124000e+03 9.908726e-01
7.124500e+03 9.910700e-01
7.125000e+03 9.910748e-01
7.125500e+03 9.913679e-01
7.126000e+03 9.915653e-01
7.126500e+03 9.915702e-01
7.127000e+03 9.919603e-01
7.127500e+03 9.922535e-01
7.128000e+03 9.927393e-01
7.128500e+03 9.930324e-01
7.129000e+03 9.936138e-01
7.129500e+03 9.940036e-01
7.130000e+03 9.944890e-01
7.130500e+03 9.949742e-01
7.131000e+03 9.953637e-01
7.131500e+03 9.955596e-01
7.132000e+03 9.959491e-01
7.132500e+03 9.963386e-01
7.133000e+03 9.965345e-01
7.133500e+03 9.968282e-01
7.134000e+03 9.968326e-01
7.134500e+03 9.969327e-01
7.135000e+03 9.971296e-01
7.135500e+03 9.972559e-01
7.136000e+03 9.978808e-01
7.136500e+03 9.981994e-01
7.137000e+03 9.986420e-01
7.137500e+03 9.993549e-01
7.138000e+03 1.000000e+00
7.138500e+03 9.999510e-01
7.139000e+03 9.996396e-01
7.139500e+03 9.996922e-01
7.140000e+03 9.990967e-01
7.140500e+03 9.982542e-01
7.141000e+03 9.972021e-01
7.141500e+03 9.965439e-01
7.142000e+03 9.958859e-01
7.142500e+03 9.952270e-01
7.143000e+03 9.942824e-01
7.143500e+03 9.934337e-01
7.144000e+03 9.919166e-01
7.144500e+03 9.905922e-01
7.145000e+03 9.895552e-01
7.145500e+03 9.882348e-01
7.146000e+03 9.870129e-01
7.146500e+03 9.857918e-01
7.147000e+03 9.846675e-01
7.147500e+03 9.839228e-01
7.148000e+03 9.824194e-01
7.148500e+03 9.809148e-01
7.149000e+03 9.795036e-01
7.149500e+03 9.779976e-01
7.150000e+03 9.762993e-01
7.150500e+03 9.746943e-01
7.151000e+03 9.732784e-01
7.151500e+03 9.717716e-01
7.152000e+03 9.704540e-01
7.152500e+03 9.688545e-01
7.153000e+03 9.671643e-01
7.153500e+03 9.652868e-01
7.154000e+03 9.635062e-01
7.154500e+03 9.621969e-01
7.155000e+03 9.610774e-01
7.155500e+03 9.594920e-01
7.156000e+03 9.580023e-01
7.156500e+03 9.564216e-01
7.157000e+03 9.546555e-01
7.157500e+03 9.531707e-01
7.158000e+03 9.511273e-01
7.158500e+03 9.489911e-01
7.159000e+03 9.470430e-01
7.159500e+03 9.452799e-01
7.160000e+03 9.437010e-01
7.160500e+03 9.421218e-01
7.161000e+03 9.402653e-01
7.161500e+03 9.385037e-01
7.162000e+03 9.362813e-01
7.162500e+03 9.336913e-01
7.163000e+03 9.317521e-01
7.163500e+03 9.297233e-01
7.164000e+03 9.276052e-01
7.164500e+03 9.254893e-01
7.165000e+03 9.233773e-01
7.165500e+03 9.215457e-01
7.166000e+03 9.198083e-01
7.166500e+03 9.178891e-01
7.167000e+03 9.161557e-01
7.167500e+03 9.141487e-01
7.168000e+03 9.118684e-01
7.168500e+03 9.094054e-01
7.169000e+03 9.073110e-01
7.169500e+03 9.051250e-01
7.170000e+03 9.031220e-01
7.170500e+03 9.006618e-01
7.171000e+03 8.979318e-01
7.171500e+03 8.952060e-01
7.172000e+03 8.923926e-01
7.172500e+03 8.900375e-01
7.173000e+03 8.879578e-01
7.173500e+03 8.855186e-01
7.174000e+03 8.831611e-01
7.174500e+03 8.806994e-01
7.175000e+03 8.780494e-01
7.175500e+03 8.751608e-01
7.176000e+03 8.723418e-01
7.176500e+03 8.698069e-01
7.177000e+03 8.667839e-01
7.177500e+03 8.642063e-01
7.178000e+03 8.616619e-01
7.178500e+03 8.595422e-01
7.179000e+03 8.570768e-01
7.179500e+03 8.544771e-01
7.180000e+03 8.528548e-01
7.180500e+03 8.513140e-01
7.181000e+03 8.499973e-01
7.181500e+03 8.479444e-01
7.182000e+03 8.462135e-01
7.182500e+03 8.444818e-01
7.183000e+03 8.423886e-01
7.183500e+03 8.407437e-01
7.184000e+03 8.388264e-01
7.184500e+03 8.369966e-01
7.185000e+03 8.351648e-01
7.185500e+03 8.331519e-01
7.186000e+03 8.309566e-01
7.186500e+03 8.288490e-01
7.187000e+03 8.268302e-01
7.187500e+03 8.249891e-01
7.188000e+03 8.231463e-01
7.188500e+03 8.208518e-01
7.189000e+03 8.187351e-01
7.189500e+03 8.158945e-01
7.190000e+03 8.135934e-01
7.190500e+03 8.112915e-01
7.191000e+03 8.085345e-01
7.191500e+03 8.061373e-01
7.192000e+03 8.031951e-01
7.192500e+03 8.003404e-01
7.193000e+03 7.975732e-01
7.193500e+03 7.949847e-01
7.194000e+03 7.922130e-01
7.194500e+03 7.891657e-01
7.195000e+03 7.862971e-01
7.195500e+03 7.836075e-01
7.196000e+03 7.810058e-01
7.196500e+03 7.778574e-01
7.197000e+03 7.746149e-01
7.197500e+03 7.717337e-01
7.198000e+03 7.683053e-01
7.198500e+03 7.651469e-01
7.199000e+03 7.618947e-01
7.199500e+03 7.582768e-01
7.200000e+03 7.552929e-01
7.200500e+03 7.520350e-01
7.201000e+03 7.484098e-01
7.201500e+03 7.449630e-01
7.202000e+03 7.414222e-01
7.202500e+03 7.382435e-01
7.203000e+03 7.346057e-01
7.203500e+03 7.310555e-01
7.204000e+03 7.270454e-01
7.204500e+03 7.235805e-01
7.205000e+03 7.197466e-01
7.205500e+03 7.160004e-01
7.206000e+03 7.120688e-01
7.206500e+03 7.081339e-01
7.207000e+03 7.044692e-01
7.207500e+03 7.006191e-01
7.208000e+03 6.971327e-01
7.208500e+03 6.930930e-01
7.209000e+03 6.893259e-01
7.209500e+03 6.850050e-01
7.210000e+03 6.812309e-01
7.210500e+03 6.773624e-01
7.211000e+03 6.730318e-01
7.211500e+03 6.687890e-01
7.212000e+03 6.639916e-01
7.212500e+03 6.599268e-01
7.213000e+03 6.558717e-01
7.213500e+03 6.513701e-01
7.214000e+03 6.470613e-01
7.214500e+03 6.428481e-01
7.215000e+03 6.382665e-01
7.215500e+03 6.338642e-01
7.216000e+03 6.289904e-01
7.216500e+03 6.246569e-01
7.217000e+03 6.205836e-01
7.217500e+03 6.161185e-01
7.218000e+03 6.115361e-01
7.218500e+03 6.068327e-01
7.219000e+03 6.025588e-01
7.219500e+03 5.976020e-01
7.220000e+03 5.932532e-01
7.220500e+03 5.884030e-01
7.221000e+03 5.836186e-01
7.221500e+03 5.789157e-01
7.222000e+03 5.741266e-01
7.222500e+03 5.695286e-01
7.223000e+03 5.646520e-01
7.223500e+03 5.596837e-01
7.224000e+03 5.548070e-01
7.224500e+03 5.498367e-01
7.225000e+03 5.449591e-01
7.225500e+03 5.399879e-01
7.226000e+03 5.352015e-01
7.226500e+03 5.304157e-01
7.227000e+03 5.256285e-01
7.227500e+03 5.211183e-01
7.228000e+03 5.167930e-01
7.228500e+03 5.120980e-01
7.229000e+03 5.069400e-01
7.229500e+03 5.021512e-01
7.230000e+03 4.975474e-01
7.230500e+03 4.927580e-01
7.231000e+03 4.882457e-01
7.231500e+03 4.834566e-01
7.232000e+03 4.787581e-01
7.232500e+03 4.743377e-01
7.233000e+03 4.693608e-01
7.233500e+03 4.644767e-01
7.234000e+03 4.599628e-01
7.234500e+03 4.549846e-01
7.235000e+03 4.500990e-01
7.235500e+03 4.453053e-01
7.236000e+03 4.404189e-01
7.236500e+03 4.357164e-01
7.237000e+03 4.309223e-01
7.237500e+03 4.262189e-01
7.238000e+03 4.216083e-01
7.238500e+03 4.168119e-01
7.239000e+03 4.123859e-01
7.239500e+03 4.078673e-01
7.240000e+03 4.034395e-01
7.240500e+03 3.987347e-01
7.241000e+03 3.942138e-01
7.241500e+03 3.896936e-01
7.242000e+03 3.848020e-01
7.242500e+03 3.800022e-01
7.243000e+03 3.756651e-01
7.243500e+03 3.707723e-01
7.244000e+03 3.663422e-01
7.244500e+03 3.615407e-01
7.245000e+03 3.572944e-01
7.245500e+03 3.528631e-01
7.246000e+03 3.482459e-01
7.246500e+03 3.438138e-01
7.247000e+03 3.392880e-01
7.247500e+03 3.349483e-01
7.248000e+03 3.305138e-01
7.248500e+03 3.258943e-01
7.249000e+03 3.215533e-01
7.249500e+03 3.171175e-01
7.250000e+03 3.127755e-01
7.250500e+03 3.087100e-01
7.251000e+03 3.042738e-01
7.251500e+03 3.001152e-01
7.252000e+03 2.959563e-01
7.252500e+03 2.918892e-01
7.253000e+03 2.877295e-01
7.253500e+03 2.837550e-01
7.254000e+03 2.795945e-01
7.254500e+03 2.755259e-01
7.255000e+03 2.714580e-01
7.255500e+03 2.673886e-01
7.256000e+03 2.633200e-01
7.256500e+03 2.594356e-01
7.257000e+03 2.555510e-01
7.257500e+03 2.516660e-01
7.258000e+03 2.479665e-01
7.258500e+03 2.440809e-01
7.259000e+03 2.401026e-01
7.259500e+03 2.364956e-01
7.260000e+03 2.324234e-01
7.260500e+03 2.290939e-01
7.261000e+03 2.252992e-01
7.261500e+03 2.218758e-01
7.262000e+03 2.184532e-01
7.262500e+03 2.149357e-01
7.263000e+03 2.116048e-01
7.263500e+03 2.082735e-01
7.264000e+03 2.047551e-01
7.264500e+03 2.014232e-01
7.265000e+03 1.979976e-01
7.265500e+03 1.946651e-01
7.266000e+03 1.913313e-01
7.266500e+03 1.880906e-01
7.267000e+03 1.849430e-01
7.267500e+03 1.818877e-01
7.268000e+03 1.787385e-01
7.268500e+03 1.755891e-01
7.269000e+03 1.724404e-01
7.269500e+03 1.693839e-01
7.270000e+03 1.663261e-01
7.270500e+03 1.632690e-01
7.271000e+03 1.603041e-01
7.271500e+03 1.574324e-01
7.272000e+03 1.546530e-01
7.272500e+03 1.520592e-01
7.273000e+03 1.492793e-01
7.273500e+03 1.464991e-01
7.274000e+03 1.437186e-01
7.274500e+03 1.413089e-01
7.275000e+03 1.388075e-01
7.275500e+03 1.361188e-01
7.276000e+03 1.336159e-01
7.276500e+03 1.311128e-01
7.277000e+03 1.287030e-01
7.277500e+03 1.261069e-01
7.278000e+03 1.236032e-01
7.278500e+03 1.212852e-01
7.279000e+03 1.188746e-01
7.279500e+03 1.166487e-01
7.280000e+03 1.146088e-01
7.280500e+03 1.122901e-01
7.281000e+03 1.102498e-01
7.281500e+03 1.081168e-01
7.282000e+03 1.060761e-01
7.282500e+03 1.041289e-01
7.283000e+03 1.020879e-01
7.283500e+03 1.001400e-01
7.284000e+03 9.809884e-02
7.284500e+03 9.615045e-02
7.285000e+03 9.448086e-02
7.285500e+03 9.266236e-02
7.286000e+03 9.080646e-02
7.286500e+03 8.915492e-02
7.287000e+03 8.730806e-02
7.287500e+03 8.552607e-02
7.288000e+03 8.375329e-02
7.288500e+03 8.189659e-02
7.289000e+03 8.016992e-02
7.289500e+03 7.857338e-02
7.290000e+03 7.706984e-02
7.290500e+03 7.528696e-02
7.291000e+03 7.388536e-02
7.291500e+03 7.263258e-02
7.292000e+03 7.108200e-02
7.292500e+03 6.949392e-02
7.293000e+03 6.810118e-02
7.293500e+03 6.658715e-02
7.294000e+03 6.540628e-02
7.294500e+03 6.397256e-02
7.295000e+03 6.272384e-02
7.295500e+03 6.138159e-02
7.296000e+03 6.003013e-02
7.296500e+03 5.880026e-02
7.297000e+03 5.747821e-02
7.297500e+03 5.629712e-02
7.298000e+03 5.515504e-02
7.298500e+03 5.390333e-02
7.299000e+03 5.282148e-02
7.299500e+03 5.170509e-02
7.300000e+03 5.054489e-02
7.300500e+03 4.953661e-02
7.301000e+03 4.840003e-02
7.301500e+03 4.746952e-02
7.302000e+03 4.648345e-02
7.302500e+03 4.554342e-02
7.303000e+03 4.469563e-02
7.303500e+03 4.379007e-02
7.304000e+03 4.283647e-02
7.304500e+03 4.191950e-02
7.305000e+03 4.105781e-02
7.305500e+03 4.023286e-02
7.306000e+03 3.928557e-02
7.306500e+03 3.854348e-02
7.307000e+03 3.771643e-02
7.307500e+03 3.686059e-02
7.308000e+03 3.606024e-02
7.308500e+03 3.539987e-02
7.309000e+03 3.467326e-02
7.309500e+03 3.396493e-02
7.310000e+03 3.322776e-02
7.310500e+03 3.251813e-02
7.311000e+03 3.171394e-02
7.311500e+03 3.108773e-02
7.312000e+03 3.042334e-02
7.312500e+03 2.981490e-02
7.313000e+03 2.927174e-02
7.313500e+03 2.862460e-02
7.314000e+03 2.811820e-02
7.314500e+03 2.748888e-02
7.315000e+03 2.688730e-02
7.315500e+03 2.627572e-02
7.316000e+03 2.589960e-02
7.316500e+03 2.528720e-02
7.317000e+03 2.472140e-02
7.317500e+03 2.420246e-02
7.318000e+03 2.367359e-02
7.318500e+03 2.322941e-02
7.319000e+03 2.269028e-02
7.319500e+03 2.217908e-02
7.320000e+03 2.172421e-02
7.320500e+03 2.134482e-02
7.321000e+03 2.088923e-02
7.321500e+03 2.045225e-02
7.322000e+03 2.013825e-02
7.322500e+03 1.982389e-02
7.323000e+03 1.938592e-02
7.323500e+03 1.895715e-02
7.324000e+03 1.860398e-02
7.324500e+03 1.819345e-02
7.325000e+03 1.786816e-02
7.325500e+03 1.759961e-02
7.326000e+03 1.722625e-02
7.326500e+03 1.694774e-02
7.327000e+03 1.673565e-02
7.327500e+03 1.638053e-02
7.328000e+03 1.611081e-02
7.328500e+03 1.578371e-02
7.329000e+03 1.546594e-02
7.329500e+03 1.519550e-02
7.330000e+03 1.486761e-02
7.330500e+03 1.457768e-02
7.331000e+03 1.429702e-02
7.331500e+03 1.403526e-02
7.332000e+03 1.376365e-02
7.332500e+03 1.358745e-02
7.333000e+03 1.329639e-02
7.333500e+03 1.299547e-02
7.334000e+03 1.269431e-02
7.334500e+03 1.234541e-02
7.335000e+03 1.213050e-02
7.335500e+03 1.195410e-02
7.336000e+03 1.172001e-02
7.336500e+03 1.161039e-02
7.337000e+03 1.141422e-02
7.337500e+03 1.126555e-02
7.338000e+03 1.106849e-02
7.338500e+03 1.073625e-02
7.339000e+03 1.057630e-02
7.339500e+03 1.032913e-02
7.340000e+03 1.015811e-02
7.340500e+03 9.967059e-03
7.341000e+03 9.775360e-03
7.341500e+03 9.528330e-03
7.342000e+03 9.396431e-03
7.342500e+03 9.160439e-03
7.343000e+03 8.882078e-03
7.343500e+03 8.704806e-03
7.344000e+03 8.544081e-03
7.344500e+03 8.352762e-03
7.345000e+03 8.089276e-03
7.345500e+03 7.972023e-03
7.346000e+03 7.853809e-03
7.346500e+03 7.707685e-03
7.347000e+03 7.487480e-03
7.347500e+03 7.325955e-03
7.348000e+03 7.179816e-03
7.348500e+03 7.018281e-03
7.349000e+03 6.871164e-03
7.349500e+03 6.753888e-03
7.350000e+03 6.651031e-03
7.350500e+03 6.563563e-03
7.351000e+03 6.489579e-03
7.351500e+03 6.372279e-03
7.352000e+03 6.284803e-03
7.352500e+03 6.050101e-03
7.353000e+03 6.005922e-03
7.353500e+03 5.814514e-03
7.354000e+03 5.682759e-03
7.354500e+03 5.668413e-03
7.355000e+03 5.521264e-03
7.355500e+03 5.462648e-03
7.356000e+03 5.345341e-03
7.356500e+03 5.257851e-03
7.357000e+03 5.110692e-03
7.357500e+03 4.949087e-03
7.358000e+03 4.846180e-03
7.358500e+03 4.744231e-03
7.359000e+03 4.758731e-03
7.359500e+03 4.700062e-03
7.360000e+03 4.582668e-03
7.360500e+03 4.567295e-03
7.361000e+03 4.523992e-03
7.361500e+03 4.420999e-03
7.362000e+03 4.303561e-03
7.362500e+03 4.215006e-03
7.363000e+03 4.214995e-03
7.363500e+03 4.186108e-03
7.364000e+03 4.141817e-03
7.364500e+03 4.068665e-03
7.365000e+03 4.024381e-03
7.365500e+03 3.965669e-03
7.366000e+03 3.906957e-03
7.366500e+03 3.848235e-03
7.367000e+03 3.745240e-03
7.367500e+03 3.627817e-03
7.368000e+03 3.583533e-03
7.368500e+03 3.583532e-03
7.369000e+03 3.539258e-03
7.369500e+03 3.510381e-03
7.370000e+03 3.466097e-03
7.370500e+03 3.421824e-03
7.371000e+03 3.363113e-03
7.371500e+03 3.304391e-03
7.372000e+03 3.275515e-03
7.372500e+03 3.260118e-03
7.373000e+03 3.216803e-03
7.373500e+03 3.172520e-03
7.374000e+03 3.040660e-03
7.374500e+03 2.981939e-03
7.375000e+03 2.937666e-03
7.375500e+03 2.820234e-03
7.376000e+03 2.820233e-03
7.376500e+03 2.717239e-03
7.377000e+03 2.731677e-03
7.377500e+03 2.687404e-03
7.378000e+03 2.644089e-03
7.378500e+03 2.672965e-03
7.379000e+03 2.644088e-03
7.379500e+03 2.599805e-03
7.380000e+03 2.585367e-03
7.380500e+03 2.569971e-03
7.381000e+03 2.555533e-03
7.381500e+03 2.569972e-03
7.382000e+03 2.569972e-03
7.382500e+03 2.526659e-03
7.383000e+03 2.466980e-03
7.383500e+03 2.452543e-03
7.384000e+03 2.393833e-03
7.384500e+03 2.349550e-03
7.385000e+03 2.290840e-03
7.385500e+03 2.261965e-03
7.386000e+03 2.261965e-03
7.386500e+03 2.173410e-03
7.387000e+03 2.130096e-03
7.387500e+03 2.041541e-03
7.388000e+03 2.011707e-03
7.388500e+03 1.924121e-03
7.389000e+03 1.924121e-03
7.389500e+03 1.924121e-03
7.390000e+03 1.952998e-03
7.390500e+03 1.968394e-03
7.391000e+03 1.924121e-03
7.391500e+03 1.952997e-03
7.392000e+03 1.894275e-03
7.392500e+03 1.865399e-03
7.393000e+03 1.792249e-03
7.393500e+03 1.718131e-03
7.394000e+03 1.659420e-03
7.394500e+03 1.541988e-03
7.395000e+03 1.513111e-03
7.395500e+03 1.438993e-03
7.396000e+03 1.321561e-03
7.396500e+03 1.278247e-03
7.397000e+03 1.204129e-03
7.397500e+03 1.159856e-03
7.398000e+03 1.086707e-03
