# # Wavelength(Angstrom)  Transmission
7.076000e+03 1.221298e-03
7.076500e+03 1.271311e-03
7.077000e+03 1.322432e-03
7.077500e+03 1.339108e-03
7.078000e+03 1.441356e-03
7.078500e+03 1.373567e-03
7.079000e+03 1.441370e-03
7.079500e+03 1.509163e-03
7.080000e+03 1.576968e-03
7.080500e+03 1.644762e-03
7.081000e+03 1.644769e-03
7.081500e+03 1.644777e-03
7.082000e+03 1.679231e-03
7.082500e+03 1.729249e-03
7.083000e+03 1.848173e-03
7.083500e+03 1.848181e-03
7.084000e+03 1.967107e-03
7.084500e+03 2.119375e-03
7.085000e+03 2.187173e-03
7.085500e+03 2.373891e-03
7.086000e+03 2.408361e-03
7.086500e+03 2.476161e-03
7.087000e+03 2.459501e-03
7.087500e+03 2.527314e-03
7.088000e+03 2.509535e-03
7.088500e+03 2.577349e-03
7.089000e+03 2.611809e-03
7.089500e+03 2.679612e-03
7.090000e+03 2.866351e-03
7.090500e+03 2.883035e-03
7.091000e+03 2.950841e-03
7.091500e+03 3.069780e-03
7.092000e+03 3.086467e-03
7.092500e+03 3.170946e-03
7.093000e+03 3.154290e-03
7.093500e+03 3.273234e-03
7.094000e+03 3.238800e-03
7.094500e+03 3.443318e-03
7.095000e+03 3.527815e-03
7.095500e+03 3.612299e-03
7.096000e+03 3.680113e-03
7.096500e+03 3.696803e-03
7.097000e+03 3.747957e-03
7.097500e+03 3.782426e-03
7.098000e+03 3.934722e-03
7.098500e+03 4.053675e-03
7.099000e+03 4.138164e-03
7.099500e+03 4.222667e-03
7.100000e+03 4.359403e-03
7.100500e+03 4.511708e-03
7.101000e+03 4.562857e-03
7.101500e+03 4.630681e-03
7.102000e+03 4.799664e-03
7.102500e+03 4.986430e-03
7.103000e+03 5.003131e-03
7.103500e+03 5.088752e-03
7.104000e+03 5.257743e-03
7.104500e+03 5.411168e-03
7.105000e+03 5.596836e-03
7.105500e+03 5.732484e-03
7.106000e+03 5.715842e-03
7.106500e+03 5.818144e-03
7.107000e+03 6.072729e-03
7.107500e+03 6.106113e-03
7.108000e+03 6.309573e-03
7.108500e+03 6.463024e-03
7.109000e+03 6.886588e-03
7.109500e+03 6.971103e-03
7.110000e+03 7.073409e-03
7.110500e+03 7.225738e-03
7.111000e+03 7.328043e-03
7.111500e+03 7.667131e-03
7.112000e+03 7.837246e-03
7.112500e+03 8.176339e-03
7.113000e+03 8.345351e-03
7.113500e+03 8.634423e-03
7.114000e+03 8.718942e-03
7.114500e+03 8.889065e-03
7.115000e+03 9.092552e-03
7.115500e+03 9.296029e-03
7.116000e+03 9.567317e-03
7.116500e+03 9.600707e-03
7.117000e+03 9.990964e-03
7.117500e+03 1.017777e-02
7.118000e+03 1.050021e-02
7.118500e+03 1.075484e-02
7.119000e+03 1.111175e-02
7.119500e+03 1.141753e-02
7.120000e+03 1.194010e-02
7.120500e+03 1.225147e-02
7.121000e+03 1.248495e-02
7.121500e+03 1.286305e-02
7.122000e+03 1.343007e-02
7.122500e+03 1.394162e-02
7.123000e+03 1.419737e-02
7.123500e+03 1.465322e-02
7.124000e+03 1.496457e-02
7.124500e+03 1.529818e-02
7.125000e+03 1.552061e-02
7.125500e+03 1.600993e-02
7.126000e+03 1.661043e-02
7.126500e+03 1.701071e-02
7.127000e+03 1.761123e-02
7.127500e+03 1.801152e-02
7.128000e+03 1.847860e-02
7.128500e+03 1.881224e-02
7.129000e+03 1.939051e-02
7.129500e+03 1.977975e-02
7.130000e+03 2.054694e-02
7.130500e+03 2.116974e-02
7.131000e+03 2.164791e-02
7.131500e+03 2.234845e-02
7.132000e+03 2.287115e-02
7.132500e+03 2.351612e-02
7.133000e+03 2.403883e-02
7.133500e+03 2.471713e-02
7.134000e+03 2.546223e-02
7.134500e+03 2.628519e-02
7.135000e+03 2.693018e-02
7.135500e+03 2.758697e-02
7.136000e+03 2.806925e-02
7.136500e+03 2.888747e-02
7.137000e+03 2.996280e-02
7.137500e+03 3.080440e-02
7.138000e+03 3.155522e-02
7.138500e+03 3.222457e-02
7.139000e+03 3.318906e-02
7.139500e+03 3.415708e-02
7.140000e+03 3.507082e-02
7.140500e+03 3.610776e-02
7.141000e+03 3.706466e-02
7.141500e+03 3.790917e-02
7.142000e+03 3.904041e-02
7.142500e+03 4.025823e-02
7.143000e+03 4.149608e-02
7.143500e+03 4.272078e-02
7.144000e+03 4.415310e-02
7.144500e+03 4.566021e-02
7.145000e+03 4.699933e-02
7.145500e+03 4.858952e-02
7.146000e+03 4.968187e-02
7.146500e+03 5.108011e-02
7.147000e+03 5.247592e-02
7.147500e+03 5.375961e-02
7.148000e+03 5.521645e-02
7.148500e+03 5.708707e-02
7.149000e+03 5.848335e-02
7.149500e+03 6.024912e-02
7.150000e+03 6.181471e-02
7.150500e+03 6.341002e-02
7.151000e+03 6.510071e-02
7.151500e+03 6.675573e-02
7.152000e+03 6.864747e-02
7.152500e+03 7.028544e-02
7.153000e+03 7.175750e-02
7.153500e+03 7.347666e-02
7.154000e+03 7.531223e-02
7.154500e+03 7.744817e-02
7.155000e+03 7.946124e-02
7.155500e+03 8.151419e-02
7.156000e+03 8.383387e-02
7.156500e+03 8.636563e-02
7.157000e+03 8.879576e-02
7.157500e+03 9.110289e-02
7.158000e+03 9.333021e-02
7.158500e+03 9.551037e-02
7.159000e+03 9.782627e-02
7.159500e+03 1.002668e-01
7.160000e+03 1.026919e-01
7.160500e+03 1.049726e-01
7.161000e+03 1.076566e-01
7.161500e+03 1.100251e-01
7.162000e+03 1.126033e-01
7.162500e+03 1.156046e-01
7.163000e+03 1.187068e-01
7.163500e+03 1.216975e-01
7.164000e+03 1.244692e-01
7.164500e+03 1.274482e-01
7.165000e+03 1.307421e-01
7.165500e+03 1.337113e-01
7.166000e+03 1.370996e-01
7.166500e+03 1.400577e-01
7.167000e+03 1.436464e-01
7.167500e+03 1.474395e-01
7.168000e+03 1.508037e-01
7.168500e+03 1.544775e-01
7.169000e+03 1.582507e-01
7.169500e+03 1.619102e-01
7.170000e+03 1.660912e-01
7.170500e+03 1.698406e-01
7.171000e+03 1.734791e-01
7.171500e+03 1.777418e-01
7.172000e+03 1.814698e-01
7.172500e+03 1.854022e-01
7.173000e+03 1.894318e-01
7.173500e+03 1.936637e-01
7.174000e+03 1.980937e-01
7.174500e+03 2.023872e-01
7.175000e+03 2.066468e-01
7.175500e+03 2.110899e-01
7.176000e+03 2.154101e-01
7.176500e+03 2.199310e-01
7.177000e+03 2.244509e-01
7.177500e+03 2.291892e-01
7.178000e+03 2.342608e-01
7.178500e+03 2.390528e-01
7.179000e+03 2.436830e-01
7.179500e+03 2.489950e-01
7.180000e+03 2.542775e-01
7.180500e+03 2.596383e-01
7.181000e+03 2.653567e-01
7.181500e+03 2.706590e-01
7.182000e+03 2.758504e-01
7.182500e+03 2.814616e-01
7.183000e+03 2.869736e-01
7.183500e+03 2.925933e-01
7.184000e+03 2.981137e-01
7.184500e+03 3.037418e-01
7.185000e+03 3.092705e-01
7.185500e+03 3.152201e-01
7.186000e+03 3.205489e-01
7.186500e+03 3.267147e-01
7.187000e+03 3.326766e-01
7.187500e+03 3.380182e-01
7.188000e+03 3.448241e-01
7.188500e+03 3.503832e-01
7.189000e+03 3.560506e-01
7.189500e+03 3.622444e-01
7.190000e+03 3.683390e-01
7.190500e+03 3.747516e-01
7.191000e+03 3.803333e-01
7.191500e+03 3.866501e-01
7.192000e+03 3.929728e-01
7.192500e+03 3.991949e-01
7.193000e+03 4.053174e-01
7.193500e+03 4.117584e-01
7.194000e+03 4.178899e-01
7.194500e+03 4.248640e-01
7.195000e+03 4.314234e-01
7.195500e+03 4.376732e-01
7.196000e+03 4.442434e-01
7.196500e+03 4.507128e-01
7.197000e+03 4.575018e-01
7.197500e+03 4.638755e-01
7.198000e+03 4.705702e-01
7.198500e+03 4.773748e-01
7.199000e+03 4.839754e-01
7.199500e+03 4.908954e-01
7.200000e+03 4.972960e-01
7.200500e+03 5.040174e-01
7.201000e+03 5.107441e-01
7.201500e+03 5.170539e-01
7.202000e+03 5.242113e-01
7.202500e+03 5.307417e-01
7.203000e+03 5.372769e-01
7.203500e+03 5.439230e-01
7.204000e+03 5.505728e-01
7.204500e+03 5.575451e-01
7.205000e+03 5.650496e-01
7.205500e+03 5.719259e-01
7.206000e+03 5.784902e-01
7.206500e+03 5.853776e-01
7.207000e+03 5.925862e-01
7.207500e+03 5.988481e-01
7.208000e+03 6.056441e-01
7.208500e+03 6.123386e-01
7.209000e+03 6.186150e-01
7.209500e+03 6.245771e-01
7.210000e+03 6.309696e-01
7.210500e+03 6.371535e-01
7.211000e+03 6.436613e-01
7.211500e+03 6.502796e-01
7.212000e+03 6.561588e-01
7.212500e+03 6.621483e-01
7.213000e+03 6.674133e-01
7.213500e+03 6.740824e-01
7.214000e+03 6.802381e-01
7.214500e+03 6.859826e-01
7.215000e+03 6.916289e-01
7.215500e+03 6.974917e-01
7.216000e+03 7.041017e-01
7.216500e+03 7.100664e-01
7.217000e+03 7.159145e-01
7.217500e+03 7.222804e-01
7.218000e+03 7.277704e-01
7.218500e+03 7.332344e-01
7.219000e+03 7.393060e-01
7.219500e+03 7.454456e-01
7.220000e+03 7.503655e-01
7.220500e+03 7.560944e-01
7.221000e+03 7.602929e-01
7.221500e+03 7.655484e-01
7.222000e+03 7.705969e-01
7.222500e+03 7.747996e-01
7.223000e+03 7.784692e-01
7.223500e+03 7.831005e-01
7.224000e+03 7.871975e-01
7.224500e+03 7.916165e-01
7.225000e+03 7.962488e-01
7.225500e+03 8.016301e-01
7.226000e+03 8.062632e-01
7.226500e+03 8.099351e-01
7.227000e+03 8.138202e-01
7.227500e+03 8.175993e-01
7.228000e+03 8.219137e-01
7.228500e+03 8.259079e-01
7.229000e+03 8.297951e-01
7.229500e+03 8.327208e-01
7.230000e+03 8.361819e-01
7.230500e+03 8.399642e-01
7.231000e+03 8.434264e-01
7.231500e+03 8.460320e-01
7.232000e+03 8.486390e-01
7.232500e+03 8.517800e-01
7.233000e+03 8.547081e-01
7.233500e+03 8.567808e-01
7.234000e+03 8.597094e-01
7.234500e+03 8.621020e-01
7.235000e+03 8.640686e-01
7.235500e+03 8.656056e-01
7.236000e+03 8.676791e-01
7.236500e+03 8.696450e-01
7.237000e+03 8.720398e-01
7.237500e+03 8.742204e-01
7.238000e+03 8.762934e-01
7.238500e+03 8.782613e-01
7.239000e+03 8.807634e-01
7.239500e+03 8.829449e-01
7.240000e+03 8.857685e-01
7.240500e+03 8.874150e-01
7.241000e+03 8.892761e-01
7.241500e+03 8.897455e-01
7.242000e+03 8.913924e-01
7.242500e+03 8.935750e-01
7.243000e+03 8.949000e-01
7.243500e+03 8.956909e-01
7.244000e+03 8.968031e-01
7.244500e+03 8.982364e-01
7.245000e+03 8.991355e-01
7.245500e+03 9.015325e-01
7.246000e+03 9.028596e-01
7.246500e+03 9.042934e-01
7.247000e+03 9.059418e-01
7.247500e+03 9.072690e-01
7.248000e+03 9.087029e-01
7.248500e+03 9.105659e-01
7.249000e+03 9.124289e-01
7.249500e+03 9.141840e-01
7.250000e+03 9.152966e-01
7.250500e+03 9.165170e-01
7.251000e+03 9.174149e-01
7.251500e+03 9.189567e-01
7.252000e+03 9.203907e-01
7.252500e+03 9.205383e-01
7.253000e+03 9.220804e-01
7.253500e+03 9.221212e-01
7.254000e+03 9.228046e-01
7.254500e+03 9.245613e-01
7.255000e+03 9.259955e-01
7.255500e+03 9.263576e-01
7.256000e+03 9.269344e-01
7.256500e+03 9.279407e-01
7.257000e+03 9.287313e-01
7.257500e+03 9.297379e-01
7.258000e+03 9.304220e-01
7.258500e+03 9.300351e-01
7.259000e+03 9.308275e-01
7.259500e+03 9.326916e-01
7.260000e+03 9.340210e-01
7.260500e+03 9.342781e-01
7.261000e+03 9.352864e-01
7.261500e+03 9.355427e-01
7.262000e+03 9.368729e-01
7.262500e+03 9.379885e-01
7.263000e+03 9.388892e-01
7.263500e+03 9.390398e-01
7.264000e+03 9.406920e-01
7.264500e+03 9.401982e-01
7.265000e+03 9.399191e-01
7.265500e+03 9.402835e-01
7.266000e+03 9.404330e-01
7.266500e+03 9.411202e-01
7.267000e+03 9.421281e-01
7.267500e+03 9.423856e-01
7.268000e+03 9.419984e-01
7.268500e+03 9.427926e-01
7.269000e+03 9.433719e-01
7.269500e+03 9.448098e-01
7.270000e+03 9.456042e-01
7.270500e+03 9.458617e-01
7.271000e+03 9.463342e-01
7.271500e+03 9.478792e-01
7.272000e+03 9.474930e-01
7.272500e+03 9.485013e-01
7.273000e+03 9.484369e-01
7.273500e+03 9.495535e-01
7.274000e+03 9.499181e-01
7.274500e+03 9.511417e-01
7.275000e+03 9.513994e-01
7.275500e+03 9.513352e-01
7.276000e+03 9.515929e-01
7.276500e+03 9.520646e-01
7.277000e+03 9.525375e-01
7.277500e+03 9.530092e-01
7.278000e+03 9.525148e-01
7.278500e+03 9.513762e-01
7.279000e+03 9.513119e-01
7.279500e+03 9.519987e-01
7.280000e+03 9.505366e-01
7.280500e+03 9.510095e-01
7.281000e+03 9.495472e-01
7.281500e+03 9.503423e-01
7.282000e+03 9.501697e-01
7.282500e+03 9.504274e-01
7.283000e+03 9.502548e-01
7.283500e+03 9.504055e-01
7.284000e+03 9.500175e-01
7.284500e+03 9.500598e-01
7.285000e+03 9.492424e-01
7.285500e+03 9.477790e-01
7.286000e+03 9.472837e-01
7.286500e+03 9.453908e-01
7.287000e+03 9.445729e-01
7.287500e+03 9.431092e-01
7.288000e+03 9.428289e-01
7.288500e+03 9.411510e-01
7.289000e+03 9.408708e-01
7.289500e+03 9.392999e-01
7.290000e+03 9.375136e-01
7.290500e+03 9.360498e-01
7.291000e+03 9.356626e-01
7.291500e+03 9.346295e-01
7.292000e+03 9.329501e-01
7.292500e+03 9.326700e-01
7.293000e+03 9.317437e-01
7.293500e+03 9.304932e-01
7.294000e+03 9.298620e-01
7.294500e+03 9.298537e-01
7.295000e+03 9.282160e-01
7.295500e+03 9.266786e-01
7.296000e+03 9.271839e-01
7.296500e+03 9.271585e-01
7.297000e+03 9.282233e-01
7.297500e+03 9.268353e-01
7.298000e+03 9.265540e-01
7.298500e+03 9.266324e-01
7.299000e+03 9.264332e-01
7.299500e+03 9.260709e-01
7.300000e+03 9.269521e-01
7.300500e+03 9.275760e-01
7.301000e+03 9.283591e-01
7.301500e+03 9.291818e-01
7.302000e+03 9.294877e-01
7.302500e+03 9.307739e-01
7.303000e+03 9.315132e-01
7.303500e+03 9.314753e-01
7.304000e+03 9.315363e-01
7.304500e+03 9.325686e-01
7.305000e+03 9.327382e-01
7.305500e+03 9.334471e-01
7.306000e+03 9.340485e-01
7.306500e+03 9.349746e-01
7.307000e+03 9.360089e-01
7.307500e+03 9.368280e-01
7.308000e+03 9.382971e-01
7.308500e+03 9.385739e-01
7.309000e+03 9.389598e-01
7.309500e+03 9.398881e-01
7.310000e+03 9.405994e-01
7.310500e+03 9.406601e-01
7.311000e+03 9.419149e-01
7.311500e+03 9.431716e-01
7.312000e+03 9.441019e-01
7.312500e+03 9.444887e-01
7.313000e+03 9.443314e-01
7.313500e+03 9.451523e-01
7.314000e+03 9.458649e-01
7.314500e+03 9.463605e-01
7.315000e+03 9.462013e-01
7.315500e+03 9.473500e-01
7.316000e+03 9.474072e-01
7.316500e+03 9.469197e-01
7.317000e+03 9.463227e-01
7.317500e+03 9.469245e-01
7.318000e+03 9.474189e-01
7.318500e+03 9.482399e-01
7.319000e+03 9.488437e-01
7.319500e+03 9.497757e-01
7.320000e+03 9.510365e-01
7.320500e+03 9.515328e-01
7.321000e+03 9.532336e-01
7.321500e+03 9.546058e-01
7.322000e+03 9.561996e-01
7.322500e+03 9.575736e-01
7.323000e+03 9.574134e-01
7.323500e+03 9.583501e-01
7.324000e+03 9.586289e-01
7.324500e+03 9.592370e-01
7.325000e+03 9.599546e-01
7.325500e+03 9.610021e-01
7.326000e+03 9.621608e-01
7.326500e+03 9.637593e-01
7.327000e+03 9.646990e-01
7.327500e+03 9.650886e-01
7.328000e+03 9.644875e-01
7.328500e+03 9.648764e-01
7.329000e+03 9.661468e-01
7.329500e+03 9.664260e-01
7.330000e+03 9.670343e-01
7.330500e+03 9.666513e-01
7.331000e+03 9.678112e-01
7.331500e+03 9.681994e-01
7.332000e+03 9.682562e-01
7.332500e+03 9.686440e-01
7.333000e+03 9.693634e-01
7.333500e+03 9.700844e-01
7.334000e+03 9.708053e-01
7.334500e+03 9.714385e-01
7.335000e+03 9.718758e-01
7.335500e+03 9.725507e-01
7.336000e+03 9.726804e-01
7.336500e+03 9.731413e-01
7.337000e+03 9.733699e-01
7.337500e+03 9.730253e-01
7.338000e+03 9.729838e-01
7.338500e+03 9.726835e-01
7.339000e+03 9.726688e-01
7.339500e+03 9.733785e-01
7.340000e+03 9.732457e-01
7.340500e+03 9.738209e-01
7.341000e+03 9.741149e-01
7.341500e+03 9.738062e-01
7.342000e+03 9.727964e-01
7.342500e+03 9.726578e-01
7.343000e+03 9.726236e-01
7.343500e+03 9.727073e-01
7.344000e+03 9.732569e-01
7.344500e+03 9.727153e-01
7.345000e+03 9.730653e-01
7.345500e+03 9.744142e-01
7.346000e+03 9.749856e-01
7.346500e+03 9.757798e-01
7.347000e+03 9.761285e-01
7.347500e+03 9.772561e-01
7.348000e+03 9.791626e-01
7.348500e+03 9.798461e-01
7.349000e+03 9.804176e-01
7.349500e+03 9.807664e-01
7.350000e+03 9.807817e-01
7.350500e+03 9.815760e-01
7.351000e+03 9.822583e-01
7.351500e+03 9.834968e-01
7.352000e+03 9.849593e-01
7.352500e+03 9.851961e-01
7.353000e+03 9.855462e-01
7.353500e+03 9.866741e-01
7.354000e+03 9.885798e-01
7.354500e+03 9.899306e-01
7.355000e+03 9.903927e-01
7.355500e+03 9.904104e-01
7.356000e+03 9.924310e-01
7.356500e+03 9.936728e-01
7.357000e+03 9.939138e-01
7.357500e+03 9.947104e-01
7.358000e+03 9.956168e-01
7.358500e+03 9.959654e-01
7.359000e+03 9.969804e-01
7.359500e+03 9.981040e-01
7.360000e+03 9.986685e-01
7.360500e+03 9.992300e-01
7.361000e+03 9.996781e-01
7.361500e+03 9.994558e-01
7.362000e+03 9.993427e-01
7.362500e+03 9.990071e-01
7.363000e+03 9.997837e-01
7.363500e+03 9.991141e-01
7.364000e+03 9.985559e-01
7.364500e+03 9.984432e-01
7.365000e+03 9.987765e-01
7.365500e+03 9.991110e-01
7.366000e+03 9.998886e-01
7.366500e+03 9.997775e-01
7.367000e+03 1.000000e+00
7.367500e+03 9.999997e-01
7.368000e+03 9.992203e-01
7.368500e+03 9.995536e-01
7.369000e+03 9.999989e-01
7.369500e+03 9.988859e-01
7.370000e+03 9.979958e-01
7.370500e+03 9.974392e-01
7.371000e+03 9.978834e-01
7.371500e+03 9.969933e-01
7.372000e+03 9.964369e-01
7.372500e+03 9.959911e-01
7.373000e+03 9.973265e-01
7.373500e+03 9.972156e-01
7.374000e+03 9.967699e-01
7.374500e+03 9.967698e-01
7.375000e+03 9.961025e-01
7.375500e+03 9.961023e-01
7.376000e+03 9.952122e-01
7.376500e+03 9.957683e-01
7.377000e+03 9.961017e-01
7.377500e+03 9.964351e-01
7.378000e+03 9.961013e-01
7.378500e+03 9.973247e-01
7.379000e+03 9.973246e-01
7.379500e+03 9.975473e-01
7.380000e+03 9.978809e-01
7.380500e+03 9.977702e-01
7.381000e+03 9.977703e-01
7.381500e+03 9.968806e-01
7.382000e+03 9.959897e-01
7.382500e+03 9.961019e-01
7.383000e+03 9.951002e-01
7.383500e+03 9.949897e-01
7.384000e+03 9.949900e-01
7.384500e+03 9.959909e-01
7.385000e+03 9.958803e-01
7.385500e+03 9.957698e-01
7.386000e+03 9.958808e-01
7.386500e+03 9.953248e-01
7.387000e+03 9.947687e-01
7.387500e+03 9.952145e-01
7.388000e+03 9.945464e-01
7.388500e+03 9.946586e-01
7.389000e+03 9.934341e-01
7.389500e+03 9.931006e-01
7.390000e+03 9.926550e-01
7.390500e+03 9.915423e-01
7.391000e+03 9.912086e-01
7.391500e+03 9.895393e-01
7.392000e+03 9.899846e-01
7.392500e+03 9.883153e-01
7.393000e+03 9.867567e-01
7.393500e+03 9.855329e-01
7.394000e+03 9.854206e-01
7.394500e+03 9.838633e-01
7.395000e+03 9.825275e-01
7.395500e+03 9.818601e-01
7.396000e+03 9.798560e-01
7.396500e+03 9.790778e-01
7.397000e+03 9.786319e-01
7.397500e+03 9.782980e-01
7.398000e+03 9.778522e-01
7.398500e+03 9.761829e-01
7.399000e+03 9.765163e-01
7.399500e+03 9.755155e-01
7.400000e+03 9.744027e-01
7.400500e+03 9.728446e-01
7.401000e+03 9.717320e-01
7.401500e+03 9.719551e-01
7.402000e+03 9.702863e-01
7.402500e+03 9.691740e-01
7.403000e+03 9.690636e-01
7.403500e+03 9.691748e-01
7.404000e+03 9.678397e-01
7.404500e+03 9.653919e-01
7.405000e+03 9.647251e-01
7.405500e+03 9.642798e-01
7.406000e+03 9.638358e-01
7.406500e+03 9.635026e-01
7.407000e+03 9.621674e-01
7.407500e+03 9.619449e-01
7.408000e+03 9.609433e-01
7.408500e+03 9.612785e-01
7.409000e+03 9.608332e-01
7.409500e+03 9.599435e-01
7.410000e+03 9.589418e-01
7.410500e+03 9.581629e-01
7.411000e+03 9.580523e-01
7.411500e+03 9.568290e-01
7.412000e+03 9.569399e-01
7.412500e+03 9.567173e-01
7.413000e+03 9.563838e-01
7.413500e+03 9.559384e-01
7.414000e+03 9.552713e-01
7.414500e+03 9.553823e-01
7.415000e+03 9.543817e-01
7.415500e+03 9.538255e-01
7.416000e+03 9.531573e-01
7.416500e+03 9.527131e-01
7.417000e+03 9.524905e-01
7.417500e+03 9.519344e-01
7.418000e+03 9.518238e-01
7.418500e+03 9.518239e-01
7.419000e+03 9.513785e-01
7.419500e+03 9.495987e-01
7.420000e+03 9.502658e-01
7.420500e+03 9.499322e-01
7.421000e+03 9.490422e-01
7.421500e+03 9.475945e-01
7.422000e+03 9.477063e-01
7.422500e+03 9.470377e-01
7.423000e+03 9.465930e-01
7.423500e+03 9.461472e-01
7.424000e+03 9.457025e-01
7.424500e+03 9.443668e-01
7.425000e+03 9.436982e-01
7.425500e+03 9.428080e-01
7.426000e+03 9.416951e-01
7.426500e+03 9.411385e-01
7.427000e+03 9.401376e-01
7.427500e+03 9.393582e-01
7.428000e+03 9.379117e-01
7.428500e+03 9.373551e-01
7.429000e+03 9.362422e-01
7.429500e+03 9.356856e-01
7.430000e+03 9.352398e-01
7.430500e+03 9.342376e-01
7.431000e+03 9.330139e-01
7.431500e+03 9.324572e-01
7.432000e+03 9.322342e-01
7.432500e+03 9.310104e-01
7.433000e+03 9.284511e-01
7.433500e+03 9.272261e-01
7.434000e+03 9.258903e-01
7.434500e+03 9.251121e-01
7.435000e+03 9.241099e-01
7.435500e+03 9.233305e-01
7.436000e+03 9.219947e-01
7.436500e+03 9.207710e-01
7.437000e+03 9.201035e-01
7.437500e+03 9.180994e-01
7.438000e+03 9.167649e-01
7.438500e+03 9.168754e-01
7.439000e+03 9.168751e-01
7.439500e+03 9.169856e-01
7.440000e+03 9.165410e-01
7.440500e+03 9.160952e-01
7.441000e+03 9.162069e-01
7.441500e+03 9.159838e-01
7.442000e+03 9.162064e-01
7.442500e+03 9.154270e-01
7.443000e+03 9.145368e-01
7.443500e+03 9.152036e-01
7.444000e+03 9.159825e-01
7.444500e+03 9.154259e-01
7.445000e+03 9.140901e-01
7.445500e+03 9.140898e-01
7.446000e+03 9.135332e-01
7.446500e+03 9.137557e-01
7.447000e+03 9.128654e-01
7.447500e+03 9.123086e-01
7.448000e+03 9.128646e-01
7.448500e+03 9.121959e-01
7.449000e+03 9.130856e-01
7.449500e+03 9.133083e-01
7.450000e+03 9.138647e-01
7.450500e+03 9.131977e-01
7.451000e+03 9.121961e-01
7.451500e+03 9.117522e-01
7.452000e+03 9.107509e-01
7.452500e+03 9.120870e-01
7.453000e+03 9.110858e-01
7.453500e+03 9.121993e-01
7.454000e+03 9.120893e-01
7.454500e+03 9.113110e-01
7.455000e+03 9.103098e-01
7.455500e+03 9.093098e-01
7.456000e+03 9.078642e-01
7.456500e+03 9.077528e-01
7.457000e+03 9.068636e-01
7.457500e+03 9.066416e-01
7.458000e+03 9.049732e-01
7.458500e+03 9.038612e-01
7.459000e+03 9.036390e-01
7.459500e+03 9.020824e-01
7.460000e+03 9.009700e-01
7.460500e+03 9.003018e-01
7.461000e+03 8.996347e-01
7.461500e+03 8.977426e-01
7.462000e+03 8.957397e-01
7.462500e+03 8.936247e-01
7.463000e+03 8.931800e-01
7.463500e+03 8.920668e-01
7.464000e+03 8.898409e-01
7.464500e+03 8.898404e-01
7.465000e+03 8.888380e-01
7.465500e+03 8.870577e-01
7.466000e+03 8.849427e-01
7.466500e+03 8.833853e-01
7.467000e+03 8.823831e-01
7.467500e+03 8.812701e-01
7.468000e+03 8.801571e-01
7.468500e+03 8.772642e-01
7.469000e+03 8.764848e-01
7.469500e+03 8.751490e-01
7.470000e+03 8.724776e-01
7.470500e+03 8.694739e-01
7.471000e+03 8.670254e-01
7.471500e+03 8.646876e-01
7.472000e+03 8.634637e-01
7.472500e+03 8.609043e-01
7.473000e+03 8.584557e-01
7.473500e+03 8.561191e-01
7.474000e+03 8.548940e-01
7.474500e+03 8.542265e-01
7.475000e+03 8.523342e-01
7.475500e+03 8.496628e-01
7.476000e+03 8.479934e-01
7.476500e+03 8.459904e-01
7.477000e+03 8.435418e-01
7.477500e+03 8.423178e-01
7.478000e+03 8.406483e-01
7.478500e+03 8.387561e-01
7.479000e+03 8.373094e-01
7.479500e+03 8.340818e-01
7.480000e+03 8.309662e-01
7.480500e+03 8.269609e-01
7.481000e+03 8.241791e-01
7.481500e+03 8.213974e-01
7.482000e+03 8.197284e-01
7.482500e+03 8.176140e-01
7.483000e+03 8.148324e-01
7.483500e+03 8.112718e-01
7.484000e+03 8.081567e-01
7.484500e+03 8.058208e-01
7.485000e+03 8.025938e-01
7.485500e+03 7.993679e-01
7.486000e+03 7.968079e-01
7.486500e+03 7.944719e-01
7.487000e+03 7.921359e-01
7.487500e+03 7.899107e-01
7.488000e+03 7.865729e-01
7.488500e+03 7.842357e-01
7.489000e+03 7.818996e-01
7.489500e+03 7.786724e-01
7.490000e+03 7.754462e-01
7.490500e+03 7.711060e-01
7.491000e+03 7.667656e-01
7.491500e+03 7.636498e-01
7.492000e+03 7.596440e-01
7.492500e+03 7.560825e-01
7.493000e+03 7.539671e-01
7.493500e+03 7.505175e-01
7.494000e+03 7.477350e-01
7.494500e+03 7.442853e-01
7.495000e+03 7.407236e-01
7.495500e+03 7.380519e-01
7.496000e+03 7.352695e-01
7.496500e+03 7.318199e-01
7.497000e+03 7.280357e-01
7.497500e+03 7.253653e-01
7.498000e+03 7.216918e-01
7.498500e+03 7.184651e-01
7.499000e+03 7.162391e-01
7.499500e+03 7.143467e-01
7.500000e+03 7.113417e-01
7.500500e+03 7.083367e-01
7.501000e+03 7.060001e-01
7.501500e+03 7.019945e-01
7.502000e+03 6.994340e-01
7.502500e+03 6.958740e-01
7.503000e+03 6.917565e-01
7.503500e+03 6.881954e-01
7.504000e+03 6.845235e-01
7.504500e+03 6.802952e-01
7.505000e+03 6.764006e-01
7.505500e+03 6.733958e-01
7.506000e+03 6.707246e-01
7.506500e+03 6.668299e-01
7.507000e+03 6.633807e-01
7.507500e+03 6.590404e-01
7.508000e+03 6.548122e-01
7.508500e+03 6.512510e-01
7.509000e+03 6.468000e-01
7.509500e+03 6.423490e-01
7.510000e+03 6.377872e-01
7.510500e+03 6.335590e-01
7.511000e+03 6.293296e-01
7.511500e+03 6.252134e-01
7.512000e+03 6.207625e-01
7.512500e+03 6.175350e-01
7.513000e+03 6.144196e-01
7.513500e+03 6.099687e-01
7.514000e+03 6.056286e-01
7.514500e+03 6.001771e-01
7.515000e+03 5.939452e-01
7.515500e+03 5.896063e-01
7.516000e+03 5.845991e-01
7.516500e+03 5.798135e-01
7.517000e+03 5.733600e-01
7.517500e+03 5.686863e-01
7.518000e+03 5.627892e-01
7.518500e+03 5.574484e-01
7.519000e+03 5.532203e-01
7.519500e+03 5.475448e-01
7.520000e+03 5.427605e-01
7.520500e+03 5.375307e-01
7.521000e+03 5.316339e-01
7.521500e+03 5.257371e-01
7.522000e+03 5.191721e-01
7.522500e+03 5.148337e-01
7.523000e+03 5.102713e-01
7.523500e+03 5.052646e-01
7.524000e+03 5.002579e-01
7.524500e+03 4.936942e-01
7.525000e+03 4.873521e-01
7.525500e+03 4.816783e-01
7.526000e+03 4.757805e-01
7.526500e+03 4.689939e-01
7.527000e+03 4.627637e-01
7.527500e+03 4.560879e-01
7.528000e+03 4.500792e-01
7.528500e+03 4.434034e-01
7.529000e+03 4.371731e-01
7.529500e+03 4.314980e-01
7.530000e+03 4.250448e-01
7.530500e+03 4.202606e-01
7.531000e+03 4.149199e-01
7.531500e+03 4.083546e-01
7.532000e+03 4.026803e-01
7.532500e+03 3.971167e-01
7.533000e+03 3.931101e-01
7.533500e+03 3.878800e-01
7.534000e+03 3.829847e-01
7.534500e+03 3.776439e-01
7.535000e+03 3.720802e-01
7.535500e+03 3.671837e-01
7.536000e+03 3.616201e-01
7.536500e+03 3.565021e-01
7.537000e+03 3.514948e-01
7.537500e+03 3.461529e-01
7.538000e+03 3.410349e-01
7.538500e+03 3.356942e-01
7.539000e+03 3.297971e-01
7.539500e+03 3.253463e-01
7.540000e+03 3.205606e-01
7.540500e+03 3.167781e-01
7.541000e+03 3.122153e-01
7.541500e+03 3.074309e-01
7.542000e+03 3.032029e-01
7.542500e+03 2.997540e-01
7.543000e+03 2.943013e-01
7.543500e+03 2.901840e-01
7.544000e+03 2.865123e-01
7.544500e+03 2.829514e-01
7.545000e+03 2.780563e-01
7.545500e+03 2.733827e-01
7.546000e+03 2.689319e-01
7.546500e+03 2.640356e-01
7.547000e+03 2.602531e-01
7.547500e+03 2.563587e-01
7.548000e+03 2.520187e-01
7.548500e+03 2.474571e-01
7.549000e+03 2.423380e-01
7.549500e+03 2.378873e-01
7.550000e+03 2.334365e-01
7.550500e+03 2.302105e-01
7.551000e+03 2.260933e-01
7.551500e+03 2.217534e-01
7.552000e+03 2.176364e-01
7.552500e+03 2.136313e-01
7.553000e+03 2.097370e-01
7.553500e+03 2.061763e-01
7.554000e+03 2.025048e-01
7.554500e+03 1.980541e-01
7.555000e+03 1.942707e-01
7.555500e+03 1.903764e-01
7.556000e+03 1.859258e-01
7.556500e+03 1.814751e-01
7.557000e+03 1.776929e-01
7.557500e+03 1.742429e-01
7.558000e+03 1.699043e-01
7.558500e+03 1.661208e-01
7.559000e+03 1.634512e-01
7.559500e+03 1.604467e-01
7.560000e+03 1.563296e-01
7.560500e+03 1.524350e-01
7.561000e+03 1.495423e-01
7.561500e+03 1.456476e-01
7.562000e+03 1.424199e-01
7.562500e+03 1.398605e-01
7.563000e+03 1.364099e-01
7.563500e+03 1.330714e-01
7.564000e+03 1.300676e-01
7.564500e+03 1.271733e-01
7.565000e+03 1.245031e-01
7.565500e+03 1.216092e-01
7.566000e+03 1.187157e-01
7.566500e+03 1.158223e-01
7.567000e+03 1.127065e-01
7.567500e+03 1.099468e-01
7.568000e+03 1.073993e-01
7.568500e+03 1.053475e-01
7.569000e+03 1.029288e-01
7.569500e+03 1.002468e-01
7.570000e+03 9.803993e-02
7.570500e+03 9.644797e-02
7.571000e+03 9.469360e-02
7.571500e+03 9.281322e-02
7.572000e+03 9.094340e-02
7.572500e+03 8.917535e-02
7.573000e+03 8.789870e-02
7.573500e+03 8.567652e-02
7.574000e+03 8.411591e-02
7.574500e+03 8.254378e-02
7.575000e+03 8.004766e-02
7.575500e+03 7.831620e-02
7.576000e+03 7.667794e-02
7.576500e+03 7.487065e-02
7.577000e+03 7.276508e-02
7.577500e+03 7.175266e-02
7.578000e+03 7.068348e-02
7.578500e+03 6.827440e-02
7.579000e+03 6.687809e-02
7.579500e+03 6.534420e-02
7.580000e+03 6.343201e-02
7.580500e+03 6.187322e-02
7.581000e+03 5.997601e-02
7.581500e+03 5.825568e-02
7.582000e+03 5.666187e-02
7.582500e+03 5.520847e-02
7.583000e+03 5.453873e-02
7.583500e+03 5.347684e-02
7.584000e+03 5.189388e-02
7.584500e+03 5.014744e-02
7.585000e+03 4.859968e-02
7.585500e+03 4.765749e-02
7.586000e+03 4.653603e-02
7.586500e+03 4.481648e-02
7.587000e+03 4.368193e-02
7.587500e+03 4.245038e-02
7.588000e+03 4.120658e-02
7.588500e+03 4.002006e-02
7.589000e+03 3.869457e-02
7.589500e+03 3.766259e-02
7.590000e+03 3.668007e-02
7.590500e+03 3.505254e-02
7.591000e+03 3.425519e-02
7.591500e+03 3.287832e-02
7.592000e+03 3.189472e-02
7.592500e+03 3.105089e-02
7.593000e+03 3.013206e-02
7.593500e+03 2.859412e-02
7.594000e+03 2.698220e-02
7.594500e+03 2.628031e-02
7.595000e+03 2.543953e-02
7.595500e+03 2.410183e-02
7.596000e+03 2.343156e-02
7.596500e+03 2.281633e-02
7.597000e+03 2.137781e-02
7.597500e+03 2.089915e-02
7.598000e+03 2.019405e-02
7.598500e+03 1.950602e-02
7.599000e+03 1.873272e-02
7.599500e+03 1.781070e-02
7.600000e+03 1.737303e-02
7.600500e+03 1.656720e-02
7.601000e+03 1.590285e-02
7.601500e+03 1.531340e-02
7.602000e+03 1.436184e-02
7.602500e+03 1.376169e-02
7.603000e+03 1.301536e-02
7.603500e+03 1.248078e-02
7.604000e+03 1.238527e-02
7.604500e+03 1.186289e-02
7.605000e+03 1.142349e-02
7.605500e+03 1.086508e-02
7.606000e+03 1.066709e-02
7.606500e+03 1.039049e-02
7.607000e+03 1.026225e-02
7.607500e+03 9.691102e-03
7.608000e+03 9.510725e-03
7.608500e+03 9.101796e-03
7.609000e+03 8.486364e-03
7.609500e+03 8.447898e-03
7.610000e+03 8.384533e-03
7.610500e+03 8.152206e-03
7.611000e+03 7.738459e-03
7.611500e+03 7.679532e-03
7.612000e+03 7.757583e-03
7.612500e+03 7.493664e-03
7.613000e+03 7.816107e-03
7.613500e+03 7.676662e-03
7.614000e+03 7.728554e-03
7.614500e+03 7.675902e-03
7.615000e+03 7.783006e-03
7.615500e+03 7.937093e-03
7.616000e+03 7.874158e-03
7.616500e+03 8.042683e-03
7.617000e+03 8.260617e-03
7.617500e+03 8.195814e-03
7.618000e+03 8.519039e-03
7.618500e+03 8.910929e-03
7.619000e+03 9.131274e-03
7.619500e+03 9.299677e-03
7.620000e+03 8.960224e-03
7.620500e+03 9.189111e-03
7.621000e+03 9.387011e-03
7.621500e+03 9.456604e-03
7.622000e+03 8.997952e-03
7.622500e+03 9.265094e-03
7.623000e+03 9.075103e-03
7.623500e+03 9.343385e-03
7.624000e+03 8.936017e-03
7.624500e+03 8.741041e-03
7.625000e+03 8.892073e-03
7.625500e+03 8.594394e-03
7.626000e+03 8.314767e-03
7.626500e+03 8.163766e-03
7.627000e+03 8.348605e-03
7.627500e+03 8.374271e-03
7.628000e+03 8.238728e-03
7.628500e+03 8.196553e-03
7.629000e+03 7.681742e-03
7.629500e+03 7.802417e-03
7.630000e+03 7.456600e-03
7.630500e+03 7.357649e-03
7.631000e+03 6.754757e-03
7.631500e+03 6.453937e-03
7.632000e+03 6.147137e-03
7.632500e+03 5.991867e-03
7.633000e+03 5.863004e-03
7.633500e+03 5.976666e-03
7.634000e+03 5.703781e-03
7.634500e+03 5.363147e-03
7.635000e+03 5.309724e-03
7.635500e+03 5.163927e-03
7.636000e+03 5.029762e-03
7.636500e+03 4.836190e-03
7.637000e+03 4.583044e-03
7.637500e+03 4.525587e-03
7.638000e+03 4.689645e-03
7.638500e+03 4.266013e-03
7.639000e+03 4.027357e-03
7.639500e+03 3.704092e-03
7.640000e+03 3.627534e-03
7.640500e+03 3.706339e-03
7.641000e+03 3.528363e-03
7.641500e+03 3.410716e-03
7.642000e+03 3.509254e-03
7.642500e+03 3.298455e-03
7.643000e+03 2.870421e-03
7.643500e+03 2.753444e-03
7.644000e+03 2.257624e-03
7.644500e+03 1.989520e-03
7.645000e+03 2.670114e-03
7.645500e+03 2.638256e-03
7.646000e+03 2.944271e-03
7.646500e+03 2.686416e-03
7.647000e+03 2.844134e-03
7.647500e+03 2.939752e-03
7.648000e+03 2.906050e-03
7.648500e+03 3.092304e-03
7.649000e+03 3.045042e-03
7.649500e+03 2.851242e-03
7.650000e+03 2.945571e-03
7.650500e+03 2.775786e-03
7.651000e+03 2.684313e-03
7.651500e+03 2.471884e-03
7.652000e+03 2.633046e-03
7.652500e+03 2.417100e-03
7.653000e+03 2.172078e-03
7.653500e+03 1.952090e-03
7.654000e+03 1.949126e-03
7.654500e+03 1.834834e-03
7.655000e+03 1.844698e-03
7.655500e+03 1.701940e-03
7.656000e+03 1.668751e-03
7.656500e+03 1.790325e-03
7.657000e+03 1.686483e-03
7.657500e+03 2.079962e-03
7.658000e+03 1.574664e-03
7.658500e+03 1.108335e-03
7.659000e+03 0.000000e+00
7.659500e+03 1.090114e-03
7.660000e+03 1.212415e-03
7.660500e+03 1.395245e-03
7.661000e+03 0.000000e+00
7.661500e+03 0.000000e+00
7.662000e+03 0.000000e+00
7.662500e+03 0.000000e+00
7.663000e+03 0.000000e+00
7.663500e+03 0.000000e+00
7.664000e+03 0.000000e+00
7.664500e+03 0.000000e+00
7.665000e+03 0.000000e+00
7.665500e+03 0.000000e+00
7.666000e+03 0.000000e+00
7.666500e+03 0.000000e+00
7.667000e+03 0.000000e+00
7.667500e+03 0.000000e+00
7.668000e+03 0.000000e+00
7.668500e+03 0.000000e+00
7.669000e+03 0.000000e+00
7.669500e+03 0.000000e+00
7.670000e+03 0.000000e+00
7.670500e+03 0.000000e+00
7.671000e+03 0.000000e+00
7.671500e+03 0.000000e+00
7.672000e+03 0.000000e+00
7.672500e+03 0.000000e+00
7.673000e+03 0.000000e+00
7.673500e+03 0.000000e+00
7.674000e+03 0.000000e+00
7.674500e+03 0.000000e+00
7.675000e+03 0.000000e+00
7.675500e+03 0.000000e+00
7.676000e+03 0.000000e+00
7.676500e+03 0.000000e+00
7.677000e+03 0.000000e+00
7.677500e+03 0.000000e+00
7.678000e+03 0.000000e+00
7.678500e+03 0.000000e+00
7.679000e+03 0.000000e+00
7.679500e+03 0.000000e+00
7.680000e+03 0.000000e+00
7.680500e+03 0.000000e+00
7.681000e+03 0.000000e+00
7.681500e+03 0.000000e+00
7.682000e+03 0.000000e+00
7.682500e+03 0.000000e+00
7.683000e+03 0.000000e+00
7.683500e+03 0.000000e+00
7.684000e+03 0.000000e+00
7.684500e+03 0.000000e+00
7.685000e+03 0.000000e+00
7.685500e+03 0.000000e+00
7.686000e+03 0.000000e+00
7.686500e+03 0.000000e+00
7.687000e+03 0.000000e+00
7.687500e+03 0.000000e+00
7.688000e+03 0.000000e+00
7.688500e+03 0.000000e+00
7.689000e+03 0.000000e+00
7.689500e+03 0.000000e+00
7.690000e+03 0.000000e+00
7.690500e+03 0.000000e+00
7.691000e+03 0.000000e+00
7.691500e+03 0.000000e+00
7.692000e+03 0.000000e+00
7.692500e+03 0.000000e+00
7.693000e+03 0.000000e+00
7.693500e+03 1.410765e-03
7.694000e+03 1.632593e-03
7.694500e+03 2.261210e-03
7.695000e+03 2.771733e-03
7.695500e+03 2.891099e-03
7.696000e+03 3.486384e-03
7.696500e+03 3.315978e-03
7.697000e+03 3.231385e-03
7.697500e+03 3.367474e-03
7.698000e+03 3.929403e-03
7.698500e+03 3.775680e-03
7.699000e+03 3.827051e-03
7.699500e+03 4.440281e-03
7.700000e+03 4.677821e-03
