# # Wavelength(Angstrom)  Transmission
4.780000e+03 2.561639e-04
4.790000e+03 3.424346e-04
4.800000e+03 4.291542e-04
4.810000e+03 1.033130e-03
4.820000e+03 2.245279e-03
4.830000e+03 5.024139e-03
4.840000e+03 1.025268e-02
4.850000e+03 1.934789e-02
4.860000e+03 3.374399e-02
4.870000e+03 5.401416e-02
4.880000e+03 8.012463e-02
4.890000e+03 1.118627e-01
4.900000e+03 1.487489e-01
4.910000e+03 1.889043e-01
4.920000e+03 2.318116e-01
4.930000e+03 2.769578e-01
4.940000e+03 3.218580e-01
4.950000e+03 3.683040e-01
4.960000e+03 4.150390e-01
4.970000e+03 4.573988e-01
4.980000e+03 4.969667e-01
4.990000e+03 5.338183e-01
5.000000e+03 5.663934e-01
5.010000e+03 5.962664e-01
5.020000e+03 6.228216e-01
5.030000e+03 6.453138e-01
5.040000e+03 6.643411e-01
5.050000e+03 6.799841e-01
5.060000e+03 6.957796e-01
5.070000e+03 7.104603e-01
5.080000e+03 7.260297e-01
5.090000e+03 7.427840e-01
5.100000e+03 7.519296e-01
5.110000e+03 7.601595e-01
5.120000e+03 7.754703e-01
5.130000e+03 7.877614e-01
5.140000e+03 7.995102e-01
5.150000e+03 8.089556e-01
5.160000e+03 8.163776e-01
5.170000e+03 8.251175e-01
5.180000e+03 8.313545e-01
5.190000e+03 8.350763e-01
5.200000e+03 8.382308e-01
5.210000e+03 8.437569e-01
5.220000e+03 8.513638e-01
5.230000e+03 8.606153e-01
5.240000e+03 8.706640e-01
5.250000e+03 8.771327e-01
5.260000e+03 8.839191e-01
5.270000e+03 8.914848e-01
5.280000e+03 9.004436e-01
5.290000e+03 9.095246e-01
5.300000e+03 9.151638e-01
5.310000e+03 9.206289e-01
5.320000e+03 9.239754e-01
5.330000e+03 9.246092e-01
5.340000e+03 9.267062e-01
5.350000e+03 9.310492e-01
5.360000e+03 9.351893e-01
5.370000e+03 9.353544e-01
5.380000e+03 9.360995e-01
5.390000e+03 9.408464e-01
5.400000e+03 9.462002e-01
5.410000e+03 9.474641e-01
5.420000e+03 9.474498e-01
5.430000e+03 9.502757e-01
5.440000e+03 9.523296e-01
5.450000e+03 9.528933e-01
5.460000e+03 9.542793e-01
5.470000e+03 9.571214e-01
5.480000e+03 9.591843e-01
5.490000e+03 9.627319e-01
5.500000e+03 9.678900e-01
5.510000e+03 9.704699e-01
5.520000e+03 9.729529e-01
5.530000e+03 9.763300e-01
5.540000e+03 9.785347e-01
5.550000e+03 9.815221e-01
5.560000e+03 9.844288e-01
5.570000e+03 9.859280e-01
5.580000e+03 9.852062e-01
5.590000e+03 9.835599e-01
5.600000e+03 9.821182e-01
5.610000e+03 9.786047e-01
5.620000e+03 9.746710e-01
5.630000e+03 9.698828e-01
5.640000e+03 9.676476e-01
5.650000e+03 9.672275e-01
5.660000e+03 9.648630e-01
5.670000e+03 9.649528e-01
5.680000e+03 9.679025e-01
5.690000e+03 9.722024e-01
5.701600e+03 9.923589e-01
5.711000e+03 9.960735e-01
5.720400e+03 9.987630e-01
5.729700e+03 1.000000e+00
5.739100e+03 9.995853e-01
5.748400e+03 9.974829e-01
5.757800e+03 9.940376e-01
5.767200e+03 9.893356e-01
5.776500e+03 9.837017e-01
5.785900e+03 9.779171e-01
5.795300e+03 9.727123e-01
5.804600e+03 9.687015e-01
5.814000e+03 9.654806e-01
5.823400e+03 9.619671e-01
5.832700e+03 9.569401e-01
5.842100e+03 9.488376e-01
5.851500e+03 9.357835e-01
5.860800e+03 9.156396e-01
5.870200e+03 8.866265e-01
5.879600e+03 8.484195e-01
5.888900e+03 8.016611e-01
5.898300e+03 7.474214e-01
5.907700e+03 6.873809e-01
5.917000e+03 6.237462e-01
5.926400e+03 5.589983e-01
5.935800e+03 4.955717e-01
5.945100e+03 4.353697e-01
5.954500e+03 3.797009e-01
5.963900e+03 3.292980e-01
5.973200e+03 2.844193e-01
5.982600e+03 2.449106e-01
5.992000e+03 2.103984e-01
6.001300e+03 1.805038e-01
6.010700e+03 1.548161e-01
6.020100e+03 1.325901e-01
6.029400e+03 1.133282e-01
6.038800e+03 9.668899e-02
6.048200e+03 8.235896e-02
6.057500e+03 7.003776e-02
6.066900e+03 5.948893e-02
6.076200e+03 5.045988e-02
6.085600e+03 4.275419e-02
6.095000e+03 3.625911e-02
6.104300e+03 3.075759e-02
6.113700e+03 2.612699e-02
6.123100e+03 2.226463e-02
6.132400e+03 1.901970e-02
6.141800e+03 1.628518e-02
6.151200e+03 1.401919e-02
6.160500e+03 1.212386e-02
6.169900e+03 1.054599e-02
6.179300e+03 9.197438e-03
6.188600e+03 8.056952e-03
6.198000e+03 7.114926e-03
6.207400e+03 6.300156e-03
6.216700e+03 5.595207e-03
6.226100e+03 4.979129e-03
6.235500e+03 4.463681e-03
6.244800e+03 4.015056e-03
6.254200e+03 3.644852e-03
6.263600e+03 3.296588e-03
6.272900e+03 3.015776e-03
6.282300e+03 2.779901e-03
6.291700e+03 2.566325e-03
6.301000e+03 2.375209e-03
6.310400e+03 2.196068e-03
6.319800e+03 2.027753e-03
6.329100e+03 1.858917e-03
6.338500e+03 1.723969e-03
6.347900e+03 1.588631e-03
6.357200e+03 1.475864e-03
6.366600e+03 1.351194e-03
6.376000e+03 1.249270e-03
6.385300e+03 1.146986e-03
6.394700e+03 1.067597e-03
6.404100e+03 9.877323e-04
6.413400e+03 8.957416e-04
6.422800e+03 8.035534e-04
6.432100e+03 7.111623e-04
6.441500e+03 6.419044e-04
6.450900e+03 5.958642e-04
6.460200e+03 5.380266e-04
6.469600e+03 4.800616e-04
6.479000e+03 4.454183e-04
6.488300e+03 4.341614e-04
6.497700e+03 4.111305e-04
6.507100e+03 3.760133e-04
6.516400e+03 3.172798e-04
6.525800e+03 2.467939e-04
6.535200e+03 1.997986e-04
6.544500e+03 1.527962e-04
6.553900e+03 9.403527e-05
6.563300e+03 4.702051e-05
6.572600e+03 1.175592e-05
