# # Wavelength(Angstrom)  Transmission
4.456000e+03 0.000000e+00
4.456500e+03 1.173316e-03
4.457000e+03 1.252657e-03
4.457500e+03 1.283821e-03
4.458000e+03 1.409448e-03
4.458500e+03 1.426308e-03
4.459000e+03 1.504797e-03
4.459500e+03 1.646015e-03
4.460000e+03 1.678365e-03
4.460500e+03 1.694290e-03
4.461000e+03 1.789413e-03
4.461500e+03 1.820811e-03
4.462000e+03 1.962333e-03
4.462500e+03 2.025705e-03
4.463000e+03 2.151929e-03
4.463500e+03 2.279254e-03
4.464000e+03 2.421082e-03
4.464500e+03 2.515583e-03
4.465000e+03 2.689530e-03
4.465500e+03 2.848102e-03
4.466000e+03 2.942814e-03
4.466500e+03 3.069574e-03
4.467000e+03 3.260402e-03
4.467500e+03 3.355321e-03
4.468000e+03 3.529818e-03
4.468500e+03 3.751945e-03
4.469000e+03 3.973163e-03
4.469500e+03 4.195554e-03
4.470000e+03 4.464594e-03
4.470500e+03 4.718292e-03
4.471000e+03 4.956610e-03
4.471500e+03 5.227158e-03
4.472000e+03 5.433695e-03
4.472500e+03 5.672439e-03
4.473000e+03 5.926873e-03
4.473500e+03 6.276771e-03
4.474000e+03 6.642435e-03
4.474500e+03 7.054958e-03
4.475000e+03 7.342248e-03
4.475500e+03 7.708544e-03
4.476000e+03 8.138361e-03
4.476500e+03 8.536261e-03
4.477000e+03 8.887663e-03
4.477500e+03 9.302634e-03
4.478000e+03 9.749019e-03
4.478500e+03 1.022788e-02
4.479000e+03 1.071742e-02
4.479500e+03 1.129252e-02
4.480000e+03 1.195122e-02
4.480500e+03 1.262059e-02
4.481000e+03 1.331132e-02
4.481500e+03 1.402319e-02
4.482000e+03 1.463135e-02
4.482500e+03 1.537526e-02
4.483000e+03 1.614059e-02
4.483500e+03 1.700000e-02
4.484000e+03 1.796429e-02
4.484500e+03 1.888740e-02
4.485000e+03 1.995715e-02
4.485500e+03 2.106932e-02
4.486000e+03 2.211946e-02
4.486500e+03 2.341035e-02
4.487000e+03 2.469161e-02
4.487500e+03 2.597351e-02
4.488000e+03 2.723536e-02
4.488500e+03 2.853982e-02
4.489000e+03 2.994962e-02
4.489500e+03 3.142297e-02
4.490000e+03 3.314825e-02
4.490500e+03 3.488519e-02
4.491000e+03 3.684332e-02
4.491500e+03 3.877131e-02
4.492000e+03 4.064826e-02
4.492500e+03 4.288285e-02
4.493000e+03 4.498255e-02
4.493500e+03 4.710472e-02
4.494000e+03 4.952180e-02
4.494500e+03 5.187754e-02
4.495000e+03 5.461235e-02
4.495500e+03 5.733823e-02
4.496000e+03 6.033867e-02
4.496500e+03 6.347716e-02
4.497000e+03 6.664862e-02
4.497500e+03 7.030493e-02
4.498000e+03 7.375253e-02
4.498500e+03 7.732745e-02
4.499000e+03 8.092451e-02
4.499500e+03 8.491184e-02
4.500000e+03 8.921570e-02
4.500500e+03 9.350999e-02
4.501000e+03 9.795232e-02
4.501500e+03 1.028693e-01
4.502000e+03 1.076607e-01
4.502500e+03 1.127373e-01
4.503000e+03 1.178145e-01
4.503500e+03 1.232096e-01
4.504000e+03 1.287095e-01
4.504500e+03 1.345276e-01
4.505000e+03 1.404529e-01
4.505500e+03 1.461672e-01
4.506000e+03 1.525163e-01
4.506500e+03 1.590782e-01
4.507000e+03 1.659581e-01
4.507500e+03 1.729463e-01
4.508000e+03 1.797243e-01
4.508500e+03 1.865058e-01
4.509000e+03 1.939229e-01
4.509500e+03 2.014482e-01
4.510000e+03 2.092947e-01
4.510500e+03 2.172495e-01
4.511000e+03 2.251006e-01
4.511500e+03 2.331668e-01
4.512000e+03 2.413407e-01
4.512500e+03 2.497277e-01
4.513000e+03 2.587523e-01
4.513500e+03 2.678862e-01
4.514000e+03 2.770218e-01
4.514500e+03 2.864785e-01
4.515000e+03 2.953029e-01
4.515500e+03 3.046591e-01
4.516000e+03 3.145473e-01
4.516500e+03 3.243333e-01
4.517000e+03 3.340159e-01
4.517500e+03 3.441255e-01
4.518000e+03 3.540276e-01
4.518500e+03 3.639317e-01
4.519000e+03 3.741565e-01
4.519500e+03 3.849154e-01
4.520000e+03 3.957821e-01
4.520500e+03 4.063358e-01
4.521000e+03 4.169986e-01
4.521500e+03 4.275592e-01
4.522000e+03 4.379100e-01
4.522500e+03 4.485831e-01
4.523000e+03 4.598966e-01
4.523500e+03 4.705767e-01
4.524000e+03 4.813659e-01
4.524500e+03 4.921598e-01
4.525000e+03 5.031684e-01
4.525500e+03 5.137557e-01
4.526000e+03 5.246656e-01
4.526500e+03 5.360042e-01
4.527000e+03 5.468143e-01
4.527500e+03 5.568854e-01
4.528000e+03 5.670655e-01
4.528500e+03 5.771418e-01
4.529000e+03 5.870098e-01
4.529500e+03 5.967738e-01
4.530000e+03 6.074978e-01
4.530500e+03 6.172693e-01
4.531000e+03 6.269367e-01
4.531500e+03 6.368201e-01
4.532000e+03 6.455360e-01
4.532500e+03 6.551065e-01
4.533000e+03 6.642540e-01
4.533500e+03 6.731913e-01
4.534000e+03 6.820255e-01
4.534500e+03 6.901172e-01
4.535000e+03 6.989556e-01
4.535500e+03 7.075848e-01
4.536000e+03 7.160046e-01
4.536500e+03 7.235742e-01
4.537000e+03 7.317848e-01
4.537500e+03 7.393592e-01
4.538000e+03 7.467227e-01
4.538500e+03 7.544092e-01
4.539000e+03 7.611371e-01
4.539500e+03 7.675488e-01
4.540000e+03 7.749215e-01
4.540500e+03 7.815509e-01
4.541000e+03 7.877541e-01
4.541500e+03 7.942801e-01
4.542000e+03 8.003820e-01
4.542500e+03 8.056313e-01
4.543000e+03 8.112021e-01
4.543500e+03 8.164558e-01
4.544000e+03 8.217100e-01
4.544500e+03 8.274997e-01
4.545000e+03 8.323308e-01
4.545500e+03 8.371622e-01
4.546000e+03 8.414623e-01
4.546500e+03 8.452283e-01
4.547000e+03 8.500654e-01
4.547500e+03 8.542621e-01
4.548000e+03 8.580332e-01
4.548500e+03 8.616981e-01
4.549000e+03 8.653641e-01
4.549500e+03 8.684967e-01
4.550000e+03 8.712033e-01
4.550500e+03 8.753013e-01
4.551000e+03 8.780089e-01
4.551500e+03 8.809328e-01
4.552000e+03 8.837501e-01
4.552500e+03 8.864606e-01
4.553000e+03 8.886379e-01
4.553500e+03 8.913514e-01
4.554000e+03 8.941723e-01
4.554500e+03 8.968864e-01
4.555000e+03 8.985311e-01
4.555500e+03 9.011401e-01
4.556000e+03 9.032139e-01
4.556500e+03 9.051817e-01
4.557000e+03 9.070421e-01
4.557500e+03 9.086895e-01
4.558000e+03 9.106588e-01
4.558500e+03 9.124138e-01
4.559000e+03 9.139545e-01
4.559500e+03 9.153887e-01
4.560000e+03 9.165003e-01
4.560500e+03 9.180430e-01
4.561000e+03 9.194769e-01
4.561500e+03 9.204835e-01
4.562000e+03 9.206303e-01
4.562500e+03 9.212060e-01
4.563000e+03 9.217829e-01
4.563500e+03 9.222517e-01
4.564000e+03 9.227207e-01
4.564500e+03 9.234048e-01
4.565000e+03 9.243043e-01
4.565500e+03 9.252041e-01
4.566000e+03 9.250290e-01
4.566500e+03 9.253902e-01
4.567000e+03 9.262905e-01
4.567500e+03 9.276218e-01
4.568000e+03 9.286298e-01
4.568500e+03 9.292073e-01
4.569000e+03 9.294636e-01
4.569500e+03 9.300415e-01
4.570000e+03 9.308364e-01
4.570500e+03 9.315231e-01
4.571000e+03 9.332870e-01
4.571500e+03 9.339744e-01
4.572000e+03 9.355236e-01
4.572500e+03 9.363189e-01
4.573000e+03 9.368999e-01
4.573500e+03 9.376957e-01
4.574000e+03 9.397866e-01
4.574500e+03 9.410147e-01
4.575000e+03 9.423506e-01
4.575500e+03 9.427170e-01
4.576000e+03 9.435142e-01
4.576500e+03 9.448522e-01
4.577000e+03 9.464053e-01
4.577500e+03 9.478515e-01
4.578000e+03 9.499451e-01
4.578500e+03 9.514996e-01
4.579000e+03 9.517587e-01
4.579500e+03 9.530988e-01
4.580000e+03 9.540068e-01
4.580500e+03 9.556700e-01
4.581000e+03 9.572261e-01
4.581500e+03 9.588914e-01
4.582000e+03 9.600168e-01
4.582500e+03 9.613577e-01
4.583000e+03 9.620509e-01
4.583500e+03 9.636089e-01
4.584000e+03 9.647355e-01
4.584500e+03 9.659700e-01
4.585000e+03 9.669884e-01
4.585500e+03 9.678993e-01
4.586000e+03 9.682695e-01
4.586500e+03 9.696131e-01
4.587000e+03 9.711737e-01
4.587500e+03 9.720858e-01
4.588000e+03 9.726737e-01
4.588500e+03 9.731527e-01
4.589000e+03 9.735241e-01
4.589500e+03 9.749776e-01
4.590000e+03 9.755664e-01
4.590500e+03 9.760465e-01
4.591000e+03 9.776110e-01
4.591500e+03 9.783096e-01
4.592000e+03 9.792257e-01
4.592500e+03 9.798172e-01
4.593000e+03 9.798657e-01
4.593500e+03 9.813252e-01
4.594000e+03 9.822427e-01
4.594500e+03 9.820755e-01
4.595000e+03 9.825586e-01
4.595500e+03 9.832588e-01
4.596000e+03 9.839589e-01
4.596500e+03 9.848761e-01
4.597000e+03 9.849234e-01
4.597500e+03 9.844283e-01
4.598000e+03 9.843661e-01
4.598500e+03 9.847380e-01
4.599000e+03 9.845659e-01
4.599500e+03 9.847185e-01
4.600000e+03 9.845443e-01
4.600500e+03 9.844771e-01
4.601000e+03 9.845170e-01
4.601500e+03 9.842312e-01
4.602000e+03 9.843787e-01
4.602500e+03 9.849598e-01
4.603000e+03 9.848893e-01
4.603500e+03 9.849252e-01
4.604000e+03 9.853963e-01
4.604500e+03 9.847801e-01
4.605000e+03 9.852505e-01
4.605500e+03 9.849584e-01
4.606000e+03 9.858645e-01
4.606500e+03 9.860081e-01
4.607000e+03 9.858254e-01
4.607500e+03 9.859691e-01
4.608000e+03 9.866577e-01
4.608500e+03 9.871286e-01
4.609000e+03 9.881447e-01
4.609500e+03 9.881814e-01
4.610000e+03 9.880004e-01
4.610500e+03 9.877098e-01
4.611000e+03 9.873107e-01
4.611500e+03 9.871298e-01
4.612000e+03 9.870574e-01
4.612500e+03 9.879673e-01
4.613000e+03 9.884405e-01
4.613500e+03 9.892410e-01
4.614000e+03 9.889516e-01
4.614500e+03 9.893165e-01
4.615000e+03 9.895716e-01
4.615500e+03 9.899366e-01
4.616000e+03 9.895371e-01
4.616500e+03 9.895736e-01
4.617000e+03 9.892837e-01
4.617500e+03 9.894300e-01
4.618000e+03 9.901225e-01
4.618500e+03 9.905963e-01
4.619000e+03 9.915079e-01
4.619500e+03 9.927473e-01
4.620000e+03 9.930026e-01
4.620500e+03 9.927123e-01
4.621000e+03 9.932952e-01
4.621500e+03 9.932225e-01
4.622000e+03 9.932597e-01
4.622500e+03 9.932969e-01
4.623000e+03 9.934429e-01
4.623500e+03 9.933698e-01
4.624000e+03 9.932966e-01
4.624500e+03 9.931144e-01
4.625000e+03 9.930411e-01
4.625500e+03 9.929677e-01
4.626000e+03 9.928942e-01
4.626500e+03 9.927117e-01
4.627000e+03 9.923098e-01
4.627500e+03 9.917987e-01
4.628000e+03 9.909577e-01
4.628500e+03 9.911034e-01
4.629000e+03 9.907011e-01
4.629500e+03 9.901896e-01
4.630000e+03 9.902249e-01
4.630500e+03 9.901524e-01
4.631000e+03 9.901879e-01
4.631500e+03 9.903339e-01
4.632000e+03 9.904799e-01
4.632500e+03 9.901878e-01
4.633000e+03 9.901142e-01
4.633500e+03 9.903696e-01
4.634000e+03 9.902960e-01
4.634500e+03 9.904422e-01
4.635000e+03 9.910281e-01
4.635500e+03 9.907346e-01
4.636000e+03 9.912112e-01
4.636500e+03 9.908082e-01
4.637000e+03 9.909543e-01
4.637500e+03 9.916499e-01
4.638000e+03 9.915760e-01
4.638500e+03 9.909524e-01
4.639000e+03 9.907688e-01
4.639500e+03 9.906945e-01
4.640000e+03 9.910604e-01
4.640500e+03 9.917560e-01
4.641000e+03 9.916814e-01
4.641500e+03 9.912769e-01
4.642000e+03 9.920821e-01
4.642500e+03 9.924479e-01
4.643000e+03 9.921539e-01
4.643500e+03 9.926293e-01
4.644000e+03 9.936553e-01
4.644500e+03 9.943514e-01
4.645000e+03 9.947176e-01
4.645500e+03 9.949730e-01
4.646000e+03 9.961107e-01
4.646500e+03 9.971378e-01
4.647000e+03 9.973936e-01
4.647500e+03 9.979811e-01
4.648000e+03 9.976859e-01
4.648500e+03 9.979432e-01
4.649000e+03 9.993020e-01
4.649500e+03 1.000000e+00
4.650000e+03 9.993745e-01
4.650500e+03 9.996324e-01
4.651000e+03 9.996683e-01
4.651500e+03 9.993747e-01
4.652000e+03 9.990798e-01
4.652500e+03 9.998898e-01
4.653000e+03 9.995950e-01
4.653500e+03 9.995211e-01
4.654000e+03 9.992274e-01
4.654500e+03 9.989323e-01
4.655000e+03 9.988583e-01
4.655500e+03 9.982318e-01
4.656000e+03 9.983788e-01
4.656500e+03 9.984158e-01
4.657000e+03 9.977888e-01
4.657500e+03 9.972729e-01
4.658000e+03 9.971982e-01
4.658500e+03 9.969020e-01
4.659000e+03 9.969383e-01
4.659500e+03 9.966418e-01
4.660000e+03 9.963462e-01
4.660500e+03 9.949429e-01
4.661000e+03 9.945353e-01
4.661500e+03 9.941276e-01
4.662000e+03 9.929445e-01
4.662500e+03 9.932012e-01
4.663000e+03 9.927927e-01
4.663500e+03 9.927161e-01
4.664000e+03 9.926393e-01
4.664500e+03 9.914548e-01
4.665000e+03 9.906033e-01
4.665500e+03 9.905261e-01
4.666000e+03 9.898947e-01
4.666500e+03 9.890425e-01
4.667000e+03 9.882991e-01
4.667500e+03 9.878891e-01
4.668000e+03 9.870362e-01
4.668500e+03 9.865143e-01
4.669000e+03 9.853285e-01
4.669500e+03 9.849179e-01
4.670000e+03 9.846177e-01
4.670500e+03 9.834300e-01
4.671000e+03 9.825759e-01
4.671500e+03 9.819426e-01
4.672000e+03 9.810869e-01
4.672500e+03 9.805650e-01
4.673000e+03 9.802640e-01
4.673500e+03 9.799642e-01
4.674000e+03 9.801079e-01
4.674500e+03 9.793618e-01
4.675000e+03 9.789499e-01
4.675500e+03 9.782046e-01
4.676000e+03 9.776817e-01
4.676500e+03 9.774917e-01
4.677000e+03 9.775230e-01
4.677500e+03 9.761103e-01
4.678000e+03 9.756972e-01
4.678500e+03 9.752839e-01
4.679000e+03 9.750919e-01
4.679500e+03 9.737884e-01
4.680000e+03 9.729300e-01
4.680500e+03 9.718473e-01
4.681000e+03 9.708762e-01
4.681500e+03 9.693482e-01
4.682000e+03 9.675967e-01
4.682500e+03 9.671811e-01
4.683000e+03 9.664315e-01
4.683500e+03 9.656816e-01
4.684000e+03 9.649314e-01
4.684500e+03 9.635118e-01
4.685000e+03 9.625379e-01
4.685500e+03 9.622331e-01
4.686000e+03 9.609232e-01
4.686500e+03 9.598374e-01
4.687000e+03 9.586390e-01
4.687500e+03 9.579978e-01
4.688000e+03 9.567999e-01
4.688500e+03 9.567159e-01
4.689000e+03 9.555162e-01
4.689500e+03 9.545395e-01
4.690000e+03 9.536736e-01
4.690500e+03 9.524745e-01
4.691000e+03 9.514977e-01
4.691500e+03 9.504087e-01
4.692000e+03 9.490974e-01
4.692500e+03 9.481207e-01
4.693000e+03 9.472551e-01
4.693500e+03 9.457194e-01
4.694000e+03 9.446307e-01
4.694500e+03 9.433177e-01
4.695000e+03 9.414453e-01
4.695500e+03 9.399070e-01
4.696000e+03 9.379202e-01
4.696500e+03 9.357096e-01
4.697000e+03 9.340556e-01
4.697500e+03 9.326255e-01
4.698000e+03 9.313043e-01
4.698500e+03 9.293122e-01
4.699000e+03 9.270934e-01
4.699500e+03 9.249854e-01
4.700000e+03 9.228756e-01
4.700500e+03 9.206525e-01
4.701000e+03 9.185391e-01
4.701500e+03 9.161999e-01
4.702000e+03 9.138590e-01
4.702500e+03 9.114052e-01
4.703000e+03 9.093984e-01
4.703500e+03 9.073891e-01
4.704000e+03 9.058273e-01
4.704500e+03 9.037043e-01
4.705000e+03 9.013558e-01
4.705500e+03 8.985589e-01
4.706000e+03 8.946387e-01
4.706500e+03 8.922886e-01
4.707000e+03 8.898237e-01
4.707500e+03 8.875839e-01
4.708000e+03 8.851190e-01
4.708500e+03 8.826536e-01
4.709000e+03 8.795139e-01
4.709500e+03 8.763738e-01
4.710000e+03 8.730098e-01
4.710500e+03 8.699815e-01
4.711000e+03 8.668392e-01
4.711500e+03 8.631360e-01
4.712000e+03 8.595422e-01
4.712500e+03 8.560616e-01
4.713000e+03 8.522421e-01
4.713500e+03 8.488701e-01
4.714000e+03 8.457233e-01
4.714500e+03 8.422375e-01
4.715000e+03 8.379641e-01
4.715500e+03 8.334658e-01
4.716000e+03 8.289650e-01
4.716500e+03 8.245762e-01
4.717000e+03 8.200744e-01
4.717500e+03 8.162455e-01
4.718000e+03 8.118534e-01
4.718500e+03 8.073482e-01
4.719000e+03 8.027287e-01
4.719500e+03 7.984453e-01
4.720000e+03 7.935996e-01
4.720500e+03 7.887515e-01
4.721000e+03 7.842406e-01
4.721500e+03 7.790526e-01
4.722000e+03 7.739753e-01
4.722500e+03 7.686726e-01
4.723000e+03 7.632563e-01
4.723500e+03 7.585126e-01
4.724000e+03 7.533191e-01
4.724500e+03 7.477854e-01
4.725000e+03 7.422503e-01
4.725500e+03 7.361504e-01
4.726000e+03 7.309501e-01
4.726500e+03 7.252972e-01
4.727000e+03 7.196440e-01
4.727500e+03 7.136502e-01
4.728000e+03 7.078819e-01
4.728500e+03 7.017727e-01
4.729000e+03 6.954363e-01
4.729500e+03 6.890981e-01
4.730000e+03 6.829842e-01
4.730500e+03 6.761923e-01
4.731000e+03 6.697357e-01
4.731500e+03 6.630527e-01
4.732000e+03 6.562557e-01
4.732500e+03 6.497952e-01
4.733000e+03 6.433331e-01
4.733500e+03 6.367557e-01
4.734000e+03 6.294996e-01
4.734500e+03 6.222415e-01
4.735000e+03 6.152077e-01
4.735500e+03 6.080583e-01
4.736000e+03 6.012470e-01
4.736500e+03 5.940939e-01
4.737000e+03 5.866001e-01
4.737500e+03 5.792180e-01
4.738000e+03 5.723992e-01
4.738500e+03 5.652384e-01
4.739000e+03 5.583020e-01
4.739500e+03 5.506858e-01
4.740000e+03 5.432940e-01
4.740500e+03 5.361254e-01
4.741000e+03 5.288423e-01
4.741500e+03 5.213307e-01
4.742000e+03 5.137045e-01
4.742500e+03 5.067547e-01
4.743000e+03 4.991245e-01
4.743500e+03 4.917190e-01
4.744000e+03 4.840835e-01
4.744500e+03 4.767868e-01
4.745000e+03 4.696021e-01
4.745500e+03 4.621875e-01
4.746000e+03 4.543186e-01
4.746500e+03 4.466746e-01
4.747000e+03 4.395950e-01
4.747500e+03 4.319470e-01
4.748000e+03 4.246367e-01
4.748500e+03 4.173245e-01
4.749000e+03 4.094437e-01
4.749500e+03 4.023547e-01
4.750000e+03 3.951497e-01
4.750500e+03 3.874899e-01
4.751000e+03 3.801682e-01
4.751500e+03 3.727304e-01
4.752000e+03 3.652918e-01
4.752500e+03 3.580773e-01
4.753000e+03 3.508621e-01
4.753500e+03 3.439841e-01
4.754000e+03 3.366509e-01
4.754500e+03 3.296574e-01
4.755000e+03 3.224336e-01
4.755500e+03 3.155495e-01
4.756000e+03 3.088897e-01
4.756500e+03 3.017746e-01
4.757000e+03 2.948839e-01
4.757500e+03 2.878795e-01
4.758000e+03 2.810995e-01
4.758500e+03 2.745441e-01
4.759000e+03 2.679881e-01
4.759500e+03 2.615437e-01
4.760000e+03 2.554396e-01
4.760500e+03 2.488786e-01
4.761000e+03 2.427700e-01
4.761500e+03 2.362057e-01
4.762000e+03 2.303215e-01
4.762500e+03 2.243226e-01
4.763000e+03 2.183221e-01
4.763500e+03 2.126612e-01
4.764000e+03 2.066564e-01
4.764500e+03 2.007658e-01
4.765000e+03 1.954416e-01
4.765500e+03 1.900027e-01
4.766000e+03 1.845611e-01
4.766500e+03 1.795753e-01
4.767000e+03 1.745871e-01
4.767500e+03 1.695987e-01
4.768000e+03 1.646078e-01
4.768500e+03 1.598438e-01
4.769000e+03 1.548516e-01
4.769500e+03 1.505402e-01
4.770000e+03 1.460006e-01
4.770500e+03 1.414599e-01
4.771000e+03 1.371463e-01
4.771500e+03 1.329450e-01
4.772000e+03 1.287439e-01
4.772500e+03 1.251108e-01
4.773000e+03 1.213626e-01
4.773500e+03 1.177277e-01
4.774000e+03 1.138409e-01
4.774500e+03 1.101471e-01
4.775000e+03 1.064295e-01
4.775500e+03 1.029393e-01
4.776000e+03 9.959645e-02
4.776500e+03 9.629846e-02
4.777000e+03 9.305671e-02
4.777500e+03 8.995119e-02
4.778000e+03 8.715313e-02
4.778500e+03 8.434310e-02
4.779000e+03 8.141798e-02
4.779500e+03 7.857211e-02
4.780000e+03 7.575977e-02
4.780500e+03 7.308387e-02
4.781000e+03 7.040728e-02
4.781500e+03 6.797002e-02
4.782000e+03 6.585234e-02
4.782500e+03 6.343676e-02
4.783000e+03 6.129506e-02
4.783500e+03 5.910702e-02
4.784000e+03 5.696421e-02
4.784500e+03 5.507256e-02
4.785000e+03 5.322611e-02
4.785500e+03 5.132196e-02
4.786000e+03 4.944024e-02
4.786500e+03 4.769541e-02
4.787000e+03 4.609892e-02
4.787500e+03 4.437600e-02
4.788000e+03 4.313370e-02
4.788500e+03 4.163898e-02
4.789000e+03 4.012107e-02
4.789500e+03 3.871732e-02
4.790000e+03 3.742777e-02
4.790500e+03 3.624095e-02
4.791000e+03 3.491641e-02
4.791500e+03 3.385510e-02
4.792000e+03 3.269031e-02
4.792500e+03 3.159396e-02
4.793000e+03 3.042871e-02
4.793500e+03 2.935474e-02
4.794000e+03 2.831500e-02
4.794500e+03 2.732079e-02
4.795000e+03 2.639510e-02
4.795500e+03 2.552666e-02
4.796000e+03 2.450872e-02
4.796500e+03 2.358243e-02
4.797000e+03 2.280507e-02
4.797500e+03 2.203893e-02
4.798000e+03 2.124961e-02
4.798500e+03 2.041421e-02
4.799000e+03 1.965900e-02
4.799500e+03 1.890348e-02
4.800000e+03 1.822838e-02
4.800500e+03 1.754161e-02
4.801000e+03 1.703851e-02
4.801500e+03 1.647801e-02
4.802000e+03 1.594028e-02
4.802500e+03 1.541388e-02
4.803000e+03 1.488749e-02
4.803500e+03 1.434939e-02
4.804000e+03 1.388021e-02
4.804500e+03 1.351435e-02
4.805000e+03 1.298740e-02
4.805500e+03 1.237965e-02
4.806000e+03 1.192134e-02
4.806500e+03 1.154344e-02
4.807000e+03 1.118843e-02
4.807500e+03 1.083904e-02
4.808000e+03 1.043656e-02
4.808500e+03 1.013874e-02
4.809000e+03 9.859245e-03
4.809500e+03 9.526683e-03
4.810000e+03 9.247013e-03
4.810500e+03 8.914256e-03
4.811000e+03 8.564111e-03
4.811500e+03 8.248439e-03
4.812000e+03 7.951123e-03
4.812500e+03 7.670999e-03
4.813000e+03 7.461142e-03
4.813500e+03 7.180856e-03
4.814000e+03 6.917801e-03
4.814500e+03 6.725036e-03
4.815000e+03 6.532200e-03
4.815500e+03 6.322005e-03
4.816000e+03 6.216777e-03
4.816500e+03 5.936054e-03
4.817000e+03 5.742988e-03
4.817500e+03 5.497886e-03
4.818000e+03 5.268894e-03
4.818500e+03 5.111440e-03
4.819000e+03 4.953937e-03
4.819500e+03 4.760572e-03
4.820000e+03 4.584484e-03
4.820500e+03 4.409495e-03
4.821000e+03 4.250643e-03
4.821500e+03 4.216610e-03
4.822000e+03 4.146712e-03
4.822500e+03 3.970402e-03
4.823000e+03 3.865757e-03
4.823500e+03 3.725209e-03
4.824000e+03 3.548753e-03
4.824500e+03 3.461342e-03
4.825000e+03 3.320679e-03
4.825500e+03 3.179960e-03
4.826000e+03 3.127184e-03
4.826500e+03 2.986403e-03
4.827000e+03 2.916207e-03
4.827500e+03 2.916655e-03
4.828000e+03 2.863815e-03
4.828500e+03 2.757653e-03
4.829000e+03 2.705926e-03
4.829500e+03 2.599706e-03
4.830000e+03 2.493453e-03
4.830500e+03 2.476444e-03
4.831000e+03 2.300579e-03
4.831500e+03 2.211627e-03
4.832000e+03 2.159769e-03
4.832500e+03 2.141530e-03
4.833000e+03 2.053681e-03
4.833500e+03 2.000619e-03
4.834000e+03 1.947527e-03
4.834500e+03 1.930412e-03
4.835000e+03 1.859892e-03
4.835500e+03 1.789337e-03
4.836000e+03 1.701353e-03
4.836500e+03 1.630764e-03
4.837000e+03 1.542716e-03
4.837500e+03 1.524366e-03
4.838000e+03 1.489736e-03
4.838500e+03 1.419059e-03
4.839000e+03 1.348373e-03
4.839500e+03 1.277665e-03
4.840000e+03 0.000000e+00
