# # Wavelength(Angstrom)  Transmission
3.600000e+03 2.426764e-04
3.610000e+03 4.931757e-04
3.620000e+03 9.530691e-04
3.630000e+03 1.754222e-03
3.640000e+03 2.939191e-03
3.650000e+03 4.639275e-03
3.660000e+03 6.875233e-03
3.670000e+03 9.759270e-03
3.680000e+03 1.316217e-02
3.690000e+03 1.720329e-02
3.700000e+03 2.201865e-02
3.710000e+03 2.785533e-02
3.720000e+03 3.504042e-02
3.730000e+03 4.402272e-02
3.740000e+03 5.519984e-02
3.750000e+03 6.747381e-02
3.760000e+03 8.068722e-02
3.770000e+03 9.473408e-02
3.780000e+03 1.084870e-01
3.790000e+03 1.221730e-01
3.800000e+03 1.359137e-01
3.810000e+03 1.480823e-01
3.820000e+03 1.602667e-01
3.830000e+03 1.740467e-01
3.840000e+03 1.883799e-01
3.850000e+03 2.050650e-01
3.860000e+03 2.238614e-01
3.870000e+03 2.428268e-01
3.880000e+03 2.638701e-01
3.890000e+03 2.842886e-01
3.900000e+03 3.031979e-01
3.910000e+03 3.215125e-01
3.920000e+03 3.403871e-01
3.930000e+03 3.592548e-01
3.940000e+03 3.780670e-01
3.950000e+03 3.952729e-01
3.960000e+03 4.127033e-01
3.970000e+03 4.313372e-01
3.980000e+03 4.486496e-01
3.990000e+03 4.662953e-01
4.000000e+03 4.808210e-01
4.010000e+03 4.897665e-01
4.020000e+03 5.003645e-01
4.030000e+03 5.118907e-01
4.040000e+03 5.218800e-01
4.050000e+03 5.286221e-01
4.060000e+03 5.364358e-01
4.070000e+03 5.453744e-01
4.080000e+03 5.555373e-01
4.090000e+03 5.655336e-01
4.100000e+03 5.761710e-01
4.110000e+03 5.881600e-01
4.120000e+03 5.995889e-01
4.130000e+03 6.101430e-01
4.140000e+03 6.241989e-01
4.150000e+03 6.374169e-01
4.160000e+03 6.485612e-01
4.170000e+03 6.577266e-01
4.180000e+03 6.672137e-01
4.190000e+03 6.794480e-01
4.200000e+03 6.909071e-01
4.210000e+03 6.991258e-01
4.220000e+03 7.027873e-01
4.230000e+03 7.055832e-01
4.240000e+03 7.068446e-01
4.250000e+03 7.093582e-01
4.260000e+03 7.159313e-01
4.270000e+03 7.225577e-01
4.280000e+03 7.283300e-01
4.290000e+03 7.346694e-01
4.300000e+03 7.435385e-01
4.310000e+03 7.532756e-01
4.320000e+03 7.633529e-01
4.330000e+03 7.743444e-01
4.340000e+03 7.810332e-01
4.350000e+03 7.879397e-01
4.360000e+03 8.000190e-01
4.370000e+03 8.108809e-01
4.380000e+03 8.209049e-01
4.390000e+03 8.291051e-01
4.400000e+03 8.372753e-01
4.410000e+03 8.476650e-01
4.420000e+03 8.534258e-01
4.430000e+03 8.568582e-01
4.440000e+03 8.602859e-01
4.450000e+03 8.628110e-01
4.460000e+03 8.649427e-01
4.470000e+03 8.685417e-01
4.480000e+03 8.756426e-01
4.490000e+03 8.832896e-01
4.500000e+03 8.912839e-01
4.510000e+03 8.960980e-01
4.520000e+03 9.015347e-01
4.530000e+03 9.073186e-01
4.540000e+03 9.137205e-01
4.550000e+03 9.206547e-01
4.560000e+03 9.290980e-01
4.570000e+03 9.332039e-01
4.580000e+03 9.368122e-01
4.590000e+03 9.420892e-01
4.600000e+03 9.436237e-01
4.610000e+03 9.447323e-01
4.620000e+03 9.417397e-01
4.630000e+03 9.365923e-01
4.640000e+03 9.317295e-01
4.650000e+03 9.270265e-01
4.660000e+03 9.231497e-01
4.670000e+03 9.215782e-01
4.680000e+03 9.228882e-01
4.690000e+03 9.262280e-01
4.700000e+03 9.329146e-01
4.710000e+03 9.393627e-01
4.720000e+03 9.453827e-01
4.730000e+03 9.530622e-01
4.740000e+03 9.616536e-01
4.750000e+03 9.697242e-01
4.758400e+03 9.878860e-01
4.768300e+03 9.941305e-01
4.778200e+03 9.982063e-01
4.788100e+03 1.000000e+00
4.798000e+03 9.992038e-01
4.807900e+03 9.966972e-01
4.817700e+03 9.926978e-01
4.827600e+03 9.862566e-01
4.837500e+03 9.748114e-01
4.847400e+03 9.546152e-01
4.857300e+03 9.212079e-01
4.867200e+03 8.722403e-01
4.877100e+03 8.077054e-01
4.887000e+03 7.290660e-01
4.896800e+03 6.406619e-01
4.906700e+03 5.484781e-01
4.916600e+03 4.579585e-01
4.926500e+03 3.733894e-01
4.936400e+03 2.981847e-01
4.946300e+03 2.340595e-01
4.956200e+03 1.810680e-01
4.966000e+03 1.384668e-01
4.975900e+03 1.050324e-01
4.985800e+03 7.932236e-02
4.995700e+03 5.989548e-02
5.005600e+03 4.534175e-02
5.015500e+03 3.455137e-02
5.025400e+03 2.660735e-02
5.035200e+03 2.075346e-02
5.045100e+03 1.641664e-02
5.055000e+03 1.322897e-02
5.064900e+03 1.086701e-02
5.074800e+03 9.111422e-03
5.084700e+03 7.811582e-03
5.094600e+03 6.791981e-03
5.104400e+03 5.967699e-03
5.114300e+03 5.316842e-03
5.124200e+03 4.772243e-03
5.134100e+03 4.274188e-03
5.144000e+03 3.846980e-03
5.153900e+03 3.478837e-03
5.163800e+03 3.133817e-03
5.173600e+03 2.775789e-03
5.183500e+03 2.441021e-03
5.193400e+03 2.129588e-03
5.203300e+03 1.854359e-03
5.213200e+03 1.615825e-03
5.223100e+03 1.400492e-03
5.233000e+03 1.208531e-03
5.242800e+03 1.052319e-03
5.252700e+03 9.076473e-04
5.262600e+03 7.622813e-04
5.272500e+03 6.408563e-04
5.282400e+03 5.312005e-04
5.292300e+03 4.457843e-04
5.302200e+03 3.723271e-04
5.312100e+03 3.232715e-04
5.321900e+03 2.740354e-04
5.331800e+03 2.246211e-04
5.341700e+03 2.000282e-04
5.351600e+03 2.003921e-04
5.361500e+03 2.007582e-04
5.371400e+03 1.759846e-04
5.381300e+03 1.637107e-04
5.391100e+03 1.640074e-04
5.401000e+03 1.643006e-04
5.410900e+03 1.645684e-04
5.420800e+03 1.775147e-04
5.430700e+03 1.651052e-04
5.440600e+03 1.399300e-04
5.450500e+03 1.146736e-04
5.460300e+03 8.933438e-05
5.470200e+03 3.834783e-05
5.480100e+03 1.280338e-05
