# # Wavelength(Angstrom)  Transmission
6.462500e+03 0.000000e+00
6.463000e+03 1.043961e-03
6.463500e+03 1.284449e-03
6.464000e+03 1.467628e-03
6.464500e+03 1.467712e-03
6.465000e+03 1.467796e-03
6.465500e+03 1.609394e-03
6.466000e+03 1.778758e-03
6.466500e+03 1.609579e-03
6.467000e+03 1.792839e-03
6.467500e+03 1.510771e-03
6.468000e+03 1.510858e-03
6.468500e+03 1.863475e-03
6.469000e+03 1.610043e-03
6.469500e+03 1.610136e-03
6.470000e+03 1.610229e-03
6.470500e+03 1.539059e-03
6.471000e+03 1.553031e-03
6.471500e+03 1.567936e-03
6.472000e+03 1.243123e-03
6.472500e+03 1.356131e-03
6.473000e+03 1.469152e-03
6.473500e+03 1.398871e-03
6.474000e+03 1.299894e-03
6.474500e+03 1.667544e-03
6.475000e+03 1.243555e-03
6.475500e+03 1.172322e-03
6.476000e+03 1.286304e-03
6.476500e+03 1.469747e-03
6.477000e+03 1.935692e-03
6.477500e+03 2.147912e-03
6.478000e+03 2.261033e-03
6.478500e+03 2.544625e-03
6.479000e+03 2.544770e-03
6.479500e+03 2.643114e-03
6.480000e+03 2.898049e-03
6.480500e+03 2.898214e-03
6.481000e+03 2.785334e-03
6.481500e+03 3.153373e-03
6.482000e+03 3.153553e-03
6.482500e+03 2.856250e-03
6.483000e+03 3.111285e-03
6.483500e+03 3.464591e-03
6.484000e+03 3.649248e-03
6.484500e+03 3.649457e-03
6.485000e+03 3.833212e-03
6.485500e+03 4.016989e-03
6.486000e+03 4.017218e-03
6.486500e+03 4.017447e-03
6.487000e+03 4.202199e-03
6.487500e+03 3.990088e-03
6.488000e+03 4.173925e-03
6.488500e+03 4.174163e-03
6.489000e+03 4.571354e-03
6.489500e+03 4.571615e-03
6.490000e+03 5.067179e-03
6.490500e+03 5.279892e-03
6.491000e+03 5.563127e-03
6.491500e+03 5.464178e-03
6.492000e+03 5.450574e-03
6.492500e+03 5.252329e-03
6.493000e+03 5.153356e-03
6.493500e+03 4.969914e-03
6.494000e+03 5.253228e-03
6.494500e+03 5.154237e-03
6.495000e+03 5.154531e-03
6.495500e+03 5.367360e-03
6.496000e+03 5.750079e-03
6.496500e+03 5.849729e-03
6.497000e+03 5.666264e-03
6.497500e+03 5.864321e-03
6.498000e+03 5.666918e-03
6.498500e+03 5.850994e-03
6.499000e+03 5.751743e-03
6.499500e+03 6.034944e-03
6.500000e+03 6.261534e-03
6.500500e+03 6.559656e-03
6.501000e+03 6.559747e-03
6.501500e+03 6.559837e-03
6.502000e+03 6.857051e-03
6.502500e+03 7.325125e-03
6.503000e+03 7.424571e-03
6.503500e+03 7.608535e-03
6.504000e+03 7.325428e-03
6.504500e+03 7.509385e-03
6.505000e+03 7.410127e-03
6.505500e+03 7.311802e-03
6.506000e+03 7.595130e-03
6.506500e+03 8.077185e-03
6.507000e+03 8.289024e-03
6.507500e+03 8.587246e-03
6.508000e+03 8.474055e-03
6.508500e+03 8.374743e-03
6.509000e+03 8.374767e-03
6.509500e+03 8.743465e-03
6.510000e+03 8.558675e-03
6.510500e+03 8.672008e-03
6.511000e+03 8.870783e-03
6.511500e+03 8.984118e-03
6.512000e+03 9.182885e-03
6.512500e+03 9.379804e-03
6.513000e+03 9.964918e-03
6.513500e+03 1.037360e-02
6.514000e+03 1.059647e-02
6.514500e+03 1.042012e-02
6.515000e+03 1.080089e-02
6.515500e+03 1.091239e-02
6.516000e+03 1.110742e-02
6.516500e+03 1.152539e-02
6.517000e+03 1.172977e-02
6.517500e+03 1.196200e-02
6.518000e+03 1.285369e-02
6.518500e+03 1.304873e-02
6.519000e+03 1.346671e-02
6.519500e+03 1.384750e-02
6.520000e+03 1.425624e-02
6.520500e+03 1.436777e-02
6.521000e+03 1.438642e-02
6.521500e+03 1.428424e-02
6.522000e+03 1.436793e-02
6.522500e+03 1.468370e-02
6.523000e+03 1.468375e-02
6.523500e+03 1.458168e-02
6.524000e+03 1.499044e-02
6.524500e+03 1.549197e-02
6.525000e+03 1.589139e-02
6.525500e+03 1.590079e-02
6.526000e+03 1.550150e-02
6.526500e+03 1.562228e-02
6.527000e+03 1.573381e-02
6.527500e+03 1.573387e-02
6.528000e+03 1.573392e-02
6.528500e+03 1.651410e-02
6.529000e+03 1.720151e-02
6.529500e+03 1.789816e-02
6.530000e+03 1.849260e-02
6.530500e+03 1.889213e-02
6.531000e+03 1.959805e-02
6.531500e+03 2.029472e-02
6.532000e+03 2.059203e-02
6.532500e+03 2.087999e-02
6.533000e+03 2.115870e-02
6.533500e+03 2.182755e-02
6.534000e+03 2.231063e-02
6.534500e+03 2.288660e-02
6.535000e+03 2.347182e-02
6.535500e+03 2.416852e-02
6.536000e+03 2.493027e-02
6.536500e+03 2.521825e-02
6.537000e+03 2.528337e-02
6.537500e+03 2.595226e-02
6.538000e+03 2.614738e-02
6.538500e+03 2.643539e-02
6.539000e+03 2.670491e-02
6.539500e+03 2.787535e-02
6.540000e+03 2.873940e-02
6.540500e+03 2.990985e-02
6.541000e+03 3.098743e-02
6.541500e+03 3.166572e-02
6.542000e+03 3.255753e-02
6.542500e+03 3.272484e-02
6.543000e+03 3.329165e-02
6.543500e+03 3.455504e-02
6.544000e+03 3.493598e-02
6.544500e+03 3.592082e-02
6.545000e+03 3.659904e-02
6.545500e+03 3.719373e-02
6.546000e+03 3.815989e-02
6.546500e+03 3.902391e-02
6.547000e+03 3.988804e-02
6.547500e+03 4.013892e-02
6.548000e+03 4.091941e-02
6.548500e+03 4.150477e-02
6.549000e+03 4.225743e-02
6.549500e+03 4.331652e-02
6.550000e+03 4.366041e-02
6.550500e+03 4.501680e-02
6.551000e+03 4.587163e-02
6.551500e+03 4.595545e-02
6.552000e+03 4.692168e-02
6.552500e+03 4.748858e-02
6.553000e+03 4.894726e-02
6.553500e+03 4.968126e-02
6.554000e+03 5.053613e-02
6.554500e+03 5.177183e-02
6.555000e+03 5.291465e-02
6.555500e+03 5.396468e-02
6.556000e+03 5.526547e-02
6.556500e+03 5.601813e-02
6.557000e+03 5.717959e-02
6.557500e+03 5.822956e-02
6.558000e+03 5.957685e-02
6.558500e+03 6.100780e-02
6.559000e+03 6.226221e-02
6.559500e+03 6.399038e-02
6.560000e+03 6.563502e-02
6.560500e+03 6.738182e-02
6.561000e+03 6.871057e-02
6.561500e+03 7.065255e-02
6.562000e+03 7.269670e-02
6.562500e+03 7.436926e-02
6.563000e+03 7.612548e-02
6.563500e+03 7.799311e-02
6.564000e+03 7.998163e-02
6.564500e+03 8.157059e-02
6.565000e+03 8.276009e-02
6.565500e+03 8.462788e-02
6.566000e+03 8.680214e-02
6.566500e+03 8.891144e-02
6.567000e+03 9.141098e-02
6.567500e+03 9.365030e-02
6.568000e+03 9.560166e-02
6.568500e+03 9.801756e-02
6.569000e+03 9.978313e-02
6.569500e+03 1.015487e-01
6.570000e+03 1.035930e-01
6.570500e+03 1.061021e-01
6.571000e+03 1.079606e-01
6.571500e+03 1.100977e-01
6.572000e+03 1.125133e-01
6.572500e+03 1.153945e-01
6.573000e+03 1.182747e-01
6.573500e+03 1.213410e-01
6.574000e+03 1.238502e-01
6.574500e+03 1.263594e-01
6.575000e+03 1.282180e-01
6.575500e+03 1.310058e-01
6.576000e+03 1.343507e-01
6.576500e+03 1.371385e-01
6.577000e+03 1.401124e-01
6.577500e+03 1.434584e-01
6.578000e+03 1.467109e-01
6.578500e+03 1.496838e-01
6.579000e+03 1.524718e-01
6.579500e+03 1.555393e-01
6.580000e+03 1.588844e-01
6.580500e+03 1.623230e-01
6.581000e+03 1.657616e-01
6.581500e+03 1.690143e-01
6.582000e+03 1.726380e-01
6.582500e+03 1.761692e-01
6.583000e+03 1.808156e-01
6.583500e+03 1.844404e-01
6.584000e+03 1.875071e-01
6.584500e+03 1.912245e-01
6.585000e+03 1.947558e-01
6.585500e+03 1.984733e-01
6.586000e+03 2.022843e-01
6.586500e+03 2.063728e-01
6.587000e+03 2.112056e-01
6.587500e+03 2.151092e-01
6.588000e+03 2.191989e-01
6.588500e+03 2.234736e-01
6.589000e+03 2.284926e-01
6.589500e+03 2.333245e-01
6.590000e+03 2.388081e-01
6.590500e+03 2.437337e-01
6.591000e+03 2.478236e-01
6.591500e+03 2.522847e-01
6.592000e+03 2.567458e-01
6.592500e+03 2.614865e-01
6.593000e+03 2.676201e-01
6.593500e+03 2.731965e-01
6.594000e+03 2.779361e-01
6.594500e+03 2.833273e-01
6.595000e+03 2.882528e-01
6.595500e+03 2.937354e-01
6.596000e+03 2.983821e-01
6.596500e+03 3.034009e-01
6.597000e+03 3.079550e-01
6.597500e+03 3.134372e-01
6.598000e+03 3.178977e-01
6.598500e+03 3.231949e-01
6.599000e+03 3.291428e-01
6.599500e+03 3.348112e-01
6.600000e+03 3.417810e-01
6.600500e+03 3.486584e-01
6.601000e+03 3.542345e-01
6.601500e+03 3.597171e-01
6.602000e+03 3.665021e-01
6.602500e+03 3.728215e-01
6.603000e+03 3.790482e-01
6.603500e+03 3.856460e-01
6.604000e+03 3.927083e-01
6.604500e+03 3.993067e-01
6.605000e+03 4.061825e-01
6.605500e+03 4.112931e-01
6.606000e+03 4.178910e-01
6.606500e+03 4.248598e-01
6.607000e+03 4.310852e-01
6.607500e+03 4.379602e-01
6.608000e+03 4.431637e-01
6.608500e+03 4.481801e-01
6.609000e+03 4.544054e-01
6.609500e+03 4.604446e-01
6.610000e+03 4.660193e-01
6.610500e+03 4.713154e-01
6.611000e+03 4.767966e-01
6.611500e+03 4.833005e-01
6.612000e+03 4.892473e-01
6.612500e+03 4.965879e-01
6.613000e+03 5.042060e-01
6.613500e+03 5.127544e-01
6.614000e+03 5.191657e-01
6.614500e+03 5.249263e-01
6.615000e+03 5.318947e-01
6.615500e+03 5.391416e-01
6.616000e+03 5.471317e-01
6.616500e+03 5.538214e-01
6.617000e+03 5.611618e-01
6.617500e+03 5.683150e-01
6.618000e+03 5.748186e-01
6.618500e+03 5.822515e-01
6.619000e+03 5.905210e-01
6.619500e+03 5.973031e-01
6.620000e+03 6.040851e-01
6.620500e+03 6.096594e-01
6.621000e+03 6.142119e-01
6.621500e+03 6.208079e-01
6.622000e+03 6.278695e-01
6.622500e+03 6.347439e-01
6.623000e+03 6.412473e-01
6.623500e+03 6.487734e-01
6.624000e+03 6.548122e-01
6.624500e+03 6.615941e-01
6.625000e+03 6.675404e-01
6.625500e+03 6.731145e-01
6.626000e+03 6.797103e-01
6.626500e+03 6.853770e-01
6.627000e+03 6.916952e-01
6.627500e+03 6.979189e-01
6.628000e+03 7.032145e-01
6.628500e+03 7.076733e-01
6.629000e+03 7.134333e-01
6.629500e+03 7.187288e-01
6.630000e+03 7.240242e-01
6.630500e+03 7.308985e-01
6.631000e+03 7.370306e-01
6.631500e+03 7.400956e-01
6.632000e+03 7.449264e-01
6.632500e+03 7.497571e-01
6.633000e+03 7.553309e-01
6.633500e+03 7.616478e-01
6.634000e+03 7.656416e-01
6.634500e+03 7.708430e-01
6.635000e+03 7.740934e-01
6.635500e+03 7.773438e-01
6.636000e+03 7.821739e-01
6.636500e+03 7.889548e-01
6.637000e+03 7.948075e-01
6.637500e+03 7.988008e-01
6.638000e+03 8.029801e-01
6.638500e+03 8.058581e-01
6.639000e+03 8.093868e-01
6.639500e+03 8.144952e-01
6.640000e+03 8.181175e-01
6.640500e+03 8.225753e-01
6.641000e+03 8.261975e-01
6.641500e+03 8.284249e-01
6.642000e+03 8.336268e-01
6.642500e+03 8.374340e-01
6.643000e+03 8.425425e-01
6.643500e+03 8.478371e-01
6.644000e+03 8.529458e-01
6.644500e+03 8.566608e-01
6.645000e+03 8.592607e-01
6.645500e+03 8.620468e-01
6.646000e+03 8.651114e-01
6.646500e+03 8.687341e-01
6.647000e+03 8.712416e-01
6.647500e+03 8.746784e-01
6.648000e+03 8.784861e-01
6.648500e+03 8.818293e-01
6.649000e+03 8.845228e-01
6.649500e+03 8.896317e-01
6.650000e+03 8.924176e-01
6.650500e+03 8.932528e-01
6.651000e+03 8.953882e-01
6.651500e+03 8.986386e-01
6.652000e+03 9.006815e-01
6.652500e+03 9.025382e-01
6.653000e+03 9.052306e-01
6.653500e+03 9.063442e-01
6.654000e+03 9.082009e-01
6.654500e+03 9.100576e-01
6.655000e+03 9.129359e-01
6.655500e+03 9.148860e-01
6.656000e+03 9.177643e-01
6.656500e+03 9.216651e-01
6.657000e+03 9.237077e-01
6.657500e+03 9.232416e-01
6.658000e+03 9.265843e-01
6.658500e+03 9.321572e-01
6.659000e+03 9.356860e-01
6.659500e+03 9.357779e-01
6.660000e+03 9.370764e-01
6.660500e+03 9.404201e-01
6.661000e+03 9.436703e-01
6.661500e+03 9.473850e-01
6.662000e+03 9.505417e-01
6.662500e+03 9.536068e-01
6.663000e+03 9.545341e-01
6.663500e+03 9.551820e-01
6.664000e+03 9.563888e-01
6.664500e+03 9.574086e-01
6.665000e+03 9.586144e-01
6.665500e+03 9.588911e-01
6.666000e+03 9.586107e-01
6.666500e+03 9.581443e-01
6.667000e+03 9.598146e-01
6.667500e+03 9.615783e-01
6.668000e+03 9.625055e-01
6.668500e+03 9.621316e-01
6.669000e+03 9.613867e-01
6.669500e+03 9.608279e-01
6.670000e+03 9.616616e-01
6.670500e+03 9.613812e-01
6.671000e+03 9.625870e-01
6.671500e+03 9.645367e-01
6.672000e+03 9.638844e-01
6.672500e+03 9.625816e-01
6.673000e+03 9.633240e-01
6.673500e+03 9.660159e-01
6.674000e+03 9.668508e-01
6.674500e+03 9.660127e-01
6.675000e+03 9.648961e-01
6.675500e+03 9.653591e-01
6.676000e+03 9.655436e-01
6.676500e+03 9.637775e-01
6.677000e+03 9.627535e-01
6.677500e+03 9.634950e-01
6.678000e+03 9.619150e-01
6.678500e+03 9.603340e-01
6.679000e+03 9.585669e-01
6.679500e+03 9.561503e-01
6.680000e+03 9.573563e-01
6.680500e+03 9.546602e-01
6.681000e+03 9.533587e-01
6.681500e+03 9.524281e-01
6.682000e+03 9.498254e-01
6.682500e+03 9.478720e-01
6.683000e+03 9.465701e-01
6.683500e+03 9.431306e-01
6.684000e+03 9.413630e-01
6.684500e+03 9.415469e-01
6.685000e+03 9.423812e-01
6.685500e+03 9.407059e-01
6.686000e+03 9.406111e-01
6.686500e+03 9.390293e-01
6.687000e+03 9.386560e-01
6.687500e+03 9.378171e-01
6.688000e+03 9.355848e-01
6.688500e+03 9.366050e-01
6.689000e+03 9.378102e-01
6.689500e+03 9.385510e-01
6.690000e+03 9.383628e-01
6.690500e+03 9.395691e-01
6.691000e+03 9.372445e-01
6.691500e+03 9.383567e-01
6.692000e+03 9.402148e-01
6.692500e+03 9.410531e-01
6.693000e+03 9.395702e-01
6.693500e+03 9.389236e-01
6.694000e+03 9.402280e-01
6.694500e+03 9.429272e-01
6.695000e+03 9.438608e-01
6.695500e+03 9.463733e-01
6.696000e+03 9.462829e-01
6.696500e+03 9.461924e-01
6.697000e+03 9.421047e-01
6.697500e+03 9.410815e-01
6.698000e+03 9.414496e-01
6.698500e+03 9.433936e-01
6.699000e+03 9.461709e-01
6.699500e+03 9.457859e-01
6.700000e+03 9.457691e-01
6.700500e+03 9.454699e-01
6.701000e+03 9.459143e-01
6.701500e+03 9.475703e-01
6.702000e+03 9.442148e-01
6.702500e+03 9.429057e-01
6.703000e+03 9.416007e-01
6.703500e+03 9.400191e-01
6.704000e+03 9.406696e-01
6.704500e+03 9.399287e-01
6.705000e+03 9.410463e-01
6.705500e+03 9.401223e-01
6.706000e+03 9.394786e-01
6.706500e+03 9.378120e-01
6.707000e+03 9.345671e-01
6.707500e+03 9.338302e-01
6.708000e+03 9.305842e-01
6.708500e+03 9.288241e-01
6.709000e+03 9.270615e-01
6.709500e+03 9.241832e-01
6.710000e+03 9.234379e-01
6.710500e+03 9.207421e-01
6.711000e+03 9.195325e-01
6.711500e+03 9.180442e-01
6.712000e+03 9.146062e-01
6.712500e+03 9.131200e-01
6.713000e+03 9.121911e-01
6.713500e+03 9.117270e-01
6.714000e+03 9.100557e-01
6.714500e+03 9.067116e-01
6.715000e+03 9.045759e-01
6.715500e+03 9.023476e-01
6.716000e+03 8.992816e-01
6.716500e+03 8.962164e-01
6.717000e+03 8.937077e-01
6.717500e+03 8.941711e-01
6.718000e+03 8.945415e-01
6.718500e+03 8.954682e-01
6.719000e+03 8.947221e-01
6.719500e+03 8.935107e-01
6.720000e+03 8.950840e-01
6.720500e+03 8.954505e-01
6.721000e+03 8.968387e-01
6.721500e+03 8.963696e-01
6.722000e+03 8.980371e-01
6.722500e+03 8.997050e-01
6.723000e+03 9.026741e-01
6.723500e+03 9.036933e-01
6.724000e+03 9.076843e-01
6.724500e+03 9.092610e-01
6.725000e+03 9.139954e-01
6.725500e+03 9.148297e-01
6.726000e+03 9.152922e-01
6.726500e+03 9.173331e-01
6.727000e+03 9.199331e-01
6.727500e+03 9.229966e-01
6.728000e+03 9.260602e-01
6.728500e+03 9.273597e-01
6.729000e+03 9.276368e-01
6.729500e+03 9.277280e-01
6.730000e+03 9.281912e-01
6.730500e+03 9.266107e-01
6.731000e+03 9.274458e-01
6.731500e+03 9.300450e-01
6.732000e+03 9.306941e-01
6.732500e+03 9.345941e-01
6.733000e+03 9.359860e-01
6.733500e+03 9.376564e-01
6.734000e+03 9.396988e-01
6.734500e+03 9.396040e-01
6.735000e+03 9.399747e-01
6.735500e+03 9.384878e-01
6.736000e+03 9.377428e-01
6.736500e+03 9.410861e-01
6.737000e+03 9.417354e-01
6.737500e+03 9.422913e-01
6.738000e+03 9.437761e-01
6.738500e+03 9.485129e-01
6.739000e+03 9.509266e-01
6.739500e+03 9.525051e-01
6.740000e+03 9.546406e-01
6.740500e+03 9.539894e-01
6.741000e+03 9.544526e-01
6.741500e+03 9.549155e-01
6.742000e+03 9.553781e-01
6.742500e+03 9.557480e-01
6.743000e+03 9.573249e-01
6.743500e+03 9.607593e-01
6.744000e+03 9.612212e-01
6.744500e+03 9.607542e-01
6.745000e+03 9.621448e-01
6.745500e+03 9.648351e-01
6.746000e+03 9.661332e-01
6.746500e+03 9.674304e-01
6.747000e+03 9.667787e-01
6.747500e+03 9.682621e-01
6.748000e+03 9.677033e-01
6.748500e+03 9.699300e-01
6.749000e+03 9.691857e-01
6.749500e+03 9.691844e-01
6.750000e+03 9.695552e-01
6.750500e+03 9.685317e-01
6.751000e+03 9.704815e-01
6.751500e+03 9.695514e-01
6.752000e+03 9.710357e-01
6.752500e+03 9.706624e-01
6.753000e+03 9.717758e-01
6.753500e+03 9.733535e-01
6.754000e+03 9.730737e-01
6.754500e+03 9.717716e-01
6.755000e+03 9.717703e-01
6.755500e+03 9.714906e-01
6.756000e+03 9.762256e-01
6.756500e+03 9.763179e-01
6.757000e+03 9.760383e-01
6.757500e+03 9.768725e-01
6.758000e+03 9.791934e-01
6.758500e+03 9.819788e-01
6.759000e+03 9.806783e-01
6.759500e+03 9.824418e-01
6.760000e+03 9.822549e-01
6.760500e+03 9.818821e-01
6.761000e+03 9.827146e-01
6.761500e+03 9.816897e-01
6.762000e+03 9.820576e-01
6.762500e+03 9.844675e-01
6.763000e+03 9.871568e-01
6.763500e+03 9.835299e-01
6.764000e+03 9.809257e-01
6.764500e+03 9.810149e-01
6.765000e+03 9.827770e-01
6.765500e+03 9.824024e-01
6.766000e+03 9.823073e-01
6.766500e+03 9.830477e-01
6.767000e+03 9.850888e-01
6.767500e+03 9.862937e-01
6.768000e+03 9.873128e-01
6.768500e+03 9.916759e-01
6.769000e+03 9.894456e-01
6.769500e+03 9.896286e-01
6.770000e+03 9.898127e-01
6.770500e+03 9.893465e-01
6.771000e+03 9.873947e-01
6.771500e+03 9.904574e-01
6.772000e+03 9.897128e-01
6.772500e+03 9.911040e-01
6.773000e+03 9.919375e-01
6.773500e+03 9.937932e-01
6.774000e+03 9.950922e-01
6.774500e+03 9.950906e-01
6.775000e+03 9.934178e-01
6.775500e+03 9.917450e-01
6.776000e+03 9.915578e-01
6.776500e+03 9.877484e-01
6.777000e+03 9.898841e-01
6.777500e+03 9.935977e-01
6.778000e+03 9.950821e-01
6.778500e+03 9.937806e-01
6.779000e+03 9.954521e-01
6.779500e+03 9.980513e-01
6.780000e+03 1.000000e+00
6.780500e+03 9.979552e-01
6.781000e+03 9.973966e-01
6.781500e+03 9.965583e-01
6.782000e+03 9.954425e-01
6.782500e+03 9.947898e-01
6.783000e+03 9.958085e-01
6.783500e+03 9.959921e-01
6.784000e+03 9.976613e-01
6.784500e+03 9.983095e-01
6.785000e+03 9.997932e-01
6.785500e+03 9.972850e-01
6.786000e+03 9.961689e-01
6.786500e+03 9.962598e-01
6.787000e+03 9.970011e-01
6.787500e+03 9.948641e-01
6.788000e+03 9.935633e-01
6.788500e+03 9.924475e-01
6.789000e+03 9.914243e-01
6.789500e+03 9.919809e-01
6.790000e+03 9.904006e-01
6.790500e+03 9.925345e-01
6.791000e+03 9.933687e-01
6.791500e+03 9.955021e-01
6.792000e+03 9.926213e-01
6.792500e+03 9.923393e-01
6.793000e+03 9.932654e-01
6.793500e+03 9.919634e-01
6.794000e+03 9.919610e-01
6.794500e+03 9.924230e-01
6.795000e+03 9.910280e-01
6.795500e+03 9.909327e-01
6.796000e+03 9.911169e-01
6.796500e+03 9.916730e-01
6.797000e+03 9.911136e-01
6.797500e+03 9.900909e-01
6.798000e+03 9.925030e-01
6.798500e+03 9.904579e-01
6.799000e+03 9.872060e-01
6.799500e+03 9.849767e-01
6.800000e+03 9.846980e-01
6.800500e+03 9.827483e-01
6.801000e+03 9.798721e-01
6.801500e+03 9.795032e-01
6.802000e+03 9.804357e-01
6.802500e+03 9.797897e-01
6.803000e+03 9.789592e-01
6.803500e+03 9.792423e-01
6.804000e+03 9.760891e-01
6.804500e+03 9.758149e-01
6.805000e+03 9.749834e-01
6.805500e+03 9.746145e-01
6.806000e+03 9.735962e-01
6.806500e+03 9.719266e-01
6.807000e+03 9.726729e-01
6.807500e+03 9.686814e-01
6.808000e+03 9.690554e-01
6.808500e+03 9.702646e-01
6.809000e+03 9.683169e-01
6.809500e+03 9.679475e-01
6.810000e+03 9.659070e-01
6.810500e+03 9.629395e-01
6.811000e+03 9.607142e-01
6.811500e+03 9.583044e-01
6.812000e+03 9.579372e-01
6.812500e+03 9.572917e-01
6.813000e+03 9.580395e-01
6.813500e+03 9.564664e-01
6.814000e+03 9.526630e-01
6.814500e+03 9.522967e-01
6.815000e+03 9.494213e-01
6.815500e+03 9.499829e-01
6.816000e+03 9.468285e-01
6.816500e+03 9.465535e-01
6.817000e+03 9.475882e-01
6.817500e+03 9.467127e-01
6.818000e+03 9.453893e-01
6.818500e+03 9.460058e-01
6.819000e+03 9.448165e-01
6.819500e+03 9.428179e-01
6.820000e+03 9.409093e-01
6.820500e+03 9.396229e-01
6.821000e+03 9.384053e-01
6.821500e+03 9.372796e-01
6.822000e+03 9.358930e-01
6.822500e+03 9.358432e-01
6.823000e+03 9.368716e-01
6.823500e+03 9.373282e-01
6.824000e+03 9.372379e-01
6.824500e+03 9.357886e-01
6.825000e+03 9.328205e-01
6.825500e+03 9.324156e-01
6.826000e+03 9.303082e-01
6.826500e+03 9.294136e-01
6.827000e+03 9.315853e-01
6.827500e+03 9.319363e-01
6.828000e+03 9.330373e-01
6.828500e+03 9.323901e-01
6.829000e+03 9.315505e-01
6.829500e+03 9.304154e-01
6.830000e+03 9.317346e-01
6.830500e+03 9.317265e-01
6.831000e+03 9.305801e-01
6.831500e+03 9.323437e-01
6.832000e+03 9.336254e-01
6.832500e+03 9.329669e-01
6.833000e+03 9.341342e-01
6.833500e+03 9.321885e-01
6.834000e+03 9.336395e-01
6.834500e+03 9.345563e-01
6.835000e+03 9.342145e-01
6.835500e+03 9.366454e-01
6.836000e+03 9.389241e-01
6.836500e+03 9.394901e-01
6.837000e+03 9.405354e-01
6.837500e+03 9.424167e-01
6.838000e+03 9.429366e-01
6.838500e+03 9.422703e-01
6.839000e+03 9.437796e-01
6.839500e+03 9.439948e-01
6.840000e+03 9.439095e-01
6.840500e+03 9.446980e-01
6.841000e+03 9.443642e-01
6.841500e+03 9.454589e-01
6.842000e+03 9.465338e-01
6.842500e+03 9.461442e-01
6.843000e+03 9.475632e-01
6.843500e+03 9.465347e-01
6.844000e+03 9.456966e-01
6.844500e+03 9.467741e-01
6.845000e+03 9.473291e-01
6.845500e+03 9.475490e-01
6.846000e+03 9.478904e-01
6.846500e+03 9.500634e-01
6.847000e+03 9.497280e-01
6.847500e+03 9.483213e-01
6.848000e+03 9.486350e-01
6.848500e+03 9.477732e-01
6.849000e+03 9.475322e-01
6.849500e+03 9.461914e-01
6.850000e+03 9.443748e-01
6.850500e+03 9.464874e-01
6.851000e+03 9.436204e-01
6.851500e+03 9.418137e-01
6.852000e+03 9.407106e-01
6.852500e+03 9.384331e-01
6.853000e+03 9.361544e-01
6.853500e+03 9.356764e-01
6.854000e+03 9.336843e-01
6.854500e+03 9.316219e-01
6.855000e+03 9.321813e-01
6.855500e+03 9.320522e-01
6.856000e+03 9.314003e-01
6.856500e+03 9.313034e-01
6.857000e+03 9.314951e-01
6.857500e+03 9.335775e-01
6.858000e+03 9.329850e-01
6.858500e+03 9.290896e-01
6.859000e+03 9.283991e-01
6.859500e+03 9.292959e-01
6.860000e+03 9.291866e-01
6.860500e+03 9.310041e-01
6.861000e+03 9.312796e-01
6.861500e+03 9.308210e-01
6.862000e+03 9.300817e-01
6.862500e+03 9.305792e-01
6.863000e+03 9.272569e-01
6.863500e+03 9.275812e-01
6.864000e+03 9.251669e-01
6.864500e+03 9.240147e-01
6.865000e+03 9.214714e-01
6.865500e+03 9.191276e-01
6.866000e+03 9.170605e-01
6.866500e+03 9.166858e-01
6.867000e+03 9.156260e-01
6.867500e+03 9.147593e-01
6.868000e+03 9.140773e-01
6.868500e+03 9.110116e-01
6.869000e+03 9.111159e-01
6.869500e+03 9.099693e-01
6.870000e+03 9.080940e-01
6.870500e+03 9.057487e-01
6.871000e+03 9.054941e-01
6.871500e+03 8.997630e-01
6.872000e+03 8.971924e-01
6.872500e+03 8.944428e-01
6.873000e+03 8.944195e-01
6.873500e+03 8.951939e-01
6.874000e+03 8.979115e-01
6.874500e+03 8.976651e-01
6.875000e+03 8.970896e-01
6.875500e+03 8.959103e-01
6.876000e+03 8.960519e-01
6.876500e+03 8.968937e-01
6.877000e+03 8.962858e-01
6.877500e+03 8.943365e-01
6.878000e+03 8.953628e-01
6.878500e+03 8.945076e-01
6.879000e+03 8.938171e-01
6.879500e+03 8.953315e-01
6.880000e+03 8.974297e-01
6.880500e+03 8.999663e-01
6.881000e+03 9.002242e-01
6.881500e+03 8.971179e-01
6.882000e+03 8.936646e-01
6.882500e+03 8.945419e-01
6.883000e+03 8.948288e-01
6.883500e+03 8.949265e-01
6.884000e+03 8.941013e-01
6.884500e+03 8.916240e-01
6.885000e+03 8.891229e-01
6.885500e+03 8.869657e-01
6.886000e+03 8.859407e-01
6.886500e+03 8.864004e-01
6.887000e+03 8.858872e-01
6.887500e+03 8.854514e-01
6.888000e+03 8.838689e-01
6.888500e+03 8.830751e-01
6.889000e+03 8.830725e-01
6.889500e+03 8.843081e-01
6.890000e+03 8.843282e-01
6.890500e+03 8.832223e-01
6.891000e+03 8.833594e-01
6.891500e+03 8.821003e-01
6.892000e+03 8.797026e-01
6.892500e+03 8.796776e-01
6.893000e+03 8.809696e-01
6.893500e+03 8.834863e-01
6.894000e+03 8.844075e-01
6.894500e+03 8.838251e-01
6.895000e+03 8.858807e-01
6.895500e+03 8.857303e-01
6.896000e+03 8.864574e-01
6.896500e+03 8.864760e-01
6.897000e+03 8.867538e-01
6.897500e+03 8.849919e-01
6.898000e+03 8.863114e-01
6.898500e+03 8.848924e-01
6.899000e+03 8.855955e-01
6.899500e+03 8.848937e-01
6.900000e+03 8.840274e-01
6.900500e+03 8.843254e-01
6.901000e+03 8.833984e-01
6.901500e+03 8.810644e-01
6.902000e+03 8.782904e-01
6.902500e+03 8.766646e-01
6.903000e+03 8.722879e-01
6.903500e+03 8.689622e-01
6.904000e+03 8.658007e-01
6.904500e+03 8.621896e-01
6.905000e+03 8.599915e-01
6.905500e+03 8.596508e-01
6.906000e+03 8.573550e-01
6.906500e+03 8.557635e-01
6.907000e+03 8.524806e-01
6.907500e+03 8.508744e-01
6.908000e+03 8.511258e-01
6.908500e+03 8.476426e-01
6.909000e+03 8.446043e-01
6.909500e+03 8.418387e-01
6.910000e+03 8.398828e-01
6.910500e+03 8.367837e-01
6.911000e+03 8.354731e-01
6.911500e+03 8.368408e-01
6.912000e+03 8.360737e-01
6.912500e+03 8.343242e-01
6.913000e+03 8.302496e-01
6.913500e+03 8.282128e-01
6.914000e+03 8.258142e-01
6.914500e+03 8.242141e-01
6.915000e+03 8.199311e-01
6.915500e+03 8.162684e-01
6.916000e+03 8.138502e-01
6.916500e+03 8.118745e-01
6.917000e+03 8.096270e-01
6.917500e+03 8.076396e-01
6.918000e+03 8.033181e-01
6.918500e+03 8.013177e-01
6.919000e+03 7.977963e-01
6.919500e+03 7.941006e-01
6.920000e+03 7.900545e-01
6.920500e+03 7.856604e-01
6.921000e+03 7.833338e-01
6.921500e+03 7.808327e-01
6.922000e+03 7.754618e-01
6.922500e+03 7.713388e-01
6.923000e+03 7.715129e-01
6.923500e+03 7.688087e-01
6.924000e+03 7.614321e-01
6.924500e+03 7.584490e-01
6.925000e+03 7.544726e-01
6.925500e+03 7.509404e-01
6.926000e+03 7.482130e-01
6.926500e+03 7.440432e-01
6.927000e+03 7.400477e-01
6.927500e+03 7.349663e-01
6.928000e+03 7.308654e-01
6.928500e+03 7.277487e-01
6.929000e+03 7.229203e-01
6.929500e+03 7.170130e-01
6.930000e+03 7.133631e-01
6.930500e+03 7.072894e-01
6.931000e+03 6.983353e-01
6.931500e+03 6.916332e-01
6.932000e+03 6.882648e-01
6.932500e+03 6.818195e-01
6.933000e+03 6.752747e-01
6.933500e+03 6.699885e-01
6.934000e+03 6.641540e-01
6.934500e+03 6.569577e-01
6.935000e+03 6.489417e-01
6.935500e+03 6.431789e-01
6.936000e+03 6.374116e-01
6.936500e+03 6.300090e-01
6.937000e+03 6.252259e-01
6.937500e+03 6.184463e-01
6.938000e+03 6.117463e-01
6.938500e+03 6.065810e-01
6.939000e+03 6.006870e-01
6.939500e+03 5.965165e-01
6.940000e+03 5.902637e-01
6.940500e+03 5.844708e-01
6.941000e+03 5.791330e-01
6.941500e+03 5.737948e-01
6.942000e+03 5.681778e-01
6.942500e+03 5.632802e-01
6.943000e+03 5.590127e-01
6.943500e+03 5.540149e-01
6.944000e+03 5.480103e-01
6.944500e+03 5.431838e-01
6.945000e+03 5.358050e-01
6.945500e+03 5.309688e-01
6.946000e+03 5.264012e-01
6.946500e+03 5.199171e-01
6.947000e+03 5.158879e-01
6.947500e+03 5.110345e-01
6.948000e+03 5.060830e-01
6.948500e+03 5.007612e-01
6.949000e+03 4.960747e-01
6.949500e+03 4.904757e-01
6.950000e+03 4.855181e-01
6.950500e+03 4.798333e-01
6.951000e+03 4.745148e-01
6.951500e+03 4.684624e-01
6.952000e+03 4.625849e-01
6.952500e+03 4.582573e-01
6.953000e+03 4.536505e-01
6.953500e+03 4.480336e-01
6.954000e+03 4.426863e-01
6.954500e+03 4.377923e-01
6.955000e+03 4.334433e-01
6.955500e+03 4.277175e-01
6.956000e+03 4.207950e-01
6.956500e+03 4.153335e-01
6.957000e+03 4.087682e-01
6.957500e+03 4.026566e-01
6.958000e+03 3.970899e-01
6.958500e+03 3.922518e-01
6.959000e+03 3.871340e-01
6.959500e+03 3.807291e-01
6.960000e+03 3.752444e-01
6.960500e+03 3.688432e-01
6.961000e+03 3.634515e-01
6.961500e+03 3.575956e-01
6.962000e+03 3.518255e-01
6.962500e+03 3.474310e-01
6.963000e+03 3.417449e-01
6.963500e+03 3.359627e-01
6.964000e+03 3.337674e-01
6.964500e+03 3.300036e-01
6.965000e+03 3.258676e-01
6.965500e+03 3.216377e-01
6.966000e+03 3.164813e-01
6.966500e+03 3.112292e-01
6.967000e+03 3.072645e-01
6.967500e+03 3.035745e-01
6.968000e+03 2.983108e-01
6.968500e+03 2.943362e-01
6.969000e+03 2.898033e-01
6.969500e+03 2.859161e-01
6.970000e+03 2.811044e-01
6.970500e+03 2.768506e-01
6.971000e+03 2.708364e-01
6.971500e+03 2.666686e-01
6.972000e+03 2.602756e-01
6.972500e+03 2.547107e-01
6.973000e+03 2.490506e-01
6.973500e+03 2.444973e-01
6.974000e+03 2.406819e-01
6.974500e+03 2.361222e-01
6.975000e+03 2.320229e-01
6.975500e+03 2.281064e-01
6.976000e+03 2.263210e-01
6.976500e+03 2.226777e-01
6.977000e+03 2.181958e-01
6.977500e+03 2.148255e-01
6.978000e+03 2.112677e-01
6.978500e+03 2.070635e-01
6.979000e+03 2.042566e-01
6.979500e+03 2.012511e-01
6.980000e+03 1.986829e-01
6.980500e+03 1.945959e-01
6.981000e+03 1.926426e-01
6.981500e+03 1.887395e-01
6.982000e+03 1.855792e-01
6.982500e+03 1.825124e-01
6.983000e+03 1.785152e-01
6.983500e+03 1.748894e-01
6.984000e+03 1.715434e-01
6.984500e+03 1.694991e-01
6.985000e+03 1.666170e-01
6.985500e+03 1.650387e-01
6.986000e+03 1.624353e-01
6.986500e+03 1.605770e-01
6.987000e+03 1.587186e-01
6.987500e+03 1.557445e-01
6.988000e+03 1.529555e-01
6.988500e+03 1.518410e-01
6.989000e+03 1.497033e-01
6.989500e+03 1.471931e-01
6.990000e+03 1.452407e-01
6.990500e+03 1.430104e-01
6.991000e+03 1.414306e-01
6.991500e+03 1.392928e-01
6.992000e+03 1.366897e-01
6.992500e+03 1.336203e-01
6.993000e+03 1.319475e-01
6.993500e+03 1.276694e-01
6.994000e+03 1.256239e-01
6.994500e+03 1.232067e-01
6.995000e+03 1.209747e-01
6.995500e+03 1.193016e-01
6.996000e+03 1.172558e-01
6.996500e+03 1.151173e-01
6.997000e+03 1.114891e-01
6.997500e+03 1.107464e-01
6.998000e+03 1.076770e-01
6.998500e+03 1.054445e-01
6.999000e+03 1.027479e-01
6.999500e+03 1.007946e-01
7.000000e+03 1.002372e-01
7.000500e+03 9.912091e-02
7.001000e+03 9.744613e-02
7.001500e+03 9.642283e-02
7.002000e+03 9.539953e-02
7.002500e+03 9.335240e-02
7.003000e+03 9.167755e-02
7.003500e+03 8.999342e-02
7.004000e+03 8.847668e-02
7.004500e+03 8.688558e-02
7.005000e+03 8.655098e-02
7.005500e+03 8.439203e-02
7.006000e+03 8.323826e-02
7.006500e+03 8.125616e-02
7.007000e+03 8.051194e-02
7.007500e+03 7.947922e-02
7.008000e+03 7.693849e-02
7.008500e+03 7.378356e-02
7.009000e+03 7.173617e-02
7.009500e+03 7.071265e-02
7.010000e+03 6.918644e-02
7.010500e+03 6.794882e-02
7.011000e+03 6.601309e-02
7.011500e+03 6.367702e-02
7.012000e+03 6.157373e-02
7.012500e+03 6.012200e-02
7.013000e+03 5.860497e-02
7.013500e+03 5.585004e-02
7.014000e+03 5.606441e-02
7.014500e+03 5.553410e-02
7.015000e+03 5.431501e-02
7.015500e+03 5.218360e-02
7.016000e+03 5.144855e-02
7.016500e+03 5.202597e-02
7.017000e+03 5.183070e-02
7.017500e+03 5.009958e-02
7.018000e+03 4.917822e-02
7.018500e+03 4.837795e-02
7.019000e+03 4.893672e-02
7.019500e+03 4.915105e-02
7.020000e+03 4.913265e-02
7.020500e+03 4.812755e-02
7.021000e+03 4.569816e-02
7.021500e+03 4.608929e-02
7.022000e+03 4.414397e-02
7.022500e+03 4.204962e-02
7.023000e+03 4.091409e-02
7.023500e+03 4.019746e-02
7.024000e+03 3.930400e-02
7.024500e+03 3.760061e-02
7.025000e+03 3.690259e-02
7.025500e+03 3.689340e-02
7.026000e+03 3.638156e-02
7.026500e+03 3.546943e-02
7.027000e+03 3.517167e-02
7.027500e+03 3.427816e-02
7.028000e+03 3.335663e-02
7.028500e+03 3.317060e-02
7.029000e+03 3.386899e-02
7.029500e+03 3.276135e-02
7.030000e+03 3.234256e-02
7.030500e+03 3.304096e-02
7.031000e+03 3.284555e-02
7.031500e+03 3.294819e-02
7.032000e+03 3.162630e-02
7.032500e+03 3.213851e-02
7.033000e+03 3.120766e-02
7.033500e+03 2.960644e-02
7.034000e+03 2.831242e-02
7.034500e+03 2.808917e-02
7.035000e+03 2.780063e-02
7.035500e+03 2.707458e-02
7.036000e+03 2.656264e-02
7.036500e+03 2.666524e-02
7.037000e+03 2.604155e-02
7.037500e+03 2.545513e-02
7.038000e+03 2.487798e-02
7.038500e+03 2.466397e-02
7.039000e+03 2.365846e-02
7.039500e+03 2.374241e-02
7.040000e+03 2.396602e-02
7.040500e+03 2.284884e-02
7.041000e+03 2.334240e-02
7.041500e+03 2.436671e-02
7.042000e+03 2.488819e-02
7.042500e+03 2.328679e-02
7.043000e+03 2.120128e-02
7.043500e+03 2.109890e-02
7.044000e+03 2.051241e-02
7.044500e+03 1.940453e-02
7.045000e+03 2.036365e-02
7.045500e+03 2.088513e-02
7.046000e+03 2.098771e-02
7.046500e+03 2.081084e-02
7.047000e+03 2.074573e-02
7.047500e+03 1.987988e-02
7.048000e+03 1.967510e-02
7.048500e+03 1.960998e-02
7.049000e+03 1.925625e-02
7.049500e+03 1.812968e-02
7.050000e+03 1.785041e-02
7.050500e+03 1.878165e-02
7.051000e+03 1.826960e-02
7.051500e+03 1.780410e-02
7.052000e+03 1.823248e-02
7.052500e+03 1.888440e-02
7.053000e+03 1.724564e-02
7.053500e+03 1.693846e-02
7.054000e+03 1.716197e-02
7.054500e+03 1.696655e-02
7.055000e+03 1.656623e-02
7.055500e+03 1.575614e-02
7.056000e+03 1.504844e-02
7.056500e+03 1.401490e-02
7.057000e+03 1.350279e-02
7.057500e+03 1.404295e-02
7.058000e+03 1.364261e-02
7.058500e+03 1.375445e-02
7.059000e+03 1.459264e-02
7.059500e+03 1.520729e-02
7.060000e+03 1.532841e-02
7.060500e+03 1.504910e-02
7.061000e+03 1.527272e-02
7.061500e+03 1.527280e-02
7.062000e+03 1.415535e-02
7.062500e+03 1.415542e-02
7.063000e+03 1.426726e-02
7.063500e+03 1.458391e-02
7.064000e+03 1.489139e-02
7.064500e+03 1.512429e-02
7.065000e+03 1.392294e-02
7.065500e+03 1.405344e-02
7.066000e+03 1.456573e-02
7.066500e+03 1.424911e-02
7.067000e+03 1.251697e-02
7.067500e+03 1.158571e-02
7.068000e+03 1.085925e-02
7.068500e+03 9.574102e-03
7.069000e+03 9.052600e-03
7.069500e+03 8.071943e-03
7.070000e+03 9.095527e-03
7.070500e+03 8.370055e-03
7.071000e+03 7.617562e-03
7.071500e+03 7.006622e-03
7.072000e+03 6.693722e-03
7.072500e+03 6.466497e-03
7.073000e+03 6.835359e-03
7.073500e+03 5.570572e-03
7.074000e+03 4.632705e-03
7.074500e+03 4.121392e-03
7.075000e+03 4.818092e-03
7.075500e+03 4.362669e-03
7.076000e+03 4.832111e-03
7.076500e+03 4.931797e-03
7.077000e+03 5.215902e-03
7.077500e+03 6.480788e-03
7.078000e+03 6.040260e-03
7.078500e+03 6.139954e-03
7.079000e+03 6.750998e-03
7.079500e+03 7.219540e-03
7.080000e+03 7.390964e-03
7.080500e+03 7.703033e-03
7.081000e+03 7.689097e-03
7.081500e+03 8.186532e-03
7.082000e+03 7.405073e-03
7.082500e+03 6.537921e-03
7.083000e+03 6.211000e-03
7.083500e+03 6.850947e-03
7.084000e+03 5.898083e-03
7.084500e+03 6.267906e-03
7.085000e+03 6.367593e-03
7.085500e+03 5.557229e-03
7.086000e+03 4.846529e-03
7.086500e+03 5.230327e-03
7.087000e+03 5.116705e-03
7.087500e+03 5.500508e-03
7.088000e+03 5.813513e-03
7.088500e+03 4.861545e-03
7.089000e+03 4.861566e-03
7.089500e+03 5.244437e-03
7.090000e+03 5.557446e-03
7.090500e+03 5.941261e-03
7.091000e+03 6.339053e-03
7.091500e+03 6.054965e-03
7.092000e+03 6.808612e-03
7.092500e+03 6.140727e-03
7.093000e+03 5.387132e-03
7.093500e+03 4.719234e-03
7.094000e+03 4.548785e-03
7.094500e+03 3.482171e-03
7.095000e+03 3.795200e-03
7.095500e+03 2.757446e-03
7.096000e+03 1.905069e-03
7.096500e+03 2.288891e-03
7.097000e+03 2.288902e-03
7.097500e+03 0.000000e+00
7.098000e+03 1.407632e-03
7.098500e+03 2.373706e-03
7.099000e+03 1.421619e-03
7.099500e+03 1.421626e-03
7.100000e+03 0.000000e+00
7.100500e+03 1.478475e-03
7.101000e+03 2.246131e-03
7.101500e+03 3.738608e-03
7.102000e+03 4.619957e-03
7.102500e+03 5.203182e-03
7.103000e+03 4.392684e-03
7.103500e+03 4.392709e-03
7.104000e+03 4.065728e-03
7.104500e+03 5.032808e-03
7.105000e+03 5.046812e-03
7.105500e+03 5.487516e-03
7.106000e+03 4.193451e-03
7.106500e+03 4.009004e-03
7.107000e+03 4.677045e-03
7.107500e+03 4.790741e-03
7.108000e+03 5.345126e-03
7.108500e+03 3.454736e-03
7.109000e+03 3.468731e-03
7.109500e+03 3.554467e-03
7.110000e+03 3.568460e-03
7.110500e+03 3.383997e-03
7.111000e+03 3.909495e-03
7.111500e+03 4.691233e-03
7.112000e+03 6.085115e-03
7.112500e+03 5.231677e-03
7.113000e+03 5.118026e-03
7.113500e+03 5.047239e-03
7.114000e+03 6.667557e-03
7.114500e+03 6.469125e-03
7.115000e+03 4.976484e-03
7.115500e+03 4.976505e-03
7.116000e+03 3.795994e-03
7.116500e+03 3.284467e-03
7.117000e+03 3.980513e-03
7.117500e+03 3.284493e-03
7.118000e+03 2.687243e-03
7.118500e+03 3.284520e-03
7.119000e+03 3.497916e-03
7.119500e+03 3.085142e-03
7.120000e+03 1.606412e-03
7.120500e+03 1.678160e-03
7.121000e+03 0.000000e+00
7.121500e+03 1.492753e-03
7.122000e+03 0.000000e+00
7.122500e+03 1.862700e-03
7.123000e+03 4.450361e-03
7.123500e+03 4.336708e-03
7.124000e+03 5.616126e-03
7.124500e+03 6.953332e-03
7.125000e+03 4.564133e-03
7.125500e+03 3.384449e-03
7.126000e+03 3.554991e-03
7.126500e+03 2.957697e-03
7.127000e+03 2.217814e-03
7.127500e+03 2.431225e-03
7.128000e+03 2.516961e-03
7.128500e+03 2.587801e-03
7.129000e+03 2.587813e-03
7.129500e+03 2.289625e-03
7.130000e+03 3.085456e-03
7.130500e+03 0.000000e+00
7.131000e+03 0.000000e+00
7.131500e+03 0.000000e+00
7.132000e+03 0.000000e+00
7.132500e+03 0.000000e+00
7.133000e+03 1.606610e-03
7.133500e+03 1.108973e-03
7.134000e+03 0.000000e+00
7.134500e+03 1.549778e-03
7.135000e+03 1.876896e-03
7.135500e+03 1.294484e-03
7.136000e+03 0.000000e+00
7.136500e+03 0.000000e+00
7.137000e+03 0.000000e+00
7.137500e+03 0.000000e+00
7.138000e+03 0.000000e+00
7.138500e+03 0.000000e+00
7.139000e+03 0.000000e+00
7.139500e+03 0.000000e+00
7.140000e+03 0.000000e+00
7.140500e+03 0.000000e+00
7.141000e+03 0.000000e+00
7.141500e+03 0.000000e+00
7.142000e+03 1.487922e-03
7.142500e+03 0.000000e+00
7.143000e+03 0.000000e+00
7.143500e+03 0.000000e+00
7.144000e+03 0.000000e+00
7.144500e+03 1.326212e-03
7.145000e+03 1.705777e-03
7.145500e+03 0.000000e+00
7.146000e+03 1.759147e-03
7.146500e+03 2.826800e-03
7.147000e+03 2.838207e-03
7.147500e+03 1.558674e-03
7.148000e+03 1.739368e-03
7.148500e+03 2.537009e-03
7.149000e+03 1.161869e-03
7.149500e+03 1.958623e-03
7.150000e+03 1.970669e-03
7.150500e+03 2.472408e-03
7.151000e+03 4.437504e-03
7.151500e+03 4.364187e-03
7.152000e+03 3.371631e-03
7.152500e+03 2.602459e-03
7.153000e+03 3.003935e-03
7.153500e+03 2.306534e-03
7.154000e+03 1.512997e-03
7.154500e+03 0.000000e+00
7.155000e+03 0.000000e+00
7.155500e+03 1.980003e-03
7.156000e+03 2.379919e-03
7.156500e+03 2.626055e-03
7.157000e+03 3.272691e-03
7.157500e+03 3.380164e-03
7.158000e+03 3.680792e-03
7.158500e+03 4.352786e-03
7.159000e+03 3.302765e-03
7.159500e+03 3.079985e-03
7.160000e+03 3.695782e-03
7.160500e+03 3.938976e-03
7.161000e+03 3.825833e-03
7.161500e+03 5.083106e-03
7.162000e+03 3.600140e-03
7.162500e+03 3.419471e-03
7.163000e+03 2.336431e-03
7.163500e+03 1.692831e-03
7.164000e+03 1.473201e-03
7.164500e+03 1.226278e-03
7.165000e+03 1.620495e-03
7.165500e+03 1.224100e-03
7.166000e+03 0.000000e+00
7.166500e+03 0.000000e+00
7.167000e+03 0.000000e+00
7.167500e+03 0.000000e+00
7.168000e+03 0.000000e+00
7.168500e+03 0.000000e+00
7.169000e+03 0.000000e+00
7.169500e+03 0.000000e+00
7.170000e+03 0.000000e+00
7.170500e+03 0.000000e+00
7.171000e+03 0.000000e+00
7.171500e+03 0.000000e+00
7.172000e+03 0.000000e+00
7.172500e+03 0.000000e+00
7.173000e+03 0.000000e+00
7.173500e+03 0.000000e+00
7.174000e+03 0.000000e+00
7.174500e+03 1.056885e-03
7.175000e+03 2.459989e-03
7.175500e+03 1.642349e-03
7.176000e+03 3.880025e-03
7.176500e+03 3.968553e-03
7.177000e+03 4.628922e-03
7.177500e+03 2.405074e-03
7.178000e+03 0.000000e+00
7.178500e+03 0.000000e+00
7.179000e+03 0.000000e+00
7.179500e+03 0.000000e+00
7.180000e+03 0.000000e+00
7.180500e+03 0.000000e+00
7.181000e+03 0.000000e+00
7.181500e+03 0.000000e+00
7.182000e+03 0.000000e+00
7.182500e+03 0.000000e+00
7.183000e+03 0.000000e+00
7.183500e+03 0.000000e+00
7.184000e+03 0.000000e+00
7.184500e+03 0.000000e+00
7.185000e+03 0.000000e+00
7.185500e+03 0.000000e+00
7.186000e+03 0.000000e+00
7.186500e+03 0.000000e+00
7.187000e+03 0.000000e+00
7.187500e+03 0.000000e+00
7.188000e+03 1.039980e-03
7.188500e+03 0.000000e+00
7.189000e+03 1.735242e-03
7.189500e+03 2.109520e-03
7.190000e+03 2.564629e-03
7.190500e+03 1.750413e-03
7.191000e+03 1.764238e-03
7.191500e+03 2.206591e-03
7.192000e+03 3.103411e-03
7.192500e+03 3.479108e-03
7.193000e+03 3.494497e-03
7.193500e+03 4.406029e-03
7.194000e+03 4.139940e-03
7.194500e+03 4.141545e-03
7.195000e+03 3.245099e-03
7.195500e+03 3.808950e-03
7.196000e+03 3.193969e-03
7.196500e+03 3.395781e-03
7.197000e+03 2.201952e-03
7.197500e+03 1.759955e-03
7.198000e+03 1.868079e-03
7.198500e+03 2.352527e-03
7.199000e+03 1.358291e-03
