# # Wavelength(Angstrom)  Transmission
5.940000e+03 1.248488e-03
5.940500e+03 1.140501e-03
5.941000e+03 1.202209e-03
5.941500e+03 1.202299e-03
5.942000e+03 1.310506e-03
5.942500e+03 1.310605e-03
5.943000e+03 1.495635e-03
5.943500e+03 1.387606e-03
5.944000e+03 1.572669e-03
5.944500e+03 1.742609e-03
5.945000e+03 1.850894e-03
5.945500e+03 2.190717e-03
5.946000e+03 2.299063e-03
5.946500e+03 2.406407e-03
5.947000e+03 2.484449e-03
5.947500e+03 2.731373e-03
5.948000e+03 2.654721e-03
5.948500e+03 2.654920e-03
5.949000e+03 2.762331e-03
5.949500e+03 2.762539e-03
5.950000e+03 2.762748e-03
5.950500e+03 2.948108e-03
5.951000e+03 3.041407e-03
5.951500e+03 3.149909e-03
5.952000e+03 3.072228e-03
5.952500e+03 3.072462e-03
5.953000e+03 2.965420e-03
5.953500e+03 2.795605e-03
5.954000e+03 2.965873e-03
5.954500e+03 3.043030e-03
5.955000e+03 3.043262e-03
5.955500e+03 2.858213e-03
5.956000e+03 2.858431e-03
5.956500e+03 3.043957e-03
5.957000e+03 3.044189e-03
5.957500e+03 3.152791e-03
5.958000e+03 3.323189e-03
5.958500e+03 3.245454e-03
5.959000e+03 3.245701e-03
5.959500e+03 3.323946e-03
5.960000e+03 3.324198e-03
5.960500e+03 3.401463e-03
5.961000e+03 3.587156e-03
5.961500e+03 3.866112e-03
5.962000e+03 3.696143e-03
5.962500e+03 3.897103e-03
5.963000e+03 3.990653e-03
5.963500e+03 4.176460e-03
5.964000e+03 4.532608e-03
5.964500e+03 4.810752e-03
5.965000e+03 5.089947e-03
5.965500e+03 5.167392e-03
5.966000e+03 5.075505e-03
5.966500e+03 5.354783e-03
5.967000e+03 5.355188e-03
5.967500e+03 5.447890e-03
5.968000e+03 5.804360e-03
5.968500e+03 6.005660e-03
5.969000e+03 6.208011e-03
5.969500e+03 6.208478e-03
5.970000e+03 6.486966e-03
5.970500e+03 6.379891e-03
5.971000e+03 6.380370e-03
5.971500e+03 6.581801e-03
5.972000e+03 6.505158e-03
5.972500e+03 6.427482e-03
5.973000e+03 6.598507e-03
5.973500e+03 6.878190e-03
5.974000e+03 6.971092e-03
5.974500e+03 6.863986e-03
5.975000e+03 7.050324e-03
5.975500e+03 7.236689e-03
5.976000e+03 7.237228e-03
5.976500e+03 7.314966e-03
5.977000e+03 7.486156e-03
5.977500e+03 7.563914e-03
5.978000e+03 7.735162e-03
5.978500e+03 7.921665e-03
5.979000e+03 8.108199e-03
5.979500e+03 8.279520e-03
5.980000e+03 8.621603e-03
5.980500e+03 8.901741e-03
5.981000e+03 8.902420e-03
5.981500e+03 8.903100e-03
5.982000e+03 9.182303e-03
5.982500e+03 9.571351e-03
5.983000e+03 9.572077e-03
5.983500e+03 9.851386e-03
5.984000e+03 1.005445e-02
5.984500e+03 1.014773e-02
5.985000e+03 1.042405e-02
5.985500e+03 1.080112e-02
5.986000e+03 1.091378e-02
5.986500e+03 1.118923e-02
5.987000e+03 1.147487e-02
5.987500e+03 1.175044e-02
5.988000e+03 1.186323e-02
5.988500e+03 1.193541e-02
5.989000e+03 1.222130e-02
5.989500e+03 1.249713e-02
5.990000e+03 1.278318e-02
5.990500e+03 1.305919e-02
5.991000e+03 1.362028e-02
5.991500e+03 1.362156e-02
5.992000e+03 1.379595e-02
5.992500e+03 1.435727e-02
5.993000e+03 1.463358e-02
5.993500e+03 1.454324e-02
5.994000e+03 1.471776e-02
5.994500e+03 1.499418e-02
5.995000e+03 1.537253e-02
5.995500e+03 1.548598e-02
5.996000e+03 1.576255e-02
5.996500e+03 1.614107e-02
5.997000e+03 1.641764e-02
5.997500e+03 1.690847e-02
5.998000e+03 1.701197e-02
5.998500e+03 1.718676e-02
5.999000e+03 1.739226e-02
5.999500e+03 1.784254e-02
6.000000e+03 1.812968e-02
6.000500e+03 1.820278e-02
6.001000e+03 1.828604e-02
6.001500e+03 1.856315e-02
6.002000e+03 1.914628e-02
6.002500e+03 1.953561e-02
6.003000e+03 1.983324e-02
6.003500e+03 2.019210e-02
6.004000e+03 2.066326e-02
6.004500e+03 2.103249e-02
6.005000e+03 2.133052e-02
6.005500e+03 2.159799e-02
6.006000e+03 2.215156e-02
6.006500e+03 2.245015e-02
6.007000e+03 2.292242e-02
6.007500e+03 2.349701e-02
6.008000e+03 2.407192e-02
6.008500e+03 2.476950e-02
6.009000e+03 2.534465e-02
6.009500e+03 2.593021e-02
6.010000e+03 2.629105e-02
6.010500e+03 2.657020e-02
6.011000e+03 2.713557e-02
6.011500e+03 2.760903e-02
6.012000e+03 2.818495e-02
6.012500e+03 2.875072e-02
6.013000e+03 2.950067e-02
6.013500e+03 3.006673e-02
6.014000e+03 3.085798e-02
6.014500e+03 3.188467e-02
6.015000e+03 3.247172e-02
6.015500e+03 3.297697e-02
6.016000e+03 3.355412e-02
6.016500e+03 3.402896e-02
6.017000e+03 3.481098e-02
6.017500e+03 3.594129e-02
6.018000e+03 3.662147e-02
6.018500e+03 3.764989e-02
6.019000e+03 3.812552e-02
6.019500e+03 3.916468e-02
6.020000e+03 3.964061e-02
6.020500e+03 4.060848e-02
6.021000e+03 4.128961e-02
6.021500e+03 4.215545e-02
6.022000e+03 4.299066e-02
6.022500e+03 4.356984e-02
6.023000e+03 4.432356e-02
6.023500e+03 4.517987e-02
6.024000e+03 4.610817e-02
6.024500e+03 4.695469e-02
6.025000e+03 4.782183e-02
6.025500e+03 4.841233e-02
6.026000e+03 4.983384e-02
6.026500e+03 5.070174e-02
6.027000e+03 5.213408e-02
6.027500e+03 5.292040e-02
6.028000e+03 5.407633e-02
6.028500e+03 5.492451e-02
6.029000e+03 5.596809e-02
6.029500e+03 5.721716e-02
6.030000e+03 5.827150e-02
6.030500e+03 5.948014e-02
6.031000e+03 6.080201e-02
6.031500e+03 6.249405e-02
6.032000e+03 6.392956e-02
6.032500e+03 6.517028e-02
6.033000e+03 6.658600e-02
6.033500e+03 6.828980e-02
6.034000e+03 6.978845e-02
6.034500e+03 7.128746e-02
6.035000e+03 7.289987e-02
6.035500e+03 7.488289e-02
6.036000e+03 7.676355e-02
6.036500e+03 7.845957e-02
6.037000e+03 8.061874e-02
6.037500e+03 8.261389e-02
6.038000e+03 8.448616e-02
6.038500e+03 8.657491e-02
6.039000e+03 8.854067e-02
6.039500e+03 9.063031e-02
6.040000e+03 9.269997e-02
6.040500e+03 9.495552e-02
6.041000e+03 9.690264e-02
6.041500e+03 9.887085e-02
6.042000e+03 1.006027e-01
6.042500e+03 1.033030e-01
6.043000e+03 1.057878e-01
6.043500e+03 1.080671e-01
6.044000e+03 1.103469e-01
6.044500e+03 1.128334e-01
6.045000e+03 1.151147e-01
6.045500e+03 1.177054e-01
6.046000e+03 1.208122e-01
6.046500e+03 1.236107e-01
6.047000e+03 1.264087e-01
6.047500e+03 1.284865e-01
6.048000e+03 1.318026e-01
6.048500e+03 1.350168e-01
6.049000e+03 1.384372e-01
6.049500e+03 1.421678e-01
6.050000e+03 1.456938e-01
6.050500e+03 1.479821e-01
6.051000e+03 1.508897e-01
6.051500e+03 1.541075e-01
6.052000e+03 1.578435e-01
6.052500e+03 1.616819e-01
6.053000e+03 1.654196e-01
6.053500e+03 1.691571e-01
6.054000e+03 1.725858e-01
6.054500e+03 1.765329e-01
6.055000e+03 1.802729e-01
6.055500e+03 1.847373e-01
6.056000e+03 1.883762e-01
6.056500e+03 1.927397e-01
6.057000e+03 1.961736e-01
6.057500e+03 2.002292e-01
6.058000e+03 2.043887e-01
6.058500e+03 2.092733e-01
6.059000e+03 2.139520e-01
6.059500e+03 2.192519e-01
6.060000e+03 2.238300e-01
6.060500e+03 2.290295e-01
6.061000e+03 2.340230e-01
6.061500e+03 2.391208e-01
6.062000e+03 2.442210e-01
6.062500e+03 2.487008e-01
6.063000e+03 2.543209e-01
6.063500e+03 2.591133e-01
6.064000e+03 2.647361e-01
6.064500e+03 2.698413e-01
6.065000e+03 2.760875e-01
6.065500e+03 2.817144e-01
6.066000e+03 2.877562e-01
6.066500e+03 2.936964e-01
6.067000e+03 2.996380e-01
6.067500e+03 3.052693e-01
6.068000e+03 3.113182e-01
6.068500e+03 3.176781e-01
6.069000e+03 3.235213e-01
6.069500e+03 3.298854e-01
6.070000e+03 3.362499e-01
6.070500e+03 3.431357e-01
6.071000e+03 3.490883e-01
6.071500e+03 3.558731e-01
6.072000e+03 3.622453e-01
6.072500e+03 3.682035e-01
6.073000e+03 3.744741e-01
6.073500e+03 3.805382e-01
6.074000e+03 3.872258e-01
6.074500e+03 3.939159e-01
6.075000e+03 4.001918e-01
6.075500e+03 4.064691e-01
6.076000e+03 4.131638e-01
6.076500e+03 4.185093e-01
6.077000e+03 4.257266e-01
6.077500e+03 4.327365e-01
6.078000e+03 4.395412e-01
6.078500e+03 4.462442e-01
6.079000e+03 4.536752e-01
6.079500e+03 4.606931e-01
6.080000e+03 4.682324e-01
6.080500e+03 4.755655e-01
6.081000e+03 4.824841e-01
6.081500e+03 4.900290e-01
6.082000e+03 4.971592e-01
6.082500e+03 5.047076e-01
6.083000e+03 5.130897e-01
6.083500e+03 5.204333e-01
6.084000e+03 5.278834e-01
6.084500e+03 5.354377e-01
6.085000e+03 5.415387e-01
6.085500e+03 5.473281e-01
6.086000e+03 5.541599e-01
6.086500e+03 5.610971e-01
6.087000e+03 5.681407e-01
6.087500e+03 5.751861e-01
6.088000e+03 5.821284e-01
6.088500e+03 5.901140e-01
6.089000e+03 5.978941e-01
6.089500e+03 6.054676e-01
6.090000e+03 6.124171e-01
6.090500e+03 6.183278e-01
6.091000e+03 6.244478e-01
6.091500e+03 6.310904e-01
6.092000e+03 6.384643e-01
6.092500e+03 6.455268e-01
6.093000e+03 6.536326e-01
6.093500e+03 6.616343e-01
6.094000e+03 6.688031e-01
6.094500e+03 6.763910e-01
6.095000e+03 6.832504e-01
6.095500e+03 6.890686e-01
6.096000e+03 6.949920e-01
6.096500e+03 7.010220e-01
6.097000e+03 7.067405e-01
6.097500e+03 7.130863e-01
6.098000e+03 7.194335e-01
6.098500e+03 7.259914e-01
6.099000e+03 7.321328e-01
6.099500e+03 7.385887e-01
6.100000e+03 7.444201e-01
6.100500e+03 7.506718e-01
6.101000e+03 7.558801e-01
6.101500e+03 7.616128e-01
6.102000e+03 7.679720e-01
6.102500e+03 7.729719e-01
6.103000e+03 7.777607e-01
6.103500e+03 7.851614e-01
6.104000e+03 7.915179e-01
6.104500e+03 7.967259e-01
6.105000e+03 8.021458e-01
6.105500e+03 8.062067e-01
6.106000e+03 8.104780e-01
6.106500e+03 8.168420e-01
6.107000e+03 8.216384e-01
6.107500e+03 8.272727e-01
6.108000e+03 8.318620e-01
6.108500e+03 8.364535e-01
6.109000e+03 8.412544e-01
6.109500e+03 8.457416e-01
6.110000e+03 8.496034e-01
6.110500e+03 8.531513e-01
6.111000e+03 8.582705e-01
6.111500e+03 8.620299e-01
6.112000e+03 8.657898e-01
6.112500e+03 8.691317e-01
6.113000e+03 8.727868e-01
6.113500e+03 8.772814e-01
6.114000e+03 8.821956e-01
6.114500e+03 8.851210e-01
6.115000e+03 8.895144e-01
6.115500e+03 8.931740e-01
6.116000e+03 8.959973e-01
6.116500e+03 8.994486e-01
6.117000e+03 9.020635e-01
6.117500e+03 9.041548e-01
6.118000e+03 9.067697e-01
6.118500e+03 9.093864e-01
6.119000e+03 9.110594e-01
6.119500e+03 9.122083e-01
6.120000e+03 9.145110e-01
6.120500e+03 9.170245e-01
6.121000e+03 9.201689e-01
6.121500e+03 9.215297e-01
6.122000e+03 9.230991e-01
6.122500e+03 9.234099e-01
6.123000e+03 9.242454e-01
6.123500e+03 9.249756e-01
6.124000e+03 9.267571e-01
6.124500e+03 9.283277e-01
6.125000e+03 9.303203e-01
6.125500e+03 9.315768e-01
6.126000e+03 9.328337e-01
6.126500e+03 9.352470e-01
6.127000e+03 9.365058e-01
6.127500e+03 9.376591e-01
6.128000e+03 9.376561e-01
6.128500e+03 9.389157e-01
6.129000e+03 9.377572e-01
6.129500e+03 9.397521e-01
6.130000e+03 9.410113e-01
6.130500e+03 9.434282e-01
6.131000e+03 9.433216e-01
6.131500e+03 9.441614e-01
6.132000e+03 9.450006e-01
6.132500e+03 9.458399e-01
6.133000e+03 9.454168e-01
6.133500e+03 9.468872e-01
6.134000e+03 9.473058e-01
6.134500e+03 9.479351e-01
6.135000e+03 9.481444e-01
6.135500e+03 9.498266e-01
6.136000e+03 9.515092e-01
6.136500e+03 9.526658e-01
6.137000e+03 9.555069e-01
6.137500e+03 9.555064e-01
6.138000e+03 9.555047e-01
6.138500e+03 9.555043e-01
6.139000e+03 9.556088e-01
6.139500e+03 9.563449e-01
6.140000e+03 9.564495e-01
6.140500e+03 9.567654e-01
6.141000e+03 9.585557e-01
6.141500e+03 9.571849e-01
6.142000e+03 9.577096e-01
6.142500e+03 9.569703e-01
6.143000e+03 9.572852e-01
6.143500e+03 9.570729e-01
6.144000e+03 9.550677e-01
6.144500e+03 9.539056e-01
6.145000e+03 9.533767e-01
6.145500e+03 9.529528e-01
6.146000e+03 9.529501e-01
6.146500e+03 9.522098e-01
6.147000e+03 9.524182e-01
6.147500e+03 9.516777e-01
6.148000e+03 9.515698e-01
6.148500e+03 9.507240e-01
6.149000e+03 9.480819e-01
6.149500e+03 9.478685e-01
6.150000e+03 9.470220e-01
6.150500e+03 9.470188e-01
6.151000e+03 9.461719e-01
6.151500e+03 9.455350e-01
6.152000e+03 9.469054e-01
6.152500e+03 9.462684e-01
6.153000e+03 9.455261e-01
6.153500e+03 9.445720e-01
6.154000e+03 9.438282e-01
6.154500e+03 9.429801e-01
6.155000e+03 9.427656e-01
6.155500e+03 9.412822e-01
6.156000e+03 9.404324e-01
6.156500e+03 9.400058e-01
6.157000e+03 9.411654e-01
6.157500e+03 9.408441e-01
6.158000e+03 9.411580e-01
6.158500e+03 9.404142e-01
6.159000e+03 9.403045e-01
6.159500e+03 9.398776e-01
6.160000e+03 9.381806e-01
6.160500e+03 9.373307e-01
6.161000e+03 9.356331e-01
6.161500e+03 9.346762e-01
6.162000e+03 9.334018e-01
6.162500e+03 9.328673e-01
6.163000e+03 9.328632e-01
6.163500e+03 9.328591e-01
6.164000e+03 9.323243e-01
6.164500e+03 9.295654e-01
6.165000e+03 9.277598e-01
6.165500e+03 9.253185e-01
6.166000e+03 9.230877e-01
6.166500e+03 9.223404e-01
6.167000e+03 9.218040e-01
6.167500e+03 9.206319e-01
6.168000e+03 9.196718e-01
6.168500e+03 9.204084e-01
6.169000e+03 9.198714e-01
6.169500e+03 9.201834e-01
6.170000e+03 9.187993e-01
6.170500e+03 9.188989e-01
6.171000e+03 9.183615e-01
6.171500e+03 9.164464e-01
6.172000e+03 9.144240e-01
6.172500e+03 9.147346e-01
6.173000e+03 9.134546e-01
6.173500e+03 9.149333e-01
6.174000e+03 9.146088e-01
6.174500e+03 9.149207e-01
6.175000e+03 9.144893e-01
6.175500e+03 9.146943e-01
6.176000e+03 9.153245e-01
6.176500e+03 9.149986e-01
6.177000e+03 9.146737e-01
6.177500e+03 9.139234e-01
6.178000e+03 9.149779e-01
6.178500e+03 9.139088e-01
6.179000e+03 9.134765e-01
6.179500e+03 9.151693e-01
6.180000e+03 9.166499e-01
6.180500e+03 9.178123e-01
6.181000e+03 9.204636e-01
6.181500e+03 9.213067e-01
6.182000e+03 9.226827e-01
6.182500e+03 9.227826e-01
6.183000e+03 9.219261e-01
6.183500e+03 9.221318e-01
6.184000e+03 9.236141e-01
6.184500e+03 9.228631e-01
6.185000e+03 9.240267e-01
6.185500e+03 9.257226e-01
6.186000e+03 9.261415e-01
6.186500e+03 9.270926e-01
6.187000e+03 9.285772e-01
6.187500e+03 9.284641e-01
6.188000e+03 9.289893e-01
6.188500e+03 9.290893e-01
6.189000e+03 9.289771e-01
6.189500e+03 9.290772e-01
6.190000e+03 9.314143e-01
6.190500e+03 9.308766e-01
6.191000e+03 9.331081e-01
6.191500e+03 9.337418e-01
6.192000e+03 9.338428e-01
6.192500e+03 9.351155e-01
6.193000e+03 9.362823e-01
6.193500e+03 9.363834e-01
6.194000e+03 9.378699e-01
6.194500e+03 9.383979e-01
6.195000e+03 9.389248e-01
6.195500e+03 9.409462e-01
6.196000e+03 9.414733e-01
6.196500e+03 9.436014e-01
6.197000e+03 9.451954e-01
6.197500e+03 9.459376e-01
6.198000e+03 9.447585e-01
6.198500e+03 9.473184e-01
6.199000e+03 9.477350e-01
6.199500e+03 9.488705e-01
6.200000e+03 9.488232e-01
6.200500e+03 9.505940e-01
6.201000e+03 9.510851e-01
6.201500e+03 9.525363e-01
6.202000e+03 9.530274e-01
6.202500e+03 9.540512e-01
6.203000e+03 9.537948e-01
6.203500e+03 9.541785e-01
6.204000e+03 9.545633e-01
6.204500e+03 9.549470e-01
6.205000e+03 9.551168e-01
6.205500e+03 9.561420e-01
6.206000e+03 9.570598e-01
6.206500e+03 9.584053e-01
6.207000e+03 9.591093e-01
6.207500e+03 9.598146e-01
6.208000e+03 9.611600e-01
6.208500e+03 9.607968e-01
6.209000e+03 9.622464e-01
6.209500e+03 9.630529e-01
6.210000e+03 9.656751e-01
6.210500e+03 9.664821e-01
6.211000e+03 9.684645e-01
6.211500e+03 9.696997e-01
6.212000e+03 9.728577e-01
6.212500e+03 9.734511e-01
6.213000e+03 9.742585e-01
6.213500e+03 9.752801e-01
6.214000e+03 9.769428e-01
6.214500e+03 9.773222e-01
6.215000e+03 9.797339e-01
6.215500e+03 9.808623e-01
6.216000e+03 9.825255e-01
6.216500e+03 9.849377e-01
6.217000e+03 9.858522e-01
6.217500e+03 9.860175e-01
6.218000e+03 9.867191e-01
6.218500e+03 9.892392e-01
6.219000e+03 9.912255e-01
6.219500e+03 9.940681e-01
6.220000e+03 9.935944e-01
6.220500e+03 9.961175e-01
6.221000e+03 9.979969e-01
6.221500e+03 9.992360e-01
6.222000e+03 9.996180e-01
6.222500e+03 1.000000e+00
6.223000e+03 9.996336e-01
6.223500e+03 9.995869e-01
6.224000e+03 9.984708e-01
6.224500e+03 9.975676e-01
6.225000e+03 9.982714e-01
6.225500e+03 9.984386e-01
6.226000e+03 9.971075e-01
6.226500e+03 9.968470e-01
6.227000e+03 9.956220e-01
6.227500e+03 9.943969e-01
6.228000e+03 9.954214e-01
6.228500e+03 9.943028e-01
6.229000e+03 9.931851e-01
6.229500e+03 9.928162e-01
6.230000e+03 9.915904e-01
6.230500e+03 9.911145e-01
6.231000e+03 9.909608e-01
6.231500e+03 9.908059e-01
6.232000e+03 9.920437e-01
6.232500e+03 9.916753e-01
6.233000e+03 9.909844e-01
6.233500e+03 9.913651e-01
6.234000e+03 9.915311e-01
6.234500e+03 9.900905e-01
6.235000e+03 9.889698e-01
6.235500e+03 9.873141e-01
6.236000e+03 9.860860e-01
6.236500e+03 9.848577e-01
6.237000e+03 9.834158e-01
6.237500e+03 9.828305e-01
6.238000e+03 9.826764e-01
6.238500e+03 9.813413e-01
6.239000e+03 9.803291e-01
6.239500e+03 9.803892e-01
6.240000e+03 9.788403e-01
6.240500e+03 9.782569e-01
6.241000e+03 9.766005e-01
6.241500e+03 9.749428e-01
6.242000e+03 9.728563e-01
6.242500e+03 9.703411e-01
6.243000e+03 9.696486e-01
6.243500e+03 9.690628e-01
6.244000e+03 9.669752e-01
6.244500e+03 9.649953e-01
6.245000e+03 9.647318e-01
6.245500e+03 9.639304e-01
6.246000e+03 9.635599e-01
6.246500e+03 9.626513e-01
6.247000e+03 9.621725e-01
6.247500e+03 9.601913e-01
6.248000e+03 9.603558e-01
6.248500e+03 9.593398e-01
6.249000e+03 9.588604e-01
6.249500e+03 9.590247e-01
6.250000e+03 9.594052e-01
6.250500e+03 9.606435e-01
6.251000e+03 9.598419e-01
6.251500e+03 9.589320e-01
6.252000e+03 9.589892e-01
6.252500e+03 9.593683e-01
6.253000e+03 9.585663e-01
6.253500e+03 9.579791e-01
6.254000e+03 9.568535e-01
6.254500e+03 9.573405e-01
6.255000e+03 9.569668e-01
6.255500e+03 9.560568e-01
6.256000e+03 9.532115e-01
6.256500e+03 9.521933e-01
6.257000e+03 9.511754e-01
6.257500e+03 9.497276e-01
6.258000e+03 9.484963e-01
6.258500e+03 9.482306e-01
6.259000e+03 9.481815e-01
6.259500e+03 9.464114e-01
6.260000e+03 9.443186e-01
6.260500e+03 9.427630e-01
6.261000e+03 9.414224e-01
6.261500e+03 9.394357e-01
6.262000e+03 9.382030e-01
6.262500e+03 9.362158e-01
6.263000e+03 9.335834e-01
6.263500e+03 9.325641e-01
6.264000e+03 9.321896e-01
6.264500e+03 9.309558e-01
6.265000e+03 9.293982e-01
6.265500e+03 9.270869e-01
6.266000e+03 9.256358e-01
6.266500e+03 9.245082e-01
6.267000e+03 9.227340e-01
6.267500e+03 9.216059e-01
6.268000e+03 9.204764e-01
6.268500e+03 9.191323e-01
6.269000e+03 9.175725e-01
6.269500e+03 9.161197e-01
6.270000e+03 9.150978e-01
6.270500e+03 9.133230e-01
6.271000e+03 9.121924e-01
6.271500e+03 9.114927e-01
6.272000e+03 9.105785e-01
6.272500e+03 9.093401e-01
6.273000e+03 9.084244e-01
6.273500e+03 9.086938e-01
6.274000e+03 9.085318e-01
6.274500e+03 9.068626e-01
6.275000e+03 9.049776e-01
6.275500e+03 9.052468e-01
6.276000e+03 9.051922e-01
6.276500e+03 9.046004e-01
6.277000e+03 9.043317e-01
6.277500e+03 9.042777e-01
6.278000e+03 9.045480e-01
6.278500e+03 9.058960e-01
6.279000e+03 9.070284e-01
6.279500e+03 9.061128e-01
6.280000e+03 9.053055e-01
6.280500e+03 9.060061e-01
6.281000e+03 9.068153e-01
6.281500e+03 9.066540e-01
6.282000e+03 9.058463e-01
6.282500e+03 9.051457e-01
6.283000e+03 9.066025e-01
6.283500e+03 9.057934e-01
6.284000e+03 9.067112e-01
6.284500e+03 9.074120e-01
6.285000e+03 9.073589e-01
6.285500e+03 9.078439e-01
6.286000e+03 9.066038e-01
6.286500e+03 9.069826e-01
6.287000e+03 9.074676e-01
6.287500e+03 9.082773e-01
6.288000e+03 9.089785e-01
6.288500e+03 9.096809e-01
6.289000e+03 9.093033e-01
6.289500e+03 9.098971e-01
6.290000e+03 9.098441e-01
6.290500e+03 9.105454e-01
6.291000e+03 9.097367e-01
6.291500e+03 9.110863e-01
6.292000e+03 9.112478e-01
6.292500e+03 9.113007e-01
6.293000e+03 9.125411e-01
6.293500e+03 9.124849e-01
6.294000e+03 9.126467e-01
6.294500e+03 9.127011e-01
6.295000e+03 9.128649e-01
6.295500e+03 9.146510e-01
6.296000e+03 9.153617e-01
6.296500e+03 9.153178e-01
6.297000e+03 9.167897e-01
6.297500e+03 9.172897e-01
6.298000e+03 9.189797e-01
6.298500e+03 9.196990e-01
6.299000e+03 9.213899e-01
6.299500e+03 9.218914e-01
6.300000e+03 9.216365e-01
6.300500e+03 9.228928e-01
6.301000e+03 9.233938e-01
6.301500e+03 9.246498e-01
6.302000e+03 9.261227e-01
6.302500e+03 9.262969e-01
6.303000e+03 9.267965e-01
6.303500e+03 9.264309e-01
6.304000e+03 9.282284e-01
6.304500e+03 9.281907e-01
6.305000e+03 9.283703e-01
6.305500e+03 9.289853e-01
6.306000e+03 9.296028e-01
6.306500e+03 9.306554e-01
6.307000e+03 9.303027e-01
6.307500e+03 9.300600e-01
6.308000e+03 9.316573e-01
6.308500e+03 9.329297e-01
6.309000e+03 9.346354e-01
6.309500e+03 9.356922e-01
6.310000e+03 9.362059e-01
6.310500e+03 9.366124e-01
6.311000e+03 9.372346e-01
6.311500e+03 9.382891e-01
6.312000e+03 9.370708e-01
6.312500e+03 9.382344e-01
6.313000e+03 9.393982e-01
6.313500e+03 9.408879e-01
6.314000e+03 9.411848e-01
6.314500e+03 9.411581e-01
6.315000e+03 9.415640e-01
6.315500e+03 9.427284e-01
6.316000e+03 9.434603e-01
6.316500e+03 9.434326e-01
6.317000e+03 9.425394e-01
6.317500e+03 9.420787e-01
6.318000e+03 9.424847e-01
6.318500e+03 9.426737e-01
6.319000e+03 9.436217e-01
6.319500e+03 9.442448e-01
6.320000e+03 9.451943e-01
6.320500e+03 9.451664e-01
6.321000e+03 9.454647e-01
6.321500e+03 9.450037e-01
6.322000e+03 9.458441e-01
6.322500e+03 9.467927e-01
6.323000e+03 9.476335e-01
6.323500e+03 9.476057e-01
6.324000e+03 9.470368e-01
6.324500e+03 9.463587e-01
6.325000e+03 9.467656e-01
6.325500e+03 9.474991e-01
6.326000e+03 9.483408e-01
6.326500e+03 9.477709e-01
6.327000e+03 9.467675e-01
6.327500e+03 9.458732e-01
6.328000e+03 9.446521e-01
6.328500e+03 9.446245e-01
6.329000e+03 9.417756e-01
6.329500e+03 9.410965e-01
6.330000e+03 9.408522e-01
6.330500e+03 9.395207e-01
6.331000e+03 9.385157e-01
6.331500e+03 9.384885e-01
6.332000e+03 9.372657e-01
6.332500e+03 9.363696e-01
6.333000e+03 9.352544e-01
6.333500e+03 9.335969e-01
6.334000e+03 9.320472e-01
6.334500e+03 9.311487e-01
6.335000e+03 9.293807e-01
6.335500e+03 9.287004e-01
6.336000e+03 9.282364e-01
6.336500e+03 9.267933e-01
6.337000e+03 9.273079e-01
6.337500e+03 9.243417e-01
6.338000e+03 9.222458e-01
6.338500e+03 9.203674e-01
6.339000e+03 9.185969e-01
6.339500e+03 9.160656e-01
6.340000e+03 9.144027e-01
6.340500e+03 9.114350e-01
6.341000e+03 9.085749e-01
6.341500e+03 9.069119e-01
6.342000e+03 9.042688e-01
6.342500e+03 9.009728e-01
6.343000e+03 8.988731e-01
6.343500e+03 8.961194e-01
6.344000e+03 8.921684e-01
6.344500e+03 8.897415e-01
6.345000e+03 8.863340e-01
6.345500e+03 8.835800e-01
6.346000e+03 8.799536e-01
6.346500e+03 8.768722e-01
6.347000e+03 8.729181e-01
6.347500e+03 8.699439e-01
6.348000e+03 8.667511e-01
6.348500e+03 8.639927e-01
6.349000e+03 8.605818e-01
6.349500e+03 8.566243e-01
6.350000e+03 8.540824e-01
6.350500e+03 8.519765e-01
6.351000e+03 8.483452e-01
6.351500e+03 8.438404e-01
6.352000e+03 8.412966e-01
6.352500e+03 8.371182e-01
6.353000e+03 8.328292e-01
6.353500e+03 8.295199e-01
6.354000e+03 8.258841e-01
6.354500e+03 8.218097e-01
6.355000e+03 8.189359e-01
6.355500e+03 8.140974e-01
6.356000e+03 8.104574e-01
6.356500e+03 8.059443e-01
6.357000e+03 8.029583e-01
6.357500e+03 7.985537e-01
6.358000e+03 7.937114e-01
6.358500e+03 7.898497e-01
6.359000e+03 7.850058e-01
6.359500e+03 7.805981e-01
6.360000e+03 7.760798e-01
6.360500e+03 7.709062e-01
6.361000e+03 7.672593e-01
6.361500e+03 7.628484e-01
6.362000e+03 7.579997e-01
6.362500e+03 7.531502e-01
6.363000e+03 7.472080e-01
6.363500e+03 7.424659e-01
6.364000e+03 7.371783e-01
6.364500e+03 7.325437e-01
6.365000e+03 7.267084e-01
6.365500e+03 7.218546e-01
6.366000e+03 7.160162e-01
6.366500e+03 7.087563e-01
6.367000e+03 7.031356e-01
6.367500e+03 6.967474e-01
6.368000e+03 6.909046e-01
6.368500e+03 6.853897e-01
6.369000e+03 6.785617e-01
6.369500e+03 6.723880e-01
6.370000e+03 6.644643e-01
6.370500e+03 6.575227e-01
6.371000e+03 6.518925e-01
6.371500e+03 6.457157e-01
6.372000e+03 6.394264e-01
6.372500e+03 6.312773e-01
6.373000e+03 6.244397e-01
6.373500e+03 6.171626e-01
6.374000e+03 6.106502e-01
6.374500e+03 6.039188e-01
6.375000e+03 5.972940e-01
6.375500e+03 5.906692e-01
6.376000e+03 5.827297e-01
6.376500e+03 5.762116e-01
6.377000e+03 5.692540e-01
6.377500e+03 5.617479e-01
6.378000e+03 5.558840e-01
6.378500e+03 5.501281e-01
6.379000e+03 5.431659e-01
6.379500e+03 5.360935e-01
6.380000e+03 5.281438e-01
6.380500e+03 5.223836e-01
6.381000e+03 5.158553e-01
6.381500e+03 5.082303e-01
6.382000e+03 5.007131e-01
6.382500e+03 4.944008e-01
6.383000e+03 4.876486e-01
6.383500e+03 4.812238e-01
6.384000e+03 4.747992e-01
6.384500e+03 4.681528e-01
6.385000e+03 4.621637e-01
6.385500e+03 4.552968e-01
6.386000e+03 4.478805e-01
6.386500e+03 4.402433e-01
6.387000e+03 4.335923e-01
6.387500e+03 4.269389e-01
6.388000e+03 4.209432e-01
6.388500e+03 4.148372e-01
6.389000e+03 4.078517e-01
6.389500e+03 4.019632e-01
6.390000e+03 3.958528e-01
6.390500e+03 3.898520e-01
6.391000e+03 3.839607e-01
6.391500e+03 3.777380e-01
6.392000e+03 3.720626e-01
6.392500e+03 3.657274e-01
6.393000e+03 3.590602e-01
6.393500e+03 3.540395e-01
6.394000e+03 3.482491e-01
6.394500e+03 3.434453e-01
6.395000e+03 3.378733e-01
6.395500e+03 3.319700e-01
6.396000e+03 3.266161e-01
6.396500e+03 3.211507e-01
6.397000e+03 3.163430e-01
6.397500e+03 3.107666e-01
6.398000e+03 3.051881e-01
6.398500e+03 2.997192e-01
6.399000e+03 2.945789e-01
6.399500e+03 2.888895e-01
6.400000e+03 2.838569e-01
6.400500e+03 2.787145e-01
6.401000e+03 2.746719e-01
6.401500e+03 2.693069e-01
6.402000e+03 2.648192e-01
6.402500e+03 2.592282e-01
6.403000e+03 2.541859e-01
6.403500e+03 2.500220e-01
6.404000e+03 2.449773e-01
6.404500e+03 2.394936e-01
6.405000e+03 2.343389e-01
6.405500e+03 2.303941e-01
6.406000e+03 2.261179e-01
6.406500e+03 2.219519e-01
6.407000e+03 2.177854e-01
6.407500e+03 2.144982e-01
6.408000e+03 2.109903e-01
6.408500e+03 2.069320e-01
6.409000e+03 2.026541e-01
6.409500e+03 1.995855e-01
6.410000e+03 1.961855e-01
6.410500e+03 1.925660e-01
6.411000e+03 1.887257e-01
6.411500e+03 1.854352e-01
6.412000e+03 1.821443e-01
6.412500e+03 1.799535e-01
6.413000e+03 1.769918e-01
6.413500e+03 1.736997e-01
6.414000e+03 1.707373e-01
6.414500e+03 1.677757e-01
6.415000e+03 1.651427e-01
6.415500e+03 1.617395e-01
6.416000e+03 1.582252e-01
6.416500e+03 1.552610e-01
6.417000e+03 1.521869e-01
6.417500e+03 1.488919e-01
6.418000e+03 1.459266e-01
6.418500e+03 1.439528e-01
6.419000e+03 1.416474e-01
6.419500e+03 1.384619e-01
6.420000e+03 1.357159e-01
6.420500e+03 1.329696e-01
6.421000e+03 1.304436e-01
6.421500e+03 1.281367e-01
6.422000e+03 1.252798e-01
6.422500e+03 1.231930e-01
6.423000e+03 1.207756e-01
6.423500e+03 1.186892e-01
6.424000e+03 1.164919e-01
6.424500e+03 1.149556e-01
6.425000e+03 1.126476e-01
6.425500e+03 1.106700e-01
6.426000e+03 1.087252e-01
6.426500e+03 1.067472e-01
6.427000e+03 1.051217e-01
6.427500e+03 1.030660e-01
6.428000e+03 1.013960e-01
6.428500e+03 9.945028e-02
6.429000e+03 9.749308e-02
6.429500e+03 9.587772e-02
6.430000e+03 9.462597e-02
6.430500e+03 9.185205e-02
6.431000e+03 9.029111e-02
6.431500e+03 8.859771e-02
6.432000e+03 8.721284e-02
6.432500e+03 8.533149e-02
6.433000e+03 8.399045e-02
6.433500e+03 8.256102e-02
6.434000e+03 8.144034e-02
6.434500e+03 7.969066e-02
6.435000e+03 7.847032e-02
6.435500e+03 7.768040e-02
6.436000e+03 7.628326e-02
6.436500e+03 7.486387e-02
6.437000e+03 7.407348e-02
6.437500e+03 7.287468e-02
6.438000e+03 7.188540e-02
6.438500e+03 7.199997e-02
6.439000e+03 7.075663e-02
6.439500e+03 6.999887e-02
6.440000e+03 6.913061e-02
6.440500e+03 6.789800e-02
6.441000e+03 6.667613e-02
6.441500e+03 6.587387e-02
6.442000e+03 6.488373e-02
6.442500e+03 6.431317e-02
6.443000e+03 6.332284e-02
6.443500e+03 6.240974e-02
6.444000e+03 6.172847e-02
6.444500e+03 6.159948e-02
6.445000e+03 6.045417e-02
6.445500e+03 5.972842e-02
6.446000e+03 5.924581e-02
6.446500e+03 5.826578e-02
6.447000e+03 5.723050e-02
6.447500e+03 5.647125e-02
6.448000e+03 5.528096e-02
6.448500e+03 5.489733e-02
6.449000e+03 5.412679e-02
6.449500e+03 5.346669e-02
6.450000e+03 5.267384e-02
6.450500e+03 5.210198e-02
6.451000e+03 5.119838e-02
6.451500e+03 5.018424e-02
6.452000e+03 4.904817e-02
6.452500e+03 4.767993e-02
6.453000e+03 4.712976e-02
6.453500e+03 4.677855e-02
6.454000e+03 4.550941e-02
6.454500e+03 4.416267e-02
6.455000e+03 4.323618e-02
6.455500e+03 4.234262e-02
6.456000e+03 4.155970e-02
6.456500e+03 4.086517e-02
6.457000e+03 4.019259e-02
6.457500e+03 3.907750e-02
6.458000e+03 3.852652e-02
6.458500e+03 3.741108e-02
6.459000e+03 3.663863e-02
6.459500e+03 3.584405e-02
6.460000e+03 3.517096e-02
6.460500e+03 3.484095e-02
6.461000e+03 3.471011e-02
6.461500e+03 3.369386e-02
6.462000e+03 3.314231e-02
6.462500e+03 3.312205e-02
6.463000e+03 3.290254e-02
6.463500e+03 3.211828e-02
6.464000e+03 3.176591e-02
6.464500e+03 3.109223e-02
6.465000e+03 3.052932e-02
6.465500e+03 3.027639e-02
6.466000e+03 2.960251e-02
6.466500e+03 2.934950e-02
6.467000e+03 2.867561e-02
6.467500e+03 2.866611e-02
6.468000e+03 2.843519e-02
6.468500e+03 2.796051e-02
6.469000e+03 2.706469e-02
6.469500e+03 2.693328e-02
6.470000e+03 2.625902e-02
6.470500e+03 2.591709e-02
6.471000e+03 2.536454e-02
6.471500e+03 2.556545e-02
6.472000e+03 2.502385e-02
6.472500e+03 2.534676e-02
6.473000e+03 2.521520e-02
6.473500e+03 2.467348e-02
6.474000e+03 2.466387e-02
6.474500e+03 2.424407e-02
6.475000e+03 2.424548e-02
6.475500e+03 2.422468e-02
6.476000e+03 2.410416e-02
6.476500e+03 2.377291e-02
6.477000e+03 2.331957e-02
6.477500e+03 2.252245e-02
6.478000e+03 2.250166e-02
6.478500e+03 2.229218e-02
6.479000e+03 2.217150e-02
6.479500e+03 2.162922e-02
6.480000e+03 2.149732e-02
6.480500e+03 2.050016e-02
6.481000e+03 2.007979e-02
6.481500e+03 2.040273e-02
6.482000e+03 1.982693e-02
6.482500e+03 1.982806e-02
6.483000e+03 1.982919e-02
6.483500e+03 1.918672e-02
6.484000e+03 1.886594e-02
6.484500e+03 1.834538e-02
6.485000e+03 1.859062e-02
6.485500e+03 1.826975e-02
6.486000e+03 1.794896e-02
6.486500e+03 1.709520e-02
6.487000e+03 1.697411e-02
6.487500e+03 1.675304e-02
6.488000e+03 1.643197e-02
6.488500e+03 1.619978e-02
6.489000e+03 1.607849e-02
6.489500e+03 1.521328e-02
6.490000e+03 1.489205e-02
6.490500e+03 1.423772e-02
6.491000e+03 1.357215e-02
6.491500e+03 1.315088e-02
6.492000e+03 1.272943e-02
6.492500e+03 1.281912e-02
6.493000e+03 1.182000e-02
6.493500e+03 1.173179e-02
6.494000e+03 1.161025e-02
6.494500e+03 1.135536e-02
6.495000e+03 1.035930e-02
6.495500e+03 9.918732e-03
6.496000e+03 9.919298e-03
6.496500e+03 9.835406e-03
6.497000e+03 9.394735e-03
6.497500e+03 9.395270e-03
6.498000e+03 9.192409e-03
6.498500e+03 9.192812e-03
6.499000e+03 9.074018e-03
6.499500e+03 8.837284e-03
6.500000e+03 8.718400e-03
6.500500e+03 8.837467e-03
6.501000e+03 9.176641e-03
6.501500e+03 8.938867e-03
6.502000e+03 8.854508e-03
6.502500e+03 9.109212e-03
6.503000e+03 9.347236e-03
6.503500e+03 9.465215e-03
6.504000e+03 9.380846e-03
6.504500e+03 9.143067e-03
6.505000e+03 9.381104e-03
6.505500e+03 9.381234e-03
6.506000e+03 9.161229e-03
6.506500e+03 8.822252e-03
6.507000e+03 8.940223e-03
6.507500e+03 8.839178e-03
6.508000e+03 8.839288e-03
6.508500e+03 8.856027e-03
6.509000e+03 8.397959e-03
6.509500e+03 8.177823e-03
6.510000e+03 7.719748e-03
6.510500e+03 7.481842e-03
6.511000e+03 7.362896e-03
6.511500e+03 7.023797e-03
6.512000e+03 6.904849e-03
6.512500e+03 6.684721e-03
6.513000e+03 6.226641e-03
6.513500e+03 6.226664e-03
6.514000e+03 6.226688e-03
6.514500e+03 6.226711e-03
6.515000e+03 5.480643e-03
6.515500e+03 5.361685e-03
6.516000e+03 4.817969e-03
6.516500e+03 4.360989e-03
6.517000e+03 4.581166e-03
6.517500e+03 5.039303e-03
6.518000e+03 5.039322e-03
6.518500e+03 5.361805e-03
6.519000e+03 5.361825e-03
6.519500e+03 5.123882e-03
6.520000e+03 5.004919e-03
6.520500e+03 4.801451e-03
6.521000e+03 4.920452e-03
6.521500e+03 4.581319e-03
6.522000e+03 4.343369e-03
6.522500e+03 4.224413e-03
6.523000e+03 4.513544e-03
6.523500e+03 4.733732e-03
6.524000e+03 5.056228e-03
6.524500e+03 5.056246e-03
6.525000e+03 4.955066e-03
6.525500e+03 4.292335e-03
6.526000e+03 4.292351e-03
6.526500e+03 4.088871e-03
6.527000e+03 3.885390e-03
6.527500e+03 4.123369e-03
6.528000e+03 3.784215e-03
6.528500e+03 4.106714e-03
6.529000e+03 3.868759e-03
6.529500e+03 3.630791e-03
6.530000e+03 3.630802e-03
6.530500e+03 3.749804e-03
6.531000e+03 3.971105e-03
6.531500e+03 3.868819e-03
6.532000e+03 3.546336e-03
6.532500e+03 3.037016e-03
6.533000e+03 2.919153e-03
6.533500e+03 3.240552e-03
6.534000e+03 2.952533e-03
6.534500e+03 2.613361e-03
6.535000e+03 2.613369e-03
6.535500e+03 2.375388e-03
6.536000e+03 2.375395e-03
6.536500e+03 2.138532e-03
6.537000e+03 2.477725e-03
6.537500e+03 2.596730e-03
6.538000e+03 2.714617e-03
6.538500e+03 2.596750e-03
6.539000e+03 2.375447e-03
6.539500e+03 2.138580e-03
6.540000e+03 2.342103e-03
6.540500e+03 2.630155e-03
6.541000e+03 2.342121e-03
6.541500e+03 2.342130e-03
6.542000e+03 2.749186e-03
6.542500e+03 2.342148e-03
6.543000e+03 2.342157e-03
6.543500e+03 2.461168e-03
6.544000e+03 2.698062e-03
6.544500e+03 2.698072e-03
6.545000e+03 2.477879e-03
6.545500e+03 2.274366e-03
6.546000e+03 1.866208e-03
6.546500e+03 1.459167e-03
6.547000e+03 1.255647e-03
6.547500e+03 1.374645e-03
6.548000e+03 1.255657e-03
6.548500e+03 1.255661e-03
6.549000e+03 1.255666e-03
6.549500e+03 0.000000e+00
