# Wavelength(Angstrom)  Transmission
9.003000e+03  1.700000e-03
9.003500e+03  2.100000e-03
9.004000e+03  2.500000e-03
9.004500e+03  2.900000e-03
9.005000e+03  3.400000e-03
9.005500e+03  2.300000e-03
9.006000e+03  1.300000e-03
9.006500e+03  3.000000e-04
9.007000e+03  2.000000e-04
9.007500e+03  3.000000e-04
9.008000e+03  4.000000e-04
9.008500e+03  9.000000e-04
9.009000e+03  1.400000e-03
9.009500e+03  2.100000e-03
9.010000e+03  2.900000e-03
9.010500e+03  2.100000e-03
9.011000e+03  1.400000e-03
9.011500e+03  8.000000e-04
9.012000e+03  3.000000e-04
9.012500e+03  1.000000e-04
9.013000e+03  1.000000e-04
9.013500e+03  4.000000e-04
9.014000e+03  1.200000e-03
9.014500e+03  2.000000e-03
9.015000e+03  2.800000e-03
9.015500e+03  2.100000e-03
9.016000e+03  1.400000e-03
9.016500e+03  8.000000e-04
9.017000e+03  4.000000e-04
9.017500e+03  6.000000e-04
9.018000e+03  3.000000e-04
9.018500e+03  9.000000e-04
9.019000e+03  1.700000e-03
9.019500e+03  2.600000e-03
9.020000e+03  3.500000e-03
9.020500e+03  2.500000e-03
9.021000e+03  1.500000e-03
9.021500e+03  9.000000e-04
9.022000e+03  1.000000e-03
9.022500e+03  1.600000e-03
9.023000e+03  1.600000e-03
9.023500e+03  1.600000e-03
9.024000e+03  1.800000e-03
9.024500e+03  2.000000e-03
9.025000e+03  2.400000e-03
9.025500e+03  1.800000e-03
9.026000e+03  1.100000e-03
9.026500e+03  6.000000e-04
9.027000e+03  2.000000e-04
9.027500e+03  1.000000e-04
9.028000e+03  4.000000e-04
9.028500e+03  1.000000e-03
9.029000e+03  1.700000e-03
9.029500e+03  2.400000e-03
9.030000e+03  3.100000e-03
9.030500e+03  2.600000e-03
9.031000e+03  2.100000e-03
9.031500e+03  1.700000e-03
9.032000e+03  1.900000e-03
9.032500e+03  2.300000e-03
9.033000e+03  2.200000e-03
9.033500e+03  2.200000e-03
9.034000e+03  2.200000e-03
9.034500e+03  2.300000e-03
9.035000e+03  2.500000e-03
9.035500e+03  2.000000e-03
9.036000e+03  1.600000e-03
9.036500e+03  1.500000e-03
9.037000e+03  1.400000e-03
9.037500e+03  1.500000e-03
9.038000e+03  1.200000e-03
9.038500e+03  1.200000e-03
9.039000e+03  1.600000e-03
9.039500e+03  2.300000e-03
9.040000e+03  2.900000e-03
9.040500e+03  2.800000e-03
9.041000e+03  2.700000e-03
9.041500e+03  2.600000e-03
9.042000e+03  2.800000e-03
9.042500e+03  3.100000e-03
9.043000e+03  2.200000e-03
9.043500e+03  1.500000e-03
9.044000e+03  1.100000e-03
9.044500e+03  9.000000e-04
9.045000e+03  9.000000e-04
9.045500e+03  9.000000e-04
9.046000e+03  9.000000e-04
9.046500e+03  1.200000e-03
9.047000e+03  1.700000e-03
9.047500e+03  2.900000e-03
9.048000e+03  2.700000e-03
9.048500e+03  2.800000e-03
9.049000e+03  3.100000e-03
9.049500e+03  3.300000e-03
9.050000e+03  3.600000e-03
9.050500e+03  3.000000e-03
9.051000e+03  2.500000e-03
9.051500e+03  2.200000e-03
9.052000e+03  2.100000e-03
9.052500e+03  2.200000e-03
9.053000e+03  2.000000e-03
9.053500e+03  1.900000e-03
9.054000e+03  1.700000e-03
9.054500e+03  1.600000e-03
9.055000e+03  1.600000e-03
9.055500e+03  1.600000e-03
9.056000e+03  1.600000e-03
9.056500e+03  1.600000e-03
9.057000e+03  1.700000e-03
9.057500e+03  1.700000e-03
9.058000e+03  2.000000e-03
9.058500e+03  2.500000e-03
9.059000e+03  3.000000e-03
9.059500e+03  3.500000e-03
9.060000e+03  4.000000e-03
9.060500e+03  3.700000e-03
9.061000e+03  3.500000e-03
9.061500e+03  3.400000e-03
9.062000e+03  3.500000e-03
9.062500e+03  3.700000e-03
9.063000e+03  3.700000e-03
9.063500e+03  3.700000e-03
9.064000e+03  3.800000e-03
9.064500e+03  3.800000e-03
9.065000e+03  3.900000e-03
9.065500e+03  3.400000e-03
9.066000e+03  3.000000e-03
9.066500e+03  2.600000e-03
9.067000e+03  2.200000e-03
9.067500e+03  1.900000e-03
9.068000e+03  2.200000e-03
9.068500e+03  2.800000e-03
9.069000e+03  3.500000e-03
9.069500e+03  4.300000e-03
9.070000e+03  5.000000e-03
9.070500e+03  5.000000e-03
9.071000e+03  5.100000e-03
9.071500e+03  5.100000e-03
9.072000e+03  5.600000e-03
9.072500e+03  6.000000e-03
9.073000e+03  5.600000e-03
9.073500e+03  5.100000e-03
9.074000e+03  4.700000e-03
9.074500e+03  4.400000e-03
9.075000e+03  4.300000e-03
9.075500e+03  4.900000e-03
9.076000e+03  5.800000e-03
9.076500e+03  6.700000e-03
9.077000e+03  7.700000e-03
9.077500e+03  8.700000e-03
9.078000e+03  8.700000e-03
9.078500e+03  8.700000e-03
9.079000e+03  8.800000e-03
9.079500e+03  8.900000e-03
9.080000e+03  9.000000e-03
9.080500e+03  9.000000e-03
9.081000e+03  9.100000e-03
9.081500e+03  9.200000e-03
9.082000e+03  9.400000e-03
9.082500e+03  9.600000e-03
9.083000e+03  1.010000e-02
9.083500e+03  1.070000e-02
9.084000e+03  1.120000e-02
9.084500e+03  1.180000e-02
9.085000e+03  1.240000e-02
9.085500e+03  1.300000e-02
9.086000e+03  1.370000e-02
9.086500e+03  1.440000e-02
9.087000e+03  1.510000e-02
9.087500e+03  1.590000e-02
9.088000e+03  1.630000e-02
9.088500e+03  1.680000e-02
9.089000e+03  1.720000e-02
9.089500e+03  1.770000e-02
9.090000e+03  1.810000e-02
9.090500e+03  1.910000e-02
9.091000e+03  2.010000e-02
9.091500e+03  2.110000e-02
9.092000e+03  2.200000e-02
9.092500e+03  2.300000e-02
9.093000e+03  2.320000e-02
9.093500e+03  2.340000e-02
9.094000e+03  2.360000e-02
9.094500e+03  2.380000e-02
9.095000e+03  2.400000e-02
9.095500e+03  2.600000e-02
9.096000e+03  2.810000e-02
9.096500e+03  3.010000e-02
9.097000e+03  3.210000e-02
9.097500e+03  3.420000e-02
9.098000e+03  3.560000e-02
9.098500e+03  3.700000e-02
9.099000e+03  3.840000e-02
9.099500e+03  3.970000e-02
9.100000e+03  4.110000e-02
9.100500e+03  4.310000e-02
9.101000e+03  4.510000e-02
9.101500e+03  4.710000e-02
9.102000e+03  4.910000e-02
9.102500e+03  5.110000e-02
9.103000e+03  5.350000e-02
9.103500e+03  5.580000e-02
9.104000e+03  5.810000e-02
9.104500e+03  6.050000e-02
9.105000e+03  6.280000e-02
9.105500e+03  6.570000e-02
9.106000e+03  6.860000e-02
9.106500e+03  7.160000e-02
9.107000e+03  7.450000e-02
9.107500e+03  7.740000e-02
9.108000e+03  8.150000e-02
9.108500e+03  8.560000e-02
9.109000e+03  8.970000e-02
9.109500e+03  9.370000e-02
9.110000e+03  9.780000e-02
9.110500e+03  1.025000e-01
9.111000e+03  1.072000e-01
9.111500e+03  1.119000e-01
9.112000e+03  1.165000e-01
9.112500e+03  1.212000e-01
9.113000e+03  1.266000e-01
9.113500e+03  1.319000e-01
9.114000e+03  1.373000e-01
9.114500e+03  1.427000e-01
9.115000e+03  1.481000e-01
9.115500e+03  1.536000e-01
9.116000e+03  1.593000e-01
9.116500e+03  1.649000e-01
9.117000e+03  1.705000e-01
9.117500e+03  1.761000e-01
9.118000e+03  1.823000e-01
9.118500e+03  1.885000e-01
9.119000e+03  1.946000e-01
9.119500e+03  2.007000e-01
9.120000e+03  2.068000e-01
9.120500e+03  2.141000e-01
9.121000e+03  2.214000e-01
9.121500e+03  2.287000e-01
9.122000e+03  2.360000e-01
9.122500e+03  2.432000e-01
9.123000e+03  2.501000e-01
9.123500e+03  2.570000e-01
9.124000e+03  2.638000e-01
9.124500e+03  2.706000e-01
9.125000e+03  2.775000e-01
9.125500e+03  2.854000e-01
9.126000e+03  2.933000e-01
9.126500e+03  3.011000e-01
9.127000e+03  3.090000e-01
9.127500e+03  3.170000e-01
9.128000e+03  3.245000e-01
9.128500e+03  3.320000e-01
9.129000e+03  3.395000e-01
9.129500e+03  3.470000e-01
9.130000e+03  3.545000e-01
9.130500e+03  3.626000e-01
9.131000e+03  3.708000e-01
9.131500e+03  3.790000e-01
9.132000e+03  3.872000e-01
9.132500e+03  3.954000e-01
9.133000e+03  4.032000e-01
9.133500e+03  4.111000e-01
9.134000e+03  4.190000e-01
9.134500e+03  4.269000e-01
9.135000e+03  4.347000e-01
9.135500e+03  4.426000e-01
9.136000e+03  4.505000e-01
9.136500e+03  4.584000e-01
9.137000e+03  4.663000e-01
9.137500e+03  4.743000e-01
9.138000e+03  4.810000e-01
9.138500e+03  4.876000e-01
9.139000e+03  4.943000e-01
9.139500e+03  5.009000e-01
9.140000e+03  5.076000e-01
9.140500e+03  5.151000e-01
9.141000e+03  5.227000e-01
9.141500e+03  5.302000e-01
9.142000e+03  5.378000e-01
9.142500e+03  5.453000e-01
9.143000e+03  5.523000e-01
9.143500e+03  5.592000e-01
9.144000e+03  5.661000e-01
9.144500e+03  5.729000e-01
9.145000e+03  5.798000e-01
9.145500e+03  5.876000e-01
9.146000e+03  5.954000e-01
9.146500e+03  6.032000e-01
9.147000e+03  6.110000e-01
9.147500e+03  6.188000e-01
9.148000e+03  6.258000e-01
9.148500e+03  6.329000e-01
9.149000e+03  6.399000e-01
9.149500e+03  6.470000e-01
9.150000e+03  6.540000e-01
9.150500e+03  6.612000e-01
9.151000e+03  6.683000e-01
9.151500e+03  6.755000e-01
9.152000e+03  6.826000e-01
9.152500e+03  6.897000e-01
9.153000e+03  6.963000e-01
9.153500e+03  7.030000e-01
9.154000e+03  7.096000e-01
9.154500e+03  7.163000e-01
9.155000e+03  7.230000e-01
9.155500e+03  7.289000e-01
9.156000e+03  7.348000e-01
9.156500e+03  7.408000e-01
9.157000e+03  7.467000e-01
9.157500e+03  7.526000e-01
9.158000e+03  7.587000e-01
9.158500e+03  7.647000e-01
9.159000e+03  7.708000e-01
9.159500e+03  7.769000e-01
9.160000e+03  7.829000e-01
9.160500e+03  7.882000e-01
9.161000e+03  7.935000e-01
9.161500e+03  7.988000e-01
9.162000e+03  8.042000e-01
9.162500e+03  8.095000e-01
9.163000e+03  8.144000e-01
9.163500e+03  8.193000e-01
9.164000e+03  8.243000e-01
9.164500e+03  8.291000e-01
9.165000e+03  8.341000e-01
9.165500e+03  8.380000e-01
9.166000e+03  8.419000e-01
9.166500e+03  8.457000e-01
9.167000e+03  8.497000e-01
9.167500e+03  8.536000e-01
9.168000e+03  8.578000e-01
9.168500e+03  8.621000e-01
9.169000e+03  8.663000e-01
9.169500e+03  8.705000e-01
9.170000e+03  8.747000e-01
9.170500e+03  8.780000e-01
9.171000e+03  8.813000e-01
9.171500e+03  8.845000e-01
9.172000e+03  8.878000e-01
9.172500e+03  8.911000e-01
9.173000e+03  8.940000e-01
9.173500e+03  8.968000e-01
9.174000e+03  8.996000e-01
9.174500e+03  9.025000e-01
9.175000e+03  9.053000e-01
9.175500e+03  9.079000e-01
9.176000e+03  9.105000e-01
9.176500e+03  9.130000e-01
9.177000e+03  9.156000e-01
9.177500e+03  9.182000e-01
9.178000e+03  9.192000e-01
9.178500e+03  9.201000e-01
9.179000e+03  9.210000e-01
9.179500e+03  9.220000e-01
9.180000e+03  9.230000e-01
9.180500e+03  9.231000e-01
9.181000e+03  9.233000e-01
9.181500e+03  9.234000e-01
9.182000e+03  9.236000e-01
9.182500e+03  9.237000e-01
9.183000e+03  9.239000e-01
9.183500e+03  9.240000e-01
9.184000e+03  9.241000e-01
9.184500e+03  9.243000e-01
9.185000e+03  9.244000e-01
9.185500e+03  9.248000e-01
9.186000e+03  9.252000e-01
9.186500e+03  9.256000e-01
9.187000e+03  9.261000e-01
9.187500e+03  9.265000e-01
9.188000e+03  9.272000e-01
9.188500e+03  9.280000e-01
9.189000e+03  9.287000e-01
9.189500e+03  9.295000e-01
9.190000e+03  9.303000e-01
9.190500e+03  9.306000e-01
9.191000e+03  9.310000e-01
9.191500e+03  9.314000e-01
9.192000e+03  9.318000e-01
9.192500e+03  9.321000e-01
9.193000e+03  9.334000e-01
9.193500e+03  9.348000e-01
9.194000e+03  9.361000e-01
9.194500e+03  9.375000e-01
9.195000e+03  9.388000e-01
9.195500e+03  9.389000e-01
9.196000e+03  9.390000e-01
9.196500e+03  9.392000e-01
9.197000e+03  9.393000e-01
9.197500e+03  9.394000e-01
9.198000e+03  9.386000e-01
9.198500e+03  9.382000e-01
9.199000e+03  9.378000e-01
9.199500e+03  9.373000e-01
9.200000e+03  9.369000e-01
9.200500e+03  9.378000e-01
9.201000e+03  9.388000e-01
9.201500e+03  9.397000e-01
9.202000e+03  9.407000e-01
9.202500e+03  9.417000e-01
9.203000e+03  9.395000e-01
9.203500e+03  9.374000e-01
9.204000e+03  9.352000e-01
9.204500e+03  9.331000e-01
9.205000e+03  9.311000e-01
9.205500e+03  9.322000e-01
9.206000e+03  9.334000e-01
9.206500e+03  9.346000e-01
9.207000e+03  9.358000e-01
9.207500e+03  9.370000e-01
9.208000e+03  9.369000e-01
9.208500e+03  9.369000e-01
9.209000e+03  9.369000e-01
9.209500e+03  9.368000e-01
9.210000e+03  9.368000e-01
9.210500e+03  9.363000e-01
9.211000e+03  9.359000e-01
9.211500e+03  9.354000e-01
9.212000e+03  9.349000e-01
9.212500e+03  9.345000e-01
9.213000e+03  9.340000e-01
9.213500e+03  9.335000e-01
9.214000e+03  9.330000e-01
9.214500e+03  9.325000e-01
9.215000e+03  9.320000e-01
9.215500e+03  9.311000e-01
9.216000e+03  9.301000e-01
9.216500e+03  9.292000e-01
9.217000e+03  9.283000e-01
9.217500e+03  9.274000e-01
9.218000e+03  9.271000e-01
9.218500e+03  9.267000e-01
9.219000e+03  9.263000e-01
9.219500e+03  9.260000e-01
9.220000e+03  9.257000e-01
9.220500e+03  9.244000e-01
9.221000e+03  9.230000e-01
9.221500e+03  9.217000e-01
9.222000e+03  9.204000e-01
9.222500e+03  9.190000e-01
9.223000e+03  9.187000e-01
9.223500e+03  9.184000e-01
9.224000e+03  9.181000e-01
9.224500e+03  9.178000e-01
9.225000e+03  9.174000e-01
9.225500e+03  9.159000e-01
9.226000e+03  9.143000e-01
9.226500e+03  9.127000e-01
9.227000e+03  9.111000e-01
9.227500e+03  9.095000e-01
9.228000e+03  9.080000e-01
9.228500e+03  9.066000e-01
9.229000e+03  9.051000e-01
9.229500e+03  9.036000e-01
9.230000e+03  9.021000e-01
9.230500e+03  8.998000e-01
9.231000e+03  8.975000e-01
9.231500e+03  8.953000e-01
9.232000e+03  8.930000e-01
9.232500e+03  8.908000e-01
9.233000e+03  8.886000e-01
9.233500e+03  8.865000e-01
9.234000e+03  8.843000e-01
9.234500e+03  8.822000e-01
9.235000e+03  8.800000e-01
9.235500e+03  8.780000e-01
9.236000e+03  8.759000e-01
9.236500e+03  8.739000e-01
9.237000e+03  8.718000e-01
9.237500e+03  8.698000e-01
9.238000e+03  8.654000e-01
9.238500e+03  8.611000e-01
9.239000e+03  8.567000e-01
9.239500e+03  8.524000e-01
9.240000e+03  8.480000e-01
9.240500e+03  8.442000e-01
9.241000e+03  8.403000e-01
9.241500e+03  8.364000e-01
9.242000e+03  8.324000e-01
9.242500e+03  8.285000e-01
9.243000e+03  8.228000e-01
9.243500e+03  8.171000e-01
9.244000e+03  8.114000e-01
9.244500e+03  8.057000e-01
9.245000e+03  8.000000e-01
9.245500e+03  7.953000e-01
9.246000e+03  7.906000e-01
9.246500e+03  7.860000e-01
9.247000e+03  7.814000e-01
9.247500e+03  7.768000e-01
9.248000e+03  7.717000e-01
9.248500e+03  7.667000e-01
9.249000e+03  7.616000e-01
9.249500e+03  7.565000e-01
9.250000e+03  7.515000e-01
9.250500e+03  7.452000e-01
9.251000e+03  7.389000e-01
9.251500e+03  7.327000e-01
9.252000e+03  7.264000e-01
9.252500e+03  7.202000e-01
9.253000e+03  7.145000e-01
9.253500e+03  7.088000e-01
9.254000e+03  7.031000e-01
9.254500e+03  6.974000e-01
9.255000e+03  6.917000e-01
9.255500e+03  6.850000e-01
9.256000e+03  6.783000e-01
9.256500e+03  6.717000e-01
9.257000e+03  6.650000e-01
9.257500e+03  6.584000e-01
9.258000e+03  6.509000e-01
9.258500e+03  6.433000e-01
9.259000e+03  6.358000e-01
9.259500e+03  6.283000e-01
9.260000e+03  6.208000e-01
9.260500e+03  6.139000e-01
9.261000e+03  6.069000e-01
9.261500e+03  5.999000e-01
9.262000e+03  5.930000e-01
9.262500e+03  5.860000e-01
9.263000e+03  5.792000e-01
9.263500e+03  5.724000e-01
9.264000e+03  5.657000e-01
9.264500e+03  5.589000e-01
9.265000e+03  5.521000e-01
9.265500e+03  5.449000e-01
9.266000e+03  5.377000e-01
9.266500e+03  5.305000e-01
9.267000e+03  5.232000e-01
9.267500e+03  5.160000e-01
9.268000e+03  5.090000e-01
9.268500e+03  5.021000e-01
9.269000e+03  4.950000e-01
9.269500e+03  4.881000e-01
9.270000e+03  4.812000e-01
9.270500e+03  4.742000e-01
9.271000e+03  4.672000e-01
9.271500e+03  4.602000e-01
9.272000e+03  4.532000e-01
9.272500e+03  4.463000e-01
9.273000e+03  4.388000e-01
9.273500e+03  4.312000e-01
9.274000e+03  4.237000e-01
9.274500e+03  4.162000e-01
9.275000e+03  4.087000e-01
9.275500e+03  4.014000e-01
9.276000e+03  3.940000e-01
9.276500e+03  3.867000e-01
9.277000e+03  3.794000e-01
9.277500e+03  3.722000e-01
9.278000e+03  3.645000e-01
9.278500e+03  3.568000e-01
9.279000e+03  3.491000e-01
9.279500e+03  3.414000e-01
9.280000e+03  3.338000e-01
9.280500e+03  3.272000e-01
9.281000e+03  3.205000e-01
9.281500e+03  3.139000e-01
9.282000e+03  3.073000e-01
9.282500e+03  3.008000e-01
9.283000e+03  2.933000e-01
9.283500e+03  2.858000e-01
9.284000e+03  2.783000e-01
9.284500e+03  2.708000e-01
9.285000e+03  2.633000e-01
9.285500e+03  2.572000e-01
9.286000e+03  2.510000e-01
9.286500e+03  2.449000e-01
9.287000e+03  2.388000e-01
9.287500e+03  2.326000e-01
9.288000e+03  2.266000e-01
9.288500e+03  2.206000e-01
9.289000e+03  2.145000e-01
9.289500e+03  2.085000e-01
9.290000e+03  2.024000e-01
9.290500e+03  1.969000e-01
9.291000e+03  1.913000e-01
9.291500e+03  1.859000e-01
9.292000e+03  1.803000e-01
9.292500e+03  1.748000e-01
9.293000e+03  1.695000e-01
9.293500e+03  1.643000e-01
9.294000e+03  1.590000e-01
9.294500e+03  1.537000e-01
9.295000e+03  1.484000e-01
9.295500e+03  1.437000e-01
9.296000e+03  1.389000e-01
9.296500e+03  1.342000e-01
9.297000e+03  1.295000e-01
9.297500e+03  1.248000e-01
9.298000e+03  1.207000e-01
9.298500e+03  1.166000e-01
9.299000e+03  1.126000e-01
9.299500e+03  1.085000e-01
9.300000e+03  1.044000e-01
9.300500e+03  1.012000e-01
9.301000e+03  9.800000e-02
9.301500e+03  9.480000e-02
9.302000e+03  9.150000e-02
9.302500e+03  8.830000e-02
9.303000e+03  8.490000e-02
9.303500e+03  8.160000e-02
9.304000e+03  7.830000e-02
9.304500e+03  7.500000e-02
9.305000e+03  7.180000e-02
9.305500e+03  6.940000e-02
9.306000e+03  6.710000e-02
9.306500e+03  6.480000e-02
9.307000e+03  6.240000e-02
9.307500e+03  6.010000e-02
9.308000e+03  5.730000e-02
9.308500e+03  5.450000e-02
9.309000e+03  5.180000e-02
9.309500e+03  4.900000e-02
9.310000e+03  4.620000e-02
9.310500e+03  4.500000e-02
9.311000e+03  4.370000e-02
9.311500e+03  4.250000e-02
9.312000e+03  4.130000e-02
9.312500e+03  4.000000e-02
9.313000e+03  3.860000e-02
9.313500e+03  3.720000e-02
9.314000e+03  3.580000e-02
9.314500e+03  3.440000e-02
9.315000e+03  3.290000e-02
9.315500e+03  3.120000e-02
9.316000e+03  2.940000e-02
9.316500e+03  2.770000e-02
9.317000e+03  2.600000e-02
9.317500e+03  2.440000e-02
9.318000e+03  2.400000e-02
9.318500e+03  2.370000e-02
9.319000e+03  2.340000e-02
9.319500e+03  2.310000e-02
9.320000e+03  2.290000e-02
9.320500e+03  2.200000e-02
9.321000e+03  2.120000e-02
9.321500e+03  2.040000e-02
9.322000e+03  1.950000e-02
9.322500e+03  1.870000e-02
9.323000e+03  1.860000e-02
9.323500e+03  1.840000e-02
9.324000e+03  1.830000e-02
9.324500e+03  1.810000e-02
9.325000e+03  1.800000e-02
9.325500e+03  1.710000e-02
9.326000e+03  1.620000e-02
9.326500e+03  1.540000e-02
9.327000e+03  1.450000e-02
9.327500e+03  1.370000e-02
9.328000e+03  1.300000e-02
9.328500e+03  1.230000e-02
9.329000e+03  1.160000e-02
9.329500e+03  1.090000e-02
9.330000e+03  1.030000e-02
9.330500e+03  9.900000e-03
9.331000e+03  9.500000e-03
9.331500e+03  9.200000e-03
9.332000e+03  9.000000e-03
9.332500e+03  9.100000e-03
9.333000e+03  8.500000e-03
9.333500e+03  7.900000e-03
9.334000e+03  7.400000e-03
9.334500e+03  7.000000e-03
9.335000e+03  6.500000e-03
9.335500e+03  6.300000e-03
9.336000e+03  6.300000e-03
9.336500e+03  6.300000e-03
9.337000e+03  6.400000e-03
9.337500e+03  6.600000e-03
9.338000e+03  6.300000e-03
9.338500e+03  6.200000e-03
9.339000e+03  6.200000e-03
9.339500e+03  6.100000e-03
9.340000e+03  6.000000e-03
9.340500e+03  5.500000e-03
9.341000e+03  5.000000e-03
9.341500e+03  4.500000e-03
9.342000e+03  4.300000e-03
9.342500e+03  4.300000e-03
9.343000e+03  4.000000e-03
9.343500e+03  3.700000e-03
9.344000e+03  3.500000e-03
9.344500e+03  3.400000e-03
9.345000e+03  3.400000e-03
9.345500e+03  3.700000e-03
9.346000e+03  3.900000e-03
9.346500e+03  4.200000e-03
9.347000e+03  4.500000e-03
9.347500e+03  4.800000e-03
9.348000e+03  4.300000e-03
9.348500e+03  3.900000e-03
9.349000e+03  3.500000e-03
9.349500e+03  3.200000e-03
9.350000e+03  2.900000e-03
9.350500e+03  3.100000e-03
9.351000e+03  3.200000e-03
9.351500e+03  3.400000e-03
9.352000e+03  3.600000e-03
9.352500e+03  3.900000e-03
9.353000e+03  3.900000e-03
9.353500e+03  4.100000e-03
9.354000e+03  4.200000e-03
9.354500e+03  4.300000e-03
9.355000e+03  4.500000e-03
9.355500e+03  4.200000e-03
9.356000e+03  4.000000e-03
9.356500e+03  3.800000e-03
9.357000e+03  4.000000e-03
9.357500e+03  4.100000e-03
9.358000e+03  3.600000e-03
9.358500e+03  3.300000e-03
9.359000e+03  3.000000e-03
9.359500e+03  3.200000e-03
9.360000e+03  3.400000e-03
9.360500e+03  2.700000e-03
9.361000e+03  1.900000e-03
9.361500e+03  1.600000e-03
9.362000e+03  1.700000e-03
9.362500e+03  1.800000e-03
9.363000e+03  1.800000e-03
9.363500e+03  1.800000e-03
9.364000e+03  1.800000e-03
9.364500e+03  1.800000e-03
9.365000e+03  2.100000e-03
9.365500e+03  2.200000e-03
9.366000e+03  2.600000e-03
9.366500e+03  3.100000e-03
9.367000e+03  3.600000e-03
9.367500e+03  4.200000e-03
9.368000e+03  3.400000e-03
9.368500e+03  2.700000e-03
9.369000e+03  2.000000e-03
9.369500e+03  1.600000e-03
9.370000e+03  1.600000e-03
9.370500e+03  1.600000e-03
9.371000e+03  1.700000e-03
9.371500e+03  2.000000e-03
9.372000e+03  2.500000e-03
9.372500e+03  3.000000e-03
9.373000e+03  2.600000e-03
9.373500e+03  2.300000e-03
9.374000e+03  2.300000e-03
9.374500e+03  2.300000e-03
9.375000e+03  2.400000e-03
9.375500e+03  2.200000e-03
9.376000e+03  2.000000e-03
9.376500e+03  1.800000e-03
9.377000e+03  1.600000e-03
9.377500e+03  1.300000e-03
9.378000e+03  1.400000e-03
9.378500e+03  1.500000e-03
9.379000e+03  1.600000e-03
9.379500e+03  1.800000e-03
9.380000e+03  2.000000e-03
9.380500e+03  1.900000e-03
9.381000e+03  1.900000e-03
9.381500e+03  1.800000e-03
9.382000e+03  1.800000e-03
9.382500e+03  1.700000e-03
9.383000e+03  1.400000e-03
9.383500e+03  1.100000e-03
9.384000e+03  1.000000e-03
9.384500e+03  9.000000e-04
9.385000e+03  8.000000e-04
9.385500e+03  1.000000e-03
9.386000e+03  1.300000e-03
9.386500e+03  1.800000e-03
9.387000e+03  2.500000e-03
9.387500e+03  3.300000e-03
9.388000e+03  2.900000e-03
9.388500e+03  2.400000e-03
9.389000e+03  2.000000e-03
9.389500e+03  1.600000e-03
9.390000e+03  1.200000e-03
9.390500e+03  1.200000e-03
9.391000e+03  1.200000e-03
9.391500e+03  1.400000e-03
9.392000e+03  1.600000e-03
9.392500e+03  1.900000e-03
9.393000e+03  1.700000e-03
9.393500e+03  2.300000e-03
9.394000e+03  3.000000e-03
9.394500e+03  3.700000e-03
9.395000e+03  4.300000e-03
9.395500e+03  3.500000e-03
9.396000e+03  2.700000e-03
9.396500e+03  2.000000e-03
9.397000e+03  1.400000e-03
9.397500e+03  9.000000e-04
9.398000e+03  1.100000e-03
9.398500e+03  1.300000e-03
9.399000e+03  1.600000e-03
9.399500e+03  1.900000e-03
9.400000e+03  2.300000e-03
9.400500e+03  1.700000e-03
9.401000e+03  1.400000e-03
9.401500e+03  1.400000e-03
9.402000e+03  1.400000e-03
9.402500e+03  1.400000e-03
9.403000e+03  1.000000e-03
9.403500e+03  8.000000e-04
9.404000e+03  6.000000e-04
9.404500e+03  5.000000e-04
9.405000e+03  4.000000e-04
9.405500e+03  3.000000e-04
9.406000e+03  2.000000e-04
9.406500e+03  4.000000e-04
9.407000e+03  6.000000e-04
9.407500e+03  9.000000e-04
9.408000e+03  8.000000e-04
9.408500e+03  8.000000e-04
9.409000e+03  9.000000e-04
9.409500e+03  1.100000e-03
9.410000e+03  1.300000e-03
9.410500e+03  1.000000e-03
9.411000e+03  7.000000e-04
9.411500e+03  5.000000e-04
9.412000e+03  6.000000e-04
9.412500e+03  7.000000e-04
9.413000e+03  5.000000e-04
9.413500e+03  3.000000e-04
9.414000e+03  2.000000e-04
9.414500e+03  2.000000e-04
9.415000e+03  2.000000e-04
9.415500e+03  3.000000e-04
9.416000e+03  5.000000e-04
9.416500e+03  7.000000e-04
9.417000e+03  1.000000e-03
9.417500e+03  1.300000e-03
9.418000e+03  9.000000e-04
9.418500e+03  5.000000e-04
9.419000e+03  2.000000e-04
9.419500e+03  3.000000e-04
9.420000e+03  5.000000e-04
9.420500e+03  4.000000e-04
9.421000e+03  3.000000e-04
9.421500e+03  3.000000e-04
9.422000e+03  3.000000e-04
9.422500e+03  5.000000e-04
9.423000e+03  5.000000e-04
9.423500e+03  5.000000e-04
9.424000e+03  1.100000e-03
9.424500e+03  1.800000e-03
9.425000e+03  2.500000e-03
9.425500e+03  1.900000e-03
9.426000e+03  1.300000e-03
9.426500e+03  7.000000e-04
9.427000e+03  3.000000e-04
9.427500e+03  6.000000e-04
9.428000e+03  3.000000e-04
9.428500e+03  1.000000e-04
9.429000e+03  1.000000e-04
9.429500e+03  2.000000e-04
9.430000e+03  3.000000e-04
9.430500e+03  4.000000e-04
9.431000e+03  6.000000e-04
9.431500e+03  7.000000e-04
9.432000e+03  8.000000e-04
9.432500e+03  1.100000e-03
9.433000e+03  1.100000e-03
9.433500e+03  1.100000e-03
9.434000e+03  1.100000e-03
9.434500e+03  1.400000e-03
9.435000e+03  1.800000e-03
9.435500e+03  1.600000e-03
9.436000e+03  1.600000e-03
9.436500e+03  1.500000e-03
9.437000e+03  1.600000e-03
9.437500e+03  1.600000e-03
9.438000e+03  1.600000e-03
9.438500e+03  1.800000e-03
9.439000e+03  2.000000e-03
9.439500e+03  2.200000e-03
9.440000e+03  2.500000e-03
9.440500e+03  2.300000e-03
9.441000e+03  2.100000e-03
9.441500e+03  1.900000e-03
9.442000e+03  1.700000e-03
9.442500e+03  1.500000e-03
9.443000e+03  9.000000e-04
9.443500e+03  8.000000e-04
9.444000e+03  6.000000e-04
9.444500e+03  6.000000e-04
9.445000e+03  6.000000e-04
9.445500e+03  6.000000e-04
9.446000e+03  7.000000e-04
9.446500e+03  7.000000e-04
9.447000e+03  8.000000e-04
9.447500e+03  8.000000e-04
9.448000e+03  8.000000e-04
9.448500e+03  1.000000e-03
9.449000e+03  1.100000e-03
9.449500e+03  1.300000e-03
9.450000e+03  1.600000e-03
9.450500e+03  1.400000e-03
9.451000e+03  1.300000e-03
9.451500e+03  1.200000e-03
9.452000e+03  1.100000e-03
9.452500e+03  1.100000e-03
9.453000e+03  9.000000e-04
9.453500e+03  8.000000e-04
9.454000e+03  8.000000e-04
9.454500e+03  8.000000e-04
9.455000e+03  9.000000e-04
9.455500e+03  8.000000e-04
9.456000e+03  9.000000e-04
9.456500e+03  1.200000e-03
9.457000e+03  1.500000e-03
9.457500e+03  1.800000e-03
9.458000e+03  1.500000e-03
9.458500e+03  1.100000e-03
9.459000e+03  1.000000e-03
9.459500e+03  1.200000e-03
9.460000e+03  1.500000e-03
9.460500e+03  1.400000e-03
9.461000e+03  1.400000e-03
9.461500e+03  1.400000e-03
9.462000e+03  1.500000e-03
9.462500e+03  1.500000e-03
9.463000e+03  1.300000e-03
9.463500e+03  1.200000e-03
9.464000e+03  1.200000e-03
9.464500e+03  1.200000e-03
9.465000e+03  1.400000e-03
9.465500e+03  1.300000e-03
9.466000e+03  1.200000e-03
9.466500e+03  1.200000e-03
9.467000e+03  1.300000e-03
9.467500e+03  1.600000e-03
9.468000e+03  1.800000e-03
9.468500e+03  2.100000e-03
9.469000e+03  2.300000e-03
9.469500e+03  2.600000e-03
9.470000e+03  2.800000e-03
9.470500e+03  2.300000e-03
9.471000e+03  1.900000e-03
9.471500e+03  1.500000e-03
9.472000e+03  1.300000e-03
9.472500e+03  1.300000e-03
9.473000e+03  1.300000e-03
9.473500e+03  1.200000e-03
9.474000e+03  1.100000e-03
9.474500e+03  1.200000e-03
9.475000e+03  1.300000e-03
9.475500e+03  1.200000e-03
9.476000e+03  1.200000e-03
9.476500e+03  1.400000e-03
9.477000e+03  1.500000e-03
9.477500e+03  1.700000e-03
9.478000e+03  1.600000e-03
9.478500e+03  1.600000e-03
9.479000e+03  1.900000e-03
9.479500e+03  2.400000e-03
9.480000e+03  2.900000e-03
9.480500e+03  2.400000e-03
9.481000e+03  1.900000e-03
9.481500e+03  1.500000e-03
9.482000e+03  1.200000e-03
9.482500e+03  1.100000e-03
9.483000e+03  9.000000e-04
