# # Wavelength(Angstrom)  Transmission
7.350000e+03 5.273272e-03
7.351000e+03 4.801062e-03
7.352000e+03 4.182994e-03
7.353000e+03 3.923185e-03
7.354000e+03 3.056069e-03
7.355000e+03 2.796311e-03
7.356000e+03 2.140496e-03
7.357000e+03 1.516913e-03
7.358000e+03 1.255091e-03
7.359000e+03 1.519574e-03
7.360000e+03 1.882862e-03
7.361000e+03 1.931640e-03
7.362000e+03 1.586774e-03
7.363000e+03 1.470974e-03
7.364000e+03 0.000000e+00
7.365000e+03 0.000000e+00
7.366000e+03 0.000000e+00
7.367000e+03 0.000000e+00
7.368000e+03 1.373634e-03
7.369000e+03 1.211198e-03
7.370000e+03 1.426416e-03
7.371000e+03 1.145818e-03
7.372000e+03 1.644670e-03
7.373000e+03 2.110587e-03
7.374000e+03 1.279130e-03
7.375000e+03 1.462331e-03
7.376000e+03 1.411732e-03
7.377000e+03 1.973940e-03
7.378000e+03 2.104051e-03
7.379000e+03 2.318930e-03
7.380000e+03 2.532236e-03
7.381000e+03 2.679269e-03
7.382000e+03 2.529867e-03
7.383000e+03 2.179655e-03
7.384000e+03 2.063483e-03
7.385000e+03 1.894997e-03
7.386000e+03 2.520456e-03
7.387000e+03 2.993060e-03
7.388000e+03 2.844685e-03
7.389000e+03 2.643821e-03
7.390000e+03 3.544208e-03
7.391000e+03 4.298926e-03
7.392000e+03 4.510210e-03
7.393000e+03 4.398491e-03
7.394000e+03 4.926605e-03
7.395000e+03 4.921687e-03
7.396000e+03 5.022564e-03
7.397000e+03 5.418598e-03
7.398000e+03 5.878350e-03
7.399000e+03 6.187531e-03
7.400000e+03 7.039172e-03
7.401000e+03 7.356014e-03
7.402000e+03 7.208593e-03
7.403000e+03 7.411080e-03
7.404000e+03 7.882836e-03
7.405000e+03 8.161222e-03
7.406000e+03 8.003434e-03
7.407000e+03 7.781023e-03
7.408000e+03 8.110870e-03
7.409000e+03 8.794307e-03
7.410000e+03 8.594178e-03
7.411000e+03 9.285370e-03
7.412000e+03 1.019449e-02
7.413000e+03 1.061713e-02
7.414000e+03 1.114582e-02
7.415000e+03 1.190208e-02
7.416000e+03 1.161872e-02
7.417000e+03 1.256450e-02
7.418000e+03 1.323359e-02
7.419000e+03 1.340455e-02
7.420000e+03 1.408423e-02
7.421000e+03 1.521363e-02
7.422000e+03 1.615744e-02
7.423000e+03 1.695683e-02
7.424000e+03 1.844168e-02
7.425000e+03 1.919388e-02
7.426000e+03 2.058752e-02
7.427000e+03 2.207259e-02
7.428000e+03 2.336038e-02
7.429000e+03 2.529737e-02
7.430000e+03 2.735134e-02
7.431000e+03 2.884077e-02
7.432000e+03 3.092631e-02
7.433000e+03 3.253021e-02
7.434000e+03 3.457609e-02
7.435000e+03 3.709016e-02
7.436000e+03 3.922539e-02
7.437000e+03 4.148318e-02
7.438000e+03 4.437377e-02
7.439000e+03 4.751571e-02
7.440000e+03 5.005795e-02
7.441000e+03 5.301746e-02
7.442000e+03 5.635766e-02
7.443000e+03 5.955464e-02
7.444000e+03 6.313395e-02
7.445000e+03 6.727331e-02
7.446000e+03 7.030545e-02
7.447000e+03 7.416263e-02
7.448000e+03 7.841064e-02
7.449000e+03 8.293984e-02
7.450000e+03 8.776172e-02
7.451000e+03 9.254171e-02
7.452000e+03 9.694796e-02
7.453000e+03 1.015316e-01
7.454000e+03 1.065612e-01
7.455000e+03 1.120341e-01
7.456000e+03 1.163513e-01
7.457000e+03 1.225704e-01
7.458000e+03 1.286201e-01
7.459000e+03 1.343225e-01
7.460000e+03 1.401482e-01
7.461000e+03 1.453447e-01
7.462000e+03 1.513494e-01
7.463000e+03 1.583481e-01
7.464000e+03 1.652408e-01
7.465000e+03 1.726512e-01
7.466000e+03 1.804812e-01
7.467000e+03 1.887831e-01
7.468000e+03 1.967550e-01
7.469000e+03 2.050765e-01
7.470000e+03 2.142151e-01
7.471000e+03 2.227703e-01
7.472000e+03 2.319591e-01
7.473000e+03 2.423811e-01
7.474000e+03 2.513863e-01
7.475000e+03 2.602889e-01
7.476000e+03 2.708321e-01
7.477000e+03 2.815642e-01
7.478000e+03 2.922428e-01
7.479000e+03 3.032284e-01
7.480000e+03 3.130485e-01
7.481000e+03 3.224853e-01
7.482000e+03 3.325350e-01
7.483000e+03 3.426318e-01
7.484000e+03 3.537490e-01
7.485000e+03 3.657160e-01
7.486000e+03 3.767436e-01
7.487000e+03 3.861861e-01
7.488000e+03 3.982187e-01
7.489000e+03 4.071642e-01
7.490000e+03 4.189934e-01
7.491000e+03 4.305492e-01
7.492000e+03 4.398664e-01
7.493000e+03 4.507029e-01
7.494000e+03 4.629407e-01
7.495000e+03 4.737704e-01
7.496000e+03 4.862234e-01
7.497000e+03 4.983356e-01
7.498000e+03 5.091970e-01
7.499000e+03 5.188885e-01
7.500000e+03 5.304709e-01
7.501000e+03 5.411893e-01
7.502000e+03 5.509236e-01
7.503000e+03 5.620639e-01
7.504000e+03 5.700353e-01
7.505000e+03 5.807899e-01
7.506000e+03 5.910705e-01
7.507000e+03 6.010386e-01
7.508000e+03 6.131312e-01
7.509000e+03 6.218332e-01
7.510000e+03 6.314735e-01
7.511000e+03 6.412111e-01
7.512000e+03 6.523317e-01
7.513000e+03 6.620563e-01
7.514000e+03 6.712293e-01
7.515000e+03 6.835132e-01
7.516000e+03 6.912268e-01
7.517000e+03 7.004041e-01
7.518000e+03 7.088363e-01
7.519000e+03 7.171156e-01
7.520000e+03 7.290915e-01
7.521000e+03 7.380345e-01
7.522000e+03 7.447212e-01
7.523000e+03 7.504764e-01
7.524000e+03 7.580997e-01
7.525000e+03 7.652654e-01
7.526000e+03 7.721089e-01
7.527000e+03 7.776447e-01
7.528000e+03 7.810090e-01
7.529000e+03 7.893444e-01
7.530000e+03 7.939504e-01
7.531000e+03 7.981014e-01
7.532000e+03 8.042444e-01
7.533000e+03 8.074202e-01
7.534000e+03 8.121228e-01
7.535000e+03 8.177713e-01
7.536000e+03 8.210068e-01
7.537000e+03 8.239290e-01
7.538000e+03 8.303741e-01
7.539000e+03 8.394113e-01
7.540000e+03 8.446385e-01
7.541000e+03 8.494123e-01
7.542000e+03 8.506371e-01
7.543000e+03 8.533508e-01
7.544000e+03 8.576844e-01
7.545000e+03 8.578267e-01
7.546000e+03 8.644399e-01
7.547000e+03 8.687986e-01
7.548000e+03 8.716663e-01
7.549000e+03 8.770757e-01
7.550000e+03 8.797621e-01
7.551000e+03 8.808355e-01
7.552000e+03 8.847033e-01
7.553000e+03 8.887331e-01
7.554000e+03 8.894325e-01
7.555000e+03 8.902271e-01
7.556000e+03 8.924329e-01
7.557000e+03 8.957441e-01
7.558000e+03 8.989996e-01
7.559000e+03 9.038819e-01
7.560000e+03 9.067193e-01
7.561000e+03 9.100817e-01
7.562000e+03 9.108134e-01
7.563000e+03 9.120982e-01
7.564000e+03 9.128879e-01
7.565000e+03 9.136605e-01
7.566000e+03 9.154531e-01
7.567000e+03 9.185055e-01
7.568000e+03 9.212715e-01
7.569000e+03 9.222940e-01
7.570000e+03 9.249131e-01
7.571000e+03 9.230387e-01
7.572000e+03 9.215634e-01
7.573000e+03 9.209353e-01
7.574000e+03 9.208673e-01
7.575000e+03 9.186946e-01
7.576000e+03 9.193263e-01
7.577000e+03 9.165200e-01
7.578000e+03 9.143294e-01
7.579000e+03 9.094475e-01
7.580000e+03 9.104829e-01
7.581000e+03 9.068696e-01
7.582000e+03 9.029565e-01
7.583000e+03 8.968011e-01
7.584000e+03 8.856155e-01
7.585000e+03 8.768158e-01
7.586000e+03 8.665655e-01
7.587000e+03 8.611687e-01
7.588000e+03 8.545072e-01
7.589000e+03 8.476923e-01
7.590000e+03 8.396101e-01
7.591000e+03 8.251446e-01
7.592000e+03 8.035312e-01
7.593000e+03 7.839478e-01
7.594000e+03 7.614083e-01
7.595000e+03 7.385465e-01
7.596000e+03 7.107911e-01
7.597000e+03 6.854806e-01
7.598000e+03 6.606426e-01
7.599000e+03 6.366337e-01
7.600000e+03 6.149500e-01
7.601000e+03 5.976296e-01
7.602000e+03 5.856356e-01
7.603000e+03 5.755685e-01
7.604000e+03 5.656034e-01
7.605000e+03 5.582636e-01
7.606000e+03 5.527041e-01
7.607000e+03 5.454935e-01
7.608000e+03 5.394488e-01
7.609000e+03 5.290893e-01
7.610000e+03 5.197078e-01
7.611000e+03 5.177584e-01
7.612000e+03 5.254406e-01
7.613000e+03 5.372662e-01
7.614000e+03 5.556775e-01
7.615000e+03 5.771677e-01
7.616000e+03 6.006388e-01
7.617000e+03 6.260832e-01
7.618000e+03 6.480113e-01
7.619000e+03 6.655054e-01
7.620000e+03 6.806392e-01
7.621000e+03 6.909124e-01
7.622000e+03 6.941105e-01
7.623000e+03 6.936895e-01
7.624000e+03 6.854140e-01
7.625000e+03 6.739861e-01
7.626000e+03 6.615718e-01
7.627000e+03 6.512362e-01
7.628000e+03 6.422633e-01
7.629000e+03 6.383026e-01
7.630000e+03 6.317363e-01
7.631000e+03 6.292534e-01
7.632000e+03 6.299221e-01
7.633000e+03 6.300449e-01
7.634000e+03 6.313284e-01
7.635000e+03 6.343816e-01
7.636000e+03 6.406451e-01
7.637000e+03 6.456023e-01
7.638000e+03 6.491316e-01
7.639000e+03 6.532543e-01
7.640000e+03 6.556361e-01
7.641000e+03 6.621165e-01
7.642000e+03 6.688438e-01
7.643000e+03 6.779823e-01
7.644000e+03 6.855353e-01
7.645000e+03 6.944315e-01
7.646000e+03 7.052164e-01
7.647000e+03 7.158206e-01
7.648000e+03 7.239065e-01
7.649000e+03 7.317396e-01
7.650000e+03 7.410808e-01
7.651000e+03 7.497859e-01
7.652000e+03 7.584635e-01
7.653000e+03 7.659098e-01
7.654000e+03 7.744597e-01
7.655000e+03 7.822651e-01
7.656000e+03 7.901442e-01
7.657000e+03 7.979548e-01
7.658000e+03 8.064763e-01
7.659000e+03 8.139489e-01
7.660000e+03 8.243210e-01
7.661000e+03 8.314642e-01
7.662000e+03 8.406793e-01
7.663000e+03 8.506376e-01
7.664000e+03 8.572049e-01
7.665000e+03 8.652546e-01
7.666000e+03 8.712513e-01
7.667000e+03 8.747023e-01
7.668000e+03 8.782416e-01
7.669000e+03 8.865763e-01
7.670000e+03 8.943491e-01
7.671000e+03 9.020485e-01
7.672000e+03 9.118143e-01
7.673000e+03 9.193473e-01
7.674000e+03 9.309233e-01
7.675000e+03 9.402238e-01
7.676000e+03 9.488361e-01
7.677000e+03 9.596587e-01
7.678000e+03 9.679964e-01
7.679000e+03 9.727361e-01
7.680000e+03 9.822703e-01
7.681000e+03 9.902860e-01
7.682000e+03 9.926108e-01
7.683000e+03 9.971049e-01
7.684000e+03 9.987064e-01
7.685000e+03 1.000000e+00
7.686000e+03 9.940160e-01
7.687000e+03 9.895241e-01
7.688000e+03 9.873597e-01
7.689000e+03 9.878691e-01
7.690000e+03 9.834699e-01
7.691000e+03 9.846972e-01
7.692000e+03 9.853086e-01
7.693000e+03 9.835648e-01
7.694000e+03 9.834823e-01
7.695000e+03 9.846896e-01
7.696000e+03 9.874059e-01
7.697000e+03 9.851238e-01
7.698000e+03 9.847805e-01
7.699000e+03 9.866784e-01
7.700000e+03 9.888894e-01
7.701000e+03 9.854472e-01
7.702000e+03 9.845616e-01
7.703000e+03 9.847027e-01
7.704000e+03 9.838258e-01
7.705000e+03 9.832312e-01
7.706000e+03 9.820125e-01
7.707000e+03 9.798085e-01
7.708000e+03 9.784447e-01
7.709000e+03 9.796776e-01
7.710000e+03 9.805049e-01
7.711000e+03 9.835954e-01
7.712000e+03 9.814731e-01
7.713000e+03 9.807977e-01
7.714000e+03 9.822849e-01
7.715000e+03 9.811203e-01
7.716000e+03 9.797784e-01
7.717000e+03 9.781585e-01
7.718000e+03 9.808868e-01
7.719000e+03 9.811569e-01
7.720000e+03 9.776502e-01
7.721000e+03 9.791690e-01
7.722000e+03 9.828118e-01
7.723000e+03 9.821897e-01
7.724000e+03 9.820698e-01
7.725000e+03 9.834559e-01
7.726000e+03 9.816770e-01
7.727000e+03 9.790009e-01
7.728000e+03 9.767946e-01
7.729000e+03 9.808299e-01
7.730000e+03 9.812749e-01
7.731000e+03 9.792218e-01
7.732000e+03 9.801821e-01
7.733000e+03 9.808134e-01
7.734000e+03 9.801666e-01
7.735000e+03 9.816738e-01
7.736000e+03 9.816280e-01
7.737000e+03 9.784893e-01
7.738000e+03 9.794270e-01
7.739000e+03 9.804091e-01
7.740000e+03 9.792676e-01
7.741000e+03 9.801568e-01
7.742000e+03 9.818960e-01
7.743000e+03 9.810806e-01
7.744000e+03 9.830699e-01
7.745000e+03 9.787136e-01
7.746000e+03 9.783234e-01
7.747000e+03 9.798089e-01
7.748000e+03 9.801639e-01
7.749000e+03 9.790667e-01
7.750000e+03 9.808906e-01
7.751000e+03 9.805772e-01
7.752000e+03 9.840416e-01
7.753000e+03 9.861654e-01
7.754000e+03 9.848462e-01
7.755000e+03 9.856052e-01
7.756000e+03 9.876381e-01
7.757000e+03 9.846631e-01
7.758000e+03 9.825198e-01
7.759000e+03 9.825161e-01
7.760000e+03 9.877840e-01
7.761000e+03 9.922419e-01
7.762000e+03 9.930162e-01
7.763000e+03 9.917231e-01
7.764000e+03 9.899594e-01
7.765000e+03 9.934432e-01
7.766000e+03 9.949868e-01
7.767000e+03 9.970908e-01
7.768000e+03 9.947179e-01
7.769000e+03 9.948360e-01
7.770000e+03 9.944804e-01
7.771000e+03 9.931489e-01
7.772000e+03 9.914281e-01
7.773000e+03 9.911892e-01
7.774000e+03 9.950138e-01
7.775000e+03 9.975603e-01
7.776000e+03 9.950115e-01
7.777000e+03 9.914352e-01
7.778000e+03 9.932791e-01
7.779000e+03 9.937320e-01
7.780000e+03 9.921886e-01
7.781000e+03 9.932519e-01
7.782000e+03 9.896575e-01
7.783000e+03 9.900049e-01
7.784000e+03 9.928495e-01
7.785000e+03 9.908199e-01
7.786000e+03 9.915886e-01
7.787000e+03 9.938073e-01
7.788000e+03 9.934215e-01
7.789000e+03 9.947396e-01
7.790000e+03 9.933799e-01
7.791000e+03 9.872183e-01
7.792000e+03 9.868001e-01
7.793000e+03 9.867595e-01
7.794000e+03 9.819201e-01
7.795000e+03 9.842959e-01
7.796000e+03 9.849644e-01
7.797000e+03 9.807367e-01
7.798000e+03 9.819422e-01
7.799000e+03 9.767829e-01
7.800000e+03 9.736741e-01
7.801000e+03 9.743230e-01
7.802000e+03 9.723474e-01
7.803000e+03 9.694535e-01
7.804000e+03 9.678409e-01
7.805000e+03 9.667656e-01
7.806000e+03 9.648289e-01
7.807000e+03 9.648052e-01
7.808000e+03 9.599204e-01
7.809000e+03 9.580955e-01
7.810000e+03 9.578826e-01
7.811000e+03 9.516478e-01
7.812000e+03 9.484640e-01
7.813000e+03 9.494868e-01
7.814000e+03 9.436778e-01
7.815000e+03 9.415939e-01
7.816000e+03 9.400703e-01
7.817000e+03 9.333815e-01
7.818000e+03 9.284907e-01
7.819000e+03 9.219332e-01
7.820000e+03 9.200112e-01
7.821000e+03 9.132533e-01
7.822000e+03 9.032924e-01
7.823000e+03 8.979417e-01
7.824000e+03 8.931086e-01
7.825000e+03 8.851776e-01
7.826000e+03 8.811259e-01
7.827000e+03 8.730495e-01
7.828000e+03 8.697532e-01
7.829000e+03 8.583417e-01
7.830000e+03 8.520682e-01
7.831000e+03 8.460357e-01
7.832000e+03 8.368453e-01
7.833000e+03 8.297737e-01
7.834000e+03 8.224330e-01
7.835000e+03 8.167677e-01
7.836000e+03 8.074398e-01
7.837000e+03 7.985408e-01
7.838000e+03 7.929695e-01
7.839000e+03 7.834925e-01
7.840000e+03 7.726561e-01
7.841000e+03 7.640562e-01
7.842000e+03 7.475281e-01
7.843000e+03 7.397947e-01
7.844000e+03 7.249637e-01
7.845000e+03 7.166152e-01
7.846000e+03 7.052858e-01
7.847000e+03 6.915064e-01
7.848000e+03 6.786802e-01
7.849000e+03 6.674671e-01
7.850000e+03 6.549277e-01
7.851000e+03 6.409681e-01
7.852000e+03 6.267678e-01
7.853000e+03 6.122841e-01
7.854000e+03 6.036142e-01
7.855000e+03 5.926070e-01
7.856000e+03 5.809128e-01
7.857000e+03 5.665366e-01
7.858000e+03 5.567049e-01
7.859000e+03 5.414886e-01
7.860000e+03 5.292564e-01
7.861000e+03 5.141147e-01
7.862000e+03 4.999963e-01
7.863000e+03 4.852368e-01
7.864000e+03 4.725706e-01
7.865000e+03 4.602371e-01
7.866000e+03 4.473368e-01
7.867000e+03 4.346719e-01
7.868000e+03 4.223658e-01
7.869000e+03 4.110861e-01
7.870000e+03 3.947116e-01
7.871000e+03 3.810924e-01
7.872000e+03 3.665989e-01
7.873000e+03 3.538376e-01
7.874000e+03 3.406703e-01
7.875000e+03 3.285678e-01
7.876000e+03 3.176897e-01
7.877000e+03 3.066650e-01
7.878000e+03 2.966646e-01
7.879000e+03 2.890113e-01
7.880000e+03 2.774143e-01
7.881000e+03 2.675901e-01
7.882000e+03 2.553368e-01
7.883000e+03 2.446985e-01
7.884000e+03 2.347977e-01
7.885000e+03 2.248256e-01
7.886000e+03 2.151861e-01
7.887000e+03 2.067874e-01
7.888000e+03 1.976556e-01
7.889000e+03 1.893555e-01
7.890000e+03 1.821430e-01
7.891000e+03 1.741012e-01
7.892000e+03 1.661318e-01
7.893000e+03 1.579216e-01
7.894000e+03 1.512061e-01
7.895000e+03 1.416523e-01
7.896000e+03 1.328206e-01
7.897000e+03 1.264783e-01
7.898000e+03 1.215479e-01
7.899000e+03 1.150513e-01
7.900000e+03 1.077608e-01
7.901000e+03 1.016539e-01
7.902000e+03 9.535524e-02
7.903000e+03 8.970198e-02
7.904000e+03 8.479269e-02
7.905000e+03 8.148638e-02
7.906000e+03 7.573431e-02
7.907000e+03 7.335803e-02
7.908000e+03 6.938229e-02
7.909000e+03 6.504730e-02
7.910000e+03 6.022745e-02
7.911000e+03 5.625297e-02
7.912000e+03 5.677897e-02
7.913000e+03 5.139262e-02
7.914000e+03 4.936996e-02
7.915000e+03 4.680086e-02
7.916000e+03 4.667895e-02
7.917000e+03 4.530960e-02
7.918000e+03 4.316499e-02
7.919000e+03 4.196158e-02
7.920000e+03 3.976071e-02
7.921000e+03 3.737395e-02
7.922000e+03 3.759581e-02
7.923000e+03 3.648732e-02
7.924000e+03 3.368908e-02
7.925000e+03 3.206045e-02
7.926000e+03 3.031892e-02
7.927000e+03 2.941814e-02
7.928000e+03 2.664426e-02
7.929000e+03 2.727486e-02
7.930000e+03 2.566987e-02
7.931000e+03 2.479531e-02
7.932000e+03 2.148366e-02
7.933000e+03 2.054934e-02
7.934000e+03 2.109118e-02
7.935000e+03 1.905197e-02
7.936000e+03 1.921738e-02
7.937000e+03 1.702462e-02
7.938000e+03 1.562196e-02
7.939000e+03 1.221975e-02
7.940000e+03 1.065866e-02
7.941000e+03 1.198763e-02
7.942000e+03 1.083152e-02
7.943000e+03 9.607634e-03
7.944000e+03 8.964001e-03
7.945000e+03 7.417484e-03
7.946000e+03 6.314749e-03
7.947000e+03 5.530077e-03
7.948000e+03 5.022310e-03
7.949000e+03 3.577289e-03
7.950000e+03 2.594254e-03
7.951000e+03 3.736177e-03
7.952000e+03 3.610572e-03
7.953000e+03 3.213628e-03
7.954000e+03 2.005361e-03
7.955000e+03 4.174057e-03
7.956000e+03 4.580107e-03
7.957000e+03 4.477891e-03
7.958000e+03 5.938980e-03
7.959000e+03 6.517008e-03
7.960000e+03 6.699625e-03
7.961000e+03 7.167594e-03
7.962000e+03 8.272763e-03
7.963000e+03 7.798375e-03
7.964000e+03 8.437660e-03
7.965000e+03 8.749430e-03
7.966000e+03 9.221158e-03
7.967000e+03 8.612846e-03
7.968000e+03 7.195358e-03
7.969000e+03 8.778192e-03
7.970000e+03 8.517109e-03
7.971000e+03 7.129953e-03
7.972000e+03 7.358834e-03
7.973000e+03 6.563624e-03
7.974000e+03 5.472056e-03
7.975000e+03 4.419279e-03
7.976000e+03 5.174176e-03
7.977000e+03 3.108974e-03
7.978000e+03 2.995931e-03
7.979000e+03 4.655327e-03
7.980000e+03 4.355699e-03
7.981000e+03 3.220006e-03
7.982000e+03 2.624275e-03
7.983000e+03 0.000000e+00
