# # Wavelength(Angstrom)  Transmission
8.003500e+03 1.602435e-03
8.004000e+03 1.778345e-03
8.004500e+03 2.135509e-03
8.005000e+03 2.846061e-03
8.005500e+03 3.380335e-03
8.006000e+03 3.730644e-03
8.006500e+03 3.908716e-03
8.007000e+03 5.507656e-03
8.007500e+03 6.039966e-03
8.008000e+03 6.920145e-03
8.008500e+03 6.387533e-03
8.009000e+03 6.914344e-03
8.009500e+03 6.385774e-03
8.010000e+03 5.857355e-03
8.010500e+03 5.317451e-03
8.011000e+03 5.487372e-03
8.011500e+03 4.780943e-03
8.012000e+03 5.491095e-03
8.012500e+03 5.321107e-03
8.013000e+03 5.683469e-03
8.013500e+03 6.040580e-03
8.014000e+03 7.083463e-03
8.014500e+03 7.262006e-03
8.015000e+03 7.608304e-03
8.015500e+03 7.073917e-03
8.016000e+03 7.420044e-03
8.016500e+03 8.483647e-03
8.017000e+03 8.309317e-03
8.017500e+03 8.856283e-03
8.018000e+03 9.581091e-03
8.018500e+03 9.582081e-03
8.019000e+03 9.054357e-03
8.019500e+03 8.695752e-03
8.020000e+03 9.239754e-03
8.020500e+03 9.595432e-03
8.021000e+03 1.032607e-02
8.021500e+03 1.050883e-02
8.022000e+03 1.160764e-02
8.022500e+03 1.196797e-02
8.023000e+03 1.072327e-02
8.023500e+03 1.073205e-02
8.024000e+03 1.022319e-02
8.024500e+03 1.058485e-02
8.025000e+03 1.095802e-02
8.025500e+03 1.150357e-02
8.026000e+03 1.276070e-02
8.026500e+03 1.310004e-02
8.027000e+03 1.331711e-02
8.027500e+03 1.370134e-02
8.028000e+03 1.350650e-02
8.028500e+03 1.476486e-02
8.029000e+03 1.530252e-02
8.029500e+03 1.547992e-02
8.030000e+03 1.621007e-02
8.030500e+03 1.749273e-02
8.031000e+03 1.842803e-02
8.031500e+03 1.918318e-02
8.032000e+03 1.933433e-02
8.032500e+03 1.912580e-02
8.033000e+03 2.025301e-02
8.033500e+03 2.003163e-02
8.034000e+03 2.149222e-02
8.034500e+03 2.148900e-02
8.035000e+03 2.314152e-02
8.035500e+03 2.403643e-02
8.036000e+03 2.496960e-02
8.036500e+03 2.551765e-02
8.037000e+03 2.546268e-02
8.037500e+03 2.597209e-02
8.038000e+03 2.686610e-02
8.038500e+03 2.846511e-02
8.039000e+03 3.097395e-02
8.039500e+03 3.222592e-02
8.040000e+03 3.493871e-02
8.040500e+03 3.708698e-02
8.041000e+03 3.860692e-02
8.041500e+03 3.944745e-02
8.042000e+03 4.091540e-02
8.042500e+03 4.252369e-02
8.043000e+03 4.406727e-02
8.043500e+03 4.617360e-02
8.044000e+03 4.716525e-02
8.044500e+03 4.864285e-02
8.045000e+03 5.072139e-02
8.045500e+03 5.267119e-02
8.046000e+03 5.412128e-02
8.046500e+03 5.551968e-02
8.047000e+03 5.717343e-02
8.047500e+03 5.882666e-02
8.048000e+03 6.047944e-02
8.048500e+03 6.243862e-02
8.049000e+03 6.484473e-02
8.049500e+03 6.696915e-02
8.050000e+03 6.823703e-02
8.050500e+03 7.193229e-02
8.051000e+03 7.382533e-02
8.051500e+03 7.662478e-02
8.052000e+03 7.952573e-02
8.052500e+03 8.237513e-02
8.053000e+03 8.533894e-02
8.053500e+03 8.846809e-02
8.054000e+03 9.114974e-02
8.054500e+03 9.288622e-02
8.055000e+03 9.538773e-02
8.055500e+03 9.924075e-02
8.056000e+03 1.011914e-01
8.056500e+03 1.035875e-01
8.057000e+03 1.079334e-01
8.057500e+03 1.121497e-01
8.058000e+03 1.158031e-01
8.058500e+03 1.197992e-01
8.059000e+03 1.244312e-01
8.059500e+03 1.285776e-01
8.060000e+03 1.323791e-01
8.060500e+03 1.363073e-01
8.061000e+03 1.406165e-01
8.061500e+03 1.442878e-01
8.062000e+03 1.487222e-01
8.062500e+03 1.530281e-01
8.063000e+03 1.561873e-01
8.063500e+03 1.601093e-01
8.064000e+03 1.647939e-01
8.064500e+03 1.701135e-01
8.065000e+03 1.747957e-01
8.065500e+03 1.793495e-01
8.066000e+03 1.842837e-01
8.066500e+03 1.876909e-01
8.067000e+03 1.930044e-01
8.067500e+03 1.976811e-01
8.068000e+03 2.019754e-01
8.068500e+03 2.070312e-01
8.069000e+03 2.119589e-01
8.069500e+03 2.170125e-01
8.070000e+03 2.219379e-01
8.070500e+03 2.280057e-01
8.071000e+03 2.339446e-01
8.071500e+03 2.393723e-01
8.072000e+03 2.451776e-01
8.072500e+03 2.516145e-01
8.073000e+03 2.557633e-01
8.073500e+03 2.618135e-01
8.074000e+03 2.676071e-01
8.074500e+03 2.731447e-01
8.075000e+03 2.776656e-01
8.075500e+03 2.839607e-01
8.076000e+03 2.896202e-01
8.076500e+03 2.951519e-01
8.077000e+03 3.019507e-01
8.077500e+03 3.091291e-01
8.078000e+03 3.156726e-01
8.078500e+03 3.219612e-01
8.079000e+03 3.301486e-01
8.079500e+03 3.360540e-01
8.080000e+03 3.417047e-01
8.080500e+03 3.478613e-01
8.081000e+03 3.555369e-01
8.081500e+03 3.625783e-01
8.082000e+03 3.701248e-01
8.082500e+03 3.762774e-01
8.083000e+03 3.823015e-01
8.083500e+03 3.897154e-01
8.084000e+03 3.972527e-01
8.084500e+03 4.035215e-01
8.085000e+03 4.107985e-01
8.085500e+03 4.190826e-01
8.086000e+03 4.259707e-01
8.086500e+03 4.324752e-01
8.087000e+03 4.394816e-01
8.087500e+03 4.450945e-01
8.088000e+03 4.522213e-01
8.088500e+03 4.587142e-01
8.089000e+03 4.668479e-01
8.089500e+03 4.747277e-01
8.090000e+03 4.809656e-01
8.090500e+03 4.892252e-01
8.091000e+03 4.963653e-01
8.091500e+03 5.009993e-01
8.092000e+03 5.089306e-01
8.092500e+03 5.175046e-01
8.093000e+03 5.253294e-01
8.093500e+03 5.318960e-01
8.094000e+03 5.395987e-01
8.094500e+03 5.474232e-01
8.095000e+03 5.543551e-01
8.095500e+03 5.632926e-01
8.096000e+03 5.725895e-01
8.096500e+03 5.804734e-01
8.097000e+03 5.876963e-01
8.097500e+03 5.958924e-01
8.098000e+03 6.030372e-01
8.098500e+03 6.125289e-01
8.099000e+03 6.210818e-01
8.099500e+03 6.288158e-01
8.100000e+03 6.355995e-01
8.100500e+03 6.460929e-01
8.101000e+03 6.540168e-01
8.101500e+03 6.565026e-01
8.102000e+03 6.666273e-01
8.102500e+03 6.749849e-01
8.103000e+03 6.803430e-01
8.103500e+03 6.898528e-01
8.104000e+03 6.994817e-01
8.104500e+03 7.069764e-01
8.105000e+03 7.137152e-01
8.105500e+03 7.182105e-01
8.106000e+03 7.225903e-01
8.106500e+03 7.287224e-01
8.107000e+03 7.369752e-01
8.107500e+03 7.464711e-01
8.108000e+03 7.532244e-01
8.108500e+03 7.598490e-01
8.109000e+03 7.647274e-01
8.109500e+03 7.725795e-01
8.110000e+03 7.779364e-01
8.110500e+03 7.836529e-01
8.111000e+03 7.909652e-01
8.111500e+03 7.986288e-01
8.112000e+03 8.055257e-01
8.112500e+03 8.116547e-01
8.113000e+03 8.155306e-01
8.113500e+03 8.225908e-01
8.114000e+03 8.285048e-01
8.114500e+03 8.335241e-01
8.115000e+03 8.358124e-01
8.115500e+03 8.403130e-01
8.116000e+03 8.474011e-01
8.116500e+03 8.495720e-01
8.117000e+03 8.535895e-01
8.117500e+03 8.635045e-01
8.118000e+03 8.660549e-01
8.118500e+03 8.700820e-01
8.119000e+03 8.763169e-01
8.119500e+03 8.796129e-01
8.120000e+03 8.840120e-01
8.120500e+03 8.884109e-01
8.121000e+03 8.926867e-01
8.121500e+03 8.987917e-01
8.122000e+03 9.061113e-01
8.122500e+03 9.098881e-01
8.123000e+03 9.147573e-01
8.123500e+03 9.169420e-01
8.124000e+03 9.216777e-01
8.124500e+03 9.266484e-01
8.125000e+03 9.330674e-01
8.125500e+03 9.363172e-01
8.126000e+03 9.407710e-01
8.126500e+03 9.456976e-01
8.127000e+03 9.474603e-01
8.127500e+03 9.467909e-01
8.128000e+03 9.496219e-01
8.128500e+03 9.529263e-01
8.129000e+03 9.562311e-01
8.129500e+03 9.571223e-01
8.130000e+03 9.585008e-01
8.130500e+03 9.609681e-01
8.131000e+03 9.647630e-01
8.131500e+03 9.663914e-01
8.132000e+03 9.653763e-01
8.132500e+03 9.652097e-01
8.133000e+03 9.688937e-01
8.133500e+03 9.706570e-01
8.134000e+03 9.723033e-01
8.134500e+03 9.723939e-01
8.135000e+03 9.742871e-01
8.135500e+03 9.785782e-01
8.136000e+03 9.747303e-01
8.136500e+03 9.744804e-01
8.137000e+03 9.745944e-01
8.137500e+03 9.748324e-01
8.138000e+03 9.798505e-01
8.138500e+03 9.835546e-01
8.139000e+03 9.835622e-01
8.139500e+03 9.859577e-01
8.140000e+03 9.875211e-01
8.140500e+03 9.880162e-01
8.141000e+03 9.845897e-01
8.141500e+03 9.835498e-01
8.142000e+03 9.817993e-01
8.142500e+03 9.789974e-01
8.143000e+03 9.804111e-01
8.143500e+03 9.805777e-01
8.144000e+03 9.802055e-01
8.144500e+03 9.807128e-01
8.145000e+03 9.818566e-01
8.145500e+03 9.836314e-01
8.146000e+03 9.862688e-01
8.146500e+03 9.870386e-01
8.147000e+03 9.868844e-01
8.147500e+03 9.914859e-01
8.148000e+03 9.919552e-01
8.148500e+03 9.981159e-01
8.149000e+03 9.984772e-01
8.149500e+03 9.968239e-01
8.150000e+03 9.978859e-01
8.150500e+03 1.000000e+00
8.151000e+03 9.992558e-01
8.151500e+03 9.977788e-01
8.152000e+03 9.975811e-01
8.152500e+03 9.985657e-01
8.153000e+03 9.973055e-01
8.153500e+03 9.968752e-01
8.154000e+03 9.931376e-01
8.154500e+03 9.889303e-01
8.155000e+03 9.890992e-01
8.155500e+03 9.865555e-01
8.156000e+03 9.851936e-01
8.156500e+03 9.835915e-01
8.157000e+03 9.850504e-01
8.157500e+03 9.833116e-01
8.158000e+03 9.829805e-01
8.158500e+03 9.855916e-01
8.159000e+03 9.819441e-01
8.159500e+03 9.851334e-01
8.160000e+03 9.860783e-01
8.160500e+03 9.861963e-01
8.161000e+03 9.853717e-01
8.161500e+03 9.818394e-01
8.162000e+03 9.789009e-01
8.162500e+03 9.751442e-01
8.163000e+03 9.743386e-01
8.163500e+03 9.683619e-01
8.164000e+03 9.675700e-01
8.164500e+03 9.628981e-01
8.165000e+03 9.579951e-01
8.165500e+03 9.568596e-01
8.166000e+03 9.527869e-01
8.166500e+03 9.493055e-01
8.167000e+03 9.502936e-01
8.167500e+03 9.445848e-01
8.168000e+03 9.444060e-01
8.168500e+03 9.416482e-01
8.169000e+03 9.420648e-01
8.169500e+03 9.396621e-01
8.170000e+03 9.353779e-01
8.170500e+03 9.346099e-01
8.171000e+03 9.296073e-01
8.171500e+03 9.269420e-01
8.172000e+03 9.222741e-01
8.172500e+03 9.212371e-01
8.173000e+03 9.155061e-01
8.173500e+03 9.136443e-01
8.174000e+03 9.097917e-01
8.174500e+03 9.069987e-01
8.175000e+03 9.065553e-01
8.175500e+03 8.996776e-01
8.176000e+03 8.949133e-01
8.176500e+03 8.896848e-01
8.177000e+03 8.859821e-01
8.177500e+03 8.814639e-01
8.178000e+03 8.765983e-01
8.178500e+03 8.762982e-01
8.179000e+03 8.734272e-01
8.179500e+03 8.726635e-01
8.180000e+03 8.696806e-01
8.180500e+03 8.651817e-01
8.181000e+03 8.639633e-01
8.181500e+03 8.607655e-01
8.182000e+03 8.571054e-01
8.182500e+03 8.534479e-01
8.183000e+03 8.465213e-01
8.183500e+03 8.433294e-01
8.184000e+03 8.401330e-01
8.184500e+03 8.340124e-01
8.185000e+03 8.262505e-01
8.185500e+03 8.206958e-01
8.186000e+03 8.170001e-01
8.186500e+03 8.127204e-01
8.187000e+03 8.076310e-01
8.187500e+03 8.041792e-01
8.188000e+03 7.994495e-01
8.188500e+03 7.943745e-01
8.189000e+03 7.909340e-01
8.189500e+03 7.843534e-01
8.190000e+03 7.803382e-01
8.190500e+03 7.745809e-01
8.191000e+03 7.673152e-01
8.191500e+03 7.637765e-01
8.192000e+03 7.582638e-01
8.192500e+03 7.531036e-01
8.193000e+03 7.484120e-01
8.193500e+03 7.433750e-01
8.194000e+03 7.361340e-01
8.194500e+03 7.290136e-01
8.195000e+03 7.224784e-01
8.195500e+03 7.143215e-01
8.196000e+03 7.065175e-01
8.196500e+03 6.991822e-01
8.197000e+03 6.937081e-01
8.197500e+03 6.877731e-01
8.198000e+03 6.809134e-01
8.198500e+03 6.753333e-01
8.199000e+03 6.695247e-01
8.199500e+03 6.637190e-01
8.200000e+03 6.571028e-01
8.200500e+03 6.517627e-01
8.201000e+03 6.459601e-01
8.201500e+03 6.396957e-01
8.202000e+03 6.332016e-01
8.202500e+03 6.238144e-01
8.203000e+03 6.161681e-01
8.203500e+03 6.082937e-01
8.204000e+03 6.028540e-01
8.204500e+03 5.947555e-01
8.205000e+03 5.879344e-01
8.205500e+03 5.816958e-01
8.206000e+03 5.752301e-01
8.206500e+03 5.664553e-01
8.207000e+03 5.596503e-01
8.207500e+03 5.526174e-01
8.208000e+03 5.451256e-01
8.208500e+03 5.357880e-01
8.209000e+03 5.270321e-01
8.209500e+03 5.195508e-01
8.210000e+03 5.148450e-01
8.210500e+03 5.064458e-01
8.211000e+03 5.003613e-01
8.211500e+03 4.941650e-01
8.212000e+03 4.865860e-01
8.212500e+03 4.801631e-01
8.213000e+03 4.700476e-01
8.213500e+03 4.624713e-01
8.214000e+03 4.552399e-01
8.214500e+03 4.474304e-01
8.215000e+03 4.375445e-01
8.215500e+03 4.312343e-01
8.216000e+03 4.226193e-01
8.216500e+03 4.141220e-01
8.217000e+03 4.057431e-01
8.217500e+03 3.988657e-01
8.218000e+03 3.903796e-01
8.218500e+03 3.850080e-01
8.219000e+03 3.781440e-01
8.219500e+03 3.704780e-01
8.220000e+03 3.628154e-01
8.220500e+03 3.555015e-01
8.221000e+03 3.478456e-01
8.221500e+03 3.400779e-01
8.222000e+03 3.319682e-01
8.222500e+03 3.250127e-01
8.223000e+03 3.177164e-01
8.223500e+03 3.083543e-01
8.224000e+03 3.007202e-01
8.224500e+03 2.937787e-01
8.225000e+03 2.863796e-01
8.225500e+03 2.782931e-01
8.226000e+03 2.697488e-01
8.226500e+03 2.644224e-01
8.227000e+03 2.563400e-01
8.227500e+03 2.483734e-01
8.228000e+03 2.417854e-01
8.228500e+03 2.346236e-01
8.229000e+03 2.280367e-01
8.229500e+03 2.211070e-01
8.230000e+03 2.147530e-01
8.230500e+03 2.085163e-01
8.231000e+03 2.030853e-01
8.231500e+03 1.958230e-01
8.232000e+03 1.897109e-01
8.232500e+03 1.839454e-01
8.233000e+03 1.794429e-01
8.233500e+03 1.728802e-01
8.234000e+03 1.683820e-01
8.234500e+03 1.612520e-01
8.235000e+03 1.561862e-01
8.235500e+03 1.511226e-01
8.236000e+03 1.444586e-01
8.236500e+03 1.393993e-01
8.237000e+03 1.334266e-01
8.237500e+03 1.290577e-01
8.238000e+03 1.241183e-01
8.238500e+03 1.184943e-01
8.239000e+03 1.137298e-01
8.239500e+03 1.115508e-01
8.240000e+03 1.075433e-01
8.240500e+03 1.036626e-01
8.241000e+03 9.837727e-02
8.241500e+03 9.497885e-02
8.242000e+03 9.218680e-02
8.242500e+03 8.668818e-02
8.243000e+03 8.301855e-02
8.243500e+03 8.017225e-02
8.244000e+03 7.716717e-02
8.244500e+03 7.388936e-02
8.245000e+03 7.073844e-02
8.245500e+03 6.682415e-02
8.246000e+03 6.367574e-02
8.246500e+03 6.065402e-02
8.247000e+03 5.859150e-02
8.247500e+03 5.619905e-02
8.248000e+03 5.359082e-02
8.248500e+03 5.132550e-02
8.249000e+03 4.817184e-02
8.249500e+03 4.547508e-02
8.250000e+03 4.269940e-02
8.250500e+03 4.069936e-02
8.251000e+03 3.830121e-02
8.251500e+03 3.536840e-02
8.252000e+03 3.360952e-02
8.252500e+03 3.207891e-02
8.253000e+03 2.942152e-02
8.253500e+03 2.734547e-02
8.254000e+03 2.533829e-02
8.254500e+03 2.428769e-02
8.255000e+03 2.411362e-02
8.255500e+03 2.135674e-02
8.256000e+03 1.982928e-02
8.256500e+03 1.888235e-02
8.257000e+03 1.915261e-02
8.257500e+03 1.819468e-02
8.258000e+03 1.605456e-02
8.258500e+03 1.654119e-02
8.259000e+03 1.439058e-02
8.259500e+03 1.282021e-02
8.260000e+03 1.237531e-02
8.260500e+03 1.220324e-02
8.261000e+03 1.128710e-02
8.261500e+03 1.097326e-02
8.262000e+03 1.097527e-02
8.262500e+03 1.082171e-02
8.263000e+03 1.068864e-02
8.263500e+03 1.070776e-02
8.264000e+03 1.119688e-02
8.264500e+03 1.138510e-02
8.265000e+03 1.234846e-02
8.265500e+03 1.314139e-02
8.266000e+03 1.427456e-02
8.266500e+03 1.491962e-02
8.267000e+03 1.590488e-02
8.267500e+03 1.723023e-02
8.268000e+03 1.823773e-02
8.268500e+03 1.840582e-02
8.269000e+03 2.037685e-02
8.269500e+03 2.156515e-02
8.270000e+03 2.287792e-02
