# # Wavelength(Angstrom)  Transmission
1.597495e+03 4.922000e-03
1.602495e+03 1.182600e-02
1.607495e+03 1.868500e-02
1.612495e+03 2.545000e-02
1.617495e+03 3.302300e-02
1.622495e+03 4.317600e-02
1.627495e+03 5.578800e-02
1.632495e+03 6.886800e-02
1.637495e+03 8.172400e-02
1.642495e+03 9.503500e-02
1.647495e+03 1.093120e-01
1.652495e+03 1.248040e-01
1.657495e+03 1.410730e-01
1.662495e+03 1.570220e-01
1.667495e+03 1.721270e-01
1.672495e+03 1.864550e-01
1.677495e+03 2.000580e-01
1.682495e+03 2.129940e-01
1.687495e+03 2.263320e-01
1.692495e+03 2.420340e-01
1.697495e+03 2.591630e-01
1.702495e+03 2.739610e-01
1.707495e+03 2.853260e-01
1.712495e+03 2.949880e-01
1.717495e+03 3.060310e-01
1.722495e+03 3.226080e-01
1.727495e+03 3.452030e-01
1.732495e+03 3.706400e-01
1.737495e+03 3.969190e-01
1.742495e+03 4.233960e-01
1.747495e+03 4.500350e-01
1.752495e+03 4.773350e-01
1.757495e+03 5.055550e-01
1.762495e+03 5.346630e-01
1.767495e+03 5.640410e-01
1.772495e+03 5.925910e-01
1.777495e+03 6.213940e-01
1.782495e+03 6.536090e-01
1.787495e+03 6.896930e-01
1.792495e+03 7.273960e-01
1.797495e+03 7.664560e-01
1.802495e+03 8.086350e-01
1.807495e+03 8.537650e-01
1.812495e+03 8.997780e-01
1.817495e+03 9.472260e-01
1.822495e+03 9.992810e-01
1.827495e+03 1.057306e+00
1.832495e+03 1.120658e+00
1.837495e+03 1.186734e+00
1.842495e+03 1.251310e+00
1.847495e+03 1.315872e+00
1.852495e+03 1.387646e+00
1.857495e+03 1.472725e+00
1.862495e+03 1.574864e+00
1.867495e+03 1.675761e+00
1.872495e+03 1.737425e+00
1.877495e+03 1.774063e+00
1.882495e+03 1.851214e+00
1.887495e+03 1.994584e+00
1.892495e+03 2.187236e+00
1.897495e+03 2.399078e+00
1.902495e+03 2.590724e+00
1.907495e+03 2.769968e+00
1.912495e+03 2.990140e+00
1.917495e+03 3.257729e+00
1.922495e+03 3.532010e+00
1.927495e+03 3.809501e+00
1.932495e+03 4.124939e+00
1.937495e+03 4.489607e+00
1.942495e+03 4.889907e+00
1.947495e+03 5.318248e+00
1.952495e+03 5.774225e+00
1.957495e+03 6.261938e+00
1.962495e+03 6.789415e+00
1.967495e+03 7.359221e+00
1.972495e+03 7.967951e+00
1.977495e+03 8.605083e+00
1.982495e+03 9.254227e+00
1.987495e+03 9.924846e+00
1.992495e+03 1.065043e+01
1.997495e+03 1.141486e+01
2.002495e+03 1.215365e+01
2.007495e+03 1.285374e+01
2.012495e+03 1.355423e+01
2.017495e+03 1.426303e+01
2.022495e+03 1.495498e+01
2.027495e+03 1.561134e+01
2.032495e+03 1.622145e+01
2.037495e+03 1.677657e+01
2.042495e+03 1.727057e+01
2.047495e+03 1.771924e+01
2.052495e+03 1.815797e+01
2.057495e+03 1.857008e+01
2.062495e+03 1.888936e+01
2.067495e+03 1.912900e+01
2.072495e+03 1.937987e+01
2.077495e+03 1.964369e+01
2.082496e+03 1.983265e+01
2.087495e+03 1.992656e+01
2.092495e+03 1.997643e+01
2.097496e+03 2.002338e+01
2.102496e+03 2.009471e+01
2.107495e+03 2.019725e+01
2.112495e+03 2.031723e+01
2.117496e+03 2.042393e+01
2.122496e+03 2.047258e+01
2.127496e+03 2.046594e+01
2.132495e+03 2.045362e+01
2.137495e+03 2.045533e+01
2.142496e+03 2.045912e+01
2.147496e+03 2.045893e+01
2.152496e+03 2.045609e+01
2.157495e+03 2.045514e+01
2.162495e+03 2.046271e+01
2.167495e+03 2.046669e+01
2.172496e+03 2.043766e+01
2.177496e+03 2.038179e+01
2.182496e+03 2.034087e+01
2.187495e+03 2.034009e+01
2.192495e+03 2.038333e+01
2.197495e+03 2.040140e+01
2.202496e+03 2.025992e+01
2.207495e+03 1.998369e+01
2.212495e+03 1.975369e+01
2.217495e+03 1.961539e+01
2.222496e+03 1.947375e+01
2.227495e+03 1.927320e+01
2.232495e+03 1.900676e+01
2.237495e+03 1.873793e+01
2.242496e+03 1.859272e+01
2.247496e+03 1.856162e+01
2.252495e+03 1.850201e+01
2.257496e+03 1.838836e+01
2.262496e+03 1.831381e+01
2.267495e+03 1.827669e+01
2.272495e+03 1.817932e+01
2.277496e+03 1.801625e+01
2.282495e+03 1.787562e+01
2.287495e+03 1.778091e+01
2.292496e+03 1.768826e+01
2.297496e+03 1.758467e+01
2.302495e+03 1.748967e+01
2.307495e+03 1.739398e+01
2.312496e+03 1.726026e+01
2.317496e+03 1.710090e+01
2.322496e+03 1.697651e+01
2.327495e+03 1.688459e+01
2.332496e+03 1.676019e+01
2.337496e+03 1.660079e+01
2.342496e+03 1.646694e+01
2.347496e+03 1.637124e+01
2.352496e+03 1.627675e+01
2.357495e+03 1.617341e+01
2.362496e+03 1.607900e+01
2.367496e+03 1.598333e+01
2.372496e+03 1.584926e+01
2.377496e+03 1.568974e+01
2.382496e+03 1.556615e+01
2.387496e+03 1.547468e+01
2.392496e+03 1.534723e+01
2.397496e+03 1.518617e+01
2.402495e+03 1.506369e+01
2.407496e+03 1.497420e+01
2.412496e+03 1.483414e+01
2.417496e+03 1.462577e+01
2.422496e+03 1.439999e+01
2.427496e+03 1.419558e+01
2.432496e+03 1.403417e+01
2.437496e+03 1.389183e+01
2.442496e+03 1.370182e+01
2.447496e+03 1.344569e+01
2.452496e+03 1.315468e+01
2.457496e+03 1.285101e+01
2.462496e+03 1.254546e+01
2.467496e+03 1.224316e+01
2.472496e+03 1.194380e+01
2.477496e+03 1.164264e+01
2.482496e+03 1.133166e+01
2.487496e+03 1.102470e+01
2.492496e+03 1.075561e+01
2.497496e+03 1.051150e+01
2.502496e+03 1.023392e+01
2.507496e+03 9.911511e+00
2.512496e+03 9.581013e+00
2.517496e+03 9.259297e+00
2.522495e+03 8.941273e+00
2.527496e+03 8.623837e+00
2.532496e+03 8.307082e+00
2.537496e+03 7.997962e+00
2.542496e+03 7.709513e+00
2.547496e+03 7.439682e+00
2.552496e+03 7.171498e+00
2.557496e+03 6.898705e+00
2.562496e+03 6.626355e+00
2.567496e+03 6.358876e+00
2.572496e+03 6.099492e+00
2.577496e+03 5.848009e+00
2.582496e+03 5.601035e+00
2.587496e+03 5.358680e+00
2.592496e+03 5.124539e+00
2.597496e+03 4.898343e+00
2.602496e+03 4.676072e+00
2.607496e+03 4.458625e+00
2.612496e+03 4.251764e+00
2.617496e+03 4.055913e+00
2.622496e+03 3.866091e+00
2.627496e+03 3.679646e+00
2.632496e+03 3.496611e+00
2.637496e+03 3.319602e+00
2.642496e+03 3.153483e+00
2.647496e+03 2.997989e+00
2.652496e+03 2.847816e+00
2.657496e+03 2.701379e+00
2.662496e+03 2.561028e+00
2.667496e+03 2.429620e+00
2.672496e+03 2.310098e+00
2.677496e+03 2.200205e+00
2.682496e+03 2.092735e+00
2.687495e+03 1.986307e+00
2.692496e+03 1.885386e+00
2.697496e+03 1.790204e+00
2.702496e+03 1.696687e+00
2.707496e+03 1.605312e+00
2.712496e+03 1.521125e+00
2.717496e+03 1.445804e+00
2.722496e+03 1.377380e+00
2.727496e+03 1.312463e+00
2.732496e+03 1.246620e+00
2.737496e+03 1.180393e+00
2.742496e+03 1.119161e+00
2.747496e+03 1.064149e+00
2.752496e+03 1.012268e+00
2.757496e+03 9.618750e-01
2.762496e+03 9.129830e-01
2.767496e+03 8.664240e-01
2.772496e+03 8.236860e-01
2.777496e+03 7.842180e-01
2.782496e+03 7.455230e-01
2.787496e+03 7.078360e-01
2.792496e+03 6.740740e-01
2.797496e+03 6.438350e-01
2.802496e+03 6.134440e-01
2.807496e+03 5.827500e-01
2.812496e+03 5.551370e-01
2.817496e+03 5.308460e-01
2.822496e+03 5.069200e-01
2.827496e+03 4.825380e-01
2.832496e+03 4.591350e-01
2.837496e+03 4.374730e-01
2.842496e+03 4.175460e-01
2.847496e+03 3.993920e-01
2.852496e+03 3.830950e-01
2.857496e+03 3.681260e-01
2.862496e+03 3.533600e-01
2.867496e+03 3.382370e-01
2.872496e+03 3.228030e-01
2.877496e+03 3.075650e-01
2.882496e+03 2.934640e-01
2.887496e+03 2.812930e-01
2.892496e+03 2.715980e-01
2.897496e+03 2.629610e-01
2.902496e+03 2.521620e-01
2.907496e+03 2.395490e-01
2.912496e+03 2.289650e-01
2.917496e+03 2.208170e-01
2.922496e+03 2.120550e-01
2.927496e+03 2.025890e-01
2.932496e+03 1.952990e-01
2.937496e+03 1.897550e-01
2.942496e+03 1.822480e-01
2.947496e+03 1.726970e-01
2.952496e+03 1.646620e-01
2.957496e+03 1.589060e-01
2.962496e+03 1.533150e-01
2.967496e+03 1.475630e-01
2.972496e+03 1.431620e-01
2.977496e+03 1.398980e-01
2.982496e+03 1.358020e-01
2.987496e+03 1.301710e-01
2.992496e+03 1.236690e-01
2.997496e+03 1.174270e-01
3.002496e+03 1.129240e-01
3.007496e+03 1.101090e-01
3.012496e+03 1.074280e-01
3.017496e+03 1.043330e-01
3.022496e+03 1.013360e-01
3.027496e+03 9.859600e-02
3.032496e+03 9.587800e-02
3.037496e+03 9.297600e-02
3.042496e+03 8.973500e-02
3.047496e+03 8.622200e-02
3.052496e+03 8.270900e-02
3.057496e+03 7.929500e-02
3.062496e+03 7.589700e-02
3.067496e+03 7.255100e-02
3.072496e+03 6.939900e-02
3.077496e+03 6.624400e-02
3.082496e+03 6.259600e-02
3.087496e+03 5.917200e-02
3.092496e+03 5.780100e-02
3.097496e+03 5.777400e-02
3.102496e+03 5.594100e-02
3.107496e+03 5.245400e-02
3.112496e+03 5.072100e-02
3.117496e+03 5.073400e-02
3.122496e+03 4.906900e-02
3.127496e+03 4.568900e-02
3.132495e+03 4.395200e-02
3.137496e+03 4.397700e-02
3.142496e+03 4.263000e-02
3.147496e+03 3.989000e-02
3.152496e+03 3.884800e-02
3.157496e+03 3.939700e-02
3.162496e+03 3.824600e-02
3.167496e+03 3.542200e-02
3.172496e+03 3.427000e-02
3.177495e+03 3.481900e-02
3.182496e+03 3.377600e-02
3.187496e+03 3.099600e-02
3.192496e+03 2.951500e-02
3.197496e+03 2.984900e-02
3.202496e+03 2.991100e-02
3.207496e+03 2.903700e-02
3.212496e+03 2.807900e-02
3.217496e+03 2.736000e-02
3.222496e+03 2.662200e-02
3.227496e+03 2.583700e-02
3.232496e+03 2.522100e-02
3.237496e+03 2.479300e-02
3.242496e+03 2.436400e-02
3.247496e+03 2.385500e-02
3.252496e+03 2.330200e-02
3.257496e+03 2.274400e-02
3.262496e+03 2.221100e-02
3.267496e+03 2.171000e-02
3.272495e+03 2.122100e-02
3.277496e+03 2.072000e-02
3.282496e+03 2.018300e-02
3.287496e+03 1.962200e-02
3.292496e+03 1.908700e-02
3.297496e+03 1.858600e-02
3.302496e+03 1.809400e-02
3.307496e+03 1.759100e-02
3.312496e+03 1.707000e-02
3.317496e+03 1.651900e-02
3.322495e+03 1.591900e-02
3.327496e+03 1.538400e-02
3.332495e+03 1.514600e-02
3.337496e+03 1.518300e-02
3.342496e+03 1.522000e-02
3.347496e+03 1.515800e-02
3.352496e+03 1.508100e-02
3.357496e+03 1.503200e-02
3.362496e+03 1.500200e-02
3.367496e+03 1.499900e-02
3.372496e+03 1.504300e-02
3.377496e+03 1.502400e-02
3.382496e+03 1.470800e-02
3.387496e+03 1.411700e-02
3.392496e+03 1.352600e-02
3.397496e+03 1.303400e-02
3.402496e+03 1.255600e-02
3.407496e+03 1.205100e-02
3.412496e+03 1.152500e-02
3.417495e+03 1.097400e-02
3.422496e+03 1.038100e-02
3.427496e+03 9.849000e-03
