# # Wavelength(Angstrom)  Transmission
4.577495e+03 0.000000e+00
4.582495e+03 8.513005e-04
4.587495e+03 2.822991e-03
4.592495e+03 3.833789e-03
4.597495e+03 3.676338e-03
4.602495e+03 3.492028e-03
4.607495e+03 3.572167e-03
4.612495e+03 3.340408e-03
4.617495e+03 3.164011e-03
4.622495e+03 4.317115e-03
4.627495e+03 6.355846e-03
4.632495e+03 7.174339e-03
4.637495e+03 6.862329e-03
4.642495e+03 7.680446e-03
4.647495e+03 9.659079e-03
4.652495e+03 1.059091e-02
4.657495e+03 1.026804e-02
4.662495e+03 1.053358e-02
4.667495e+03 1.218581e-02
4.672495e+03 1.488333e-02
4.677495e+03 1.815927e-02
4.682495e+03 2.148238e-02
4.687495e+03 2.458814e-02
4.692495e+03 2.749166e-02
4.697495e+03 3.044025e-02
4.702495e+03 3.390108e-02
4.707495e+03 3.833407e-02
4.712495e+03 4.412348e-02
4.717495e+03 5.031192e-02
4.722495e+03 5.468912e-02
4.727495e+03 5.707532e-02
4.732495e+03 5.931882e-02
4.737495e+03 6.196850e-02
4.742495e+03 6.420316e-02
4.747495e+03 6.560461e-02
4.752495e+03 6.621836e-02
4.757495e+03 6.611430e-02
4.762495e+03 6.535758e-02
4.767495e+03 6.381409e-02
4.772495e+03 6.118459e-02
4.777495e+03 5.795536e-02
4.782495e+03 5.537006e-02
4.787495e+03 5.386151e-02
4.792495e+03 5.303616e-02
4.797495e+03 5.290082e-02
4.802495e+03 5.386012e-02
4.807495e+03 5.543291e-02
4.812495e+03 5.628039e-02
4.817495e+03 5.609525e-02
4.822495e+03 5.563305e-02
4.827495e+03 5.549927e-02
4.832495e+03 5.608983e-02
4.837495e+03 5.749465e-02
4.842495e+03 5.952129e-02
4.847495e+03 6.230987e-02
4.852495e+03 6.629825e-02
4.857495e+03 7.082044e-02
4.862495e+03 7.418182e-02
4.867495e+03 7.669675e-02
4.872495e+03 8.065509e-02
4.877495e+03 8.654654e-02
4.882495e+03 9.302848e-02
4.887495e+03 9.999528e-02
4.892495e+03 1.086036e-01
4.897495e+03 1.187626e-01
4.902495e+03 1.291545e-01
4.907495e+03 1.402219e-01
4.912495e+03 1.541416e-01
4.917495e+03 1.713647e-01
4.922495e+03 1.905907e-01
4.927495e+03 2.116983e-01
4.932495e+03 2.358174e-01
4.937495e+03 2.639992e-01
4.942495e+03 2.971342e-01
4.947495e+03 3.355562e-01
4.952495e+03 3.790979e-01
4.957495e+03 4.290514e-01
4.962495e+03 4.881505e-01
4.967495e+03 5.582652e-01
4.972495e+03 6.403820e-01
4.977495e+03 7.364703e-01
4.982495e+03 8.495482e-01
4.987495e+03 9.832569e-01
4.992495e+03 1.141827e+00
4.997495e+03 1.329728e+00
5.002495e+03 1.551793e+00
5.007495e+03 1.814804e+00
5.012495e+03 2.127443e+00
5.017495e+03 2.496253e+00
5.022495e+03 2.925571e+00
5.027495e+03 3.420093e+00
5.032495e+03 3.984923e+00
5.037495e+03 4.624036e+00
5.042495e+03 5.339848e+00
5.047495e+03 6.126740e+00
5.052495e+03 6.970766e+00
5.057495e+03 7.857016e+00
5.062495e+03 8.769768e+00
5.067495e+03 9.689855e+00
5.072495e+03 1.059483e+01
5.077495e+03 1.146514e+01
5.082495e+03 1.228464e+01
5.087495e+03 1.304373e+01
5.092495e+03 1.373942e+01
5.097495e+03 1.437192e+01
5.102495e+03 1.494422e+01
5.107495e+03 1.546106e+01
5.112495e+03 1.592892e+01
5.117495e+03 1.635737e+01
5.122495e+03 1.675873e+01
5.127495e+03 1.713948e+01
5.132495e+03 1.750073e+01
5.137495e+03 1.785726e+01
5.142495e+03 1.823677e+01
5.147495e+03 1.864179e+01
5.152495e+03 1.904972e+01
5.157495e+03 1.945007e+01
5.162495e+03 1.984535e+01
5.167495e+03 2.023381e+01
5.172495e+03 2.060888e+01
5.177495e+03 2.096214e+01
5.182495e+03 2.128380e+01
5.187495e+03 2.156947e+01
5.192495e+03 2.182004e+01
5.197495e+03 2.203004e+01
5.202495e+03 2.218782e+01
5.207495e+03 2.229028e+01
5.212495e+03 2.234296e+01
5.217495e+03 2.234907e+01
5.222495e+03 2.230944e+01
5.227495e+03 2.223255e+01
5.232495e+03 2.213366e+01
5.237495e+03 2.200394e+01
5.242495e+03 2.181212e+01
5.247495e+03 2.156883e+01
5.252495e+03 2.132629e+01
5.257495e+03 2.110663e+01
5.262495e+03 2.090048e+01
5.267495e+03 2.070845e+01
5.272495e+03 2.054215e+01
5.277495e+03 2.040525e+01
5.282495e+03 2.029314e+01
5.287495e+03 2.020333e+01
5.292495e+03 2.013572e+01
5.297495e+03 2.008728e+01
5.302495e+03 2.005198e+01
5.307495e+03 2.002518e+01
5.312495e+03 2.000379e+01
5.317495e+03 1.998517e+01
5.322495e+03 1.996696e+01
5.327495e+03 1.994349e+01
5.332495e+03 1.990664e+01
5.337495e+03 1.986659e+01
5.342495e+03 1.985064e+01
5.347495e+03 1.985612e+01
5.352495e+03 1.985053e+01
5.357495e+03 1.982186e+01
5.362495e+03 1.977980e+01
5.367495e+03 1.973052e+01
5.372495e+03 1.967573e+01
5.377495e+03 1.961633e+01
5.382495e+03 1.955265e+01
5.387495e+03 1.948436e+01
5.392495e+03 1.941069e+01
5.397495e+03 1.933299e+01
5.402495e+03 1.925467e+01
5.407495e+03 1.917576e+01
5.412495e+03 1.909310e+01
5.417495e+03 1.900825e+01
5.422495e+03 1.892742e+01
5.427495e+03 1.884959e+01
5.432495e+03 1.876689e+01
5.437495e+03 1.868097e+01
5.442495e+03 1.860296e+01
5.447495e+03 1.853451e+01
5.452495e+03 1.846756e+01
5.457495e+03 1.839894e+01
5.462495e+03 1.833075e+01
5.467495e+03 1.826376e+01
5.472495e+03 1.819724e+01
5.477495e+03 1.813121e+01
5.482495e+03 1.806650e+01
5.487495e+03 1.800355e+01
5.492495e+03 1.794237e+01
5.497495e+03 1.788315e+01
5.502495e+03 1.782624e+01
5.507495e+03 1.776970e+01
5.512495e+03 1.770949e+01
5.517495e+03 1.764554e+01
5.522495e+03 1.758169e+01
5.527495e+03 1.751938e+01
5.532495e+03 1.745750e+01
5.537495e+03 1.739516e+01
5.542495e+03 1.733187e+01
5.547495e+03 1.726694e+01
5.552495e+03 1.719950e+01
5.557495e+03 1.712780e+01
5.562495e+03 1.704945e+01
5.567495e+03 1.696769e+01
5.572495e+03 1.689101e+01
5.577495e+03 1.682028e+01
5.582495e+03 1.674872e+01
5.587495e+03 1.667493e+01
5.592495e+03 1.660312e+01
5.597495e+03 1.653530e+01
5.602495e+03 1.647103e+01
5.607495e+03 1.641050e+01
5.612495e+03 1.635458e+01
5.617495e+03 1.630217e+01
5.622495e+03 1.625037e+01
5.627495e+03 1.619949e+01
5.632495e+03 1.615278e+01
5.637494e+03 1.610619e+01
5.642495e+03 1.604865e+01
5.647495e+03 1.597936e+01
5.652495e+03 1.590780e+01
5.657495e+03 1.583733e+01
5.662494e+03 1.576489e+01
5.667495e+03 1.568943e+01
5.672495e+03 1.561204e+01
5.677494e+03 1.553011e+01
5.682495e+03 1.543740e+01
5.687495e+03 1.533089e+01
5.692495e+03 1.521100e+01
5.697495e+03 1.507908e+01
5.702495e+03 1.493708e+01
5.707495e+03 1.478494e+01
5.712495e+03 1.462067e+01
5.717495e+03 1.444507e+01
5.722495e+03 1.426167e+01
5.727495e+03 1.406807e+01
5.732494e+03 1.385673e+01
5.737495e+03 1.363987e+01
5.742495e+03 1.344858e+01
5.747495e+03 1.328712e+01
5.752495e+03 1.313273e+01
5.757495e+03 1.297503e+01
5.762495e+03 1.281723e+01
5.767495e+03 1.266195e+01
5.772494e+03 1.251054e+01
5.777495e+03 1.235995e+01
5.782495e+03 1.220288e+01
5.787495e+03 1.203375e+01
5.792495e+03 1.184878e+01
5.797495e+03 1.164186e+01
5.802495e+03 1.140451e+01
5.807494e+03 1.112899e+01
5.812494e+03 1.080842e+01
5.817494e+03 1.043950e+01
5.822494e+03 1.002222e+01
5.827495e+03 9.553516e+00
5.832495e+03 9.028650e+00
5.837495e+03 8.477286e+00
5.842495e+03 7.960477e+00
5.847495e+03 7.468149e+00
5.852495e+03 6.921053e+00
5.857494e+03 6.316315e+00
5.862494e+03 5.728481e+00
5.867495e+03 5.191503e+00
5.872495e+03 4.695407e+00
5.877495e+03 4.235523e+00
5.882495e+03 3.814266e+00
5.887495e+03 3.431369e+00
5.892495e+03 3.083560e+00
5.897495e+03 2.767389e+00
5.902495e+03 2.479448e+00
5.907494e+03 2.217898e+00
5.912494e+03 1.982505e+00
5.917495e+03 1.770866e+00
5.922495e+03 1.578448e+00
5.927495e+03 1.402507e+00
5.932494e+03 1.242185e+00
5.937495e+03 1.096863e+00
5.942495e+03 9.660503e-01
5.947495e+03 8.487444e-01
5.952495e+03 7.434547e-01
5.957495e+03 6.492678e-01
5.962495e+03 5.658948e-01
5.967495e+03 4.925737e-01
5.972495e+03 4.280738e-01
5.977495e+03 3.716452e-01
5.982495e+03 3.230170e-01
5.987495e+03 2.814047e-01
5.992495e+03 2.455049e-01
5.997495e+03 2.143814e-01
6.002494e+03 1.874852e-01
6.007495e+03 1.644115e-01
6.012495e+03 1.448599e-01
6.017495e+03 1.282124e-01
6.022495e+03 1.135552e-01
6.027494e+03 1.005715e-01
6.032494e+03 8.953866e-02
6.037494e+03 8.038627e-02
6.042494e+03 7.267152e-02
6.047494e+03 6.598511e-02
6.052494e+03 5.997695e-02
6.057494e+03 5.450193e-02
6.062494e+03 4.961976e-02
6.067495e+03 4.538334e-02
6.072495e+03 4.182411e-02
6.077495e+03 3.882983e-02
6.082495e+03 3.615322e-02
6.087494e+03 3.372353e-02
6.092494e+03 3.164540e-02
6.097494e+03 2.985828e-02
6.102494e+03 2.813423e-02
6.107494e+03 2.634810e-02
6.112494e+03 2.449120e-02
6.117494e+03 2.269862e-02
6.122495e+03 2.123234e-02
6.127495e+03 2.008438e-02
