# # Wavelength(Angstrom)  Transmission
2.992496e+03 7.927000e-03
2.997496e+03 1.196300e-02
3.002496e+03 9.116000e-03
3.007496e+03 2.673300e-02
3.012496e+03 1.352020e-01
3.017496e+03 5.843470e-01
3.022496e+03 1.790483e+00
3.027496e+03 3.916760e+00
3.032496e+03 6.861814e+00
3.037496e+03 1.043602e+01
3.042496e+03 1.436485e+01
3.047496e+03 1.819032e+01
3.052496e+03 2.128361e+01
3.057496e+03 2.324053e+01
3.062496e+03 2.392993e+01
3.067496e+03 2.416478e+01
3.072496e+03 2.562806e+01
3.077496e+03 2.856980e+01
3.082496e+03 3.177763e+01
3.087496e+03 3.423716e+01
3.092496e+03 3.523583e+01
3.097496e+03 3.502087e+01
3.102496e+03 3.475953e+01
3.107496e+03 3.501128e+01
3.112496e+03 3.568814e+01
3.117496e+03 3.671092e+01
3.122496e+03 3.802477e+01
3.127496e+03 3.928575e+01
3.132495e+03 3.988233e+01
3.137496e+03 3.971330e+01
3.142496e+03 3.919145e+01
3.147496e+03 3.853707e+01
3.152496e+03 3.776100e+01
3.157496e+03 3.699704e+01
3.162496e+03 3.650643e+01
3.167496e+03 3.644299e+01
3.172496e+03 3.684433e+01
3.177495e+03 3.767348e+01
3.182496e+03 3.882853e+01
3.187496e+03 4.030699e+01
3.192496e+03 4.217982e+01
3.197496e+03 4.385056e+01
3.202496e+03 4.409505e+01
3.207496e+03 4.267613e+01
3.212496e+03 4.037910e+01
3.217496e+03 3.817664e+01
3.222496e+03 3.715426e+01
3.227496e+03 3.770394e+01
3.232496e+03 3.950164e+01
3.237496e+03 4.180855e+01
3.242496e+03 4.353678e+01
3.247496e+03 4.439289e+01
3.252496e+03 4.488740e+01
3.257496e+03 4.540023e+01
3.262496e+03 4.613267e+01
3.267496e+03 4.698493e+01
3.272495e+03 4.757393e+01
3.277496e+03 4.774676e+01
3.282496e+03 4.759596e+01
3.287496e+03 4.728603e+01
3.292496e+03 4.703749e+01
3.297496e+03 4.695026e+01
3.302496e+03 4.700322e+01
3.307496e+03 4.722130e+01
3.312496e+03 4.766990e+01
3.317496e+03 4.816510e+01
3.322495e+03 4.827801e+01
3.327496e+03 4.771541e+01
3.332495e+03 4.634919e+01
3.337496e+03 4.447757e+01
3.342496e+03 4.280699e+01
3.347496e+03 4.179115e+01
3.352496e+03 4.159449e+01
3.357496e+03 4.195095e+01
3.362496e+03 4.218901e+01
3.367496e+03 4.192623e+01
3.372496e+03 4.110020e+01
3.377496e+03 3.995392e+01
3.382496e+03 3.901605e+01
3.387496e+03 3.867000e+01
3.392496e+03 3.912821e+01
3.397496e+03 4.029462e+01
3.402496e+03 4.176980e+01
3.407496e+03 4.309955e+01
3.412496e+03 4.380119e+01
3.417495e+03 4.369220e+01
3.422496e+03 4.289788e+01
3.427496e+03 4.169692e+01
3.432496e+03 4.050349e+01
3.437496e+03 3.962729e+01
3.442496e+03 3.926002e+01
3.447496e+03 3.941711e+01
3.452496e+03 3.993995e+01
3.457496e+03 4.060273e+01
3.462496e+03 4.112450e+01
3.467495e+03 4.132518e+01
3.472496e+03 4.113474e+01
3.477496e+03 4.063799e+01
3.482496e+03 4.006817e+01
3.487496e+03 3.961870e+01
3.492496e+03 3.943252e+01
3.497496e+03 3.955481e+01
3.502496e+03 3.993347e+01
3.507496e+03 4.047676e+01
3.512496e+03 4.105824e+01
3.517496e+03 4.156358e+01
3.522495e+03 4.189586e+01
3.527496e+03 4.204009e+01
3.532496e+03 4.206331e+01
3.537496e+03 4.204951e+01
3.542496e+03 4.209503e+01
3.547496e+03 4.227181e+01
3.552496e+03 4.262545e+01
3.557496e+03 4.317177e+01
3.562495e+03 4.389465e+01
3.567495e+03 4.470664e+01
3.572496e+03 4.545178e+01
3.577496e+03 4.601395e+01
3.582496e+03 4.632133e+01
3.587496e+03 4.633715e+01
3.592496e+03 4.606268e+01
3.597496e+03 4.561331e+01
3.602496e+03 4.521471e+01
3.607495e+03 4.504410e+01
3.612495e+03 4.522049e+01
3.617496e+03 4.574337e+01
3.622496e+03 4.649382e+01
3.627496e+03 4.731778e+01
3.632496e+03 4.803270e+01
3.637496e+03 4.849064e+01
3.642496e+03 4.858624e+01
3.647496e+03 4.836962e+01
3.652496e+03 4.804369e+01
3.657495e+03 4.779308e+01
3.662496e+03 4.777231e+01
3.667495e+03 4.801737e+01
3.672496e+03 4.844541e+01
3.677496e+03 4.893787e+01
3.682496e+03 4.934750e+01
3.687496e+03 4.956924e+01
3.692496e+03 4.954451e+01
3.697496e+03 4.928578e+01
3.702496e+03 4.887439e+01
3.707495e+03 4.838906e+01
3.712495e+03 4.790069e+01
3.717496e+03 4.742550e+01
3.722496e+03 4.692852e+01
3.727496e+03 4.644739e+01
3.732496e+03 4.609193e+01
3.737496e+03 4.591030e+01
3.742496e+03 4.588712e+01
3.747496e+03 4.603474e+01
3.752495e+03 4.638860e+01
3.757495e+03 4.681476e+01
3.762495e+03 4.701266e+01
3.767495e+03 4.677334e+01
3.772495e+03 4.599447e+01
3.777495e+03 4.475105e+01
3.782496e+03 4.329102e+01
3.787496e+03 4.186622e+01
3.792496e+03 4.072353e+01
3.797496e+03 4.007864e+01
3.802495e+03 4.010677e+01
3.807495e+03 4.076891e+01
3.812495e+03 4.181125e+01
3.817496e+03 4.293092e+01
3.822496e+03 4.378413e+01
3.827496e+03 4.399845e+01
3.832496e+03 4.318359e+01
3.837496e+03 4.115610e+01
3.842495e+03 3.794762e+01
3.847495e+03 3.376274e+01
3.852495e+03 2.896951e+01
3.857495e+03 2.396460e+01
3.862495e+03 1.916036e+01
3.867495e+03 1.486203e+01
3.872496e+03 1.126142e+01
3.877496e+03 8.420361e+00
3.882496e+03 6.273613e+00
3.887496e+03 4.711383e+00
3.892496e+03 3.586032e+00
3.897495e+03 2.776440e+00
3.902495e+03 2.191083e+00
3.907495e+03 1.760466e+00
3.912495e+03 1.436568e+00
3.917495e+03 1.185882e+00
3.922495e+03 9.886770e-01
3.927496e+03 8.297670e-01
3.932496e+03 6.980600e-01
3.937496e+03 5.859470e-01
3.942495e+03 4.892060e-01
3.947495e+03 4.054440e-01
3.952495e+03 3.339770e-01
3.957495e+03 2.738470e-01
3.962495e+03 2.237590e-01
3.967495e+03 1.823570e-01
3.972496e+03 1.482690e-01
3.977496e+03 1.206820e-01
3.982496e+03 9.932000e-02
3.987495e+03 8.341000e-02
3.992495e+03 7.165000e-02
3.997495e+03 6.265300e-02
4.002495e+03 5.499800e-02
4.007495e+03 4.810200e-02
4.012495e+03 4.221600e-02
4.017496e+03 3.761600e-02
4.022496e+03 3.452600e-02
4.027496e+03 3.239500e-02
4.032496e+03 2.996600e-02
4.037496e+03 2.745800e-02
4.042495e+03 2.650900e-02
4.047495e+03 2.680500e-02
4.052495e+03 2.608700e-02
4.057495e+03 2.371500e-02
4.062496e+03 2.075200e-02
4.067496e+03 1.837200e-02
4.072496e+03 1.770600e-02
4.077496e+03 1.803400e-02
4.082495e+03 1.689200e-02
4.087495e+03 1.432500e-02
4.092495e+03 1.286900e-02
4.097495e+03 1.307200e-02
4.102495e+03 1.341900e-02
4.107495e+03 1.331300e-02
4.112495e+03 1.316000e-02
4.117495e+03 1.312700e-02
4.122495e+03 1.310700e-02
4.127496e+03 1.305400e-02
4.132496e+03 1.300100e-02
4.137495e+03 1.295600e-02
4.142495e+03 1.289800e-02
4.147495e+03 1.282400e-02
4.152495e+03 1.274800e-02
4.157496e+03 1.267600e-02
4.162496e+03 1.260500e-02
4.167496e+03 1.253400e-02
4.172496e+03 1.246200e-02
4.177495e+03 1.239100e-02
4.182495e+03 1.231900e-02
4.187495e+03 1.224900e-02
4.192495e+03 1.217800e-02
4.197495e+03 1.210700e-02
4.202496e+03 1.203700e-02
4.207496e+03 1.196500e-02
4.212496e+03 1.189400e-02
4.217496e+03 1.182300e-02
4.222496e+03 1.175300e-02
4.227496e+03 1.168300e-02
4.232495e+03 1.161000e-02
4.237495e+03 1.153900e-02
4.242495e+03 1.148000e-02
4.247495e+03 1.143500e-02
4.252495e+03 1.139200e-02
4.257495e+03 1.134500e-02
4.262496e+03 1.129700e-02
4.267496e+03 1.125100e-02
4.272495e+03 1.120500e-02
4.277495e+03 1.115800e-02
4.282495e+03 1.111200e-02
4.287495e+03 1.106500e-02
4.292495e+03 1.101900e-02
4.297495e+03 1.097300e-02
4.302495e+03 1.092600e-02
4.307495e+03 1.088100e-02
4.312496e+03 1.083600e-02
4.317495e+03 1.079000e-02
4.322495e+03 1.074300e-02
4.327495e+03 1.069700e-02
4.332495e+03 1.065600e-02
4.337495e+03 1.061300e-02
4.342495e+03 1.054900e-02
4.347495e+03 1.046400e-02
4.352495e+03 1.037800e-02
4.357495e+03 1.029700e-02
4.362495e+03 1.021700e-02
4.367495e+03 1.013600e-02
4.372495e+03 1.005500e-02
4.377495e+03 9.974000e-03
4.382495e+03 9.894000e-03
4.387495e+03 9.814000e-03
4.392495e+03 9.735000e-03
4.397495e+03 9.656000e-03
4.402496e+03 9.577000e-03
4.407495e+03 9.498000e-03
4.412495e+03 9.419000e-03
4.417495e+03 9.340000e-03
4.422495e+03 9.262000e-03
4.427495e+03 9.184000e-03
4.432495e+03 9.107000e-03
4.437495e+03 9.029000e-03
4.442495e+03 8.953000e-03
4.447495e+03 8.877000e-03
4.452495e+03 8.802000e-03
4.457495e+03 8.726000e-03
4.462496e+03 8.651000e-03
4.467495e+03 8.577000e-03
4.472495e+03 8.502000e-03
4.477495e+03 8.428000e-03
4.482495e+03 8.355000e-03
4.487495e+03 8.281000e-03
4.492495e+03 8.208000e-03
4.497495e+03 8.136000e-03
4.502495e+03 8.063000e-03
4.507495e+03 7.991000e-03
4.512495e+03 7.919000e-03
4.517495e+03 7.847000e-03
4.522495e+03 7.777000e-03
4.527495e+03 7.707000e-03
4.532495e+03 7.633000e-03
4.537495e+03 7.560000e-03
4.542495e+03 7.505000e-03
4.547495e+03 7.467000e-03
4.552495e+03 7.431000e-03
4.557495e+03 7.390000e-03
4.562495e+03 7.348000e-03
4.567495e+03 7.308000e-03
4.572495e+03 7.271000e-03
4.577495e+03 7.232000e-03
4.582495e+03 7.182000e-03
4.587495e+03 7.136000e-03
4.592495e+03 7.136000e-03
4.597495e+03 7.117000e-03
4.602495e+03 6.931000e-03
4.607495e+03 6.839000e-03
4.612495e+03 7.507000e-03
4.617495e+03 9.265000e-03
4.622495e+03 1.208100e-02
4.627495e+03 1.565600e-02
4.632495e+03 1.944500e-02
4.637495e+03 2.298600e-02
4.642495e+03 2.590500e-02
4.647495e+03 2.757100e-02
4.652495e+03 2.714900e-02
4.657495e+03 2.503400e-02
4.662495e+03 2.281700e-02
4.667495e+03 2.104100e-02
4.672495e+03 1.916700e-02
4.677495e+03 1.726900e-02
4.682495e+03 1.606100e-02
4.687495e+03 1.593300e-02
4.692495e+03 1.690300e-02
4.697495e+03 1.850200e-02
4.702495e+03 1.993800e-02
4.707495e+03 2.376700e-02
4.712495e+03 3.544100e-02
4.717495e+03 4.972100e-02
4.722495e+03 5.473400e-02
4.727495e+03 1.350820e-01
4.732495e+03 4.699980e-01
4.737495e+03 1.189709e+00
4.742495e+03 2.355044e+00
4.747495e+03 3.652444e+00
4.752495e+03 4.413527e+00
4.757495e+03 4.351264e+00
4.762495e+03 3.583778e+00
4.767495e+03 2.431051e+00
4.772495e+03 1.385918e+00
4.777495e+03 6.811760e-01
4.782495e+03 2.801680e-01
4.787495e+03 1.024700e-01
4.792495e+03 3.739100e-02
4.797495e+03 1.532500e-02
4.802495e+03 9.635000e-03
4.807495e+03 6.871000e-03
4.812495e+03 4.970000e-03
4.817495e+03 3.418000e-03
4.822495e+03 2.728000e-03
4.827495e+03 2.817000e-03
4.832495e+03 2.985000e-03
4.837495e+03 2.956000e-03
4.842495e+03 2.902000e-03
4.847495e+03 2.903000e-03
4.852495e+03 2.929000e-03
4.857495e+03 2.933000e-03
4.862495e+03 2.864000e-03
4.867495e+03 2.828000e-03
4.872495e+03 3.056000e-03
4.877495e+03 3.178000e-03
4.882495e+03 2.271000e-03
