# # Wavelength(Angstrom)  Transmission
3.437496e+03 0.000000e+00
3.442496e+03 2.820611e-04
3.447496e+03 1.139577e-03
3.452496e+03 2.010203e-03
3.457496e+03 2.780385e-03
3.462496e+03 3.664058e-03
3.467495e+03 4.530283e-03
3.472496e+03 4.911168e-03
3.477496e+03 4.842341e-03
3.482496e+03 4.854246e-03
3.487496e+03 4.933289e-03
3.492496e+03 4.550217e-03
3.497496e+03 4.323485e-03
3.502496e+03 5.940148e-03
3.507496e+03 8.752000e-03
3.512496e+03 9.863124e-03
3.517496e+03 9.437200e-03
3.522495e+03 1.065773e-02
3.527496e+03 1.352239e-02
3.532496e+03 1.484333e-02
3.537496e+03 1.446072e-02
3.542496e+03 1.528315e-02
3.547496e+03 1.796436e-02
3.552496e+03 2.081582e-02
3.557496e+03 2.320615e-02
3.562495e+03 2.564293e-02
3.567495e+03 2.817778e-02
3.572496e+03 3.039244e-02
3.577496e+03 3.271342e-02
3.582496e+03 3.638199e-02
3.587496e+03 4.148387e-02
3.592496e+03 4.692814e-02
3.597496e+03 5.195494e-02
3.602496e+03 5.624879e-02
3.607495e+03 6.093362e-02
3.612495e+03 6.844508e-02
3.617496e+03 7.876510e-02
3.622496e+03 8.942682e-02
3.627496e+03 9.939716e-02
3.632496e+03 1.091813e-01
3.637496e+03 1.192352e-01
3.642496e+03 1.299285e-01
3.647496e+03 1.423009e-01
3.652496e+03 1.579588e-01
3.657495e+03 1.760313e-01
3.662496e+03 1.933171e-01
3.667495e+03 2.104338e-01
3.672496e+03 2.317482e-01
3.677496e+03 2.575654e-01
3.682496e+03 2.841317e-01
3.687496e+03 3.115175e-01
3.692496e+03 3.436799e-01
3.697496e+03 3.819769e-01
3.702496e+03 4.250609e-01
3.707495e+03 4.731207e-01
3.712495e+03 5.279774e-01
3.717496e+03 5.914078e-01
3.722496e+03 6.650186e-01
3.727496e+03 7.492414e-01
3.732496e+03 8.433104e-01
3.737496e+03 9.457640e-01
3.742496e+03 1.054690e+00
3.747496e+03 1.172596e+00
3.752495e+03 1.306271e+00
3.757495e+03 1.459142e+00
3.762495e+03 1.631200e+00
3.767495e+03 1.826494e+00
3.772495e+03 2.053006e+00
3.777495e+03 2.312707e+00
3.782496e+03 2.601634e+00
3.787496e+03 2.921616e+00
3.792496e+03 3.280444e+00
3.797496e+03 3.684072e+00
3.802495e+03 4.136476e+00
3.807495e+03 4.641607e+00
3.812495e+03 5.203347e+00
3.817496e+03 5.819751e+00
3.822496e+03 6.483138e+00
3.827496e+03 7.187661e+00
3.832496e+03 7.929844e+00
3.837496e+03 8.712734e+00
3.842495e+03 9.545958e+00
3.847495e+03 1.044273e+01
3.852495e+03 1.141971e+01
3.857495e+03 1.249112e+01
3.862495e+03 1.366767e+01
3.867495e+03 1.493399e+01
3.872496e+03 1.624768e+01
3.877496e+03 1.754181e+01
3.882496e+03 1.872631e+01
3.887496e+03 1.971631e+01
3.892496e+03 2.043557e+01
3.897495e+03 2.086510e+01
3.902495e+03 2.104430e+01
3.907495e+03 2.105374e+01
3.912495e+03 2.101234e+01
3.917495e+03 2.103260e+01
3.922495e+03 2.121731e+01
3.927496e+03 2.162994e+01
3.932496e+03 2.229364e+01
3.937496e+03 2.319779e+01
3.942495e+03 2.429841e+01
3.947495e+03 2.552383e+01
3.952495e+03 2.677537e+01
3.957495e+03 2.794908e+01
3.962495e+03 2.893857e+01
3.967495e+03 2.967722e+01
3.972496e+03 3.014078e+01
3.977496e+03 3.036106e+01
3.982496e+03 3.042430e+01
3.987495e+03 3.042184e+01
3.992495e+03 3.044654e+01
3.997495e+03 3.056380e+01
4.002495e+03 3.081010e+01
4.007495e+03 3.118944e+01
4.012495e+03 3.167337e+01
4.017496e+03 3.220470e+01
4.022496e+03 3.269869e+01
4.027496e+03 3.306407e+01
4.032496e+03 3.320696e+01
4.037496e+03 3.309473e+01
4.042495e+03 3.275671e+01
4.047495e+03 3.223457e+01
4.052495e+03 3.158107e+01
4.057495e+03 3.087847e+01
4.062496e+03 3.023670e+01
4.067496e+03 2.973621e+01
4.072496e+03 2.942588e+01
4.077496e+03 2.933497e+01
4.082495e+03 2.947330e+01
4.087495e+03 2.982434e+01
4.092495e+03 3.034549e+01
4.097495e+03 3.098289e+01
4.102495e+03 3.167189e+01
4.107495e+03 3.233345e+01
4.112495e+03 3.287563e+01
4.117495e+03 3.323073e+01
4.122495e+03 3.335757e+01
4.127496e+03 3.325469e+01
4.132496e+03 3.295927e+01
4.137495e+03 3.251093e+01
4.142495e+03 3.195125e+01
4.147495e+03 3.135363e+01
4.152495e+03 3.082163e+01
4.157496e+03 3.042615e+01
4.162496e+03 3.020312e+01
4.167496e+03 3.016739e+01
4.172496e+03 3.031355e+01
4.177495e+03 3.062240e+01
4.182495e+03 3.106156e+01
4.187495e+03 3.159175e+01
4.192495e+03 3.216736e+01
4.197495e+03 3.274021e+01
4.202496e+03 3.326068e+01
4.207496e+03 3.369765e+01
4.212496e+03 3.403907e+01
4.217496e+03 3.428297e+01
4.222496e+03 3.443707e+01
4.227496e+03 3.451829e+01
4.232495e+03 3.455346e+01
4.237495e+03 3.459482e+01
4.242495e+03 3.471709e+01
4.247495e+03 3.493779e+01
4.252495e+03 3.521674e+01
4.257495e+03 3.552610e+01
4.262496e+03 3.585232e+01
4.267496e+03 3.616890e+01
4.272495e+03 3.643573e+01
4.277495e+03 3.661250e+01
4.282495e+03 3.665973e+01
4.287495e+03 3.655216e+01
4.292495e+03 3.627962e+01
4.297495e+03 3.585471e+01
4.302495e+03 3.531262e+01
4.307495e+03 3.470030e+01
4.312496e+03 3.407516e+01
4.317495e+03 3.348842e+01
4.322495e+03 3.298457e+01
4.327495e+03 3.260683e+01
4.332495e+03 3.239502e+01
4.337495e+03 3.233602e+01
4.342495e+03 3.236620e+01
4.347495e+03 3.247755e+01
4.352495e+03 3.271775e+01
4.357495e+03 3.308331e+01
4.362495e+03 3.351753e+01
4.367495e+03 3.397136e+01
4.372495e+03 3.440578e+01
4.377495e+03 3.478464e+01
4.382495e+03 3.507454e+01
4.387495e+03 3.525426e+01
4.392495e+03 3.531522e+01
4.397495e+03 3.526203e+01
4.402496e+03 3.511222e+01
4.407495e+03 3.488738e+01
4.412495e+03 3.461278e+01
4.417495e+03 3.431575e+01
4.422495e+03 3.402518e+01
4.427495e+03 3.376197e+01
4.432495e+03 3.353876e+01
4.437495e+03 3.336075e+01
4.442495e+03 3.322570e+01
4.447495e+03 3.312228e+01
4.452495e+03 3.303065e+01
4.457495e+03 3.293653e+01
4.462496e+03 3.283146e+01
4.467495e+03 3.270501e+01
4.472495e+03 3.254496e+01
4.477495e+03 3.234840e+01
4.482495e+03 3.212183e+01
4.487495e+03 3.187232e+01
4.492495e+03 3.160723e+01
4.497495e+03 3.133824e+01
4.502495e+03 3.108117e+01
4.507495e+03 3.084930e+01
4.512495e+03 3.065318e+01
4.517495e+03 3.050269e+01
4.522495e+03 3.040635e+01
4.527495e+03 3.035554e+01
4.532495e+03 3.032638e+01
4.537495e+03 3.033742e+01
4.542495e+03 3.044738e+01
4.547495e+03 3.064753e+01
4.552495e+03 3.086150e+01
4.557495e+03 3.105048e+01
4.562495e+03 3.121592e+01
4.567495e+03 3.135467e+01
4.572495e+03 3.145754e+01
4.577495e+03 3.152307e+01
4.582495e+03 3.155760e+01
4.587495e+03 3.156389e+01
4.592495e+03 3.154100e+01
4.597495e+03 3.149296e+01
4.602495e+03 3.142876e+01
4.607495e+03 3.135286e+01
4.612495e+03 3.126511e+01
4.617495e+03 3.116757e+01
4.622495e+03 3.106520e+01
4.627495e+03 3.097380e+01
4.632495e+03 3.091709e+01
4.637495e+03 3.085350e+01
4.642495e+03 3.068033e+01
4.647495e+03 3.039726e+01
4.652495e+03 3.010646e+01
4.657495e+03 2.985162e+01
4.662495e+03 2.961373e+01
4.667495e+03 2.938234e+01
4.672495e+03 2.915820e+01
4.677495e+03 2.894096e+01
4.682495e+03 2.872857e+01
4.687495e+03 2.851814e+01
4.692495e+03 2.830587e+01
4.697495e+03 2.808744e+01
4.702495e+03 2.785794e+01
4.707495e+03 2.761058e+01
4.712495e+03 2.733705e+01
4.717495e+03 2.703605e+01
4.722495e+03 2.671292e+01
4.727495e+03 2.636005e+01
4.732495e+03 2.595905e+01
4.737495e+03 2.554905e+01
4.742495e+03 2.522345e+01
4.747495e+03 2.499049e+01
4.752495e+03 2.477320e+01
4.757495e+03 2.454756e+01
4.762495e+03 2.434563e+01
4.767495e+03 2.418393e+01
4.772495e+03 2.406113e+01
4.777495e+03 2.397819e+01
4.782495e+03 2.393886e+01
4.787495e+03 2.393968e+01
4.792495e+03 2.396987e+01
4.797495e+03 2.401793e+01
4.802495e+03 2.407192e+01
4.807495e+03 2.412005e+01
4.812495e+03 2.415019e+01
4.817495e+03 2.414020e+01
4.822495e+03 2.405799e+01
4.827495e+03 2.387301e+01
4.832495e+03 2.355699e+01
4.837495e+03 2.308906e+01
4.842495e+03 2.245571e+01
4.847495e+03 2.164373e+01
4.852495e+03 2.064039e+01
4.857495e+03 1.944943e+01
4.862495e+03 1.809148e+01
4.867495e+03 1.660166e+01
4.872495e+03 1.502902e+01
4.877495e+03 1.342731e+01
4.882495e+03 1.185375e+01
4.887495e+03 1.035331e+01
4.892495e+03 8.957995e+00
4.897495e+03 7.688870e+00
4.902495e+03 6.556261e+00
4.907495e+03 5.561871e+00
4.912495e+03 4.699654e+00
4.917495e+03 3.961543e+00
4.922495e+03 3.337769e+00
4.927495e+03 2.815743e+00
4.932495e+03 2.380099e+00
4.937495e+03 2.014897e+00
4.942495e+03 1.704068e+00
4.947495e+03 1.438471e+00
4.952495e+03 1.215922e+00
4.957495e+03 1.031478e+00
4.962495e+03 8.772450e-01
4.967495e+03 7.470041e-01
4.972495e+03 6.364058e-01
4.977495e+03 5.425467e-01
4.982495e+03 4.638498e-01
4.987495e+03 3.978404e-01
4.992495e+03 3.411613e-01
4.997495e+03 2.921224e-01
5.002495e+03 2.506943e-01
5.007495e+03 2.161531e-01
5.012495e+03 1.870130e-01
5.017495e+03 1.622531e-01
5.022495e+03 1.413447e-01
5.027495e+03 1.236421e-01
5.032495e+03 1.083659e-01
5.037495e+03 9.485913e-02
5.042495e+03 8.262303e-02
5.047495e+03 7.182954e-02
5.052495e+03 6.327639e-02
5.057495e+03 5.676075e-02
5.062495e+03 5.108351e-02
5.067495e+03 4.574660e-02
5.072495e+03 4.099413e-02
5.077495e+03 3.702151e-02
5.082495e+03 3.392469e-02
5.087495e+03 3.137500e-02
5.092495e+03 2.866075e-02
5.097495e+03 2.592347e-02
5.102495e+03 2.412235e-02
5.107495e+03 2.298764e-02
5.112495e+03 2.104941e-02
5.117495e+03 1.831285e-02
5.122495e+03 1.625637e-02
5.127495e+03 1.511475e-02
5.132495e+03 1.385863e-02
5.137495e+03 1.246093e-02
5.142495e+03 1.190294e-02
5.147495e+03 1.205314e-02
5.152495e+03 1.166162e-02
5.157495e+03 1.037022e-02
5.162495e+03 8.763365e-03
5.167495e+03 7.476371e-03
5.172495e+03 7.111306e-03
5.177495e+03 7.278930e-03
5.182495e+03 6.658739e-03
5.187495e+03 5.278123e-03
5.192495e+03 4.504859e-03
5.197495e+03 4.614057e-03
5.202495e+03 4.755988e-03
5.207495e+03 4.692329e-03
5.212495e+03 4.818587e-03
5.217495e+03 4.921313e-03
5.222495e+03 4.194868e-03
5.227495e+03 2.853069e-03
5.232495e+03 2.112456e-03
5.237495e+03 2.212352e-03
5.242495e+03 2.391729e-03
5.247495e+03 2.349749e-03
5.252495e+03 2.284343e-03
5.257495e+03 2.278177e-03
5.262495e+03 2.278302e-03
5.267495e+03 2.262565e-03
5.272495e+03 2.245153e-03
5.277495e+03 2.232005e-03
5.282495e+03 2.219329e-03
5.287495e+03 2.205518e-03
5.292495e+03 2.191554e-03
5.297495e+03 2.177923e-03
5.302495e+03 2.164495e-03
5.307495e+03 2.151038e-03
5.312495e+03 2.137277e-03
5.317495e+03 2.123650e-03
5.322495e+03 2.111193e-03
5.327495e+03 2.098284e-03
5.332495e+03 2.081045e-03
5.337495e+03 2.065530e-03
5.342495e+03 2.066390e-03
5.347495e+03 2.065284e-03
5.352495e+03 2.015470e-03
5.357495e+03 1.984249e-03
5.362495e+03 2.135967e-03
5.367495e+03 2.215498e-03
5.372495e+03 1.580748e-03
5.377495e+03 4.343295e-04
5.382495e+03 0.000000e+00
