# # Wavelength(Angstrom)  Transmission
1.597495e+03 1.702002e+00
1.602495e+03 3.683840e+00
1.607495e+03 5.631055e+00
1.612495e+03 7.483325e+00
1.617495e+03 9.378960e+00
1.622495e+03 1.164153e+01
1.627495e+03 1.428935e+01
1.632495e+03 1.703090e+01
1.637495e+03 1.965456e+01
1.642495e+03 2.205120e+01
1.647495e+03 2.431084e+01
1.652495e+03 2.670044e+01
1.657495e+03 2.907115e+01
1.662495e+03 3.087478e+01
1.667495e+03 3.213153e+01
1.672495e+03 3.342484e+01
1.677495e+03 3.482283e+01
1.682495e+03 3.587283e+01
1.687495e+03 3.656160e+01
1.692495e+03 3.731839e+01
1.697495e+03 3.812830e+01
1.702495e+03 3.852935e+01
1.707495e+03 3.843660e+01
1.712495e+03 3.816327e+01
1.717495e+03 3.806408e+01
1.722495e+03 3.850109e+01
1.727495e+03 3.944816e+01
1.732495e+03 4.049744e+01
1.737495e+03 4.139892e+01
1.742495e+03 4.208282e+01
1.747495e+03 4.261953e+01
1.752495e+03 4.320188e+01
1.757495e+03 4.379847e+01
1.762495e+03 4.415842e+01
1.767495e+03 4.426613e+01
1.772495e+03 4.434519e+01
1.777495e+03 4.448944e+01
1.782495e+03 4.465365e+01
1.787495e+03 4.481512e+01
1.792495e+03 4.497939e+01
1.797495e+03 4.514347e+01
1.802495e+03 4.529512e+01
1.807495e+03 4.543408e+01
1.812495e+03 4.557219e+01
1.817495e+03 4.571352e+01
1.822495e+03 4.585405e+01
1.827495e+03 4.599435e+01
1.832495e+03 4.613943e+01
1.837495e+03 4.628307e+01
1.842495e+03 4.640936e+01
1.847495e+03 4.654275e+01
1.852495e+03 4.674572e+01
1.857495e+03 4.701797e+01
1.862495e+03 4.729653e+01
1.867495e+03 4.755827e+01
1.872495e+03 4.782186e+01
1.877495e+03 4.808913e+01
1.882495e+03 4.834464e+01
1.887495e+03 4.860430e+01
1.892495e+03 4.891146e+01
1.897495e+03 4.920047e+01
1.902495e+03 4.930268e+01
1.907495e+03 4.921761e+01
1.912495e+03 4.911291e+01
1.917495e+03 4.905354e+01
1.922495e+03 4.899568e+01
1.927495e+03 4.892300e+01
1.932495e+03 4.885066e+01
1.937495e+03 4.877672e+01
1.942495e+03 4.868251e+01
1.947495e+03 4.859153e+01
1.952495e+03 4.856739e+01
1.957495e+03 4.861023e+01
1.962495e+03 4.865674e+01
1.967495e+03 4.868328e+01
1.972495e+03 4.870801e+01
1.977495e+03 4.873410e+01
1.982495e+03 4.874889e+01
1.987495e+03 4.876399e+01
1.992495e+03 4.881229e+01
1.997495e+03 4.884490e+01
2.002495e+03 4.873562e+01
2.007495e+03 4.848455e+01
2.012495e+03 4.821809e+01
2.017495e+03 4.798597e+01
2.022495e+03 4.775650e+01
2.027495e+03 4.751651e+01
2.032495e+03 4.727462e+01
2.037495e+03 4.703453e+01
2.042495e+03 4.679410e+01
2.047495e+03 4.655241e+01
2.052495e+03 4.631001e+01
2.057495e+03 4.606752e+01
2.062495e+03 4.582546e+01
2.067495e+03 4.558296e+01
2.072495e+03 4.533790e+01
2.077495e+03 4.509388e+01
2.082496e+03 4.485932e+01
2.087495e+03 4.462131e+01
2.092495e+03 4.434881e+01
2.097496e+03 4.409051e+01
2.102496e+03 4.397018e+01
2.107495e+03 4.398772e+01
2.112495e+03 4.401917e+01
2.117496e+03 4.401590e+01
2.122496e+03 4.400921e+01
2.127496e+03 4.401224e+01
2.132495e+03 4.401676e+01
2.137495e+03 4.401933e+01
2.142496e+03 4.402222e+01
2.147496e+03 4.402655e+01
2.152496e+03 4.403206e+01
2.157495e+03 4.403821e+01
2.162495e+03 4.404438e+01
2.167495e+03 4.405211e+01
2.172496e+03 4.406480e+01
2.177496e+03 4.407732e+01
2.182496e+03 4.407739e+01
2.187495e+03 4.408447e+01
2.192495e+03 4.414496e+01
2.197495e+03 4.418666e+01
2.202496e+03 4.402558e+01
2.207495e+03 4.366088e+01
2.212495e+03 4.327517e+01
2.217495e+03 4.294592e+01
2.222496e+03 4.263744e+01
2.227495e+03 4.231321e+01
2.232495e+03 4.194490e+01
2.237495e+03 4.160155e+01
2.242496e+03 4.144208e+01
2.247496e+03 4.146495e+01
2.252495e+03 4.150844e+01
2.257496e+03 4.150905e+01
2.262496e+03 4.150740e+01
2.267495e+03 4.152041e+01
2.272495e+03 4.153698e+01
2.277496e+03 4.155269e+01
2.282495e+03 4.157090e+01
2.287495e+03 4.159203e+01
2.292496e+03 4.161345e+01
2.297496e+03 4.163755e+01
2.302495e+03 4.167153e+01
2.307495e+03 4.171491e+01
2.312496e+03 4.175961e+01
2.317496e+03 4.180492e+01
2.322496e+03 4.185719e+01
2.327495e+03 4.190971e+01
2.332496e+03 4.194429e+01
2.337496e+03 4.198828e+01
2.342496e+03 4.211194e+01
2.347496e+03 4.231533e+01
2.352496e+03 4.252823e+01
2.357495e+03 4.272304e+01
2.362496e+03 4.291733e+01
2.367496e+03 4.311848e+01
2.372496e+03 4.332178e+01
2.377496e+03 4.352513e+01
2.382496e+03 4.372946e+01
2.387496e+03 4.393568e+01
2.392496e+03 4.414440e+01
2.397496e+03 4.435390e+01
2.402495e+03 4.456028e+01
2.407496e+03 4.476450e+01
2.412496e+03 4.497197e+01
2.417496e+03 4.518041e+01
2.422496e+03 4.538052e+01
2.427496e+03 4.558509e+01
2.432496e+03 4.582568e+01
2.437496e+03 4.605328e+01
2.442496e+03 4.614288e+01
2.447496e+03 4.609428e+01
2.452496e+03 4.603212e+01
2.457496e+03 4.600533e+01
2.462496e+03 4.598251e+01
2.467496e+03 4.595044e+01
2.472496e+03 4.591733e+01
2.477496e+03 4.588684e+01
2.482496e+03 4.585709e+01
2.487496e+03 4.582639e+01
2.492496e+03 4.579366e+01
2.497496e+03 4.576165e+01
2.502496e+03 4.573663e+01
2.507496e+03 4.571779e+01
2.512496e+03 4.569739e+01
2.517496e+03 4.567562e+01
2.522495e+03 4.566018e+01
2.527496e+03 4.564190e+01
2.532496e+03 4.559703e+01
2.537496e+03 4.556171e+01
2.542496e+03 4.562857e+01
2.547496e+03 4.579770e+01
2.552496e+03 4.597667e+01
2.557496e+03 4.612910e+01
2.562496e+03 4.627815e+01
2.567496e+03 4.643353e+01
2.572496e+03 4.658903e+01
2.577496e+03 4.674184e+01
2.582496e+03 4.689329e+01
2.587496e+03 4.704445e+01
2.592496e+03 4.719594e+01
2.597496e+03 4.734577e+01
2.602496e+03 4.748955e+01
2.607496e+03 4.762766e+01
2.612496e+03 4.776508e+01
2.617496e+03 4.790212e+01
2.622496e+03 4.803452e+01
2.627496e+03 4.816689e+01
2.632496e+03 4.831151e+01
2.637496e+03 4.844975e+01
2.642496e+03 4.853381e+01
2.647496e+03 4.856366e+01
2.652496e+03 4.858701e+01
2.657496e+03 4.862266e+01
2.662496e+03 4.865863e+01
2.667496e+03 4.868987e+01
2.672496e+03 4.871951e+01
2.677496e+03 4.874907e+01
2.682496e+03 4.877811e+01
2.687495e+03 4.880565e+01
2.692496e+03 4.883044e+01
2.697496e+03 4.885493e+01
2.702496e+03 4.888508e+01
2.707496e+03 4.892115e+01
2.712496e+03 4.895770e+01
2.717496e+03 4.899124e+01
2.722496e+03 4.902078e+01
2.727496e+03 4.905099e+01
2.732496e+03 4.909106e+01
2.737496e+03 4.912582e+01
2.742496e+03 4.911725e+01
2.747496e+03 4.906540e+01
2.752496e+03 4.900839e+01
2.757496e+03 4.896123e+01
2.762496e+03 4.891437e+01
2.767496e+03 4.886379e+01
2.772496e+03 4.881197e+01
2.777496e+03 4.876015e+01
2.782496e+03 4.870792e+01
2.787496e+03 4.865458e+01
2.792496e+03 4.859923e+01
2.797496e+03 4.854366e+01
2.802496e+03 4.849208e+01
2.807496e+03 4.844443e+01
2.812496e+03 4.839643e+01
2.817496e+03 4.834656e+01
2.822496e+03 4.829620e+01
2.827496e+03 4.824532e+01
2.832496e+03 4.819250e+01
2.837496e+03 4.813943e+01
2.842496e+03 4.809076e+01
2.847496e+03 4.804654e+01
2.852496e+03 4.800221e+01
2.857496e+03 4.795595e+01
2.862496e+03 4.790896e+01
2.867496e+03 4.786171e+01
2.872496e+03 4.781387e+01
2.877496e+03 4.776539e+01
2.882496e+03 4.771639e+01
2.887496e+03 4.766683e+01
2.892496e+03 4.761646e+01
2.897496e+03 4.756565e+01
2.902496e+03 4.751541e+01
2.907496e+03 4.746569e+01
2.912496e+03 4.741543e+01
2.917496e+03 4.736445e+01
2.922496e+03 4.731346e+01
2.927496e+03 4.726187e+01
2.932496e+03 4.720797e+01
2.937496e+03 4.715432e+01
2.942496e+03 4.710754e+01
2.947496e+03 4.706763e+01
2.952496e+03 4.702803e+01
2.957496e+03 4.698615e+01
2.962496e+03 4.694368e+01
2.967496e+03 4.690128e+01
2.972496e+03 4.685846e+01
2.977496e+03 4.681516e+01
2.982496e+03 4.677177e+01
2.987496e+03 4.672792e+01
2.992496e+03 4.668252e+01
2.997496e+03 4.663723e+01
3.002496e+03 4.659639e+01
3.007496e+03 4.656116e+01
3.012496e+03 4.652929e+01
3.017496e+03 4.649441e+01
3.022496e+03 4.644735e+01
3.027496e+03 4.640498e+01
3.032496e+03 4.640601e+01
3.037496e+03 4.638936e+01
3.042496e+03 4.619991e+01
3.047496e+03 4.583774e+01
3.052496e+03 4.545813e+01
3.057496e+03 4.512205e+01
3.062496e+03 4.479042e+01
3.067496e+03 4.444697e+01
3.072496e+03 4.410229e+01
3.077496e+03 4.376059e+01
3.082496e+03 4.341862e+01
3.087496e+03 4.307590e+01
3.092496e+03 4.273491e+01
3.097496e+03 4.239335e+01
3.102496e+03 4.204425e+01
3.107496e+03 4.168578e+01
3.112496e+03 4.132177e+01
3.117496e+03 4.096223e+01
3.122496e+03 4.062130e+01
3.127496e+03 4.027287e+01
3.132495e+03 3.985697e+01
3.137496e+03 3.946830e+01
3.142496e+03 3.934711e+01
3.147496e+03 3.949313e+01
3.152496e+03 3.966565e+01
3.157496e+03 3.977015e+01
3.162496e+03 3.986721e+01
3.167496e+03 3.998210e+01
3.172496e+03 4.009851e+01
3.177495e+03 4.020984e+01
3.182496e+03 4.032092e+01
3.187496e+03 4.043283e+01
3.192496e+03 4.054265e+01
3.197496e+03 4.065264e+01
3.202496e+03 4.077014e+01
3.207496e+03 4.089590e+01
3.212496e+03 4.102388e+01
3.217496e+03 4.114901e+01
3.222496e+03 4.126800e+01
3.227496e+03 4.138970e+01
3.232496e+03 4.153282e+01
3.237496e+03 4.166716e+01
3.242496e+03 4.171645e+01
3.247496e+03 4.168080e+01
3.252496e+03 4.163662e+01
3.257496e+03 4.161395e+01
3.262496e+03 4.159357e+01
3.267496e+03 4.156743e+01
3.272495e+03 4.154069e+01
3.277496e+03 4.151551e+01
3.282496e+03 4.149051e+01
3.287496e+03 4.146513e+01
3.292496e+03 4.143981e+01
3.297496e+03 4.141463e+01
3.302496e+03 4.138927e+01
3.307496e+03 4.136400e+01
3.312496e+03 4.133960e+01
3.317496e+03 4.131497e+01
3.322495e+03 4.128739e+01
3.327496e+03 4.126108e+01
3.332495e+03 4.124616e+01
3.337496e+03 4.122686e+01
3.342496e+03 4.116303e+01
3.347496e+03 4.105469e+01
3.352496e+03 4.094204e+01
3.357496e+03 4.084087e+01
3.362496e+03 4.074107e+01
3.367496e+03 4.063842e+01
3.372496e+03 4.053564e+01
3.377496e+03 4.043384e+01
3.382496e+03 4.033232e+01
3.387496e+03 4.023080e+01
3.392496e+03 4.012947e+01
3.397496e+03 4.002840e+01
3.402496e+03 3.992749e+01
3.407496e+03 3.982621e+01
3.412496e+03 3.972380e+01
3.417495e+03 3.962225e+01
3.422496e+03 3.952585e+01
3.427496e+03 3.942774e+01
3.432496e+03 3.931160e+01
3.437496e+03 3.920296e+01
3.442496e+03 3.916674e+01
3.447496e+03 3.920293e+01
3.452496e+03 3.924656e+01
3.457496e+03 3.927214e+01
3.462496e+03 3.929599e+01
3.467495e+03 3.932498e+01
3.472496e+03 3.935472e+01
3.477496e+03 3.938338e+01
3.482496e+03 3.941215e+01
3.487496e+03 3.944149e+01
3.492496e+03 3.947104e+01
3.497496e+03 3.950073e+01
3.502496e+03 3.953087e+01
3.507496e+03 3.956141e+01
3.512496e+03 3.959203e+01
3.517496e+03 3.962288e+01
3.522495e+03 3.965461e+01
3.527496e+03 3.968629e+01
3.532496e+03 3.971569e+01
3.537496e+03 3.974628e+01
3.542496e+03 3.978692e+01
3.547496e+03 3.983760e+01
3.552496e+03 3.988946e+01
3.557496e+03 3.993901e+01
3.562495e+03 3.998851e+01
3.567495e+03 4.003887e+01
3.572496e+03 4.008946e+01
3.577496e+03 4.014006e+01
3.582496e+03 4.019092e+01
3.587496e+03 4.024198e+01
3.592496e+03 4.029288e+01
3.597496e+03 4.034409e+01
3.602496e+03 4.039678e+01
3.607495e+03 4.045103e+01
3.612495e+03 4.050576e+01
3.617496e+03 4.056025e+01
3.622496e+03 4.061430e+01
3.627496e+03 4.066885e+01
3.632496e+03 4.072576e+01
3.637496e+03 4.078196e+01
3.642496e+03 4.082973e+01
3.647496e+03 4.086908e+01
3.652496e+03 4.090774e+01
3.657495e+03 4.094875e+01
3.662496e+03 4.099014e+01
3.667495e+03 4.103110e+01
3.672496e+03 4.107222e+01
3.677496e+03 4.111363e+01
3.682496e+03 4.115501e+01
3.687496e+03 4.119660e+01
3.692496e+03 4.123907e+01
3.697496e+03 4.128141e+01
3.702496e+03 4.132100e+01
3.707495e+03 4.135838e+01
3.712495e+03 4.139706e+01
3.717496e+03 4.143595e+01
3.722496e+03 4.146977e+01
3.727496e+03 4.150563e+01
3.732496e+03 4.156133e+01
3.737496e+03 4.160940e+01
3.742496e+03 4.157973e+01
3.747496e+03 4.147232e+01
3.752495e+03 4.135724e+01
3.757495e+03 4.126199e+01
3.762495e+03 4.116896e+01
3.767495e+03 4.107077e+01
3.772495e+03 4.097213e+01
3.777495e+03 4.087503e+01
3.782496e+03 4.077819e+01
3.787496e+03 4.068107e+01
3.792496e+03 4.058397e+01
3.797496e+03 4.048712e+01
3.802495e+03 4.039053e+01
3.807495e+03 4.029416e+01
3.812495e+03 4.019779e+01
3.817496e+03 4.010152e+01
3.822496e+03 4.000567e+01
3.827496e+03 3.990978e+01
3.832496e+03 3.981274e+01
3.837496e+03 3.971628e+01
3.842495e+03 3.962477e+01
3.847495e+03 3.953820e+01
3.852495e+03 3.945219e+01
3.857495e+03 3.936503e+01
3.862495e+03 3.927779e+01
3.867495e+03 3.919098e+01
3.872496e+03 3.910426e+01
3.877496e+03 3.901752e+01
3.882496e+03 3.893080e+01
3.887496e+03 3.884418e+01
3.892496e+03 3.875775e+01
3.897495e+03 3.867132e+01
3.902495e+03 3.858446e+01
3.907495e+03 3.849709e+01
3.912495e+03 3.840953e+01
3.917495e+03 3.832224e+01
3.922495e+03 3.823573e+01
3.927496e+03 3.814895e+01
3.932496e+03 3.805957e+01
3.937496e+03 3.797130e+01
3.942495e+03 3.789350e+01
3.947495e+03 3.782615e+01
3.952495e+03 3.775989e+01
3.957495e+03 3.769103e+01
3.962495e+03 3.762194e+01
3.967495e+03 3.755360e+01
3.972496e+03 3.748535e+01
3.977496e+03 3.741695e+01
3.982496e+03 3.734861e+01
3.987495e+03 3.728035e+01
3.992495e+03 3.721193e+01
3.997495e+03 3.714360e+01
4.002495e+03 3.707605e+01
4.007495e+03 3.700907e+01
4.012495e+03 3.694155e+01
4.017496e+03 3.687415e+01
4.022496e+03 3.680901e+01
4.027496e+03 3.674303e+01
4.032496e+03 3.666862e+01
4.037496e+03 3.659754e+01
4.042495e+03 3.655989e+01
4.047495e+03 3.655565e+01
4.052495e+03 3.655480e+01
4.057495e+03 3.654551e+01
4.062496e+03 3.653534e+01
4.067496e+03 3.652745e+01
4.072496e+03 3.651983e+01
4.077496e+03 3.651162e+01
4.082495e+03 3.650329e+01
4.087495e+03 3.649517e+01
4.092495e+03 3.648729e+01
4.097495e+03 3.647930e+01
4.102495e+03 3.647046e+01
4.107495e+03 3.646104e+01
4.112495e+03 3.645229e+01
4.117495e+03 3.644341e+01
4.122495e+03 3.643189e+01
4.127496e+03 3.642138e+01
4.132496e+03 3.642088e+01
4.137495e+03 3.641644e+01
4.142495e+03 3.637246e+01
4.147495e+03 3.628893e+01
4.152495e+03 3.620143e+01
4.157496e+03 3.612393e+01
4.162496e+03 3.604747e+01
4.167496e+03 3.596830e+01
4.172496e+03 3.588887e+01
4.177495e+03 3.581014e+01
4.182495e+03 3.573135e+01
4.187495e+03 3.565238e+01
4.192495e+03 3.557374e+01
4.197495e+03 3.549499e+01
4.202496e+03 3.541470e+01
4.207496e+03 3.533257e+01
4.212496e+03 3.524954e+01
4.217496e+03 3.516721e+01
4.222496e+03 3.508762e+01
4.227496e+03 3.500682e+01
4.232495e+03 3.491592e+01
4.237495e+03 3.482900e+01
4.242495e+03 3.478192e+01
4.247495e+03 3.477467e+01
4.252495e+03 3.477138e+01
4.257495e+03 3.475798e+01
4.262496e+03 3.474349e+01
4.267496e+03 3.473166e+01
4.272495e+03 3.472009e+01
4.277495e+03 3.470777e+01
4.282495e+03 3.469540e+01
4.287495e+03 3.468316e+01
4.292495e+03 3.467069e+01
4.297495e+03 3.465823e+01
4.302495e+03 3.464660e+01
4.307495e+03 3.463631e+01
4.312496e+03 3.462735e+01
4.317495e+03 3.461753e+01
4.322495e+03 3.460299e+01
4.327495e+03 3.459032e+01
4.332495e+03 3.459501e+01
4.337495e+03 3.459274e+01
4.342495e+03 3.452178e+01
4.347495e+03 3.438214e+01
4.352495e+03 3.423557e+01
4.357495e+03 3.410621e+01
4.362495e+03 3.397829e+01
4.367495e+03 3.384536e+01
4.372495e+03 3.371189e+01
4.377495e+03 3.357968e+01
4.382495e+03 3.344747e+01
4.387495e+03 3.331489e+01
4.392495e+03 3.318251e+01
4.397495e+03 3.305004e+01
4.402496e+03 3.291635e+01
4.407495e+03 3.278138e+01
4.412495e+03 3.264623e+01
4.417495e+03 3.251137e+01
4.422495e+03 3.237661e+01
4.427495e+03 3.224169e+01
4.432495e+03 3.210638e+01
4.437495e+03 3.197121e+01
4.442495e+03 3.183740e+01
4.447495e+03 3.170495e+01
4.452495e+03 3.157262e+01
4.457495e+03 3.143992e+01
4.462496e+03 3.130716e+01
4.467495e+03 3.117448e+01
4.472495e+03 3.104179e+01
4.477495e+03 3.090905e+01
4.482495e+03 3.077629e+01
4.487495e+03 3.064353e+01
4.492495e+03 3.051074e+01
4.497495e+03 3.037795e+01
4.502495e+03 3.024518e+01
4.507495e+03 3.011200e+01
4.512495e+03 2.997760e+01
4.517495e+03 2.984374e+01
4.522495e+03 2.971431e+01
4.527495e+03 2.958311e+01
4.532495e+03 2.943535e+01
4.537495e+03 2.929416e+01
4.542495e+03 2.921835e+01
4.547495e+03 2.920790e+01
4.552495e+03 2.920399e+01
4.557495e+03 2.918349e+01
4.562495e+03 2.916120e+01
4.567495e+03 2.914334e+01
4.572495e+03 2.912592e+01
4.577495e+03 2.910730e+01
4.582495e+03 2.908851e+01
4.587495e+03 2.907002e+01
4.592495e+03 2.905158e+01
4.597495e+03 2.903303e+01
4.602495e+03 2.901434e+01
4.607495e+03 2.899628e+01
4.612495e+03 2.898019e+01
4.617495e+03 2.896319e+01
4.622495e+03 2.893893e+01
4.627495e+03 2.891756e+01
4.632495e+03 2.892316e+01
4.637495e+03 2.891805e+01
4.642495e+03 2.880633e+01
4.647495e+03 2.858803e+01
4.652495e+03 2.835907e+01
4.657495e+03 2.815715e+01
4.662495e+03 2.795813e+01
4.667495e+03 2.775191e+01
4.672495e+03 2.754494e+01
4.677495e+03 2.733995e+01
4.682495e+03 2.713526e+01
4.687495e+03 2.693006e+01
4.692495e+03 2.672466e+01
4.697495e+03 2.651951e+01
4.702495e+03 2.631513e+01
4.707495e+03 2.611081e+01
4.712495e+03 2.590479e+01
4.717495e+03 2.569943e+01
4.722495e+03 2.550063e+01
4.727495e+03 2.529931e+01
4.732495e+03 2.507370e+01
4.737495e+03 2.485775e+01
4.742495e+03 2.473794e+01
4.747495e+03 2.471425e+01
4.752495e+03 2.470019e+01
4.757495e+03 2.466180e+01
4.762495e+03 2.462083e+01
4.767495e+03 2.458639e+01
4.772495e+03 2.455265e+01
4.777495e+03 2.451716e+01
4.782495e+03 2.448147e+01
4.787495e+03 2.444626e+01
4.792495e+03 2.441122e+01
4.797495e+03 2.437602e+01
4.802495e+03 2.434032e+01
4.807495e+03 2.430413e+01
4.812495e+03 2.426780e+01
4.817495e+03 2.423163e+01
4.822495e+03 2.419588e+01
4.827495e+03 2.415996e+01
4.832495e+03 2.412263e+01
4.837495e+03 2.408588e+01
4.842495e+03 2.405473e+01
4.847495e+03 2.402917e+01
4.852495e+03 2.400420e+01
4.857495e+03 2.397782e+01
4.862495e+03 2.395127e+01
4.867495e+03 2.392509e+01
4.872495e+03 2.389898e+01
4.877495e+03 2.387277e+01
4.882495e+03 2.384647e+01
4.887495e+03 2.382025e+01
4.892495e+03 2.379440e+01
4.897495e+03 2.376842e+01
4.902495e+03 2.374109e+01
4.907495e+03 2.371272e+01
4.912495e+03 2.368503e+01
4.917495e+03 2.365734e+01
4.922495e+03 2.362677e+01
4.927495e+03 2.359732e+01
4.932495e+03 2.357885e+01
4.937495e+03 2.355607e+01
4.942495e+03 2.349000e+01
4.947495e+03 2.338061e+01
4.952495e+03 2.326694e+01
4.957495e+03 2.316431e+01
4.962495e+03 2.306290e+01
4.967495e+03 2.295861e+01
4.972495e+03 2.285405e+01
4.977495e+03 2.275036e+01
4.982495e+03 2.264689e+01
4.987495e+03 2.254324e+01
4.992495e+03 2.243934e+01
4.997495e+03 2.233568e+01
5.002495e+03 2.223318e+01
5.007495e+03 2.213176e+01
5.012495e+03 2.203029e+01
5.017495e+03 2.192869e+01
5.022495e+03 2.182782e+01
5.027495e+03 2.172678e+01
5.032495e+03 2.162310e+01
5.037495e+03 2.152052e+01
5.042495e+03 2.142865e+01
5.047495e+03 2.134749e+01
5.052495e+03 2.126744e+01
5.057495e+03 2.118474e+01
5.062495e+03 2.110179e+01
5.067495e+03 2.101961e+01
5.072495e+03 2.093756e+01
5.077495e+03 2.085536e+01
5.082495e+03 2.077316e+01
5.087495e+03 2.069106e+01
5.092495e+03 2.060912e+01
5.097495e+03 2.052716e+01
5.102495e+03 2.044486e+01
5.107495e+03 2.036204e+01
5.112495e+03 2.027865e+01
5.117495e+03 2.019568e+01
5.122495e+03 2.011485e+01
5.127495e+03 2.003322e+01
5.132495e+03 1.994389e+01
5.137495e+03 1.985770e+01
5.142495e+03 1.980212e+01
5.147495e+03 1.977717e+01
5.152495e+03 1.975532e+01
5.157495e+03 1.972576e+01
5.162495e+03 1.969542e+01
5.167495e+03 1.966719e+01
5.172495e+03 1.963924e+01
5.177495e+03 1.961077e+01
5.182495e+03 1.958221e+01
5.187495e+03 1.955388e+01
5.192495e+03 1.952584e+01
5.197495e+03 1.949770e+01
5.202495e+03 1.946868e+01
5.207495e+03 1.943911e+01
5.212495e+03 1.941038e+01
5.217495e+03 1.938153e+01
5.222495e+03 1.934950e+01
5.227495e+03 1.931876e+01
5.232495e+03 1.930020e+01
5.237495e+03 1.927689e+01
5.242495e+03 1.920575e+01
5.247495e+03 1.908676e+01
5.252495e+03 1.896305e+01
5.257495e+03 1.885156e+01
5.262495e+03 1.874144e+01
5.267495e+03 1.862815e+01
5.272495e+03 1.851457e+01
5.277495e+03 1.840196e+01
5.282495e+03 1.828957e+01
5.287495e+03 1.817700e+01
5.292495e+03 1.806430e+01
5.297495e+03 1.795181e+01
5.302495e+03 1.784018e+01
5.307495e+03 1.772920e+01
5.312495e+03 1.761786e+01
5.317495e+03 1.750662e+01
5.322495e+03 1.739723e+01
5.327495e+03 1.728723e+01
5.332495e+03 1.717056e+01
5.337495e+03 1.705662e+01
5.342495e+03 1.696933e+01
5.347495e+03 1.690871e+01
5.352495e+03 1.685081e+01
5.357495e+03 1.678623e+01
5.362495e+03 1.672099e+01
5.367495e+03 1.665762e+01
5.372495e+03 1.659449e+01
5.377495e+03 1.653094e+01
5.382495e+03 1.646739e+01
5.387495e+03 1.640403e+01
5.392495e+03 1.634077e+01
5.397495e+03 1.627752e+01
5.402495e+03 1.621420e+01
5.407495e+03 1.615078e+01
5.412495e+03 1.608726e+01
5.417495e+03 1.602389e+01
5.422495e+03 1.596112e+01
5.427495e+03 1.589819e+01
5.432495e+03 1.583332e+01
5.437495e+03 1.576930e+01
5.442495e+03 1.571327e+01
5.447495e+03 1.566521e+01
5.452495e+03 1.561801e+01
5.457495e+03 1.556888e+01
5.462495e+03 1.551958e+01
5.467495e+03 1.547088e+01
5.472495e+03 1.542231e+01
5.477495e+03 1.537364e+01
5.482495e+03 1.532494e+01
5.487495e+03 1.527634e+01
5.492495e+03 1.522796e+01
5.497495e+03 1.517952e+01
5.502495e+03 1.513028e+01
5.507495e+03 1.508027e+01
5.512495e+03 1.503022e+01
5.517495e+03 1.498038e+01
5.522495e+03 1.493043e+01
5.527495e+03 1.488049e+01
5.532495e+03 1.483099e+01
5.537495e+03 1.478133e+01
5.542495e+03 1.472994e+01
5.547495e+03 1.467682e+01
5.552495e+03 1.462353e+01
5.557495e+03 1.457070e+01
5.562495e+03 1.451791e+01
5.567495e+03 1.446502e+01
5.572495e+03 1.441211e+01
5.577495e+03 1.435924e+01
5.582495e+03 1.430642e+01
5.587495e+03 1.425358e+01
5.592495e+03 1.420059e+01
5.597495e+03 1.414768e+01
5.602495e+03 1.409541e+01
5.607495e+03 1.404387e+01
5.612495e+03 1.399263e+01
5.617495e+03 1.394112e+01
5.622495e+03 1.388870e+01
5.627495e+03 1.383668e+01
5.632495e+03 1.378800e+01
5.637494e+03 1.373798e+01
5.642495e+03 1.367481e+01
5.647495e+03 1.359850e+01
5.652495e+03 1.352087e+01
5.657495e+03 1.344656e+01
5.662494e+03 1.337261e+01
5.667495e+03 1.329776e+01
5.672495e+03 1.322283e+01
5.677494e+03 1.314813e+01
5.682495e+03 1.307341e+01
5.687495e+03 1.299864e+01
5.692495e+03 1.292405e+01
5.697495e+03 1.284940e+01
5.702495e+03 1.277399e+01
5.707495e+03 1.269764e+01
5.712495e+03 1.262080e+01
5.717495e+03 1.254437e+01
5.722495e+03 1.246957e+01
5.727495e+03 1.239410e+01
5.732494e+03 1.231269e+01
5.737495e+03 1.223367e+01
5.742495e+03 1.217816e+01
5.747495e+03 1.214615e+01
5.752495e+03 1.211649e+01
5.757495e+03 1.208090e+01
5.762495e+03 1.204469e+01
5.767495e+03 1.201008e+01
5.772494e+03 1.197563e+01
5.777495e+03 1.194076e+01
5.782495e+03 1.190591e+01
5.787495e+03 1.187117e+01
5.792495e+03 1.183624e+01
5.797495e+03 1.180137e+01
5.802495e+03 1.176729e+01
5.807494e+03 1.173337e+01
5.812494e+03 1.169776e+01
5.817494e+03 1.166276e+01
5.822494e+03 1.163421e+01
5.827495e+03 1.160314e+01
5.832495e+03 1.154796e+01
5.837495e+03 1.150232e+01
5.842495e+03 1.155061e+01
5.847495e+03 1.166268e+01
5.852495e+03 1.169667e+01
5.857494e+03 1.162705e+01
5.862494e+03 1.154698e+01
5.867495e+03 1.149347e+01
5.872495e+03 1.144281e+01
5.877495e+03 1.138508e+01
5.882495e+03 1.132667e+01
5.887495e+03 1.127018e+01
5.892495e+03 1.121382e+01
5.897495e+03 1.115704e+01
5.902495e+03 1.110073e+01
5.907494e+03 1.104509e+01
5.912494e+03 1.098954e+01
5.917495e+03 1.093387e+01
5.922495e+03 1.087821e+01
5.927495e+03 1.082264e+01
5.932494e+03 1.076711e+01
5.937495e+03 1.071160e+01
5.942495e+03 1.065613e+01
5.947495e+03 1.060070e+01
5.952495e+03 1.054531e+01
5.957495e+03 1.048994e+01
5.962495e+03 1.043464e+01
5.967495e+03 1.037937e+01
5.972495e+03 1.032400e+01
5.977495e+03 1.026872e+01
5.982495e+03 1.021402e+01
5.987495e+03 1.015913e+01
5.992495e+03 1.010226e+01
5.997495e+03 1.004622e+01
6.002494e+03 9.998232e+00
6.007495e+03 9.958274e+00
6.012495e+03 9.919121e+00
6.017495e+03 9.877933e+00
6.022495e+03 9.836529e+00
6.027494e+03 9.795670e+00
6.032494e+03 9.754869e+00
6.037494e+03 9.713923e+00
6.042494e+03 9.672958e+00
6.047494e+03 9.632033e+00
6.052494e+03 9.591117e+00
6.057494e+03 9.550190e+00
6.062494e+03 9.509260e+00
6.067495e+03 9.468330e+00
6.072495e+03 9.427402e+00
6.077495e+03 9.386473e+00
6.082495e+03 9.345544e+00
6.087494e+03 9.304615e+00
6.092494e+03 9.263689e+00
6.097494e+03 9.222760e+00
6.102494e+03 9.181831e+00
6.107494e+03 9.140903e+00
6.112494e+03 9.099975e+00
6.117494e+03 9.059046e+00
6.122495e+03 9.018118e+00
6.127495e+03 8.977190e+00
6.132495e+03 8.936261e+00
6.137494e+03 8.895330e+00
6.142494e+03 8.854402e+00
6.147495e+03 8.813473e+00
6.152495e+03 8.772545e+00
6.157495e+03 8.731616e+00
6.162494e+03 8.690683e+00
6.167494e+03 8.649757e+00
6.172494e+03 8.608826e+00
6.177494e+03 8.567895e+00
6.182494e+03 8.526964e+00
6.187494e+03 8.486034e+00
6.192495e+03 8.445104e+00
6.197494e+03 8.404173e+00
6.202494e+03 8.363242e+00
6.207494e+03 8.322311e+00
6.212494e+03 8.281380e+00
6.217494e+03 8.240448e+00
6.222494e+03 8.199516e+00
6.227494e+03 8.158585e+00
6.232494e+03 8.117653e+00
6.237495e+03 8.076720e+00
6.242494e+03 8.035789e+00
6.247495e+03 7.994855e+00
6.252495e+03 7.953920e+00
6.257495e+03 7.912983e+00
6.262494e+03 7.872054e+00
6.267494e+03 7.831119e+00
6.272494e+03 7.790186e+00
6.277495e+03 7.749253e+00
6.282494e+03 7.708317e+00
6.287494e+03 7.667382e+00
6.292494e+03 7.626447e+00
6.297494e+03 7.585511e+00
6.302494e+03 7.544576e+00
6.307495e+03 7.503640e+00
6.312495e+03 7.462704e+00
6.317495e+03 7.421767e+00
6.322495e+03 7.380831e+00
6.327495e+03 7.339893e+00
6.332495e+03 7.298955e+00
6.337495e+03 7.258016e+00
6.342495e+03 7.217080e+00
6.347495e+03 7.176143e+00
6.352495e+03 7.135198e+00
6.357494e+03 7.094253e+00
6.362494e+03 7.053333e+00
6.367494e+03 7.012401e+00
6.372494e+03 6.971403e+00
6.377494e+03 6.930432e+00
6.382494e+03 6.889706e+00
6.387494e+03 6.848882e+00
6.392494e+03 6.807141e+00
6.397494e+03 6.765762e+00
6.402494e+03 6.728002e+00
6.407494e+03 6.693861e+00
6.412494e+03 6.660082e+00
6.417495e+03 6.625387e+00
6.422495e+03 6.590593e+00
6.427495e+03 6.556045e+00
6.432495e+03 6.521523e+00
6.437495e+03 6.486935e+00
6.442495e+03 6.452338e+00
6.447495e+03 6.417757e+00
6.452494e+03 6.383184e+00
6.457494e+03 6.348602e+00
6.462494e+03 6.314020e+00
6.467494e+03 6.279438e+00
6.472494e+03 6.244856e+00
6.477494e+03 6.210274e+00
6.482494e+03 6.175690e+00
6.487494e+03 6.141106e+00
6.492494e+03 6.106523e+00
6.497494e+03 6.071938e+00
6.502494e+03 6.037355e+00
6.507494e+03 6.002770e+00
6.512495e+03 5.968184e+00
6.517495e+03 5.933600e+00
6.522494e+03 5.899015e+00
6.527494e+03 5.864428e+00
6.532495e+03 5.829842e+00
6.537495e+03 5.795256e+00
6.542495e+03 5.760669e+00
6.547494e+03 5.726081e+00
6.552494e+03 5.691497e+00
6.557494e+03 5.656906e+00
6.562494e+03 5.622316e+00
6.567494e+03 5.587728e+00
6.572494e+03 5.553140e+00
6.577494e+03 5.518551e+00
6.582494e+03 5.483961e+00
6.587494e+03 5.449371e+00
6.592494e+03 5.414782e+00
6.597494e+03 5.380191e+00
6.602494e+03 5.345601e+00
6.607494e+03 5.311009e+00
6.612495e+03 5.276418e+00
6.617494e+03 5.241827e+00
6.622494e+03 5.207235e+00
6.627494e+03 5.172643e+00
6.632494e+03 5.138048e+00
6.637494e+03 5.103453e+00
6.642494e+03 5.068863e+00
6.647494e+03 5.034271e+00
6.652494e+03 4.999677e+00
6.657494e+03 4.965082e+00
6.662494e+03 4.930488e+00
6.667494e+03 4.895893e+00
6.672494e+03 4.861298e+00
6.677494e+03 4.826703e+00
6.682494e+03 4.792107e+00
6.687494e+03 4.757512e+00
6.692494e+03 4.722916e+00
6.697494e+03 4.688318e+00
6.702494e+03 4.653722e+00
6.707494e+03 4.619125e+00
6.712494e+03 4.584528e+00
6.717494e+03 4.549930e+00
6.722494e+03 4.515332e+00
6.727494e+03 4.480734e+00
6.732494e+03 4.446136e+00
6.737494e+03 4.411538e+00
6.742494e+03 4.376943e+00
6.747494e+03 4.342340e+00
6.752494e+03 4.307739e+00
6.757494e+03 4.273140e+00
6.762494e+03 4.238540e+00
6.767494e+03 4.203938e+00
6.772494e+03 4.169338e+00
6.777494e+03 4.134737e+00
6.782494e+03 4.100136e+00
6.787494e+03 4.065535e+00
6.792494e+03 4.030933e+00
6.797494e+03 3.996331e+00
6.802494e+03 3.961729e+00
6.807494e+03 3.927126e+00
6.812494e+03 3.892524e+00
6.817494e+03 3.857921e+00
6.822495e+03 3.823316e+00
6.827494e+03 3.788709e+00
6.832494e+03 3.754108e+00
6.837494e+03 3.719505e+00
6.842494e+03 3.684901e+00
6.847494e+03 3.650296e+00
6.852494e+03 3.615690e+00
6.857494e+03 3.581085e+00
6.862494e+03 3.546480e+00
6.867494e+03 3.511874e+00
6.872494e+03 3.477268e+00
6.877494e+03 3.442662e+00
6.882494e+03 3.408056e+00
6.887494e+03 3.373449e+00
6.892494e+03 3.338841e+00
6.897494e+03 3.304234e+00
6.902494e+03 3.269627e+00
6.907494e+03 3.235019e+00
6.912494e+03 3.200411e+00
6.917494e+03 3.165802e+00
6.922495e+03 3.131193e+00
6.927494e+03 3.096584e+00
6.932494e+03 3.061973e+00
6.937494e+03 3.027365e+00
6.942494e+03 2.992756e+00
6.947494e+03 2.958148e+00
6.952494e+03 2.923529e+00
6.957494e+03 2.888913e+00
6.962494e+03 2.854336e+00
6.967494e+03 2.819744e+00
6.972494e+03 2.785007e+00
6.977494e+03 2.750327e+00
6.982494e+03 2.716184e+00
6.987494e+03 2.681828e+00
6.992494e+03 2.645466e+00
6.997494e+03 2.609898e+00
7.002494e+03 2.582249e+00
7.007494e+03 2.562521e+00
7.012494e+03 2.543585e+00
7.017494e+03 2.522642e+00
7.022494e+03 2.501488e+00
7.027494e+03 2.480875e+00
7.032494e+03 2.460316e+00
7.037494e+03 2.439612e+00
7.042494e+03 2.418893e+00
7.047494e+03 2.398212e+00
7.052494e+03 2.377535e+00
7.057494e+03 2.356848e+00
7.062494e+03 2.336159e+00
7.067494e+03 2.315474e+00
7.072494e+03 2.294788e+00
7.077494e+03 2.274101e+00
7.082494e+03 2.253415e+00
7.087494e+03 2.232728e+00
7.092494e+03 2.212042e+00
7.097494e+03 2.191355e+00
7.102494e+03 2.170667e+00
7.107494e+03 2.149980e+00
7.112494e+03 2.129293e+00
7.117494e+03 2.108605e+00
7.122494e+03 2.087916e+00
7.127493e+03 2.067229e+00
7.132493e+03 2.046540e+00
7.137494e+03 2.025851e+00
7.142494e+03 2.005163e+00
7.147494e+03 1.984474e+00
7.152494e+03 1.963786e+00
7.157494e+03 1.943097e+00
7.162494e+03 1.922407e+00
7.167494e+03 1.901718e+00
7.172494e+03 1.881028e+00
7.177494e+03 1.860339e+00
7.182494e+03 1.839649e+00
7.187494e+03 1.818959e+00
7.192494e+03 1.798269e+00
7.197494e+03 1.777579e+00
7.202494e+03 1.756888e+00
7.207494e+03 1.736196e+00
7.212494e+03 1.715504e+00
7.217494e+03 1.694816e+00
7.222494e+03 1.674125e+00
7.227494e+03 1.653434e+00
7.232494e+03 1.632742e+00
7.237494e+03 1.612051e+00
7.242494e+03 1.591359e+00
7.247494e+03 1.570668e+00
7.252494e+03 1.549976e+00
7.257494e+03 1.529283e+00
7.262494e+03 1.508591e+00
7.267494e+03 1.487898e+00
7.272494e+03 1.467206e+00
7.277494e+03 1.446513e+00
7.282494e+03 1.425820e+00
7.287494e+03 1.405127e+00
7.292494e+03 1.384433e+00
7.297494e+03 1.363740e+00
7.302494e+03 1.343046e+00
7.307494e+03 1.322352e+00
7.312494e+03 1.301657e+00
7.317494e+03 1.280965e+00
7.322494e+03 1.260269e+00
7.327494e+03 1.239575e+00
7.332493e+03 1.218881e+00
7.337493e+03 1.198187e+00
7.342494e+03 1.177491e+00
7.347494e+03 1.156796e+00
7.352494e+03 1.136100e+00
7.357494e+03 1.115406e+00
7.362494e+03 1.094710e+00
7.367494e+03 1.074014e+00
7.372494e+03 1.053318e+00
7.377494e+03 1.032622e+00
7.382494e+03 1.011926e+00
7.387494e+03 9.912294e-01
7.392494e+03 9.705331e-01
7.397494e+03 9.498364e-01
7.402494e+03 9.291386e-01
7.407494e+03 9.084429e-01
7.412493e+03 8.877447e-01
7.417493e+03 8.670474e-01
7.422493e+03 8.463502e-01
7.427494e+03 8.256525e-01
7.432494e+03 8.049538e-01
7.437494e+03 7.842555e-01
7.442494e+03 7.635601e-01
7.447494e+03 7.428632e-01
7.452494e+03 7.221546e-01
7.457494e+03 7.014504e-01
7.462494e+03 6.807892e-01
7.467494e+03 6.601109e-01
7.472494e+03 6.392710e-01
7.477494e+03 6.184947e-01
7.482494e+03 5.983204e-01
7.487494e+03 5.779077e-01
7.492494e+03 5.552478e-01
7.497494e+03 5.334767e-01
7.502494e+03 5.205798e-01
7.507493e+03 5.165571e-01
7.512493e+03 5.134230e-01
7.517493e+03 5.080421e-01
7.522494e+03 5.024229e-01
7.527494e+03 4.974057e-01
7.532493e+03 4.924523e-01
7.537494e+03 4.873376e-01
7.542494e+03 4.822057e-01
7.547493e+03 4.771170e-01
7.552493e+03 4.720329e-01
7.557493e+03 4.669370e-01
7.562494e+03 4.618399e-01
7.567494e+03 4.567459e-01
7.572494e+03 4.516522e-01
7.577494e+03 4.465576e-01
7.582494e+03 4.414630e-01
7.587494e+03 4.363685e-01
7.592494e+03 4.312738e-01
7.597494e+03 4.261787e-01
7.602494e+03 4.210846e-01
7.607493e+03 4.159898e-01
7.612493e+03 4.108951e-01
7.617493e+03 4.058003e-01
7.622493e+03 4.007055e-01
7.627493e+03 3.956106e-01
7.632494e+03 3.905157e-01
7.637494e+03 3.854208e-01
7.642494e+03 3.803258e-01
7.647494e+03 3.752307e-01
7.652494e+03 3.701357e-01
7.657494e+03 3.650406e-01
7.662494e+03 3.599455e-01
7.667494e+03 3.548503e-01
7.672494e+03 3.497550e-01
7.677494e+03 3.446597e-01
7.682494e+03 3.395645e-01
7.687494e+03 3.344692e-01
7.692494e+03 3.293735e-01
7.697494e+03 3.242778e-01
7.702493e+03 3.191828e-01
7.707493e+03 3.140872e-01
7.712493e+03 3.089917e-01
7.717493e+03 3.038961e-01
7.722493e+03 2.988005e-01
7.727493e+03 2.937049e-01
7.732494e+03 2.886092e-01
7.737494e+03 2.835134e-01
7.742493e+03 2.784176e-01
7.747493e+03 2.733218e-01
7.752493e+03 2.682260e-01
7.757493e+03 2.631301e-01
7.762494e+03 2.580341e-01
7.767494e+03 2.529381e-01
7.772494e+03 2.478422e-01
7.777494e+03 2.427461e-01
7.782494e+03 2.376498e-01
7.787494e+03 2.325532e-01
7.792494e+03 2.274575e-01
7.797493e+03 2.223613e-01
7.802493e+03 2.172651e-01
7.807493e+03 2.121688e-01
7.812494e+03 2.070725e-01
7.817493e+03 2.019761e-01
7.822493e+03 1.968797e-01
7.827494e+03 1.917832e-01
7.832493e+03 1.866867e-01
7.837493e+03 1.815902e-01
7.842493e+03 1.764936e-01
7.847493e+03 1.713969e-01
7.852493e+03 1.663003e-01
7.857493e+03 1.612036e-01
7.862493e+03 1.561068e-01
7.867494e+03 1.510101e-01
7.872494e+03 1.459133e-01
7.877494e+03 1.408165e-01
7.882494e+03 1.357194e-01
7.887494e+03 1.306220e-01
7.892493e+03 1.255255e-01
7.897493e+03 1.204286e-01
7.902493e+03 1.153316e-01
7.907493e+03 1.102345e-01
7.912493e+03 1.051373e-01
7.917493e+03 1.000401e-01
7.922493e+03 9.494290e-02
7.927493e+03 8.984564e-02
7.932493e+03 8.474836e-02
7.937493e+03 7.965101e-02
7.942493e+03 7.455364e-02
7.947494e+03 6.945624e-02
7.952494e+03 6.435877e-02
7.957494e+03 5.926126e-02
7.962494e+03 5.416378e-02
7.967494e+03 4.906624e-02
7.972494e+03 4.396840e-02
7.977494e+03 3.887033e-02
7.982493e+03 3.377315e-02
7.987493e+03 2.867544e-02
7.992493e+03 2.357773e-02
7.997493e+03 1.847991e-02
8.002493e+03 1.338205e-02
