# # Wavelength(Angstrom)  Transmission
2.999682e+03 2.083000e-03
3.009681e+03 1.382000e-02
3.019680e+03 1.521000e-01
3.029679e+03 5.354000e+00
3.039678e+03 8.568000e+00
3.049677e+03 1.915000e+01
3.059676e+03 1.765000e+01
3.069675e+03 1.615000e+01
3.079674e+03 2.507000e+01
3.089673e+03 2.670000e+01
3.099672e+03 2.659000e+01
3.109671e+03 2.801000e+01
3.119670e+03 2.903000e+01
3.129669e+03 3.101000e+01
3.139668e+03 3.177000e+01
3.149667e+03 3.136000e+01
3.159666e+03 2.973000e+01
3.169665e+03 2.837000e+01
3.179664e+03 2.951000e+01
3.189663e+03 3.250000e+01
3.199662e+03 3.568000e+01
3.209661e+03 3.276000e+01
3.219660e+03 2.903000e+01
3.229659e+03 3.170000e+01
3.239658e+03 3.601000e+01
3.249657e+03 3.615000e+01
3.259656e+03 3.756000e+01
3.269655e+03 3.986000e+01
3.279654e+03 3.927000e+01
3.289653e+03 3.885000e+01
3.299652e+03 3.851000e+01
3.309651e+03 3.840000e+01
3.319650e+03 3.935000e+01
3.329649e+03 3.790000e+01
3.339648e+03 3.424000e+01
3.349647e+03 3.358000e+01
3.359646e+03 3.516000e+01
3.369645e+03 3.400000e+01
3.379644e+03 3.140000e+01
3.389642e+03 3.186000e+01
3.399641e+03 3.515000e+01
3.409641e+03 3.790000e+01
3.419639e+03 3.755000e+01
3.429638e+03 3.573000e+01
3.439637e+03 3.482000e+01
3.449636e+03 3.523000e+01
3.459635e+03 3.593000e+01
3.469634e+03 3.567000e+01
3.479633e+03 3.491000e+01
3.489632e+03 3.436000e+01
3.499631e+03 3.425000e+01
3.509630e+03 3.459000e+01
3.519629e+03 3.463000e+01
3.529628e+03 3.453000e+01
3.539627e+03 3.445000e+01
3.549626e+03 3.482000e+01
3.559625e+03 3.569000e+01
3.569624e+03 3.719000e+01
3.579623e+03 3.836000e+01
3.589622e+03 3.815000e+01
3.599621e+03 3.718000e+01
3.609620e+03 3.705000e+01
3.619619e+03 3.863000e+01
3.629618e+03 4.055000e+01
3.639617e+03 4.095000e+01
3.649616e+03 4.021000e+01
3.659615e+03 4.000000e+01
3.669614e+03 4.084000e+01
3.679613e+03 4.199000e+01
3.689612e+03 4.249000e+01
3.699611e+03 4.205000e+01
3.709610e+03 4.110000e+01
3.719609e+03 3.997000e+01
3.729608e+03 3.901000e+01
3.739607e+03 3.911000e+01
3.749606e+03 4.037000e+01
3.759605e+03 4.164000e+01
3.769604e+03 4.085000e+01
3.779603e+03 3.790000e+01
3.789602e+03 3.520000e+01
3.799601e+03 3.467000e+01
3.809600e+03 3.665000e+01
3.819599e+03 3.969000e+01
3.829598e+03 4.076000e+01
3.839597e+03 3.800000e+01
3.849596e+03 3.144000e+01
3.859595e+03 2.231000e+01
3.869594e+03 1.346000e+01
3.879593e+03 7.450000e+00
3.889592e+03 4.093000e+00
3.899591e+03 2.384000e+00
3.909590e+03 1.515000e+00
3.919589e+03 1.024000e+00
3.929588e+03 7.211000e-01
3.939587e+03 5.152000e-01
3.949586e+03 3.574000e-01
3.959585e+03 2.353000e-01
3.969584e+03 1.547000e-01
3.979583e+03 1.024000e-01
3.989582e+03 6.909000e-02
3.999581e+03 4.889000e-02
4.009580e+03 3.647000e-02
4.019579e+03 2.903000e-02
4.029577e+03 2.530000e-02
4.039576e+03 2.200000e-02
4.049575e+03 1.913000e-02
4.059574e+03 1.668000e-02
4.069574e+03 1.342000e-02
4.079572e+03 1.098000e-02
4.089571e+03 8.537000e-03
4.099570e+03 6.096000e-03
4.109569e+03 4.873000e-03
4.119568e+03 3.651000e-03
4.129567e+03 3.240000e-03
4.139566e+03 2.828000e-03
4.149565e+03 2.014000e-03
4.159564e+03 2.808000e-03
4.169563e+03 2.795000e-03
4.179562e+03 2.781000e-03
4.189561e+03 2.767000e-03
4.199560e+03 3.146000e-03
4.209559e+03 2.740000e-03
4.219558e+03 1.948000e-03
4.229557e+03 1.164000e-03
4.239556e+03 1.160000e-03
4.249555e+03 7.715000e-04
4.269553e+03 7.694000e-04
4.279552e+03 7.692000e-04
4.289551e+03 7.692000e-04
4.299550e+03 1.154000e-03
4.309549e+03 7.701000e-04
4.319548e+03 7.707000e-04
4.329547e+03 1.157000e-03
4.339546e+03 1.543000e-03
4.349545e+03 1.929000e-03
4.359544e+03 1.929000e-03
4.369543e+03 1.157000e-03
4.379542e+03 7.701000e-04
4.389541e+03 7.685000e-04
4.399540e+03 1.533000e-03
4.419538e+03 7.585000e-04
4.429537e+03 7.531000e-04
4.439536e+03 7.469000e-04
4.449535e+03 7.398001e-04
4.459534e+03 7.317000e-04
4.469533e+03 1.447000e-03
4.479532e+03 1.430000e-03
4.489531e+03 2.828000e-03
4.499530e+03 2.098000e-03
4.509529e+03 2.772000e-03
4.519528e+03 2.751000e-03
4.529527e+03 1.710000e-03
4.539525e+03 1.364000e-03
4.549525e+03 1.024000e-03
4.559524e+03 1.369000e-03
4.569523e+03 1.032000e-03
4.579521e+03 1.039000e-03
4.589520e+03 1.394000e-03
4.599520e+03 1.754000e-03
4.609518e+03 2.821000e-03
4.619517e+03 4.602000e-03
4.629516e+03 8.500000e-03
4.639515e+03 1.661000e-02
4.649514e+03 2.562000e-02
4.659513e+03 2.396000e-02
4.669512e+03 1.644000e-02
4.679511e+03 1.247000e-02
4.689510e+03 1.093000e-02
4.699509e+03 1.202000e-02
4.709508e+03 1.404000e-02
4.719507e+03 2.255000e-02
4.729506e+03 4.962000e-02
4.739505e+03 2.020000e-01
4.749504e+03 2.660000e+00
4.759503e+03 7.376000e+00
4.769502e+03 2.813000e+00
4.779501e+03 4.063000e-01
4.789500e+03 3.642000e-02
4.799499e+03 7.331000e-03
4.809498e+03 2.347000e-03
4.819497e+03 1.469000e-03
4.829496e+03 8.819000e-04
