# # Wavelength(Angstrom)  Transmission
4.339546e+03 7.716001e-04
4.349545e+03 1.158000e-03
4.359544e+03 1.157000e-03
4.369543e+03 1.542000e-03
4.379542e+03 2.310000e-03
4.389541e+03 3.458000e-03
4.399540e+03 4.982000e-03
4.409539e+03 7.247000e-03
4.419538e+03 7.585000e-03
4.429537e+03 7.155000e-03
4.439536e+03 5.975000e-03
4.449535e+03 4.069000e-03
4.459534e+03 3.293000e-03
4.469533e+03 2.532000e-03
4.479532e+03 2.502000e-03
4.489531e+03 1.414000e-03
4.499530e+03 1.749000e-03
4.509529e+03 1.733000e-03
4.519528e+03 1.375000e-03
4.529527e+03 1.368000e-03
4.539525e+03 1.364000e-03
4.549525e+03 1.365000e-03
4.559524e+03 1.712000e-03
4.569523e+03 2.064000e-03
4.579521e+03 2.424000e-03
4.589520e+03 2.788000e-03
4.599520e+03 3.158000e-03
4.609518e+03 3.526000e-03
4.619517e+03 4.248000e-03
4.629516e+03 5.313000e-03
4.639515e+03 7.067001e-03
4.649514e+03 8.774000e-03
4.659513e+03 1.111000e-02
4.669512e+03 1.439000e-02
4.679511e+03 1.921000e-02
4.689510e+03 2.650000e-02
4.699509e+03 3.510000e-02
4.709508e+03 4.658000e-02
4.719507e+03 5.826000e-02
4.729506e+03 6.781000e-02
4.739505e+03 7.320000e-02
4.749504e+03 7.418000e-02
4.759503e+03 7.177000e-02
4.769502e+03 6.835000e-02
4.779501e+03 6.483000e-02
4.789500e+03 6.257000e-02
4.799499e+03 6.099000e-02
4.809498e+03 6.103000e-02
4.819497e+03 6.200000e-02
4.829496e+03 6.438001e-02
4.839495e+03 6.761999e-02
4.849494e+03 7.310000e-02
4.859493e+03 8.023000e-02
4.869492e+03 8.897000e-02
4.879491e+03 1.001000e-01
4.889490e+03 1.140000e-01
4.899489e+03 1.330000e-01
4.909488e+03 1.574000e-01
4.919487e+03 1.880000e-01
4.929486e+03 2.277000e-01
4.939485e+03 2.804000e-01
4.949484e+03 3.498000e-01
4.959483e+03 4.429000e-01
4.969482e+03 5.684000e-01
4.979481e+03 7.434000e-01
4.989480e+03 9.824001e-01
4.999479e+03 1.309000e+00
5.009478e+03 1.789000e+00
5.019476e+03 2.422000e+00
5.029475e+03 3.272000e+00
5.039474e+03 4.349000e+00
5.049473e+03 5.682000e+00
5.059473e+03 7.227000e+00
5.069472e+03 8.895000e+00
5.079471e+03 1.048000e+01
5.089470e+03 1.190000e+01
5.099468e+03 1.313000e+01
5.109467e+03 1.422000e+01
5.119466e+03 1.525000e+01
5.129465e+03 1.623000e+01
5.139464e+03 1.722000e+01
5.149463e+03 1.817000e+01
5.159462e+03 1.914000e+01
5.169461e+03 2.007000e+01
5.179460e+03 2.093000e+01
5.189459e+03 2.161000e+01
5.199458e+03 2.209000e+01
5.209457e+03 2.239000e+01
5.219456e+03 2.257000e+01
5.229455e+03 2.263000e+01
5.239454e+03 2.259000e+01
5.249453e+03 2.249000e+01
5.259452e+03 2.236000e+01
5.269451e+03 2.223000e+01
5.279450e+03 2.208000e+01
5.289449e+03 2.193000e+01
5.299448e+03 2.177000e+01
5.309447e+03 2.162000e+01
5.319446e+03 2.147000e+01
5.329445e+03 2.135000e+01
5.339444e+03 2.126000e+01
5.349443e+03 2.119000e+01
5.359442e+03 2.114000e+01
5.369440e+03 2.110000e+01
5.379440e+03 2.107000e+01
5.389439e+03 2.101000e+01
5.399438e+03 2.098000e+01
5.409437e+03 2.094000e+01
5.419436e+03 2.088000e+01
5.429435e+03 2.080000e+01
5.439434e+03 2.067000e+01
5.449433e+03 2.050000e+01
5.459432e+03 2.035000e+01
5.469430e+03 2.018000e+01
5.479429e+03 1.999000e+01
5.489428e+03 1.977000e+01
5.499427e+03 1.951000e+01
5.509426e+03 1.929000e+01
5.519425e+03 1.910000e+01
5.529424e+03 1.892000e+01
5.539423e+03 1.873000e+01
5.549422e+03 1.857000e+01
5.559421e+03 1.844000e+01
5.569420e+03 1.837000e+01
5.579419e+03 1.831000e+01
5.589418e+03 1.824000e+01
5.599417e+03 1.814000e+01
5.609416e+03 1.806000e+01
5.619415e+03 1.805000e+01
5.629414e+03 1.808000e+01
5.639413e+03 1.811000e+01
5.649412e+03 1.809000e+01
5.659411e+03 1.802000e+01
5.669410e+03 1.791000e+01
5.679409e+03 1.778000e+01
5.689408e+03 1.759000e+01
5.699407e+03 1.723000e+01
5.709406e+03 1.684000e+01
5.719405e+03 1.645000e+01
5.729404e+03 1.610000e+01
5.739403e+03 1.573000e+01
5.749402e+03 1.536000e+01
5.759401e+03 1.492000e+01
5.769400e+03 1.434000e+01
5.779399e+03 1.349000e+01
5.789398e+03 1.223000e+01
5.799396e+03 1.058000e+01
5.809395e+03 8.765000e+00
5.819395e+03 7.072000e+00
5.829394e+03 5.614000e+00
5.839393e+03 4.413000e+00
5.849391e+03 3.447000e+00
5.859390e+03 2.704000e+00
5.869389e+03 2.138000e+00
5.879388e+03 1.702000e+00
5.889387e+03 1.356000e+00
5.899387e+03 1.074000e+00
5.909385e+03 8.402001e-01
5.919384e+03 6.499000e-01
5.929383e+03 4.957000e-01
5.939382e+03 3.775000e-01
5.949381e+03 2.861000e-01
5.959380e+03 2.163000e-01
5.969379e+03 1.632000e-01
5.979378e+03 1.252000e-01
5.989377e+03 9.719000e-02
5.999376e+03 7.651000e-02
6.009375e+03 6.156000e-02
6.019374e+03 5.081000e-02
6.029373e+03 4.182000e-02
6.039372e+03 3.586000e-02
6.049371e+03 3.099000e-02
6.059370e+03 2.705000e-02
6.069369e+03 2.388000e-02
6.079368e+03 2.146000e-02
6.089367e+03 1.936000e-02
6.099366e+03 1.756000e-02
6.109365e+03 1.592000e-02
6.119364e+03 1.404000e-02
6.129363e+03 1.286000e-02
6.139361e+03 1.143000e-02
6.149361e+03 9.880000e-03
6.159360e+03 8.619000e-03
6.169359e+03 7.508000e-03
6.179357e+03 6.411000e-03
6.189357e+03 5.070000e-03
6.199356e+03 4.391000e-03
6.209355e+03 3.846000e-03
6.219354e+03 3.309000e-03
6.229353e+03 2.779000e-03
6.239352e+03 2.508000e-03
6.249351e+03 2.365000e-03
6.259350e+03 2.100000e-03
6.269348e+03 1.840000e-03
6.279347e+03 1.461000e-03
6.289346e+03 1.450000e-03
6.299345e+03 1.799000e-03
6.309344e+03 1.428000e-03
6.319344e+03 1.181000e-03
6.329342e+03 1.289000e-03
6.339341e+03 9.305000e-04
