# # Wavelength(Angstrom)  Transmission
2.600000e+04 2.371800e-06
2.610000e+04 3.578700e-04
2.620000e+04 1.180100e-03
2.630000e+04 9.294400e-04
2.640000e+04 7.509500e-04
2.650000e+04 8.194000e-04
2.660000e+04 8.818300e-04
2.670000e+04 1.051700e-03
2.680000e+04 3.386700e-04
2.690000e+04 5.170500e-04
2.700000e+04 8.184600e-04
2.710000e+04 8.729100e-03
2.720000e+04 7.729900e-03
2.730000e+04 4.604500e-03
2.740000e+04 3.435600e-03
2.750000e+04 7.399300e-03
2.760000e+04 1.374700e-02
2.770000e+04 2.355000e-02
2.780000e+04 4.520900e-02
2.790000e+04 8.887500e-02
2.800000e+04 1.555600e-01
2.810000e+04 2.300900e-01
2.820000e+04 2.836900e-01
2.830000e+04 3.068700e-01
2.840000e+04 3.042500e-01
2.850000e+04 2.941500e-01
2.860000e+04 2.821000e-01
2.870000e+04 2.680900e-01
2.880000e+04 2.550100e-01
2.890000e+04 2.540100e-01
2.900000e+04 2.662500e-01
2.910000e+04 2.890300e-01
2.920000e+04 3.150100e-01
2.930000e+04 3.378200e-01
2.940000e+04 3.570200e-01
2.950000e+04 3.735600e-01
2.960000e+04 3.886500e-01
2.970000e+04 4.054800e-01
2.980000e+04 4.214500e-01
2.990000e+04 4.326300e-01
3.000000e+04 4.370100e-01
3.010000e+04 4.414200e-01
3.020000e+04 4.458400e-01
3.030000e+04 4.453400e-01
3.040000e+04 4.378700e-01
3.050000e+04 4.283600e-01
3.060000e+04 4.147700e-01
3.070000e+04 4.000800e-01
3.080000e+04 3.822700e-01
3.090000e+04 3.673600e-01
3.100000e+04 3.594400e-01
3.110000e+04 3.677100e-01
3.120000e+04 3.953900e-01
3.130000e+04 4.375500e-01
3.140000e+04 4.768900e-01
3.150000e+04 5.072200e-01
3.160000e+04 5.284400e-01
3.170000e+04 5.446100e-01
3.180000e+04 5.587900e-01
3.190000e+04 5.720100e-01
3.200000e+04 5.832000e-01
3.210000e+04 5.902700e-01
3.220000e+04 5.973700e-01
3.230000e+04 6.023900e-01
3.240000e+04 6.063700e-01
3.250000e+04 6.029300e-01
3.260000e+04 5.984000e-01
3.270000e+04 5.959600e-01
3.280000e+04 5.999300e-01
3.290000e+04 6.178700e-01
3.300000e+04 6.531700e-01
3.310000e+04 6.994700e-01
3.320000e+04 7.482100e-01
3.330000e+04 7.917900e-01
3.340000e+04 8.225400e-01
3.350000e+04 8.402100e-01
3.360000e+04 8.405200e-01
3.370000e+04 8.265100e-01
3.380000e+04 8.102000e-01
3.390000e+04 7.905600e-01
3.400000e+04 7.695700e-01
3.410000e+04 7.584700e-01
3.420000e+04 7.752200e-01
3.430000e+04 8.211700e-01
3.440000e+04 8.830000e-01
3.450000e+04 9.396600e-01
3.460000e+04 9.762800e-01
3.470000e+04 9.949700e-01
3.480000e+04 1.000000e+00
3.490000e+04 9.983100e-01
3.500000e+04 9.977400e-01
3.510000e+04 9.972700e-01
3.520000e+04 9.966600e-01
3.530000e+04 9.961500e-01
3.540000e+04 9.885700e-01
3.550000e+04 9.751300e-01
3.560000e+04 9.569400e-01
3.570000e+04 9.363100e-01
3.580000e+04 9.155500e-01
3.590000e+04 9.028600e-01
3.600000e+04 9.006700e-01
3.610000e+04 9.137900e-01
3.620000e+04 9.364200e-01
3.630000e+04 9.579800e-01
3.640000e+04 9.701300e-01
3.650000e+04 9.751800e-01
3.660000e+04 9.754600e-01
3.670000e+04 9.757200e-01
3.680000e+04 9.747800e-01
3.690000e+04 9.738100e-01
3.700000e+04 9.729500e-01
3.710000e+04 9.743600e-01
3.720000e+04 9.745600e-01
3.730000e+04 9.674300e-01
3.740000e+04 9.394900e-01
3.750000e+04 8.845600e-01
3.760000e+04 7.986200e-01
3.770000e+04 6.829000e-01
3.780000e+04 5.480400e-01
3.790000e+04 4.072600e-01
3.800000e+04 2.818600e-01
3.810000e+04 1.852900e-01
3.820000e+04 1.156800e-01
3.830000e+04 7.080300e-02
3.840000e+04 4.364600e-02
3.850000e+04 2.760100e-02
3.860000e+04 1.760000e-02
3.870000e+04 1.101600e-02
3.880000e+04 6.760900e-03
3.890000e+04 4.791200e-03
3.900000e+04 3.984400e-03
3.910000e+04 3.139000e-03
3.920000e+04 2.381400e-03
3.930000e+04 2.255300e-03
3.940000e+04 1.811900e-03
3.950000e+04 1.512000e-03
3.960000e+04 1.134200e-03
3.970000e+04 6.554600e-04
3.980000e+04 3.544900e-04
3.990000e+04 4.281000e-05
4.000000e+04 1.003200e-04
